{
    "camera_data": {
        "camera_look_at": {
            "at": [
                1.0,
                0.0,
                0.0
            ],
            "eye": [
                0.0,
                0.0,
                0.0
            ],
            "up": [
                0.0,
                0.0,
                1.0
            ]
        },
        "camera_view_matrix": [
            [
                0.0,
                0.0,
                -1.0,
                0.0
            ],
            [
                -1.0,
                0.0,
                0.0,
                0.0
            ],
            [
                0.0,
                1.0,
                0.0,
                0.0
            ],
            [
                0.0,
                0.0,
                0.0,
                1.0
            ]
        ],
        "height": 500,
        "intrinsics": {
            "cx": 250.0,
            "cy": 250.0,
            "fx": 603.5535278320312,
            "fy": 603.5535278320312
        },
        "location_world": [
            0.0,
            0.0,
            0.0
        ],
        "quaternion_world_xyzw": [
            0.5,
            -0.5,
            -0.5,
            0.5
        ],
        "width": 500
    },
    "objects": [
        {
            "bounding_box_minx_maxx_miny_maxy": [
                -1,
                -1,
                -1,
                -1
            ],
            "class": "2",
            "local_cuboid": null,
            "local_to_world_matrix": [
                [
                    -0.864161491394043,
                    -0.013867169618606567,
                    0.5030236840248108,
                    0.0
                ],
                [
                    -0.5032144784927368,
                    0.02277582883834839,
                    -0.8638613820075989,
                    0.0
                ],
                [
                    0.0005224943161010742,
                    -0.9996444582939148,
                    -0.02666020393371582,
                    0.0
                ],
                [
                    1.8618046045303345,
                    0.2570972442626953,
                    0.8174123764038086,
                    1.0
                ]
            ],
            "location": [
                -0.2570972442626953,
                0.8174123764038086,
                -1.8618046045303345
            ],
            "location_world": [
                1.8618046045303345,
                0.2570972442626953,
                0.8174123764038086
            ],
            "name": "google_2_of_Jenga_Classic_Game_0",
            "projected_cuboid": [
                [
                    261.88334822654724,
                    -32.64382481575012
                ],
                [
                    261.5203857421875,
                    -14.923155307769775
                ],
                [
                    163.96617889404297,
                    -17.547309398651123
                ],
                [
                    166.57103598117828,
                    -35.20911931991577
                ],
                [
                    261.11647486686707,
                    -10.102838277816772
                ],
                [
                    260.74931025505066,
                    7.484361529350281
                ],
                [
                    166.74253344535828,
                    4.9574971199035645
                ],
                [
                    169.19323801994324,
                    -12.57506012916565
                ],
                [
                    213.9868438243866,
                    -13.714343309402466
                ]
            ],
            "provenance": "nvisii",
            "quaternion_xyzw": [
                -0.685246467590332,
                -0.17520985007286072,
                -0.6799764037132263,
                -0.19331538677215576
            ],
            "quaternion_xyzw_world": [
                -0.1868976503610611,
                0.6916642189025879,
                -0.6735587120056152,
                -0.1816275715827942
            ],
            "segmentation_id": 1,
            "visibility": -1
        },
        {
            "bounding_box_minx_maxx_miny_maxy": [
                -1,
                -1,
                -1,
                -1
            ],
            "class": "2",
            "local_cuboid": null,
            "local_to_world_matrix": [
                [
                    0.2441999912261963,
                    0.6147294640541077,
                    0.7499828338623047,
                    0.0
                ],
                [
                    0.9619430899620056,
                    -0.2513446807861328,
                    -0.10719949007034302,
                    0.0
                ],
                [
                    0.1226053535938263,
                    0.7476188540458679,
                    -0.6527130603790283,
                    0.0
                ],
                [
                    0.1652781069278717,
                    -0.036809083074331284,
                    0.07640541344881058,
                    1.0
                ]
            ],
            "location": [
                0.036809083074331284,
                0.07640541344881058,
                -0.1652781069278717
            ],
            "location_world": [
                0.1652781069278717,
                -0.036809083074331284,
                0.07640541344881058
            ],
            "name": "google_2_of_Jenga_Classic_Game_1",
            "projected_cuboid": [
                [
                    -518.0415511131287,
                    534.4520807266235
                ],
                [
                    -218.8241183757782,
                    464.25169706344604
                ],
                [
                    314.91267681121826,
                    -34.14797782897949
                ],
                [
                    258.77806544303894,
                    -246.74013257026672
                ],
                [
                    -422.07270860671997,
                    807.5656890869141
                ],
                [
                    -131.60741329193115,
                    635.9326243400574
                ],
                [
                    470.44724225997925,
                    119.93612349033356
                ],
                [
                    514.7656202316284,
                    -19.437134265899658
                ],
                [
                    11.48378849029541,
                    312.399297952652
                ]
            ],
            "provenance": "nvisii",
            "quaternion_xyzw": [
                0.3921337127685547,
                0.6383838057518005,
                -0.632321834564209,
                -0.19714580476284027
            ],
            "quaternion_xyzw_world": [
                0.7328467965126038,
                0.5378588438034058,
                0.29767075181007385,
                -0.2916088104248047
            ],
            "segmentation_id": 2,
            "visibility": -1
        },
        {
            "bounding_box_minx_maxx_miny_maxy": [
                -1,
                -1,
                -1,
                -1
            ],
            "class": "2",
            "local_cuboid": null,
            "local_to_world_matrix": [
                [
                    -0.2598222494125366,
                    -0.9546797275543213,
                    -0.14518636465072632,
                    0.0
                ],
                [
                    0.3580450117588043,
                    -0.23487472534179688,
                    0.9036800861358643,
                    0.0
                ],
                [
                    -0.8968256115913391,
                    0.18281295895576477,
                    0.4028439521789551,
                    0.0
                ],
                [
                    1.8156367540359497,
                    0.185882568359375,
                    0.5690270066261292,
                    1.0
                ]
            ],
            "location": [
                -0.185882568359375,
                0.5690270066261292,
                -1.8156367540359497
            ],
            "location_world": [
                1.8156367540359497,
                0.185882568359375,
                0.5690270066261292
            ],
            "name": "google_2_of_Jenga_Classic_Game_2",
            "projected_cuboid": [
                [
                    166.447713971138,
                    -3.8496851921081543
                ],
                [
                    175.74867606163025,
                    -28.4750759601593
                ],
                [
                    204.1366994380951,
                    50.607576966285706
                ],
                [
                    196.6760903596878,
                    72.96513020992279
                ],
                [
                    138.20508122444153,
                    -4.953593015670776
                ],
                [
                    147.92606234550476,
                    -29.238194227218628
                ],
                [
                    179.95700240135193,
                    49.07260835170746
                ],
                [
                    172.17713594436646,
                    71.15146517753601
                ],
                [
                    173.82922768592834,
                    25.067150592803955
                ]
            ],
            "provenance": "nvisii",
            "quaternion_xyzw": [
                0.19632498919963837,
                0.11420898139476776,
                0.09806357324123383,
                -0.9689149856567383
            ],
            "quaternion_xyzw_world": [
                -0.3782223165035248,
                0.3943677246570587,
                0.6887562870979309,
                -0.4764837324619293
            ],
            "segmentation_id": 3,
            "visibility": -1
        },
        {
            "bounding_box_minx_maxx_miny_maxy": [
                -1,
                -1,
                -1,
                -1
            ],
            "class": "2",
            "local_cuboid": null,
            "local_to_world_matrix": [
                [
                    0.9545972943305969,
                    -0.23662197589874268,
                    0.18098090589046478,
                    0.0
                ],
                [
                    -0.2468959391117096,
                    -0.28847384452819824,
                    0.9251081943511963,
                    0.0
                ],
                [
                    -0.16669265925884247,
                    -0.9277892112731934,
                    -0.3337973356246948,
                    0.0
                ],
                [
                    1.4062484502792358,
                    0.3137314021587372,
                    0.19047702848911285,
                    1.0
                ]
            ],
            "location": [
                -0.3137314021587372,
                0.19047702848911285,
                -1.4062484502792358
            ],
            "location_world": [
                1.4062484502792358,
                0.3137314021587372,
                0.19047702848911285
            ],
            "name": "google_2_of_Jenga_Classic_Game_3",
            "projected_cuboid": [
                [
                    230.4268330335617,
                    223.7980216741562
                ],
                [
                    240.74865877628326,
                    189.35750424861908
                ],
                [
                    126.95750594139099,
                    150.36483108997345
                ],
                [
                    118.61243844032288,
                    184.21123921871185
                ],
                [
                    220.85006535053253,
                    228.79217565059662
                ],
                [
                    231.61301016807556,
                    192.45055317878723
                ],
                [
                    111.84006929397583,
                    151.18500590324402
                ],
                [
                    103.26783359050751,
                    186.86729669570923
                ],
                [
                    172.15166985988617,
                    188.1149858236313
                ]
            ],
            "provenance": "nvisii",
            "quaternion_xyzw": [
                0.1902768462896347,
                0.6168049573898315,
                -0.035222411155700684,
                0.7629585266113281
            ],
            "quaternion_xyzw_world": [
                0.8026313781738281,
                -0.1506039798259735,
                0.004450435284525156,
                0.5771321058273315
            ],
            "segmentation_id": 4,
            "visibility": -1
        },
        {
            "bounding_box_minx_maxx_miny_maxy": [
                -1,
                -1,
                -1,
                -1
            ],
            "class": "2",
            "local_cuboid": null,
            "local_to_world_matrix": [
                [
                    0.9702550172805786,
                    0.1556580513715744,
                    0.18540722131729126,
                    0.0
                ],
                [
                    -0.01477380096912384,
                    -0.7263755798339844,
                    0.6871392726898193,
                    0.0
                ],
                [
                    0.24163401126861572,
                    -0.669439435005188,
                    -0.7024699449539185,
                    0.0
                ],
                [
                    1.7406541109085083,
                    0.40309032797813416,
                    0.5822390913963318,
                    1.0
                ]
            ],
            "location": [
                -0.40309032797813416,
                0.5822390913963318,
                -1.7406541109085083
            ],
            "location_world": [
                1.7406541109085083,
                0.40309032797813416,
                0.5822390913963318
            ],
            "name": "google_2_of_Jenga_Classic_Game_4",
            "projected_cuboid": [
                [
                    170.27875781059265,
                    134.08416509628296
                ],
                [
                    190.2470886707306,
                    115.06535112857819
                ],
                [
                    121.50804698467255,
                    40.06771743297577
                ],
                [
                    100.79590976238251,
                    59.89345908164978
                ],
                [
                    171.01702094078064,
                    134.05904173851013
                ],
                [
                    191.8482482433319,
                    114.21886086463928
                ],
                [
                    120.08389830589294,
                    35.81291437149048
                ],
                [
                    98.44189882278442,
                    56.53280019760132
                ],
                [
                    146.22971415519714,
                    87.00105547904968
                ]
            ],
            "provenance": "nvisii",
            "quaternion_xyzw": [
                0.31576764583587646,
                0.7218779921531677,
                -0.23816215991973877,
                0.5678572058677673
            ],
            "quaternion_xyzw_world": [
                0.9218325018882751,
                0.03820766136050224,
                0.11581312865018845,
                0.3679026961326599
            ],
            "segmentation_id": 5,
            "visibility": -1
        },
        {
            "bounding_box_minx_maxx_miny_maxy": [
                -1,
                -1,
                -1,
                -1
            ],
            "class": "2",
            "local_cuboid": null,
            "local_to_world_matrix": [
                [
                    0.21227532625198364,
                    -0.9035574793815613,
                    -0.37218672037124634,
                    0.0
                ],
                [
                    -0.9551696181297302,
                    -0.11141526699066162,
                    -0.2742947041988373,
                    0.0
                ],
                [
                    0.20637379586696625,
                    0.41372743248939514,
                    -0.8867013454437256,
                    0.0
                ],
                [
                    0.4669397473335266,
                    0.4265536665916443,
                    -0.21487630903720856,
                    1.0
                ]
            ],
            "location": [
                -0.4265536665916443,
                -0.21487630903720856,
                -0.4669397473335266
            ],
            "location_world": [
                0.4669397473335266,
                0.4265536665916443,
                -0.21487630903720856
            ],
            "name": "google_2_of_Jenga_Classic_Game_5",
            "projected_cuboid": [
                [
                    -291.2447452545166,
                    749.8265504837036
                ],
                [
                    -367.91568994522095,
                    859.440267086029
                ],
                [
                    -285.872220993042,
                    584.5417976379395
                ],
                [
                    -213.07039260864258,
                    505.10960817337036
                ],
                [
                    -384.3848705291748,
                    733.1048846244812
                ],
                [
                    -479.43615913391113,
                    843.7361121177673
                ],
                [
                    -410.18062829971313,
                    555.568516254425
                ],
                [
                    -314.8403763771057,
                    478.15394401550293
                ],
                [
                    -341.28129482269287,
                    668.1019067764282
                ]
            ],
            "provenance": "nvisii",
            "quaternion_xyzw": [
                0.7720469236373901,
                -0.08444158732891083,
                -0.20270876586437225,
                0.5964245796203613
            ],
            "quaternion_xyzw_world": [
                0.7433693408966064,
                -0.625102162361145,
                -0.055763982236385345,
                -0.23138637840747833
            ],
            "segmentation_id": 6,
            "visibility": -1
        },
        {
            "bounding_box_minx_maxx_miny_maxy": [
                -1,
                -1,
                -1,
                -1
            ],
            "class": "2",
            "local_cuboid": null,
            "local_to_world_matrix": [
                [
                    -0.2868318557739258,
                    -0.9360803961753845,
                    0.20366883277893066,
                    0.0
                ],
                [
                    0.12051087617874146,
                    0.17565572261810303,
                    0.9770476818084717,
                    0.0
                ],
                [
                    -0.9503707885742188,
                    0.3047926425933838,
                    0.0624241828918457,
                    0.0
                ],
                [
                    1.4086569547653198,
                    0.5596675276756287,
                    0.02583565004169941,
                    1.0
                ]
            ],
            "location": [
                -0.5596675276756287,
                0.02583565004169941,
                -1.4086569547653198
            ],
            "location_world": [
                1.4086569547653198,
                0.5596675276756287,
                0.02583565004169941
            ],
            "name": "google_2_of_Jenga_Classic_Game_6",
            "projected_cuboid": [
                [
                    -77.25018262863159,
                    244.14290487766266
                ],
                [
                    -82.2482705116272,
                    199.9286264181137
                ],
                [
                    21.832868456840515,
                    217.68712997436523
                ],
                [
                    26.595041155815125,
                    253.21534276008606
                ],
                [
                    -109.92845892906189,
                    252.78609991073608
                ],
                [
                    -114.53816294670105,
                    209.367036819458
                ],
                [
                    -5.819588899612427,
                    225.00497102737427
                ],
                [
                    -1.332402229309082,
                    260.01763343811035
                ],
                [
                    -37.16972470283508,
                    233.40441286563873
                ]
            ],
            "provenance": "nvisii",
            "quaternion_xyzw": [
                0.04653468728065491,
                0.15049625933170319,
                -0.09649182856082916,
                -0.9827892780303955
            ],
            "quaternion_xyzw_world": [
                -0.3446332514286041,
                0.5916213393211365,
                0.541664183139801,
                -0.487659752368927
            ],
            "segmentation_id": 7,
            "visibility": -1
        },
        {
            "bounding_box_minx_maxx_miny_maxy": [
                -1,
                -1,
                -1,
                -1
            ],
            "class": "2",
            "local_cuboid": null,
            "local_to_world_matrix": [
                [
                    -0.0761796236038208,
                    -0.7780625820159912,
                    0.6235507726669312,
                    0.0
                ],
                [
                    -0.30248427391052246,
                    -0.5778636932373047,
                    -0.7580088376998901,
                    0.0
                ],
                [
                    0.9501054286956787,
                    -0.2463589906692505,
                    -0.1913304328918457,
                    0.0
                ],
                [
                    1.0146596431732178,
                    0.3489418923854828,
                    0.35359814763069153,
                    1.0
                ]
            ],
            "location": [
                -0.3489418923854828,
                0.35359814763069153,
                -1.0146596431732178
            ],
            "location_world": [
                1.0146596431732178,
                0.3489418923854828,
                0.35359814763069153
            ],
            "name": "google_2_of_Jenga_Classic_Game_7",
            "projected_cuboid": [
                [
                    124.50087070465088,
                    85.74675023555756
                ],
                [
                    145.06161212921143,
                    112.72457242012024
                ],
                [
                    72.42631912231445,
                    40.81714153289795
                ],
                [
                    48.106566071510315,
                    8.32374393939972
                ],
                [
                    96.75461053848267,
                    109.19979214668274
                ],
                [
                    116.66640639305115,
                    136.51826977729797
                ],
                [
                    36.623671650886536,
                    71.61200046539307
                ],
                [
                    13.333126902580261,
                    38.54477405548096
                ],
                [
                    86.22021973133087,
                    79.58945631980896
                ]
            ],
            "provenance": "nvisii",
            "quaternion_xyzw": [
                0.9335653781890869,
                0.3217274248600006,
                0.08637276291847229,
                0.13223889470100403
            ],
            "quaternion_xyzw_world": [
                0.6505794525146484,
                -0.4152247905731201,
                0.6047133207321167,
                -0.1966131329536438
            ],
            "segmentation_id": 8,
            "visibility": -1
        },
        {
            "bounding_box_minx_maxx_miny_maxy": [
                -1,
                -1,
                -1,
                -1
            ],
            "class": "2",
            "local_cuboid": null,
            "local_to_world_matrix": [
                [
                    -0.32252418994903564,
                    -0.9384725689888,
                    -0.12348225712776184,
                    0.0
                ],
                [
                    -0.47384947538375854,
                    0.2730065584182739,
                    -0.837218165397644,
                    0.0
                ],
                [
                    0.8194177150726318,
                    -0.21151086688041687,
                    -0.5327460765838623,
                    0.0
                ],
                [
                    0.20483238995075226,
                    -0.15175078809261322,
                    0.5039207935333252,
                    1.0
                ]
            ],
            "location": [
                0.15175078809261322,
                0.5039207935333252,
                -0.20483238995075226
            ],
            "location_world": [
                0.20483238995075226,
                -0.15175078809261322,
                0.5039207935333252
            ],
            "name": "google_2_of_Jenga_Classic_Game_8",
            "projected_cuboid": [
                [
                    600.33118724823,
                    -256.3965320587158
                ],
                [
                    600.5836129188538,
                    -201.94491744041443
                ],
                [
                    871.4483380317688,
                    -1376.033067703247
                ],
                [
                    819.8243379592896,
                    -1270.4799175262451
                ],
                [
                    487.953782081604,
                    -241.7091727256775
                ],
                [
                    477.9006242752075,
                    -189.08342719078064
                ],
                [
                    565.2585029602051,
                    -1196.393370628357
                ],
                [
                    570.7277655601501,
                    -1132.396936416626
                ],
                [
                    589.6551609039307,
                    -542.5279140472412
                ]
            ],
            "provenance": "nvisii",
            "quaternion_xyzw": [
                -0.9480385780334473,
                0.10455508530139923,
                -0.1408262401819229,
                -0.26544153690338135
            ],
            "quaternion_xyzw_world": [
                -0.48404940962791443,
                0.7294307351112366,
                -0.3594340980052948,
                0.3231629431247711
            ],
            "segmentation_id": 9,
            "visibility": -1
        },
        {
            "bounding_box_minx_maxx_miny_maxy": [
                -1,
                -1,
                -1,
                -1
            ],
            "class": "2",
            "local_cuboid": null,
            "local_to_world_matrix": [
                [
                    0.5627500414848328,
                    0.5400841236114502,
                    0.6257967948913574,
                    0.0
                ],
                [
                    0.4895876944065094,
                    0.3922179937362671,
                    -0.7787612080574036,
                    0.0
                ],
                [
                    -0.6660453081130981,
                    0.7446302771568298,
                    -0.04369783401489258,
                    0.0
                ],
                [
                    1.8641576766967773,
                    -0.7687586545944214,
                    -0.41255173087120056,
                    1.0
                ]
            ],
            "location": [
                0.7687586545944214,
                -0.41255173087120056,
                -1.8641576766967773
            ],
            "location_world": [
                1.8641576766967773,
                -0.7687586545944214,
                -0.41255173087120056
            ],
            "name": "google_2_of_Jenga_Classic_Game_9",
            "projected_cuboid": [
                [
                    447.39097356796265,
                    382.8167915344238
                ],
                [
                    430.9532940387726,
                    402.78661251068115
                ],
                [
                    481.3317060470581,
                    383.15966725349426
                ],
                [
                    497.1715211868286,
                    364.8373782634735
                ],
                [
                    468.58566999435425,
                    404.7579765319824
                ],
                [
                    451.18528604507446,
                    424.715518951416
                ],
                [
                    500.65112113952637,
                    402.33027935028076
                ],
                [
                    517.3155665397644,
                    383.99648666381836
                ],
                [
                    475.4641354084015,
                    393.1022584438324
                ]
            ],
            "provenance": "nvisii",
            "quaternion_xyzw": [
                -0.37836217880249023,
                -0.1543353796005249,
                0.8638417720794678,
                0.2946184277534485
            ],
            "quaternion_xyzw_world": [
                -0.5509604811668396,
                -0.46721670031547546,
                0.018262891098856926,
                0.6912435293197632
            ],
            "segmentation_id": 10,
            "visibility": -1
        },
        {
            "bounding_box_minx_maxx_miny_maxy": [
                -1,
                -1,
                -1,
                -1
            ],
            "class": "2",
            "local_cuboid": null,
            "local_to_world_matrix": [
                [
                    -0.6486186981201172,
                    -0.4378580152988434,
                    -0.6225546002388,
                    0.0
                ],
                [
                    -0.39007970690727234,
                    -0.511120080947876,
                    0.7658942937850952,
                    0.0
                ],
                [
                    -0.6535530686378479,
                    0.739619255065918,
                    0.1607224941253662,
                    0.0
                ],
                [
                    1.9516949653625488,
                    -0.6646497249603271,
                    -0.6957985162734985,
                    1.0
                ]
            ],
            "location": [
                0.6646497249603271,
                -0.6957985162734985,
                -1.9516949653625488
            ],
            "location_world": [
                1.9516949653625488,
                -0.6646497249603271,
                -0.6957985162734985
            ],
            "name": "google_2_of_Jenga_Classic_Game_10",
            "projected_cuboid": [
                [
                    403.0754566192627,
                    493.1698739528656
                ],
                [
                    421.16403579711914,
                    475.1203656196594
                ],
                [
                    472.333699464798,
                    467.45365858078003
                ],
                [
                    455.1551043987274,
                    483.8593602180481
                ],
                [
                    387.16745376586914,
                    469.82720494270325
                ],
                [
                    404.4370949268341,
                    451.8651068210602
                ],
                [
                    455.90001344680786,
                    446.6625452041626
                ],
                [
                    439.4336938858032,
                    462.9906415939331
                ],
                [
                    430.9755563735962,
                    468.60629320144653
                ]
            ],
            "provenance": "nvisii",
            "quaternion_xyzw": [
                -0.06784285604953766,
                0.4106346368789673,
                0.33533594012260437,
                -0.8451782464981079
            ],
            "quaternion_xyzw_world": [
                -0.4188612401485443,
                0.49415990710258484,
                0.7616530060768127,
                -0.015682430937886238
            ],
            "segmentation_id": 11,
            "visibility": -1
        },
        {
            "bounding_box_minx_maxx_miny_maxy": [
                -1,
                -1,
                -1,
                -1
            ],
            "class": "2",
            "local_cuboid": null,
            "local_to_world_matrix": [
                [
                    -0.7982004880905151,
                    0.47924408316612244,
                    0.36496710777282715,
                    0.0
                ],
                [
                    0.4432932436466217,
                    0.8775381445884705,
                    -0.18280565738677979,
                    0.0
                ],
                [
                    -0.40788108110427856,
                    0.015871882438659668,
                    -0.912896990776062,
                    0.0
                ],
                [
                    1.4181926250457764,
                    -0.15112510323524475,
                    0.5819962024688721,
                    1.0
                ]
            ],
            "location": [
                0.15112510323524475,
                0.5819962024688721,
                -1.4181926250457764
            ],
            "location_world": [
                1.4181926250457764,
                -0.15112510323524475,
                0.5819962024688721
            ],
            "name": "google_2_of_Jenga_Classic_Game_11",
            "projected_cuboid": [
                [
                    329.5842409133911,
                    86.91428601741791
                ],
                [
                    292.5000488758087,
                    98.90291094779968
                ],
                [
                    290.8881902694702,
                    -2.8022825717926025
                ],
                [
                    324.6985375881195,
                    -16.529589891433716
                ],
                [
                    343.1583642959595,
                    107.98893868923187
                ],
                [
                    307.428240776062,
                    118.83342266082764
                ],
                [
                    304.67426776885986,
                    19.872456789016724
                ],
                [
                    337.35746145248413,
                    7.342278957366943
                ],
                [
                    316.12294912338257,
                    50.685033202171326
                ]
            ],
            "provenance": "nvisii",
            "quaternion_xyzw": [
                -0.2718825340270996,
                0.4713165760040283,
                -0.7193626761436462,
                -0.43180763721466064
            ],
            "quaternion_xyzw_world": [
                0.24349455535411835,
                0.9471847414970398,
                -0.04406050965189934,
                -0.20398560166358948
            ],
            "segmentation_id": 12,
            "visibility": -1
        },
        {
            "bounding_box_minx_maxx_miny_maxy": [
                -1,
                -1,
                -1,
                -1
            ],
            "class": "2",
            "local_cuboid": null,
            "local_to_world_matrix": [
                [
                    -0.08383381366729736,
                    0.0632181465625763,
                    0.9944726228713989,
                    0.0
                ],
                [
                    0.9578406810760498,
                    0.2803248167037964,
                    0.06292536854743958,
                    0.0
                ],
                [
                    -0.2747975289821625,
                    0.9578213691711426,
                    -0.08405375480651855,
                    0.0
                ],
                [
                    1.9581471681594849,
                    -0.8730877041816711,
                    -0.7796846032142639,
                    1.0
                ]
            ],
            "location": [
                0.8730877041816711,
                -0.7796846032142639,
                -1.9581471681594849
            ],
            "location_world": [
                1.9581471681594849,
                -0.8730877041816711,
                -0.7796846032142639
            ],
            "name": "google_2_of_Jenga_Classic_Game_12",
            "projected_cuboid": [
                [
                    448.31907749176025,
                    502.6257038116455
                ],
                [
                    432.4829578399658,
                    490.2815818786621
                ],
                [
                    509.77325439453125,
                    473.1883704662323
                ],
                [
                    528.2106399536133,
                    484.29274559020996
                ],
                [
                    449.2417275905609,
                    527.4413824081421
                ],
                [
                    433.4212839603424,
                    514.0953063964844
                ],
                [
                    510.4186534881592,
                    496.1037039756775
                ],
                [
                    528.8196802139282,
                    508.1346035003662
                ],
                [
                    480.7267189025879,
                    499.22212958335876
                ]
            ],
            "provenance": "nvisii",
            "quaternion_xyzw": [
                -0.3869945704936981,
                -0.46134212613105774,
                0.5645995140075684,
                0.5644698739051819
            ],
            "quaternion_xyzw_world": [
                -0.42423316836357117,
                -0.6017084717750549,
                -0.4241035282611847,
                0.5273609161376953
            ],
            "segmentation_id": 13,
            "visibility": -1
        },
        {
            "bounding_box_minx_maxx_miny_maxy": [
                -1,
                -1,
                -1,
                -1
            ],
            "class": "2",
            "local_cuboid": null,
            "local_to_world_matrix": [
                [
                    -0.12028193473815918,
