{
    "camera_data": {
        "camera_look_at": {
            "at": [
                1.0,
                0.0,
                0.0
            ],
            "eye": [
                0.0,
                0.0,
                0.0
            ],
            "up": [
                0.0,
                0.0,
                1.0
            ]
        },
        "camera_view_matrix": [
            [
                0.0,
                0.0,
                -1.0,
                0.0
            ],
            [
                -1.0,
                0.0,
                0.0,
                0.0
            ],
            [
                0.0,
                1.0,
                0.0,
                0.0
            ],
            [
                0.0,
                0.0,
                0.0,
                1.0
            ]
        ],
        "height": 500,
        "intrinsics": {
            "cx": 250.0,
            "cy": 250.0,
            "fx": 603.5535278320312,
            "fy": 603.5535278320312
        },
        "location_world": [
            0.0,
            0.0,
            0.0
        ],
        "quaternion_world_xyzw": [
            0.5,
            -0.5,
            -0.5,
            0.5
        ],
        "width": 500
    },
    "objects": [
        {
            "bounding_box_minx_maxx_miny_maxy": [
                -1,
                -1,
                -1,
                -1
            ],
            "class": "2",
            "local_cuboid": null,
            "local_to_world_matrix": [
                [
                    -0.8515748977661133,
                    0.2176942527294159,
                    -0.4768955707550049,
                    0.0
                ],
                [
                    0.49230584502220154,
                    0.019470632076263428,
                    -0.8702043890953064,
                    0.0
                ],
                [
                    -0.18015305697917938,
                    -0.9758227467536926,
                    -0.12375283241271973,
                    0.0
                ],
                [
                    1.9125539064407349,
                    0.22549761831760406,
                    0.8254520893096924,
                    1.0
                ]
            ],
            "location": [
                -0.22549761831760406,
                0.8254520893096924,
                -1.9125539064407349
            ],
            "location_world": [
                1.9125539064407349,
                0.22549761831760406,
                0.8254520893096924
            ],
            "name": "google_2_of_Jenga_Classic_Game_0",
            "projected_cuboid": [
                [
                    267.30895042419434,
                    -19.850730895996094
                ],
                [
                    266.38221740722656,
                    10.231509804725647
                ],
                [
                    175.37206411361694,
                    5.388766527175903
                ],
                [
                    174.23656582832336,
                    -23.94983172416687
                ],
                [
                    272.22269773483276,
                    -22.295325994491577
                ],
                [
                    271.221786737442,
                    6.784260272979736
                ],
                [
                    183.1904798746109,
                    2.199113368988037
                ],
                [
                    182.26343393325806,
                    -26.184678077697754
                ],
                [
                    223.45061600208282,
                    -8.35418701171875
                ]
            ],
            "provenance": "nvisii",
            "quaternion_xyzw": [
                -0.6067036390304565,
                0.20453408360481262,
                -0.7530025839805603,
                0.15186697244644165
            ],
            "quaternion_xyzw_world": [
                0.2513500154018402,
                0.7061866521835327,
                -0.6535195708274841,
                0.10505102574825287
            ],
            "segmentation_id": 1,
            "visibility": -1
        },
        {
            "bounding_box_minx_maxx_miny_maxy": [
                -1,
                -1,
                -1,
                -1
            ],
            "class": "2",
            "local_cuboid": null,
            "local_to_world_matrix": [
                [
                    0.7835209369659424,
                    0.5344247817993164,
                    -0.3169938623905182,
                    0.0
                ],
                [
                    -0.4198293089866638,
                    0.07922273874282837,
                    -0.9041388034820557,
                    0.0
                ],
                [
                    -0.45808109641075134,
                    0.8414950370788574,
                    0.28643983602523804,
                    0.0
                ],
                [
                    0.2795875668525696,
                    -0.014399067498743534,
                    0.11725868284702301,
                    1.0
                ]
            ],
            "location": [
                0.014399067498743534,
                0.11725868284702301,
                -0.2795875668525696
            ],
            "location_world": [
                0.2795875668525696,
                -0.014399067498743534,
                0.11725868284702301
            ],
            "name": "google_2_of_Jenga_Classic_Game_1",
            "projected_cuboid": [
                [
                    -523.412823677063,
                    -453.5881280899048
                ],
                [
                    -721.2889790534973,
                    -320.6266760826111
                ],
                [
                    229.35576736927032,
                    112.65861988067627
                ],
                [
                    243.88661980628967,
                    -12.895762920379639
                ],
                [
                    -692.0320987701416,
                    -895.3760862350464
                ],
                [
                    -1077.3290395736694,
                    -839.0263319015503
                ],
                [
                    334.00487899780273,
                    10.552942752838135
                ],
                [
                    337.98179030418396,
                    -130.54493069648743
                ],
                [
                    -57.87131190299988,
                    -201.57915353775024
                ]
            ],
            "provenance": "nvisii",
            "quaternion_xyzw": [
                -0.4773973524570465,
                0.20748783648014069,
                0.8509765863418579,
                -0.06985242664813995
            ],
            "quaternion_xyzw_world": [
                -0.595369279384613,
                -0.04811948537826538,
                0.325459748506546,
                0.7330046892166138
            ],
            "segmentation_id": 2,
            "visibility": -1
        },
        {
            "bounding_box_minx_maxx_miny_maxy": [
                -1,
                -1,
                -1,
                -1
            ],
            "class": "2",
            "local_cuboid": null,
            "local_to_world_matrix": [
                [
                    0.3363250494003296,
                    -0.9173059463500977,
                    0.21315571665763855,
                    0.0
                ],
                [
                    -0.2087736427783966,
                    0.148084819316864,
                    0.9666873216629028,
                    0.0
                ],
                [
                    -0.9183131456375122,
                    -0.36962243914604187,
                    -0.14170467853546143,
                    0.0
                ],
                [
                    1.8057355880737305,
                    0.19009993970394135,
                    0.6498357057571411,
                    1.0
                ]
            ],
            "location": [
                -0.19009993970394135,
                0.6498357057571411,
                -1.8057355880737305
            ],
            "location_world": [
                1.8057355880737305,
                0.19009993970394135,
                0.6498357057571411
            ],
            "name": "google_2_of_Jenga_Classic_Game_2",
            "projected_cuboid": [
                [
                    234.63132977485657,
                    27.087897062301636
                ],
                [
                    229.56129908561707,
                    -7.41046667098999
                ],
                [
                    196.59185409545898,
                    16.932353377342224
                ],
                [
                    201.2358009815216,
                    46.13323509693146
                ],
                [
                    205.87614178657532,
                    29.85014021396637
                ],
                [
                    200.38282871246338,
                    -5.2201151847839355
                ],
                [
                    171.31100594997406,
                    19.155442714691162
                ],
                [
                    176.27078294754028,
                    48.76464605331421
                ],
                [
                    200.84916055202484,
                    22.85584807395935
                ]
            ],
            "provenance": "nvisii",
            "quaternion_xyzw": [
                0.08986850082874298,
                0.18101677298545837,
                0.0926281213760376,
                0.9749752283096313
            ],
            "quaternion_xyzw_world": [
                0.5766161680221558,
                -0.488227516412735,
                -0.3057308793067932,
                0.5793758034706116
            ],
            "segmentation_id": 3,
            "visibility": -1
        },
        {
            "bounding_box_minx_maxx_miny_maxy": [
                -1,
                -1,
                -1,
                -1
            ],
            "class": "2",
            "local_cuboid": null,
            "local_to_world_matrix": [
                [
                    0.30512309074401855,
                    -0.011134952306747437,
                    0.9522478580474854,
                    0.0
                ],
                [
                    -0.9516832828521729,
                    0.03278923034667969,
                    0.30532559752464294,
                    0.0
                ],
                [
                    -0.034623295068740845,
                    -0.99940025806427,
                    -0.0005922317504882812,
                    0.0
                ],
                [
                    1.3773237466812134,
                    0.2692626416683197,
                    0.2362033575773239,
                    1.0
                ]
            ],
            "location": [
                -0.2692626416683197,
                0.2362033575773239,
                -1.3773237466812134
            ],
            "location_world": [
                1.3773237466812134,
                0.2692626416683197,
                0.2362033575773239
            ],
            "name": "google_2_of_Jenga_Classic_Game_3",
            "projected_cuboid": [
                [
                    260.4117691516876,
                    139.16203379631042
                ],
                [
                    259.7886919975281,
                    120.89070677757263
                ],
                [
                    129.12654876708984,
                    121.78108096122742
                ],
                [
                    137.08995282649994,
                    139.87311720848083
                ],
                [
                    260.21143794059753,
                    169.74222660064697
                ],
                [
                    259.56469774246216,
                    153.00515294075012
                ],
                [
                    126.53088569641113,
                    153.66661548614502
                ],
                [
                    134.77906584739685,
                    170.2454388141632
                ],
                [
                    195.77166438102722,
                    146.165132522583
                ]
            ],
            "provenance": "nvisii",
            "quaternion_xyzw": [
                0.4096297323703766,
                0.5611522197723389,
                0.42372241616249084,
                0.5811806321144104
            ],
            "quaternion_xyzw_world": [
                0.5641201138496399,
                -0.4266902804374695,
                0.40666186809539795,
                0.5782127976417542
            ],
            "segmentation_id": 4,
            "visibility": -1
        },
        {
            "bounding_box_minx_maxx_miny_maxy": [
                -1,
                -1,
                -1,
                -1
            ],
            "class": "2",
            "local_cuboid": null,
            "local_to_world_matrix": [
                [
                    0.28464382886886597,
                    0.7359017133712769,
                    -0.6143505573272705,
                    0.0
                ],
                [
                    0.7214388847351074,
                    -0.5864579677581787,
                    -0.36822977662086487,
                    0.0
                ],
                [
                    -0.6312716007232666,
                    -0.33840200304985046,
                    -0.6978397369384766,
                    0.0
                ],
                [
                    1.771001935005188,
                    0.34808996319770813,
                    0.6025719046592712,
                    1.0
                ]
            ],
            "location": [
                -0.34808996319770813,
                0.6025719046592712,
                -1.771001935005188
            ],
            "location_world": [
                1.771001935005188,
                0.34808996319770813,
                0.6025719046592712
            ],
            "name": "google_2_of_Jenga_Classic_Game_4",
            "projected_cuboid": [
                [
                    133.30771028995514,
                    99.7915118932724
                ],
                [
                    156.02894127368927,
                    116.93631112575531
                ],
                [
                    132.6756477355957,
                    62.60119378566742
                ],
                [
                    111.53402924537659,
                    45.37159204483032
                ],
                [
                    154.29165959358215,
                    78.67442071437836
                ],
                [
                    176.53454840183258,
                    96.86003625392914
                ],
                [
                    150.7761925458908,
                    43.911293148994446
                ],
                [
                    129.99768555164337,
                    25.799572467803955
                ],
                [
                    142.6217555999756,
                    69.99693810939789
                ]
            ],
            "provenance": "nvisii",
            "quaternion_xyzw": [
                -0.016251876950263977,
                0.4290688633918762,
                -0.8269526958465576,
                0.3630220890045166
            ],
            "quaternion_xyzw_world": [
                0.8013958930969238,
                0.45462566614151,
                -0.3885789215564728,
                -0.009304948151111603
            ],
            "segmentation_id": 5,
            "visibility": -1
        },
        {
            "bounding_box_minx_maxx_miny_maxy": [
                -1,
                -1,
                -1,
                -1
            ],
            "class": "2",
            "local_cuboid": null,
            "local_to_world_matrix": [
                [
                    -0.8785377740859985,
                    -0.3334742486476898,
                    -0.3420044481754303,
                    0.0
                ],
                [
                    -0.39978787302970886,
                    0.9051648378372192,
                    0.14438247680664062,
                    0.0
                ],
                [
                    0.26142260432243347,
                    0.26357463002204895,
                    -0.9285404682159424,
                    0.0
                ],
                [
                    0.42427876591682434,
                    0.47973552346229553,
                    -0.2577669322490692,
                    1.0
                ]
            ],
            "location": [
                -0.47973552346229553,
                -0.2577669322490692,
                -0.42427876591682434
            ],
            "location_world": [
                0.42427876591682434,
                0.47973552346229553,
                -0.2577669322490692
            ],
            "name": "google_2_of_Jenga_Classic_Game_5",
            "projected_cuboid": [
                [
                    -381.59680366516113,
                    935.6451034545898
                ],
                [
                    -531.774640083313,
                    970.7953333854675
                ],
                [
                    -567.2642588615417,
                    679.3138980865479
                ],
                [
                    -385.9310746192932,
                    661.7647409439087
                ],
                [
                    -331.0801386833191,
                    820.1030492782593
                ],
                [
                    -457.8930139541626,
                    843.0312871932983
                ],
                [
                    -475.0574231147766,
                    575.176477432251
                ],
                [
                    -326.6764283180237,
                    567.5711631774902
                ],
                [
                    -426.2651205062866,
                    763.3633017539978
                ]
            ],
            "provenance": "nvisii",
            "quaternion_xyzw": [
                -0.6021865606307983,
                0.517767071723938,
                -0.2553041875362396,
                -0.5514603853225708
            ],
            "quaternion_xyzw_world": [
                -0.19028784334659576,
                0.9633591175079346,
                0.1058683842420578,
                0.15659452974796295
            ],
            "segmentation_id": 6,
            "visibility": -1
        },
        {
            "bounding_box_minx_maxx_miny_maxy": [
                -1,
                -1,
                -1,
                -1
            ],
            "class": "2",
            "local_cuboid": null,
            "local_to_world_matrix": [
                [
                    0.8988637328147888,
                    0.2695285975933075,
                    -0.34554070234298706,
                    0.0
                ],
                [
                    0.039933063089847565,
                    -0.8355910778045654,
                    -0.5478987097740173,
                    0.0
                ],
                [
                    -0.4364050626754761,
                    0.4786877930164337,
                    -0.761845588684082,
                    0.0
                ],
                [
                    1.2344998121261597,
                    0.5186176300048828,
                    -0.04302686080336571,
                    1.0
                ]
            ],
            "location": [
                -0.5186176300048828,
                -0.04302686080336571,
                -1.2344998121261597
            ],
            "location_world": [
                1.2344998121261597,
                0.5186176300048828,
                -0.04302686080336571
            ],
            "name": "google_2_of_Jenga_Classic_Game_6",
            "projected_cuboid": [
                [
                    -122.66507744789124,
                    385.46109199523926
                ],
                [
                    -84.34775471687317,
                    409.4664752483368
                ],
                [
                    15.533804893493652,
                    287.8589630126953
                ],
                [
                    -18.66665482521057,
                    265.9430503845215
                ],
                [
                    -135.3696584701538,
                    379.0614604949951
                ],
                [
                    -94.48081254959106,
                    404.6730399131775
                ],
                [
                    12.375101447105408,
                    276.3928174972534
                ],
                [
                    -23.85970950126648,
                    253.1467080116272
                ],
                [
                    -53.41660976409912,
                    329.5310139656067
                ]
            ],
            "provenance": "nvisii",
            "quaternion_xyzw": [
                0.4587933123111725,
                0.2670322358608246,
                -0.750638484954834,
                0.3933756947517395
            ],
            "quaternion_xyzw_world": [
                0.9349198341369629,
                0.0827508494257927,
                -0.2090943306684494,
                -0.2745119035243988
            ],
            "segmentation_id": 7,
            "visibility": -1
        },
        {
            "bounding_box_minx_maxx_miny_maxy": [
                -1,
                -1,
                -1,
                -1
            ],
            "class": "2",
            "local_cuboid": null,
            "local_to_world_matrix": [
                [
                    0.47342991828918457,
                    0.7408172488212585,
                    -0.47650182247161865,
                    0.0
                ],
                [
                    0.6027639508247375,
                    0.12199199199676514,
                    0.7885388731956482,
                    0.0
                ],
                [
                    0.6422926187515259,
                    -0.660535991191864,
                    -0.38878321647644043,
                    0.0
                ],
                [
                    1.0916028022766113,
                    0.29446473717689514,
                    0.36827608942985535,
                    1.0
                ]
            ],
            "location": [
                -0.29446473717689514,
                0.36827608942985535,
                -1.0916028022766113
            ],
            "location_world": [
                1.0916028022766113,
                0.29446473717689514,
                0.36827608942985535
            ],
            "name": "google_2_of_Jenga_Classic_Game_7",
            "projected_cuboid": [
                [
                    190.43564796447754,
                    153.89466285705566
                ],
                [
                    188.028484582901,
                    127.22302973270416
                ],
                [
                    75.25452971458435,
                    46.58906161785126
                ],
                [
                    72.78697192668915,
                    74.09031689167023
                ],
                [
                    217.19343960285187,
                    132.61903822422028
                ],
                [
                    213.65731954574585,
                    106.01487755775452
                ],
                [
                    101.42640769481659,
                    19.016489386558533
                ],
                [
                    100.14258325099945,
                    46.15850746631622
                ],
                [
                    149.19865131378174,
                    91.40701591968536
                ]
            ],
            "provenance": "nvisii",
            "quaternion_xyzw": [
                -0.16803011298179626,
                0.8904560804367065,
                -0.2783817946910858,
                0.31836655735969543
            ],
            "quaternion_xyzw_world": [
                0.6595872044563293,
                0.5092507600784302,
                0.0628388449549675,
                0.5492355227470398
            ],
            "segmentation_id": 8,
            "visibility": -1
        },
        {
            "bounding_box_minx_maxx_miny_maxy": [
                -1,
                -1,
                -1,
                -1
            ],
            "class": "2",
            "local_cuboid": null,
            "local_to_world_matrix": [
                [
                    -0.7011902332305908,
                    -0.6693750023841858,
                    -0.24549931287765503,
                    0.0
                ],
                [
                    -0.49143651127815247,
                    0.7032254934310913,
                    -0.5137744545936584,
                    0.0
                ],
                [
                    0.5165491104125977,
                    -0.23960620164871216,
                    -0.8220502138137817,
                    0.0
                ],
                [
                    0.176714688539505,
                    -0.24236957728862762,
                    0.5097730755805969,
                    1.0
                ]
            ],
            "location": [
                0.24236957728862762,
                0.5097730755805969,
                -0.176714688539505
            ],
            "location_world": [
                0.176714688539505,
                -0.24236957728862762,
                0.5097730755805969
            ],
            "name": "google_2_of_Jenga_Classic_Game_8",
            "projected_cuboid": [
                [
                    943.3971047401428,
                    -280.0900340080261
                ],
                [
                    918.0940389633179,
                    -265.09541273117065
                ],
                [
                    1374.3982315063477,
                    -1999.8891353607178
                ],
                [
                    1310.692310333252,
                    -1604.3444871902466
                ],
                [
                    756.6434144973755,
                    -233.19807648658752
                ],
                [
                    712.3591899871826,
                    -214.8662805557251
                ],
                [
                    862.2071743011475,
                    -1385.8940601348877
                ],
                [
                    908.5505604743958,
                    -1200.6871700286865
                ],
                [
                    913.8339757919312,
                    -682.7405691146851
                ]
            ],
            "provenance": "nvisii",
            "quaternion_xyzw": [
                -0.821537971496582,
                0.28870391845703125,
                -0.2862911820411682,
                -0.3997035622596741
            ],
            "quaternion_xyzw_world": [
                -0.3231232166290283,
                0.8981183171272278,
                -0.20971086621284485,
                0.21212361752986908
            ],
            "segmentation_id": 9,
            "visibility": -1
        },
        {
            "bounding_box_minx_maxx_miny_maxy": [
                -1,
                -1,
                -1,
                -1
            ],
            "class": "2",
            "local_cuboid": null,
            "local_to_world_matrix": [
                [
                    0.42460954189300537,
                    0.5916591882705688,
                    0.6853076219558716,
                    0.0
                ],
                [
                    0.03314623236656189,
                    0.746264636516571,
                    -0.6648236513137817,
                    0.0
                ],
                [
                    -0.904769778251648,
                    0.30500590801239014,
                    0.2972598075866699,
                    0.0
                ],
                [
                    1.9407693147659302,
                    -0.7821726202964783,
                    -0.5241397619247437,
                    1.0
                ]
            ],
            "location": [
                0.7821726202964783,
                -0.5241397619247437,
                -1.9407693147659302
            ],
            "location_world": [
                1.9407693147659302,
                -0.7821726202964783,
                -0.5241397619247437
            ],
            "name": "google_2_of_Jenga_Classic_Game_9",
            "projected_cuboid": [
                [
                    500.1816749572754,
                    386.34952902793884
                ],
                [
                    477.3258566856384,
                    406.1177372932434
                ],
                [
                    474.10649061203003,
                    411.80819272994995
                ],
                [
                    493.86972188949585,
                    394.71888542175293
                ],
                [
                    522.2221612930298,
                    408.7795615196228
                ],
                [
                    498.8684058189392,
                    428.9085865020752
                ],
                [
                    492.6360845565796,
                    431.56975507736206
                ],
                [
                    512.7706527709961,
                    414.21154141426086
                ],
                [
                    496.1652159690857,
                    410.4197025299072
                ]
            ],
            "provenance": "nvisii",
            "quaternion_xyzw": [
                -0.20517975091934204,
                0.07427308708429337,
                0.8889956474304199,
                0.40258142352104187
            ],
            "quaternion_xyzw_world": [
                -0.30866044759750366,
                -0.5060620903968811,
                0.1777537614107132,
                0.7855149507522583
            ],
            "segmentation_id": 10,
            "visibility": -1
        },
        {
            "bounding_box_minx_maxx_miny_maxy": [
                -1,
                -1,
                -1,
                -1
            ],
            "class": "2",
            "local_cuboid": null,
            "local_to_world_matrix": [
                [
                    -0.8632655143737793,
                    -0.47098731994628906,
                    0.18150436878204346,
                    0.0
                ],
                [
                    0.19232410192489624,
                    0.025539696216583252,
                    0.9809991121292114,
                    0.0
                ],
                [
                    -0.46667367219924927,
                    0.8817702531814575,
                    0.06853461265563965,
                    0.0
                ],
                [
                    1.9516128301620483,
                    -0.6484708189964294,
                    -0.6290969848632812,
                    1.0
                ]
            ],
            "location": [
                0.6484708189964294,
                -0.6290969848632812,
                -1.9516128301620483
            ],
            "location_world": [
                1.9516128301620483,
                -0.6484708189964294,
                -0.6290969848632812
            ],
            "name": "google_2_of_Jenga_Classic_Game_10",
            "projected_cuboid": [
                [
                    389.7470235824585,
                    468.99548172950745
                ],
                [
                    387.75134086608887,
                    439.06837701797485
                ],
                [
                    458.72628688812256,
                    431.9590926170349
                ],
                [
                    461.1830711364746,
                    459.68925952911377
                ],
                [
                    372.39906191825867,
                    465.5891954898834
                ],
                [
                    370.6282675266266,
                    436.7890954017639
                ],
                [
                    440.34963846206665,
                    430.0784468650818
                ],
                [
                    442.57086515426636,
                    456.8381905555725
                ],
                [
                    416.5303409099579,
                    448.397159576416
                ]
            ],
            "provenance": "nvisii",
            "quaternion_xyzw": [
                0.0763455331325531,
                0.5107196569442749,
                -0.06059560179710388,
                -0.8542042970657349
            ],
            "quaternion_xyzw_world": [
                -0.10327178239822388,
                0.6745870113372803,
                0.6903369426727295,
                -0.24021291732788086
            ],
            "segmentation_id": 11,
            "visibility": -1
        },
        {
            "bounding_box_minx_maxx_miny_maxy": [
                -1,
                -1,
                -1,
                -1
            ],
            "class": "2",
            "local_cuboid": null,
            "local_to_world_matrix": [
                [
                    -0.7807104587554932,
                    0.20626893639564514,
                    0.5898680090904236,
                    0.0
                ],
                [
                    -0.39272573590278625,
                    0.5722797513008118,
                    -0.7199044227600098,
                    0.0
                ],
                [
                    -0.4860634207725525,
                    -0.7936933040618896,
                    -0.36577773094177246,
                    0.0
                ],
                [
                    1.345054268836975,
                    -0.24760106205940247,
                    0.6247973442077637,
                    1.0
                ]
            ],
            "location": [
                0.24760106205940247,
                0.6247973442077637,
                -1.345054268836975
            ],
            "location_world": [
                1.345054268836975,
                -0.24760106205940247,
                0.6247973442077637
            ],
            "name": "google_2_of_Jenga_Classic_Game_11",
            "projected_cuboid": [
                [
                    501.5396475791931,
                    -40.19254446029663
                ],
                [
                    483.52178931236267,
                    -16.77417755126953
                ],
                [
                    350.14766454696655,
                    -37.27906942367554
                ],
                [
                    369.56658959388733,
                    -57.688236236572266
                ],
                [
                    497.0046877861023,
                    -3.4405887126922607
                ],
                [
                    479.77492213249207,
                    19.79409158229828
                ],
                [
                    352.83517837524414,
                    -3.601253032684326
                ],
                [
                    371.33121490478516,
                    -23.909807205200195
                ],
                [
                    422.21522331237793,
                    -20.673424005508423
                ]
            ],
            "provenance": "nvisii",
            "quaternion_xyzw": [
                -0.5068461298942566,
                -0.008675351738929749,
                -0.7765688300132751,
                -0.3741289973258972
            ],
            "quaternion_xyzw_world": [
                -0.056540828198194504,
                0.8244343400001526,
                -0.4589806795120239,
                -0.32626354694366455
            ],
            "segmentation_id": 12,
            "visibility": -1
        },
        {
            "bounding_box_minx_maxx_miny_maxy": [
                -1,
                -1,
                -1,
                -1
            ],
            "class": "2",
            "local_cuboid": null,
            "local_to_world_matrix": [
                [
                    0.08790946006774902,
                    0.11987069249153137,
                    0.988889753818512,
                    0.0
                ],
                [
                    0.9837383031845093,
                    -0.16653668880462646,
                    -0.0672643780708313,
                    0.0
                ],
                [
                    0.15662342309951782,
                    0.9787219166755676,
                    -0.1325615644454956,
                    0.0
                ],
                [
                    1.9092004299163818,
                    -0.773864209651947,
                    -0.7535533308982849,
                    1.0
                ]
            ],
            "location": [
                0.773864209651947,
                -0.7535533308982849,
                -1.9092004299163818
            ],
            "location_world": [
                1.9092004299163818,
                -0.773864209651947,
                -0.7535533308982849
            ],
            "name": "google_2_of_Jenga_Classic_Game_12",
            "projected_cuboid": [
                [
                    399.9451994895935,
                    486.29099130630493
                ],
                [
                    397.9611396789551,
                    478.19092869758606
                ],
                [
                    489.72129821777344,
                    471.57400846481323
                ],
                [
                    495.82743644714355,
                    479.5783758163452
                ],
                [
                    403.4779667854309,
                    511.80118322372437
                ],
                [
                    401.33970975875854,
                    502.6096701622009
                ],
                [
                    493.5060441493988,
                    496.54287099838257
                ],
                [
                    499.8036026954651,
                    505.6896209716797
                ],
                [
                    447.0934271812439,
                    491.4572238922119
                ]
            ],
            "provenance": "nvisii",
            "quaternion_xyzw": [
                0.5253610610961914,
                0.5498248934745789,
                -0.5075706243515015,
                -0.40504366159439087
            ],
            "quaternion_xyzw_world": [
                0.5888564586639404,
                0.4685390591621399,
                0.4863295257091522,
                -0.44407522678375244
            ],
            "segmentation_id": 13,
            "visibility": -1
        },
        {
            "bounding_box_minx_maxx_miny_maxy": [
                -1,
                -1,
                -1,
                -1
            ],
            "class": "2",
            "local_cuboid": null,
            "local_to_world_matrix": [
                [
                    0.9255463480949402,
