{
    "camera_data": {
        "camera_look_at": {
            "at": [
                1.0,
                0.0,
                0.0
            ],
            "eye": [
                0.0,
                0.0,
                0.0
            ],
            "up": [
                0.0,
                0.0,
                1.0
            ]
        },
        "camera_view_matrix": [
            [
                0.0,
                0.0,
                -1.0,
                0.0
            ],
            [
                -1.0,
                0.0,
                0.0,
                0.0
            ],
            [
                0.0,
                1.0,
                0.0,
                0.0
            ],
            [
                0.0,
                0.0,
                0.0,
                1.0
            ]
        ],
        "height": 500,
        "intrinsics": {
            "cx": 250.0,
            "cy": 250.0,
            "fx": 603.5535278320312,
            "fy": 603.5535278320312
        },
        "location_world": [
            0.0,
            0.0,
            0.0
        ],
        "quaternion_world_xyzw": [
            0.5,
            -0.5,
            -0.5,
            0.5
        ],
        "width": 500
    },
    "objects": [
        {
            "bounding_box_minx_maxx_miny_maxy": [
                -1,
                -1,
                -1,
                -1
            ],
            "class": "2",
            "local_cuboid": null,
            "local_to_world_matrix": [
                [
                    -0.5522980690002441,
                    0.165487140417099,
                    0.8170561790466309,
                    0.0
                ],
                [
                    0.7846601009368896,
                    0.4342162013053894,
                    0.44245320558547974,
                    0.0
                ],
                [
                    -0.28155872225761414,
                    0.8854774832725525,
                    -0.36966800689697266,
                    0.0
                ],
                [
                    1.7486413717269897,
                    -0.3881710469722748,
                    0.7892321944236755,
                    1.0
                ]
            ],
            "location": [
                0.3881710469722748,
                0.7892321944236755,
                -1.7486413717269897
            ],
            "location_world": [
                1.7486413717269897,
                -0.3881710469722748,
                0.7892321944236755
            ],
            "name": "google_2_of_Jenga_Classic_Game_0",
            "projected_cuboid": [
                [
                    302.93887853622437,
                    -10.215997695922852
                ],
                [
                    287.6585125923157,
                    -13.379812240600586
                ],
                [
                    374.59734082221985,
                    -38.10197114944458
                ],
                [
                    392.5366401672363,
                    -36.05881333351135
                ],
                [
                    306.30606412887573,
                    20.139455795288086
                ],
                [
                    291.2828028202057,
                    15.8873051404953
                ],
                [
                    375.95614790916443,
                    -9.572207927703857
                ],
                [
                    393.49740743637085,
                    -6.492257118225098
                ],
                [
                    341.500848531723,
                    -9.875982999801636
                ]
            ],
            "provenance": "nvisii",
            "quaternion_xyzw": [
                0.166208416223526,
                0.5758432149887085,
                -0.5011468529701233,
                -0.6242044568061829
            ],
            "quaternion_xyzw_world": [
                0.30949702858924866,
                0.7674930691719055,
                0.43255460262298584,
                -0.357858270406723
            ],
            "segmentation_id": 1,
            "visibility": -1
        },
        {
            "bounding_box_minx_maxx_miny_maxy": [
                -1,
                -1,
                -1,
                -1
            ],
            "class": "2",
            "local_cuboid": null,
            "local_to_world_matrix": [
                [
                    0.5001815557479858,
                    0.14997684955596924,
                    -0.8528338074684143,
                    0.0
                ],
                [
                    -0.23113253712654114,
                    -0.9260299205780029,
                    -0.2984066605567932,
                    0.0
                ],
                [
                    -0.8345035910606384,
                    0.34637510776519775,
                    -0.42851853370666504,
                    0.0
                ],
                [
                    0.38596588373184204,
                    0.2948310375213623,
                    0.0027165876235812902,
                    1.0
                ]
            ],
            "location": [
                -0.2948310375213623,
                0.0027165876235812902,
                -0.38596588373184204
            ],
            "location_world": [
                0.38596588373184204,
                0.2948310375213623,
                0.0027165876235812902
            ],
            "name": "google_2_of_Jenga_Classic_Game_1",
            "projected_cuboid": [
                [
                    -1300.4194498062134,
                    754.3342709541321
                ],
                [
                    -1189.1368627548218,
                    918.9490079879761
                ],
                [
                    -148.89904856681824,
                    316.303014755249
                ],
                [
                    -243.7555491924286,
                    276.5830457210541
                ],
                [
                    -1709.052562713623,
                    597.7514982223511
                ],
                [
                    -1629.5663118362427,
                    792.8797006607056
                ],
                [
                    -173.02116751670837,
                    209.73344147205353
                ],
                [
                    -276.58015489578247,
                    171.37673497200012
                ],
                [
                    -539.5066142082214,
                    386.76780462265015
                ]
            ],
            "provenance": "nvisii",
            "quaternion_xyzw": [
                0.2801455855369568,
                0.06531968712806702,
                -0.7554613351821899,
                0.5886679887771606
            ],
            "quaternion_xyzw_world": [
                0.8447973132133484,
                -0.024016322568058968,
                -0.4993320107460022,
                -0.19080960750579834
            ],
            "segmentation_id": 2,
            "visibility": -1
        },
        {
            "bounding_box_minx_maxx_miny_maxy": [
                -1,
                -1,
                -1,
                -1
            ],
            "class": "2",
            "local_cuboid": null,
            "local_to_world_matrix": [
                [
                    -0.04173457622528076,
                    -0.42566627264022827,
                    0.9039171934127808,
                    0.0
                ],
                [
                    -0.7770441174507141,
                    0.5825340151786804,
                    0.23844598233699799,
                    0.0
                ],
                [
                    -0.6280609369277954,
                    -0.692432165145874,
                    -0.3550732135772705,
                    0.0
                ],
                [
                    1.016814112663269,
                    -0.3063546121120453,
                    0.24488498270511627,
                    1.0
                ]
            ],
            "location": [
                0.3063546121120453,
                0.24488498270511627,
                -1.016814112663269
            ],
            "location_world": [
                1.016814112663269,
                -0.3063546121120453,
                0.24488498270511627
            ],
            "name": "google_2_of_Jenga_Classic_Game_2",
            "projected_cuboid": [
                [
                    633.9709758758545,
                    133.6032748222351
                ],
                [
                    628.3453702926636,
                    108.83405804634094
                ],
                [
                    433.4292411804199,
                    71.47546112537384
                ],
                [
                    450.27321577072144,
                    94.24763917922974
                ],
                [
                    609.1607809066772,
                    183.63693356513977
                ],
                [
                    601.5291213989258,
                    163.06152939796448
                ],
                [
                    412.25510835647583,
                    115.73481559753418
                ],
                [
                    430.36776781082153,
                    135.6734037399292
                ],
                [
                    515.855073928833,
                    124.08408522605896
                ]
            ],
            "provenance": "nvisii",
            "quaternion_xyzw": [
                0.37388479709625244,
                0.21489457786083221,
                0.49090442061424255,
                0.756996214389801
            ],
            "quaternion_xyzw_world": [
                0.42743557691574097,
                -0.7034454345703125,
                0.1613437831401825,
                0.5444552302360535
            ],
            "segmentation_id": 3,
            "visibility": -1
        },
        {
            "bounding_box_minx_maxx_miny_maxy": [
                -1,
                -1,
                -1,
                -1
            ],
            "class": "2",
            "local_cuboid": null,
            "local_to_world_matrix": [
                [
                    -0.606995701789856,
                    0.5949172377586365,
                    0.5269057154655457,
                    0.0
                ],
                [
                    0.6156619191169739,
                    0.7712672352790833,
                    -0.1615772843360901,
                    0.0
                ],
                [
                    -0.5025102496147156,
                    0.2263190746307373,
                    -0.8344237804412842,
                    0.0
                ],
                [
                    1.42471444606781,
                    0.2194041609764099,
                    0.47232091426849365,
                    1.0
                ]
            ],
            "location": [
                -0.2194041609764099,
                0.47232091426849365,
                -1.42471444606781
            ],
            "location_world": [
                1.42471444606781,
                0.2194041609764099,
                0.47232091426849365
            ],
            "name": "google_2_of_Jenga_Classic_Game_3",
            "projected_cuboid": [
                [
                    114.16065692901611,
                    124.08541142940521
                ],
                [
                    88.96918594837189,
                    135.6326937675476
                ],
                [
                    133.5008144378662,
                    44.293150305747986
                ],
                [
                    157.6865017414093,
                    30.52486479282379
                ],
                [
                    141.4596438407898,
                    148.47390353679657
                ],
                [
                    116.10785126686096,
                    158.64995121955872
                ],
                [
                    156.4921885728836,
                    67.98528134822845
                ],
                [
                    180.70396780967712,
                    55.54616451263428
                ],
                [
                    137.25802302360535,
                    93.47540140151978
                ]
            ],
            "provenance": "nvisii",
            "quaternion_xyzw": [
                -0.12663906812667847,
                0.48239755630493164,
                -0.7514992952346802,
                -0.4318609833717346
            ],
            "quaternion_xyzw_world": [
                0.33769840002059937,
                0.8961984515190125,
                0.018060116097331047,
                -0.28716182708740234
            ],
            "segmentation_id": 4,
            "visibility": -1
        },
        {
            "bounding_box_minx_maxx_miny_maxy": [
                -1,
                -1,
                -1,
                -1
            ],
            "class": "2",
            "local_cuboid": null,
            "local_to_world_matrix": [
                [
                    -0.8228402137756348,
                    -0.10587948560714722,
                    -0.5583226084709167,
                    0.0
                ],
                [
                    0.5284003615379333,
                    0.21898066997528076,
                    -0.8202686905860901,
                    0.0
                ],
                [
                    0.2091115266084671,
                    -0.9699676632881165,
                    -0.12423956394195557,
                    0.0
                ],
                [
                    1.535469651222229,
                    0.27781012654304504,
                    0.6659212112426758,
                    1.0
                ]
            ],
            "location": [
                -0.27781012654304504,
                0.6659212112426758,
                -1.535469651222229
            ],
            "location_world": [
                1.535469651222229,
                0.27781012654304504,
                0.6659212112426758
            ],
            "name": "google_2_of_Jenga_Classic_Game_4",
            "projected_cuboid": [
                [
                    257.41589069366455,
                    -1.4285743236541748
                ],
                [
                    250.17261505126953,
                    31.993746757507324
                ],
                [
                    138.07058334350586,
                    8.904129266738892
                ],
                [
                    142.23477244377136,
                    -26.592612266540527
                ],
                [
                    253.9786696434021,
                    -7.815927267074585
                ],
                [
                    247.112974524498,
                    24.46518838405609
                ],
                [
                    139.46929574012756,
                    2.028927206993103
                ],
                [
                    143.4989869594574,
                    -32.175540924072266
                ],
                [
                    197.5303739309311,
                    0.32688677310943604
                ]
            ],
            "provenance": "nvisii",
            "quaternion_xyzw": [
                -0.7306264638900757,
                0.2659715414047241,
                -0.6134487986564636,
                0.1382926106452942
            ],
            "quaternion_xyzw_world": [
                0.1435432881116867,
                0.7358770966529846,
                -0.6081981658935547,
                0.2607208788394928
            ],
            "segmentation_id": 5,
            "visibility": -1
        },
        {
            "bounding_box_minx_maxx_miny_maxy": [
                -1,
                -1,
                -1,
                -1
            ],
            "class": "2",
            "local_cuboid": null,
            "local_to_world_matrix": [
                [
                    0.3663643002510071,
                    0.7838335037231445,
                    0.5013803839683533,
                    0.0
                ],
                [
                    -0.7753093242645264,
                    -0.04076969623565674,
                    0.6302645206451416,
                    0.0
                ],
                [
                    0.514463484287262,
                    -0.619631290435791,
                    0.5927768349647522,
                    0.0
                ],
                [
                    0.29006457328796387,
                    0.5264163017272949,
                    -0.49422353506088257,
                    1.0
                ]
            ],
            "location": [
                -0.5264163017272949,
                -0.49422353506088257,
                -0.29006457328796387
            ],
            "location_world": [
                0.29006457328796387,
                0.5264163017272949,
                -0.49422353506088257
            ],
            "name": "google_2_of_Jenga_Classic_Game_5",
            "projected_cuboid": [
                [
                    -218.0040180683136,
                    655.9707522392273
                ],
                [
                    -285.67057847976685,
                    642.8380608558655
                ],
                [
                    -983.7385416030884,
                    1244.5183992385864
                ],
                [
                    -750.4233121871948,
                    1146.7130184173584
                ],
                [
                    -166.12380743026733,
                    733.6026430130005
                ],
                [
                    -230.12608289718628,
                    732.4308156967163
                ],
                [
                    -976.8900871276855,
                    1461.1294269561768
                ],
                [
                    -723.1613397598267,
                    1308.171033859253
                ],
                [
                    -470.36319971084595,
                    923.7174987792969
                ]
            ],
            "provenance": "nvisii",
            "quaternion_xyzw": [
                0.15840259194374084,
                0.8556520342826843,
                0.39972037076950073,
                0.28808313608169556
            ],
            "quaternion_xyzw_world": [
                0.4512086808681488,
                0.004722969606518745,
                0.5628459453582764,
                0.6925264596939087
            ],
            "segmentation_id": 6,
            "visibility": -1
        },
        {
            "bounding_box_minx_maxx_miny_maxy": [
                -1,
                -1,
                -1,
                -1
            ],
            "class": "2",
            "local_cuboid": null,
            "local_to_world_matrix": [
                [
                    -0.21052265167236328,
                    -0.9022433757781982,
                    -0.3763470947742462,
                    0.0
                ],
                [
                    -0.9641610383987427,
                    0.2552165389060974,
                    -0.07251209020614624,
                    0.0
                ],
                [
                    0.16147354245185852,
                    0.3475937843322754,
                    -0.9236366748809814,
                    0.0
                ],
                [
                    0.4904899299144745,
                    0.25101879239082336,
                    -0.29729023575782776,
                    1.0
                ]
            ],
            "location": [
                -0.25101879239082336,
                -0.29729023575782776,
                -0.4904899299144745
            ],
            "location_world": [
                0.4904899299144745,
                0.25101879239082336,
                -0.29729023575782776
            ],
            "name": "google_2_of_Jenga_Classic_Game_6",
            "projected_cuboid": [
                [
                    -74.1683840751648,
                    862.8313541412354
                ],
                [
                    -154.7885239124298,
                    972.4875688552856
                ],
                [
                    -59.23745036125183,
                    680.8626055717468
                ],
                [
                    13.778552412986755,
                    606.7172288894653
                ],
                [
                    -138.21187615394592,
                    814.9425387382507
                ],
                [
                    -226.50089859962463,
                    913.2789373397827
                ],
                [
                    -141.79688692092896,
                    626.1299848556519
                ],
                [
                    -58.5707426071167,
                    562.5255107879639
                ],
                [
                    -104.30032014846802,
                    757.3687434196472
                ]
            ],
            "provenance": "nvisii",
            "quaternion_xyzw": [
                -0.730792224407196,
                0.21605445444583893,
                0.04689130187034607,
                -0.6458052396774292
            ],
            "quaternion_xyzw_world": [
                -0.6037171483039856,
                0.7728803157806396,
                0.08897939324378967,
                0.17396634817123413
            ],
            "segmentation_id": 7,
            "visibility": -1
        },
        {
            "bounding_box_minx_maxx_miny_maxy": [
                -1,
                -1,
                -1,
                -1
            ],
            "class": "2",
            "local_cuboid": null,
            "local_to_world_matrix": [
                [
                    0.45623332262039185,
                    -0.7011923789978027,
                    -0.5478871464729309,
                    0.0
                ],
                [
                    -0.7940729856491089,
                    -0.042920708656311035,
                    -0.6063051223754883,
                    0.0
                ],
                [
                    0.4016207754611969,
                    0.7116789817810059,
                    -0.5763797760009766,
                    0.0
                ],
                [
                    1.361623764038086,
                    0.02297644317150116,
                    0.3853500187397003,
                    1.0
                ]
            ],
            "location": [
                -0.02297644317150116,
                0.3853500187397003,
                -1.361623764038086
            ],
            "location_world": [
                1.361623764038086,
                0.02297644317150116,
                0.3853500187397003
            ],
            "name": "google_2_of_Jenga_Classic_Game_7",
            "projected_cuboid": [
                [
                    169.14594173431396,
                    162.84430027008057
                ],
                [
                    166.93611443042755,
                    179.9652874469757
                ],
                [
                    252.90387868881226,
                    98.3748733997345
                ],
                [
                    251.2182593345642,
                    83.70375633239746
                ],
                [
                    144.85961198806763,
                    143.29031109809875
                ],
                [
                    141.45326614379883,
                    159.9244773387909
                ],
                [
                    227.50088572502136,
                    74.29814338684082
                ],
                [
                    227.00800001621246,
                    60.415878891944885
                ],
                [
                    196.06003165245056,
                    122.00555205345154
                ]
            ],
            "provenance": "nvisii",
            "quaternion_xyzw": [
                0.8229700326919556,
                -0.1533975750207901,
                -0.3547857999801636,
                0.416313111782074
            ],
            "quaternion_xyzw_world": [
                0.7203356623649597,
                -0.518947422504425,
                -0.05076327547430992,
                -0.45742011070251465
            ],
            "segmentation_id": 8,
            "visibility": -1
        },
        {
            "bounding_box_minx_maxx_miny_maxy": [
                -1,
                -1,
                -1,
                -1
            ],
            "class": "2",
            "local_cuboid": null,
            "local_to_world_matrix": [
                [
                    0.18559670448303223,
                    0.940790057182312,
                    0.28366872668266296,
                    0.0
                ],
                [
                    0.3965831696987152,
                    0.1924113631248474,
                    -0.8976078033447266,
                    0.0
                ],
                [
                    -0.8990415334701538,
                    0.2790912687778473,
                    -0.337390661239624,
                    0.0
                ],
                [
                    0.43646731972694397,
                    -0.3994133174419403,
                    0.18631847202777863,
                    1.0
                ]
            ],
            "location": [
                0.3994133174419403,
                0.18631847202777863,
                -0.43646731972694397
            ],
            "location_world": [
                0.43646731972694397,
                -0.3994133174419403,
                0.18631847202777863
            ],
            "name": "google_2_of_Jenga_Classic_Game_8",
            "projected_cuboid": [
                [
                    1310.622215270996,
                    -252.45064496994019
                ],
                [
                    1081.610083580017,
                    63.71217966079712
                ],
                [
                    714.2266631126404,
                    40.78085720539093
                ],
                [
                    773.5936045646667,
                    -82.74954557418823
                ],
                [
                    1713.369607925415,
                    -211.3913595676422
                ],
                [
                    1392.4696445465088,
                    122.52762913703918
                ],
                [
                    829.9331068992615,
                    64.20236825942993
                ],
                [
                    900.8034467697144,
                    -61.81192398071289
                ],
                [
                    959.4353437423706,
                    -21.106958389282227
                ]
            ],
            "provenance": "nvisii",
            "quaternion_xyzw": [
                -0.12018337845802307,
                -0.18982937932014465,
                0.9666229486465454,
                0.12312975525856018
            ],
            "quaternion_xyzw_world": [
                -0.5767529606819153,
                -0.5796993374824524,
                0.26674020290374756,
                0.5100533366203308
            ],
            "segmentation_id": 9,
            "visibility": -1
        },
        {
            "bounding_box_minx_maxx_miny_maxy": [
                -1,
                -1,
                -1,
                -1
            ],
            "class": "2",
            "local_cuboid": null,
            "local_to_world_matrix": [
                [
                    -0.36275720596313477,
                    0.35683703422546387,
                    0.8608571887016296,
                    0.0
                ],
                [
                    -0.02481473982334137,
                    0.9197550415992737,
                    -0.39170774817466736,
                    0.0
                ],
                [
                    -0.9315535426139832,
                    -0.16345664858818054,
                    -0.3247929811477661,
                    0.0
                ],
                [
                    1.8659565448760986,
                    -0.6286436319351196,
                    -0.4974282383918762,
                    1.0
                ]
            ],
            "location": [
                0.6286436319351196,
                -0.4974282383918762,
                -1.8659565448760986
            ],
            "location_world": [
                1.8659565448760986,
                -0.6286436319351196,
                -0.4974282383918762
            ],
            "name": "google_2_of_Jenga_Classic_Game_9",
            "projected_cuboid": [
                [
                    517.7477598190308,
                    456.8914771080017
                ],
                [
                    488.4083867073059,
                    469.81263160705566
                ],
                [
                    437.782347202301,
                    406.5512418746948
                ],
                [
                    462.86994218826294,
                    395.5993056297302
                ],
                [
                    523.5443711280823,
                    478.68290543556213
                ],
                [
                    494.73491311073303,
                    491.40235781669617
                ],
                [
                    443.9637064933777,
                    425.9781539440155
                ],
                [
                    468.6627984046936,
                    415.1712656021118
                ],
                [
                    477.6715338230133,
                    440.100759267807
                ]
            ],
            "provenance": "nvisii",
            "quaternion_xyzw": [
                0.16071513295173645,
                -0.09161868691444397,
                0.8185503482818604,
                0.5438311100006104
            ],
            "quaternion_xyzw_world": [
                -0.10281140357255936,
                -0.8073576092720032,
                0.17190784215927124,
                0.5550237894058228
            ],
            "segmentation_id": 10,
            "visibility": -1
        },
        {
            "bounding_box_minx_maxx_miny_maxy": [
                -1,
                -1,
                -1,
                -1
            ],
            "class": "2",
            "local_cuboid": null,
            "local_to_world_matrix": [
                [
                    -0.5189189910888672,
                    -0.7423846125602722,
                    0.4237784147262573,
                    0.0
                ],
                [
                    0.6690371632575989,
                    -0.6612949371337891,
                    -0.3392318785190582,
                    0.0
                ],
                [
                    0.5320830345153809,
                    0.10748964548110962,
                    0.8398414254188538,
                    0.0
                ],
                [
                    1.3194888830184937,
                    -0.32084426283836365,
                    -0.1305738240480423,
                    1.0
                ]
            ],
            "location": [
                0.32084426283836365,
                -0.1305738240480423,
                -1.3194888830184937
            ],
            "location_world": [
                1.3194888830184937,
                -0.32084426283836365,
                -0.1305738240480423
            ],
            "name": "google_2_of_Jenga_Classic_Game_10",
            "projected_cuboid": [
                [
                    373.0536997318268,
                    188.30496072769165
                ],
                [
                    391.0953402519226,
                    202.3157775402069
                ],
                [
                    421.8950867652893,
                    308.28648805618286
                ],
                [
                    403.0160903930664,
                    297.2729504108429
                ],
                [
                    345.5275893211365,
                    203.77926528453827
                ],
                [
                    364.10507559776306,
                    216.83987975120544
                ],
                [
                    390.9173607826233,
                    321.2898373603821
                ],
                [
                    371.29339575767517,
                    311.18014454841614
                ],
                [
                    381.80011510849,
                    253.4174621105194
                ]
            ],
            "provenance": "nvisii",
            "quaternion_xyzw": [
                0.8083469867706299,
                0.33558401465415955,
                0.1272440254688263,
                -0.46665558218955994
            ],
            "quaternion_xyzw_world": [
                0.2750157117843628,
                -0.06667572259902954,
                0.868915319442749,
                -0.4060872793197632
            ],
            "segmentation_id": 11,
            "visibility": -1
        },
        {
            "bounding_box_minx_maxx_miny_maxy": [
                -1,
                -1,
                -1,
                -1
            ],
            "class": "2",
            "local_cuboid": null,
            "local_to_world_matrix": [
                [
                    -0.09426641464233398,
                    0.5876287221908569,
                    0.8036208748817444,
                    0.0
                ],
                [
                    -0.5057518482208252,
                    -0.7235606908798218,
                    0.46976080536842346,
                    0.0
                ],
                [
                    0.8575132489204407,
                    -0.362150102853775,
                    0.36540162563323975,
                    0.0
                ],
                [
                    1.1972246170043945,
                    -0.6025728583335876,
                    0.37174883484840393,
                    1.0
                ]
            ],
            "location": [
                0.6025728583335876,
                0.37174883484840393,
                -1.1972246170043945
            ],
            "location_world": [
                1.1972246170043945,
                -0.6025728583335876,
                0.37174883484840393
            ],
            "name": "google_2_of_Jenga_Classic_Game_11",
            "projected_cuboid": [
                [
                    519.625186920166,
                    48.0477511882782
                ],
                [
                    553.6384582519531,
                    25.157630443572998
                ],
                [
                    564.054012298584,
                    32.06883370876312
                ],
                [
                    522.6620435714722,
                    59.43535268306732
                ],
                [
                    537.2607111930847,
                    75.04694163799286
                ],
                [
                    571.623682975769,
                    53.08210849761963
                ],
                [
                    585.792601108551,
                    65.87918102741241
                ],
                [
                    543.8929200172424,
                    91.89794957637787
                ],
                [
                    549.1347312927246,
                    56.0002475976944
                ]
            ],
            "provenance": "nvisii",
            "quaternion_xyzw": [
                0.4472482204437256,
                0.8536543250083923,
                0.2551248371601105,
                0.07845205068588257
            ],
            "quaternion_xyzw_world": [
                0.5621148943901062,
                0.036414630711078644,
                0.7387876510620117,
                0.3699914813041687
            ],
            "segmentation_id": 12,
            "visibility": -1
        },
        {
            "bounding_box_minx_maxx_miny_maxy": [
                -1,
                -1,
                -1,
                -1
            ],
            "class": "2",
            "local_cuboid": null,
            "local_to_world_matrix": [
                [
                    -0.48285818099975586,
                    0.5442607402801514,
                    -0.686024010181427,
                    0.0
                ],
                [
                    -0.3298587203025818,
                    -0.8387424945831299,
                    -0.4332495331764221,
                    0.0
                ],
                [
                    -0.811197817325592,
                    0.017093032598495483,
                    0.5845221281051636,
                    0.0
                ],
                [
                    1.4205381870269775,
                    -0.6905775666236877,
                    -0.7295417785644531,
                    1.0
                ]
            ],
            "location": [
                0.6905775666236877,
                -0.7295417785644531,
                -1.4205381870269775
            ],
            "location_world": [
                1.4205381870269775,
                -0.6905775666236877,
                -0.7295417785644531
            ],
            "name": "google_2_of_Jenga_Classic_Game_12",
            "projected_cuboid": [
                [
                    571.9782114028931,
                    540.6626462936401
                ],
                [
                    616.9209480285645,
                    566.887617111206
                ],
                [
                    556.4358234405518,
                    587.0399475097656
                ],
                [
                    520.2069282531738,
                    564.8085474967957
                ],
                [
                    583.1974744796753,
                    504.7134757041931
                ],
                [
                    626.9629001617432,
                    529.2558670043945
                ],
                [
                    566.4248466491699,
                    555.1241040229797
                ],
                [
                    530.9540033340454,
                    534.0869426727295
                ],
                [
                    568.9380168914795,
                    548.5796928405762
                ]
            ],
            "provenance": "nvisii",
            "quaternion_xyzw": [
                0.13945534825325012,
                0.27377620339393616,
                0.8349713087081909,
                -0.4565325379371643
            ],
            "quaternion_xyzw_world": [
                -0.4391361474990845,
                -0.12205897271633148,
                0.8523676991462708,
                0.2563798129558563
            ],
            "segmentation_id": 13,
            "visibility": -1
        },
        {
            "bounding_box_minx_maxx_miny_maxy": [
                -1,
                -1,
                -1,
                -1
            ],
            "class": "2",
            "local_cuboid": null,
            "local_to_world_matrix": [
                [
                    -0.8508858680725098,
                    -0.431366503238678,
                    0.2998604476451874,
