{
    "camera_data": {
        "camera_look_at": {
            "at": [
                1.0,
                0.0,
                0.0
            ],
            "eye": [
                0.0,
                0.0,
                0.0
            ],
            "up": [
                0.0,
                0.0,
                1.0
            ]
        },
        "camera_view_matrix": [
            [
                0.0,
                0.0,
                -1.0,
                0.0
            ],
            [
                -1.0,
                0.0,
                0.0,
                0.0
            ],
            [
                0.0,
                1.0,
                0.0,
                0.0
            ],
            [
                0.0,
                0.0,
                0.0,
                1.0
            ]
        ],
        "height": 500,
        "intrinsics": {
            "cx": 250.0,
            "cy": 250.0,
            "fx": 603.5535278320312,
            "fy": 603.5535278320312
        },
        "location_world": [
            0.0,
            0.0,
            0.0
        ],
        "quaternion_world_xyzw": [
            0.5,
            -0.5,
            -0.5,
            0.5
        ],
        "width": 500
    },
    "objects": [
        {
            "bounding_box_minx_maxx_miny_maxy": [
                -1,
                -1,
                -1,
                -1
            ],
            "class": "2",
            "local_cuboid": null,
            "local_to_world_matrix": [
                [
                    -0.14459574222564697,
                    -0.05984097719192505,
                    0.9876797199249268,
                    0.0
                ],
                [
                    -0.8343815207481384,
                    0.5439220070838928,
                    -0.08919811248779297,
                    0.0
                ],
                [
                    -0.5318830013275146,
                    -0.8369993567466736,
                    -0.1285790205001831,
                    0.0
                ],
                [
                    1.894517183303833,
                    -0.38682520389556885,
                    0.8166596293449402,
                    1.0
                ]
            ],
            "location": [
                0.38682520389556885,
                0.8166596293449402,
                -1.894517183303833
            ],
            "location_world": [
                1.894517183303833,
                -0.38682520389556885,
                0.8166596293449402
            ],
            "name": "google_2_of_Jenga_Classic_Game_0",
            "projected_cuboid": [
                [
                    474.07639026641846,
                    -30.433863401412964
                ],
                [
                    467.04983711242676,
                    -39.391130208969116
                ],
                [
                    369.25095319747925,
                    -27.364760637283325
                ],
                [
                    379.29123640060425,
                    -19.57109570503235
                ],
                [
                    471.0400104522705,
                    -2.219587564468384
                ],
                [
                    463.9352560043335,
                    -9.954392910003662
                ],
                [
                    366.9939637184143,
                    -0.45374035835266113
                ],
                [
                    377.05719470977783,
                    6.31442666053772
                ],
                [
                    419.1160202026367,
                    -15.046417713165283
                ]
            ],
            "provenance": "nvisii",
            "quaternion_xyzw": [
                0.3927963972091675,
                0.28243488073349,
                0.6247479915618896,
                0.6128878593444824
            ],
            "quaternion_xyzw_world": [
                0.3316855728626251,
                -0.6739986538887024,
                0.34354573488235474,
                0.5636371374130249
            ],
            "segmentation_id": 1,
            "visibility": -1
        },
        {
            "bounding_box_minx_maxx_miny_maxy": [
                -1,
                -1,
                -1,
                -1
            ],
            "class": "2",
            "local_cuboid": null,
            "local_to_world_matrix": [
                [
                    0.9987710118293762,
                    -0.018673351034522057,
                    -0.045910969376564026,
                    0.0
                ],
                [
                    0.038584575057029724,
                    -0.2884601354598999,
                    0.9567141532897949,
                    0.0
                ],
                [
                    -0.031108543276786804,
                    -0.9573098421096802,
                    -0.28738510608673096,
                    0.0
                ],
                [
                    1.7500123977661133,
                    -0.333497554063797,
                    -0.6562896966934204,
                    1.0
                ]
            ],
            "location": [
                0.333497554063797,
                -0.6562896966934204,
                -1.7500123977661133
            ],
            "location_world": [
                1.7500123977661133,
                -0.333497554063797,
                -0.6562896966934204
            ],
            "name": "google_2_of_Jenga_Classic_Game_1",
            "projected_cuboid": [
                [
                    454.1656970977783,
                    515.51353931427
                ],
                [
                    462.042361497879,
                    487.6663088798523
                ],
                [
                    366.73474311828613,
                    458.1720232963562
                ],
                [
                    358.7244749069214,
                    485.8240485191345
                ],
                [
                    463.10582756996155,
                    526.5343189239502
                ],
                [
                    471.3297486305237,
                    497.3776936531067
                ],
                [
                    371.5871572494507,
                    466.47465229034424
                ],
                [
                    363.2168471813202,
                    495.41735649108887
                ],
                [
                    413.6623442173004,
                    491.4608299732208
                ]
            ],
            "provenance": "nvisii",
            "quaternion_xyzw": [
                0.08782175928354263,
                0.6904585957527161,
                -0.1180264949798584,
                0.7082542181015015
            ],
            "quaternion_xyzw_world": [
                0.8022805452346802,
                0.006204571109265089,
                -0.024000180885195732,
                0.5964322686195374
            ],
            "segmentation_id": 2,
            "visibility": -1
        },
        {
            "bounding_box_minx_maxx_miny_maxy": [
                -1,
                -1,
                -1,
                -1
            ],
            "class": "2",
            "local_cuboid": null,
            "local_to_world_matrix": [
                [
                    0.01845628023147583,
                    -0.7525224089622498,
                    0.658308207988739,
                    0.0
                ],
                [
                    0.005797684192657471,
                    -0.6583288908004761,
                    -0.7527084350585938,
                    0.0
                ],
                [
                    0.9998130202293396,
                    0.017708957195281982,
                    -0.0077877044677734375,
                    0.0
                ],
                [
                    0.791361927986145,
                    0.0007082546944729984,
                    0.25864914059638977,
                    1.0
                ]
            ],
            "location": [
                -0.0007082546944729984,
                0.25864914059638977,
                -0.791361927986145
            ],
            "location_world": [
                0.791361927986145,
                0.0007082546944729984,
                0.25864914059638977
            ],
            "name": "google_2_of_Jenga_Classic_Game_2",
            "projected_cuboid": [
                [
                    247.75631725788116,
                    75.07923245429993
                ],
                [
                    278.6969542503357,
                    110.53341627120972
                ],
                [
                    293.2145297527313,
                    57.39538371562958
                ],
                [
                    250.87156891822815,
                    8.832365274429321
                ],
                [
                    214.6524339914322,
                    103.80063951015472
                ],
                [
                    245.64965069293976,
                    139.28952813148499
                ],
                [
                    247.99078702926636,
                    96.67222201824188
                ],
                [
                    205.54178953170776,
                    48.04408550262451
                ],
                [
                    247.85523116588593,
                    84.18832719326019
                ]
            ],
            "provenance": "nvisii",
            "quaternion_xyzw": [
                0.9360881447792053,
                0.3516327440738678,
                -0.009658634662628174,
                0.0005314052104949951
            ],
            "quaternion_xyzw_world": [
                0.6489554643630981,
                -0.2876640856266022,
                0.6387653946876526,
                -0.29679131507873535
            ],
            "segmentation_id": 3,
            "visibility": -1
        },
        {
            "bounding_box_minx_maxx_miny_maxy": [
                -1,
                -1,
                -1,
                -1
            ],
            "class": "2",
            "local_cuboid": null,
            "local_to_world_matrix": [
                [
                    0.8807060122489929,
                    -0.3290538489818573,
                    0.3407059907913208,
                    0.0
                ],
                [
                    -0.335317462682724,
                    -0.9411602020263672,
                    -0.04219527542591095,
                    0.0
                ],
                [
                    0.33454328775405884,
                    -0.07708300650119781,
                    -0.9392229318618774,
                    0.0
                ],
                [
                    1.7254513502120972,
                    0.6773706674575806,
                    0.1172238141298294,
                    1.0
                ]
            ],
            "location": [
                -0.6773706674575806,
                0.1172238141298294,
                -1.7254513502120972
            ],
            "location_world": [
                1.7254513502120972,
                0.6773706674575806,
                0.1172238141298294
            ],
            "name": "google_2_of_Jenga_Classic_Game_3",
            "projected_cuboid": [
                [
                    30.236318707466125,
                    295.75130343437195
                ],
                [
                    52.876025438308716,
                    297.62017726898193
                ],
                [
                    34.060537815093994,
                    205.4518312215805
                ],
                [
                    10.474219918251038,
                    204.95076477527618
                ],
                [
                    13.074561953544617,
                    306.5139055252075
                ],
                [
                    36.32694482803345,
                    308.627724647522
                ],
                [
                    15.767186880111694,
                    213.28149735927582
                ],
                [
                    -8.476555347442627,
                    212.62997388839722
                ],
                [
                    23.400291800498962,
                    256.7882239818573
                ]
            ],
            "provenance": "nvisii",
            "quaternion_xyzw": [
                0.6530299186706543,
                0.49073779582977295,
                -0.30765169858932495,
                0.4879332482814789
            ],
            "quaternion_xyzw_world": [
                0.9696763753890991,
                -0.17128686606884003,
                0.1740913987159729,
                0.008994683623313904
            ],
            "segmentation_id": 4,
            "visibility": -1
        },
        {
            "bounding_box_minx_maxx_miny_maxy": [
                -1,
                -1,
                -1,
                -1
            ],
            "class": "2",
            "local_cuboid": null,
            "local_to_world_matrix": [
                [
                    -0.27294647693634033,
                    -0.9460523128509521,
                    -0.1746004819869995,
                    0.0
                ],
                [
                    -0.17966651916503906,
                    0.228426992893219,
                    -0.9568390846252441,
                    0.0
                ],
                [
                    0.9451032876968384,
                    -0.22979602217674255,
                    -0.23232221603393555,
                    0.0
                ],
                [
                    1.3380787372589111,
                    0.7058414220809937,
                    0.1025005355477333,
                    1.0
                ]
            ],
            "location": [
                -0.7058414220809937,
                0.1025005355477333,
                -1.3380787372589111
            ],
            "location_world": [
                1.3380787372589111,
                0.7058414220809937,
                0.1025005355477333
            ],
            "name": "google_2_of_Jenga_Classic_Game_4",
            "projected_cuboid": [
                [
                    28.29277515411377,
                    224.45473074913025
                ],
                [
                    18.890157341957092,
                    254.76905703544617
                ],
                [
                    -60.150474309921265,
                    224.73201155662537
                ],
                [
                    -47.90505766868591,
                    188.48997354507446
                ],
                [
                    3.6250948905944824,
                    219.69938278198242
                ],
                [
                    -5.883753299713135,
                    249.56552684307098
                ],
                [
                    -88.75453472137451,
                    218.93969178199768
                ],
                [
                    -76.38362050056458,
                    183.3377182483673
                ],
                [
                    -24.884432554244995,
                    221.94913029670715
                ]
            ],
            "provenance": "nvisii",
            "quaternion_xyzw": [
                -0.9808152914047241,
                0.10272765159606934,
                -0.1281440258026123,
                -0.10501182079315186
            ],
            "quaternion_xyzw_world": [
                -0.42747771739959717,
                0.6583493947982788,
                -0.4506099224090576,
                0.42519357800483704
            ],
            "segmentation_id": 5,
            "visibility": -1
        },
        {
            "bounding_box_minx_maxx_miny_maxy": [
                -1,
                -1,
                -1,
                -1
            ],
            "class": "2",
            "local_cuboid": null,
            "local_to_world_matrix": [
                [
                    -0.6680697202682495,
                    -0.46161386370658875,
                    -0.5836057066917419,
                    0.0
                ],
                [
                    0.6026762127876282,
                    -0.7956863641738892,
                    -0.060537174344062805,
                    0.0
                ],
                [
                    -0.4364222586154938,
                    -0.3921683430671692,
                    0.8097774982452393,
                    0.0
                ],
                [
                    1.6071056127548218,
                    0.0850423276424408,
                    -0.6080272793769836,
                    1.0
                ]
            ],
            "location": [
                -0.0850423276424408,
                -0.6080272793769836,
                -1.6071056127548218
            ],
            "location_world": [
                1.6071056127548218,
                0.0850423276424408,
                -0.6080272793769836
            ],
            "name": "google_2_of_Jenga_Classic_Game_5",
            "projected_cuboid": [
                [
                    255.95569610595703,
                    415.67695140838623
                ],
                [
                    283.173531293869,
                    412.0616912841797
                ],
                [
                    237.49597370624542,
                    488.081157207489
                ],
                [
                    211.01444959640503,
                    493.8874542713165
                ],
                [
                    240.89857935905457,
                    391.011118888855
                ],
                [
                    267.6800787448883,
                    388.33990693092346
                ],
                [
                    224.644273519516,
                    463.7672007083893
                ],
                [
                    198.62394034862518,
                    468.61374378204346
                ],
                [
                    239.1280233860016,
                    441.522091627121
                ]
            ],
            "provenance": "nvisii",
            "quaternion_xyzw": [
                0.5209915637969971,
                0.10176777839660645,
                0.5087596774101257,
                -0.6777719259262085
            ],
            "quaternion_xyzw_world": [
                -0.28188613057136536,
                -0.12510578334331512,
                0.9046454429626465,
                -0.2941180169582367
            ],
            "segmentation_id": 6,
            "visibility": -1
        },
        {
            "bounding_box_minx_maxx_miny_maxy": [
                -1,
                -1,
                -1,
                -1
            ],
            "class": "2",
            "local_cuboid": null,
            "local_to_world_matrix": [
                [
                    0.8636701107025146,
                    0.08523358404636383,
                    0.49679893255233765,
                    0.0
                ],
                [
                    -0.3214491009712219,
                    -0.666039228439331,
                    0.6730991005897522,
                    0.0
                ],
                [
                    0.388258159160614,
                    -0.7410311102867126,
                    -0.547839879989624,
                    0.0
                ],
                [
                    1.8051172494888306,
                    0.33905163407325745,
                    -0.6762087345123291,
                    1.0
                ]
            ],
            "location": [
                -0.33905163407325745,
                -0.6762087345123291,
                -1.8051172494888306
            ],
            "location_world": [
                1.8051172494888306,
                0.33905163407325745,
                -0.6762087345123291
            ],
            "name": "google_2_of_Jenga_Classic_Game_6",
            "projected_cuboid": [
                [
                    202.6963084936142,
                    509.4170570373535
                ],
                [
                    219.5395827293396,
                    495.3574538230896
                ],
                [
                    146.08678221702576,
                    457.6950669288635
                ],
                [
                    129.28859889507294,
                    473.1670618057251
                ],
                [
                    203.1364142894745,
                    531.1914682388306
                ],
                [
                    220.599427819252,
                    516.9358253479004
                ],
                [
                    144.36745643615723,
                    479.20581698417664
                ],
                [
                    126.95412337779999,
                    494.9413537979126
                ],
                [
                    175.16633868217468,
                    495.15801668167114
                ]
            ],
            "provenance": "nvisii",
            "quaternion_xyzw": [
                0.3968392312526703,
                0.7325624227523804,
                -0.07725989818572998,
                0.5476329326629639
            ],
            "quaternion_xyzw_world": [
                0.8771472573280334,
                -0.0673249363899231,
                0.2522544264793396,
                0.4030481278896332
            ],
            "segmentation_id": 7,
            "visibility": -1
        },
        {
            "bounding_box_minx_maxx_miny_maxy": [
                -1,
                -1,
                -1,
                -1
            ],
            "class": "2",
            "local_cuboid": null,
            "local_to_world_matrix": [
                [
                    0.5751639604568481,
                    0.3824572265148163,
                    -0.7231271266937256,
                    0.0
                ],
                [
                    0.6881691217422485,
                    -0.7041438817977905,
                    0.17494182288646698,
                    0.0
                ],
                [
                    -0.44227778911590576,
                    -0.5982540249824524,
                    -0.6681933403015137,
                    0.0
                ],
                [
                    1.9358723163604736,
                    0.6371829509735107,
                    -0.1639421284198761,
                    1.0
                ]
            ],
            "location": [
                -0.6371829509735107,
                -0.1639421284198761,
                -1.9358723163604736
            ],
            "location_world": [
                1.9358723163604736,
                0.6371829509735107,
                -0.1639421284198761
            ],
            "name": "google_2_of_Jenga_Classic_Game_7",
            "projected_cuboid": [
                [
                    79.93769645690918,
                    382.4329972267151
                ],
                [
                    104.56502437591553,
                    373.4946548938751
                ],
                [
                    60.953289270401,
                    306.19946122169495
                ],
                [
                    36.66149079799652,
                    312.51269578933716
                ],
                [
                    85.91724932193756,
                    366.2378787994385
                ],
                [
                    110.96923053264618,
                    357.59487748146057
                ],
                [
                    65.91266393661499,
                    289.7851765155792
                ],
                [
                    41.18885099887848,
                    295.7441806793213
                ],
                [
                    72.65926897525787,
                    334.35237407684326
                ]
            ],
            "provenance": "nvisii",
            "quaternion_xyzw": [
                -0.008988365530967712,
                0.5279965400695801,
                -0.6422213912010193,
                0.5555992722511292
            ],
            "quaternion_xyzw_world": [
                0.8584144115447998,
                0.3118034601211548,
                -0.339406281709671,
                0.22518140077590942
            ],
            "segmentation_id": 8,
            "visibility": -1
        },
        {
            "bounding_box_minx_maxx_miny_maxy": [
                -1,
                -1,
                -1,
                -1
            ],
            "class": "2",
            "local_cuboid": null,
            "local_to_world_matrix": [
                [
                    0.7272490859031677,
                    0.1931731253862381,
                    -0.6586296558380127,
                    0.0
                ],
                [
                    0.07789291441440582,
                    -0.9766077995300293,
                    -0.2004263997077942,
                    0.0
                ],
                [
                    -0.6819396018981934,
                    0.09445735812187195,
                    -0.7252840995788574,
                    0.0
                ],
                [
                    1.8138164281845093,
                    -0.7433030605316162,
                    -0.4244394600391388,
                    1.0
                ]
            ],
            "location": [
                0.7433030605316162,
                -0.4244394600391388,
                -1.8138164281845093
            ],
            "location_world": [
                1.8138164281845093,
                -0.7433030605316162,
                -0.4244394600391388
            ],
            "name": "google_2_of_Jenga_Classic_Game_8",
            "projected_cuboid": [
                [
                    495.40776014328003,
                    490.6086325645447
                ],
                [
                    524.6542692184448,
                    495.8508610725403
                ],
                [
                    504.03594970703125,
                    400.044322013855
                ],
                [
                    477.8832197189331,
                    395.0272500514984
                ],
                [
                    510.1153254508972,
                    479.51626777648926
                ],
                [
                    540.3567552566528,
                    484.99369621276855
                ],
                [
                    517.3280835151672,
                    387.3230218887329
                ],
                [
                    490.3823733329773,
                    382.09742307662964
                ],
                [
                    506.84237480163574,
                    436.73044443130493
                ]
            ],
            "provenance": "nvisii",
            "quaternion_xyzw": [
                0.2851814925670624,
                0.2787505090236664,
                -0.7203366160392761,
                0.5675253868103027
            ],
            "quaternion_xyzw_world": [
                0.9258970022201538,
                0.0731901153922081,
                -0.36196500062942505,
                -0.0796210989356041
            ],
            "segmentation_id": 9,
            "visibility": -1
        },
        {
            "bounding_box_minx_maxx_miny_maxy": [
                -1,
                -1,
                -1,
                -1
            ],
            "class": "2",
            "local_cuboid": null,
            "local_to_world_matrix": [
                [
                    -0.6601693630218506,
                    0.6766875386238098,
                    -0.32599273324012756,
                    0.0
                ],
                [
                    0.3678818345069885,
                    0.6696873307228088,
                    0.645121693611145,
                    0.0
                ],
                [
                    0.6548589468002319,
                    0.3059625029563904,
                    -0.6910481452941895,
                    0.0
                ],
                [
                    0.8401457667350769,
                    0.47341975569725037,
                    -0.46564242243766785,
                    1.0
                ]
            ],
            "location": [
                -0.47341975569725037,
                -0.46564242243766785,
                -0.8401457667350769
            ],
            "location_world": [
                0.8401457667350769,
                0.47341975569725037,
                -0.46564242243766785
            ],
            "name": "google_2_of_Jenga_Classic_Game_9",
            "projected_cuboid": [
                [
                    -92.16782450675964,
                    681.4538240432739
                ],
                [
                    -115.18657207489014,
                    636.1227035522461
                ],
                [
                    -134.3681812286377,
                    578.3014297485352
                ],
                [
                    -106.58183693885803,
                    632.2416067123413
                ],
                [
                    -44.143497943878174,
                    644.9919939041138
                ],
                [
                    -67.43523478507996,
                    602.9167175292969
                ],
                [
                    -75.12447237968445,
                    541.3068532943726
                ],
                [
                    -46.875983476638794,
                    590.593695640564
                ],
                [
                    -84.13860201835632,
                    615.429162979126
                ]
            ],
            "provenance": "nvisii",
            "quaternion_xyzw": [
                -0.2885524034500122,
                0.8626512289047241,
                -0.3068823516368866,
                -0.2799890637397766
            ],
            "quaternion_xyzw_world": [
                0.30049604177474976,
                0.8690375089645386,
                0.27360275387763977,
                0.28216609358787537
            ],
            "segmentation_id": 10,
            "visibility": -1
        },
        {
            "bounding_box_minx_maxx_miny_maxy": [
                -1,
                -1,
                -1,
                -1
            ],
            "class": "2",
            "local_cuboid": null,
            "local_to_world_matrix": [
                [
                    0.08401143550872803,
                    0.9839366674423218,
                    0.15751433372497559,
                    0.0
                ],
                [
                    -0.6318022012710571,
                    0.1748347282409668,
                    -0.7551548480987549,
                    0.0
                ],
                [
                    -0.7705634832382202,
                    -0.03607618808746338,
                    0.6363414525985718,
                    0.0
                ],
                [
                    1.8597279787063599,
                    -0.7707269191741943,
                    -0.053405873477458954,
                    1.0
                ]
            ],
            "location": [
                0.7707269191741943,
                -0.053405873477458954,
                -1.8597279787063599
            ],
            "location_world": [
                1.8597279787063599,
                -0.7707269191741943,
                -0.053405873477458954
            ],
            "name": "google_2_of_Jenga_Classic_Game_10",
            "projected_cuboid": [
                [
                    521.8772292137146,
                    188.15062940120697
                ],
                [
                    525.3490209579468,
                    209.9871188402176
                ],
                [
                    488.136887550354,
                    275.98145604133606
                ],
                [
                    486.12916469573975,
                    254.8828125
                ],
                [
                    551.21910572052,
                    192.4266517162323
                ],
                [
                    555.6806325912476,
                    214.49550986289978
                ],
                [
                    514.6027207374573,
                    280.1743149757385
                ],
                [
                    511.83807849884033,
                    258.8825821876526
                ],
                [
                    518.0681347846985,
                    236.33639514446259
                ]
            ],
            "provenance": "nvisii",
            "quaternion_xyzw": [
                -0.012793615460395813,
                0.3384591341018677,
                0.9367036819458008,
                0.08870178461074829
            ],
            "quaternion_xyzw_world": [
                -0.2611681818962097,
                -0.337076336145401,
                0.5868337154388428,
                0.6883291006088257
            ],
            "segmentation_id": 11,
            "visibility": -1
        },
        {
            "bounding_box_minx_maxx_miny_maxy": [
                -1,
                -1,
                -1,
                -1
            ],
            "class": "2",
            "local_cuboid": null,
            "local_to_world_matrix": [
                [
                    0.5485812425613403,
                    -0.03734872490167618,
                    -0.8352627158164978,
                    0.0
                ],
                [
                    0.048922546207904816,
                    0.9987240433692932,
                    -0.01252669095993042,
                    0.0
                ],
                [
                    0.8346647620201111,
                    -0.03399126976728439,
                    0.5497084259986877,
                    0.0
                ],
                [
                    1.6983658075332642,
                    0.10241087526082993,
                    0.6475113034248352,
                    1.0
                ]
            ],
            "location": [
                -0.10241087526082993,
                0.6475113034248352,
                -1.6983658075332642
            ],
            "location_world": [
                1.6983658075332642,
                0.10241087526082993,
                0.6475113034248352
            ],
            "name": "google_2_of_Jenga_Classic_Game_11",
            "projected_cuboid": [
                [
                    234.9824756383896,
                    11.351138353347778
                ],
                [
                    209.12319421768188,
                    12.177333235740662
                ],
                [
                    199.85610246658325,
                    34.78385508060455
                ],
                [
                    229.36297953128815,
                    33.89473259449005
                ],
                [
                    233.71678590774536,
                    -14.761924743652344
                ],
                [
                    207.27814733982086,
                    -13.861000537872314
                ],
                [
                    197.5042223930359,
                    5.546808242797852
                ],
                [
                    227.76781022548676,
                    4.562601447105408
                ],
                [
                    217.69979596138,
                    8.6745023727417
                ]
            ],
            "provenance": "nvisii",
            "quaternion_xyzw": [
                -0.6863927841186523,
                0.6679800748825073,
                0.18742546439170837,
                0.21803513169288635
            ],
            "quaternion_xyzw_world": [
                0.006098468787968159,
                0.4744561016559601,
                -0.024511203169822693,
                0.8799167275428772
            ],
            "segmentation_id": 12,
            "visibility": -1
        },
        {
            "bounding_box_minx_maxx_miny_maxy": [
                -1,
                -1,
                -1,
                -1
            ],
            "class": "2",
            "local_cuboid": null,
            "local_to_world_matrix": [
                [
                    -0.10964012145996094,
                    0.9934528470039368,
                    0.03210204839706421,
                    0.0
                ],
                [
                    -0.9934253096580505,
                    -0.11059308052062988,
                    0.029586179181933403,
                    0.0
                ],
                [
                    0.032942742109298706,
                    -0.028647156432271004,
                    0.9990466237068176,
                    0.0
                ],
                [
                    1.9282327890396118,
                    0.8409543037414551,
                    0.43017351627349854,
                    1.0
                ]
            ],
            "location": [
                -0.8409543037414551,
                0.43017351627349854,
                -1.9282327890396118
            ],
            "location_world": [
                1.9282327890396118,
                0.8409543037414551,
                0.43017351627349854
            ],
            "name": "google_2_of_Jenga_Classic_Game_12",
            "projected_cuboid": [
                [
                    -17.763853073120117,
                    29.41259741783142
                ],
                [
                    -26.658207178115845,
                    18.833667039871216
                ],
                [
                    -30.756205320358276,
                    111.23758554458618
                ],
                [
                    -21.64354920387268,
                    117.92546510696411
                ],
                [
                    7.242605090141296,
                    31.14449977874756
                ],
                [
                    -0.5074143409729004,
                    20.690158009529114
                ],
                [
                    -4.453599452972412,
                    112.6808226108551
                ],
                [
                    3.501802682876587,
                    119.27810311317444
                ],
                [
                    -11.254757642745972,
                    70.13294100761414
                ]
            ],
            "provenance": "nvisii",
            "quaternion_xyzw": [
                0.04975877329707146,
                0.7169348001480103,
                0.69478839635849,
                -0.028242796659469604
            ],
            "quaternion_xyzw_world": [
                0.021831143647432327,
                0.00031516706803813577,
                0.7448623776435852,
                0.666860818862915
            ],
            "segmentation_id": 13,
            "visibility": -1
        },
        {
            "bounding_box_minx_maxx_miny_maxy": [
                -1,
                -1,
                -1,
                -1
            ],
            "class": "2",
            "local_cuboid": null,
            "local_to_world_matrix": [
                [
                    -0.9409372806549072,
                    -0.2212912142276764,
