{
    "camera_data": {
        "camera_look_at": {
            "at": [
                1.0,
                0.0,
                0.0
            ],
            "eye": [
                0.0,
                0.0,
                0.0
            ],
            "up": [
                0.0,
                0.0,
                1.0
            ]
        },
        "camera_view_matrix": [
            [
                0.0,
                0.0,
                -1.0,
                0.0
            ],
            [
                -1.0,
                0.0,
                0.0,
                0.0
            ],
            [
                0.0,
                1.0,
                0.0,
                0.0
            ],
            [
                0.0,
                0.0,
                0.0,
                1.0
            ]
        ],
        "height": 500,
        "intrinsics": {
            "cx": 250.0,
            "cy": 250.0,
            "fx": 603.5535278320312,
            "fy": 603.5535278320312
        },
        "location_world": [
            0.0,
            0.0,
            0.0
        ],
        "quaternion_world_xyzw": [
            0.5,
            -0.5,
            -0.5,
            0.5
        ],
        "width": 500
    },
    "objects": [
        {
            "bounding_box_minx_maxx_miny_maxy": [
                -1,
                -1,
                -1,
                -1
            ],
            "class": "2",
            "local_cuboid": null,
            "local_to_world_matrix": [
                [
                    -0.44962286949157715,
                    -0.8781331777572632,
                    -0.1634669005870819,
                    0.0
                ],
                [
                    -0.11932501196861267,
                    -0.12231779098510742,
                    0.9852917790412903,
                    0.0
                ],
                [
                    -0.8852123022079468,
                    0.4625154137611389,
                    -0.04978644847869873,
                    0.0
                ],
                [
                    1.771114468574524,
                    -0.609537661075592,
                    0.7662764191627502,
                    1.0
                ]
            ],
            "location": [
                0.609537661075592,
                0.7662764191627502,
                -1.771114468574524
            ],
            "location_world": [
                1.771114468574524,
                -0.609537661075592,
                0.7662764191627502
            ],
            "name": "google_2_of_Jenga_Classic_Game_0",
            "projected_cuboid": [
                [
                    452.7679979801178,
                    -33.15696120262146
                ],
                [
                    458.32359790802,
                    -68.77708435058594
                ],
                [
                    474.15220737457275,
                    -26.65245532989502
                ],
                [
                    469.3228006362915,
                    3.4884661436080933
                ],
                [
                    420.85158824920654,
                    -31.6847562789917
                ],
                [
                    426.06717348098755,
                    -66.46677851676941
                ],
                [
                    446.2566673755646,
                    -25.514692068099976
                ],
                [
                    441.6794776916504,
                    4.023924469947815
                ],
                [
                    449.23079013824463,
                    -29.00540828704834
                ]
            ],
            "provenance": "nvisii",
            "quaternion_xyzw": [
                -0.04367230832576752,
                0.23555590212345123,
                0.07380269467830658,
                -0.9680699110031128
            ],
            "quaternion_xyzw_world": [
                -0.42499449849128723,
                0.5867477059364319,
                0.616878092288971,
                -0.30751949548721313
            ],
            "segmentation_id": 1,
            "visibility": -1
        },
        {
            "bounding_box_minx_maxx_miny_maxy": [
                -1,
                -1,
                -1,
                -1
            ],
            "class": "2",
            "local_cuboid": null,
            "local_to_world_matrix": [
                [
                    0.972241222858429,
                    0.15820978581905365,
                    -0.1723853051662445,
                    0.0
                ],
                [
                    0.08677151799201965,
                    0.44041991233825684,
                    0.8935887813568115,
                    0.0
                ],
                [
                    0.21729642152786255,
                    -0.8837419748306274,
                    0.41446632146835327,
                    0.0
                ],
                [
                    1.449206829071045,
                    -0.29503777623176575,
                    -0.7409218549728394,
                    1.0
                ]
            ],
            "location": [
                0.29503777623176575,
                -0.7409218549728394,
                -1.449206829071045
            ],
            "location_world": [
                1.449206829071045,
                -0.29503777623176575,
                -0.7409218549728394
            ],
            "name": "google_2_of_Jenga_Classic_Game_1",
            "projected_cuboid": [
                [
                    470.597505569458,
                    509.1578960418701
                ],
                [
                    455.12062311172485,
                    478.6441922187805
                ],
                [
                    359.3710958957672,
                    537.3765230178833
                ],
                [
                    375.03713369369507,
                    569.4854259490967
                ],
                [
                    487.22419142723083,
                    517.0924663543701
                ],
                [
                    470.8617925643921,
                    484.9560260772705
                ],
                [
                    370.6268072128296,
                    547.1562147140503
                ],
                [
                    387.2053623199463,
                    581.0660123825073
                ],
                [
                    422.8540062904358,
                    527.3048877716064
                ]
            ],
            "provenance": "nvisii",
            "quaternion_xyzw": [
                -0.20340710878372192,
                0.7531757354736328,
                0.10877102613449097,
                0.616052508354187
            ],
            "quaternion_xyzw_world": [
                0.5285250544548035,
                0.11587969958782196,
                0.021243607625365257,
                0.8407031893730164
            ],
            "segmentation_id": 2,
            "visibility": -1
        },
        {
            "bounding_box_minx_maxx_miny_maxy": [
                -1,
                -1,
                -1,
                -1
            ],
            "class": "2",
            "local_cuboid": null,
            "local_to_world_matrix": [
                [
                    -0.6553282737731934,
                    -0.20973770320415497,
                    -0.7256409525871277,
                    0.0
                ],
                [
                    0.2861291170120239,
                    -0.9580124616622925,
                    0.018497906625270844,
                    0.0
                ],
                [
                    -0.6990528702735901,
                    -0.1955048143863678,
                    0.6878248453140259,
                    0.0
                ],
                [
                    0.7883337736129761,
                    -0.034490957856178284,
                    0.23211067914962769,
                    1.0
                ]
            ],
            "location": [
                0.034490957856178284,
                0.23211067914962769,
                -0.7883337736129761
            ],
            "location_world": [
                0.7883337736129761,
                -0.034490957856178284,
                0.23211067914962769
            ],
            "name": "google_2_of_Jenga_Classic_Game_2",
            "projected_cuboid": [
                [
                    315.62289595603943,
                    -196.00620865821838
                ],
                [
                    398.44125509262085,
                    -178.7668764591217
                ],
                [
                    314.8108720779419,
                    90.81849455833435
                ],
                [
                    251.83549523353577,
                    86.94970607757568
                ],
                [
                    293.2473123073578,
                    -215.22727608680725
                ],
                [
                    370.05215883255005,
                    -198.67399334907532
                ],
                [
                    298.6699342727661,
                    58.96382033824921
                ],
                [
                    239.2672449350357,
                    54.384857416152954
                ],
                [
                    305.41685223579407,
                    -42.50839352607727
                ]
            ],
            "provenance": "nvisii",
            "quaternion_xyzw": [
                0.350780189037323,
                0.16561049222946167,
                0.6063862442970276,
                -0.6941340565681458
            ],
            "quaternion_xyzw_world": [
                -0.3920648396015167,
                -0.04871094599366188,
                0.908455491065979,
                -0.13645875453948975
            ],
            "segmentation_id": 3,
            "visibility": -1
        },
        {
            "bounding_box_minx_maxx_miny_maxy": [
                -1,
                -1,
                -1,
                -1
            ],
            "class": "2",
            "local_cuboid": null,
            "local_to_world_matrix": [
                [
                    0.15937846899032593,
                    0.9451329708099365,
                    -0.28517043590545654,
                    0.0
                ],
                [
                    0.981305718421936,
                    -0.1832360029220581,
                    -0.0588536411523819,
                    0.0
                ],
                [
                    -0.10787799209356308,
                    -0.2704593539237976,
                    -0.9566683769226074,
                    0.0
                ],
                [
                    1.2904081344604492,
                    0.5158749222755432,
                    -0.39023640751838684,
                    1.0
                ]
            ],
            "location": [
                -0.5158749222755432,
                -0.39023640751838684,
                -1.2904081344604492
            ],
            "location_world": [
                1.2904081344604492,
                0.5158749222755432,
                -0.39023640751838684
            ],
            "name": "google_2_of_Jenga_Classic_Game_3",
            "projected_cuboid": [
                [
                    12.332156300544739,
                    584.6129059791565
                ],
                [
                    34.55148637294769,
                    565.6882524490356
                ],
                [
                    3.9913803339004517,
                    432.21044540405273
                ],
                [
                    -19.68744397163391,
                    441.84890389442444
                ],
                [
                    47.01998829841614,
                    576.8758058547974
                ],
                [
                    67.23399460315704,
                    558.262825012207
                ],
                [
                    35.60705482959747,
                    423.69547486305237
                ],
                [
                    13.796806335449219,
                    432.86365270614624
                ],
                [
                    24.43435788154602,
                    500.94127655029297
                ]
            ],
            "provenance": "nvisii",
            "quaternion_xyzw": [
                -0.03821873664855957,
                0.6667835712432861,
                -0.7266128063201904,
                0.16116094589233398
            ],
            "quaternion_xyzw_world": [
                0.7581692934036255,
                0.6352270841598511,
                -0.12960444390773773,
                0.06977522373199463
            ],
            "segmentation_id": 4,
            "visibility": -1
        },
        {
            "bounding_box_minx_maxx_miny_maxy": [
                -1,
                -1,
                -1,
                -1
            ],
            "class": "2",
            "local_cuboid": null,
            "local_to_world_matrix": [
                [
                    0.5600457191467285,
                    -0.13863597810268402,
                    -0.8167795538902283,
                    0.0
                ],
                [
                    0.3331605792045593,
                    0.9403545260429382,
                    0.06882906705141068,
                    0.0
                ],
                [
                    0.7585201859474182,
                    -0.31066617369651794,
                    0.57282954454422,
                    0.0
                ],
                [
                    1.2154152393341064,
                    0.5484025478363037,
                    0.018465323373675346,
                    1.0
                ]
            ],
            "location": [
                -0.5484025478363037,
                0.018465323373675346,
                -1.2154152393341064
            ],
            "location_world": [
                1.2154152393341064,
                0.5484025478363037,
                0.018465323373675346
            ],
            "name": "google_2_of_Jenga_Classic_Game_4",
            "projected_cuboid": [
                [
                    77.7200311422348,
                    187.0625615119934
                ],
                [
                    48.47805202007294,
                    185.88325381278992
                ],
                [
                    -30.95868229866028,
                    255.22297620773315
                ],
                [
                    1.7525255680084229,
                    258.2102417945862
                ],
                [
                    67.57427752017975,
                    157.31564164161682
                ],
                [
                    37.62795031070709,
                    156.6855013370514
                ],
                [
                    -46.70661687850952,
                    223.20449352264404
                ],
                [
                    -13.145655393600464,
                    225.53984820842743
                ],
                [
                    21.080046892166138,
                    203.51463556289673
                ]
            ],
            "provenance": "nvisii",
            "quaternion_xyzw": [
                -0.6760782599449158,
                0.6497524976730347,
                0.09221547842025757,
                0.33501675724983215
            ],
            "quaternion_xyzw_world": [
                0.10823776572942734,
                0.44929924607276917,
                -0.13456349074840546,
                0.8765314817428589
            ],
            "segmentation_id": 5,
            "visibility": -1
        },
        {
            "bounding_box_minx_maxx_miny_maxy": [
                -1,
                -1,
                -1,
                -1
            ],
            "class": "2",
            "local_cuboid": null,
            "local_to_world_matrix": [
                [
                    0.25875431299209595,
                    0.5308339595794678,
                    0.8070077896118164,
                    0.0
                ],
                [
                    0.9599467515945435,
                    -0.048368215560913086,
                    -0.2759760916233063,
                    0.0
                ],
                [
                    -0.10746398568153381,
                    0.8460944890975952,
                    -0.522087812423706,
                    0.0
                ],
                [
                    1.3999042510986328,
                    0.08587721735239029,
                    -0.2576199173927307,
                    1.0
                ]
            ],
            "location": [
                -0.08587721735239029,
                -0.2576199173927307,
                -1.3999042510986328
            ],
            "location_world": [
                1.3999042510986328,
                0.08587721735239029,
                -0.2576199173927307
            ],
            "name": "google_2_of_Jenga_Classic_Game_5",
            "projected_cuboid": [
                [
                    89.43524956703186,
                    415.3696596622467
                ],
                [
                    100.34248232841492,
                    415.8349335193634
                ],
                [
                    206.40987157821655,
                    348.79520535469055
                ],
                [
                    202.03015208244324,
                    344.37286853790283
                ],
                [
                    106.1280220746994,
                    447.0900297164917
                ],
                [
                    116.2271648645401,
                    445.7240104675293
                ],
                [
                    223.45976531505585,
                    377.07144021987915
                ],
                [
                    220.03813087940216,
                    374.28101897239685
                ],
                [
                    158.67531299591064,
                    395.5839276313782
                ]
            ],
            "provenance": "nvisii",
            "quaternion_xyzw": [
                0.3992738127708435,
                0.5355823636054993,
                -0.6917864680290222,
                -0.27415958046913147
            ],
            "quaternion_xyzw_world": [
                0.6762415170669556,
                0.5511273145675659,
                0.2586146295070648,
                -0.41481873393058777
            ],
            "segmentation_id": 6,
            "visibility": -1
        },
        {
            "bounding_box_minx_maxx_miny_maxy": [
                -1,
                -1,
                -1,
                -1
            ],
            "class": "2",
            "local_cuboid": null,
            "local_to_world_matrix": [
                [
                    -0.15054643154144287,
                    -0.8687847852706909,
                    -0.4717506766319275,
                    0.0
                ],
                [
                    0.9855129718780518,
                    -0.09418737888336182,
                    -0.14104238152503967,
                    0.0
                ],
                [
                    0.07810251414775848,
                    -0.4861498177051544,
                    0.8703782558441162,
                    0.0
                ],
                [
                    1.7950799465179443,
                    -0.2714292109012604,
                    -0.19978703558444977,
                    1.0
                ]
            ],
            "location": [
                0.2714292109012604,
                -0.19978703558444977,
                -1.7950799465179443
            ],
            "location_world": [
                1.7950799465179443,
                -0.2714292109012604,
                -0.19978703558444977
            ],
            "name": "google_2_of_Jenga_Classic_Game_6",
            "projected_cuboid": [
                [
                    401.2720286846161,
                    235.74522137641907
                ],
                [
                    397.0703184604645,
                    240.2631640434265
                ],
                [
                    352.08722949028015,
                    323.95854592323303
                ],
                [
                    354.2017340660095,
                    323.3671188354492
                ],
                [
                    377.053827047348,
                    223.237082362175
                ],
                [
                    373.9592134952545,
                    228.28422486782074
                ],
                [
                    328.9799094200134,
                    311.2918436527252
                ],
                [
                    329.98719811439514,
                    310.1053237915039
                ],
                [
                    364.4028604030609,
                    274.27420020103455
                ]
            ],
            "provenance": "nvisii",
            "quaternion_xyzw": [
                -0.7224835157394409,
                0.1306477189064026,
                -0.22031515836715698,
                0.6421915292739868
            ],
            "quaternion_xyzw_world": [
                0.13533544540405273,
                0.21562741696834564,
                -0.7271712422370911,
                0.6375038027763367
            ],
            "segmentation_id": 7,
            "visibility": -1
        },
        {
            "bounding_box_minx_maxx_miny_maxy": [
                -1,
                -1,
                -1,
                -1
            ],
            "class": "2",
            "local_cuboid": null,
            "local_to_world_matrix": [
                [
                    0.17852699756622314,
                    0.9839009046554565,
                    -0.008199989795684814,
                    0.0
                ],
                [
                    0.48980021476745605,
                    -0.09609508514404297,
                    -0.8665226697921753,
                    0.0
                ],
                [
                    -0.8533603549003601,
                    0.1506812870502472,
                    -0.499070405960083,
                    0.0
                ],
                [
                    1.2984211444854736,
                    0.41724693775177,
                    -0.35838258266448975,
                    1.0
                ]
            ],
            "location": [
                -0.41724693775177,
                -0.35838258266448975,
                -1.2984211444854736
            ],
            "location_world": [
                1.2984211444854736,
                0.41724693775177,
                -0.35838258266448975
            ],
            "name": "google_2_of_Jenga_Classic_Game_7",
            "projected_cuboid": [
                [
                    -43.827444314956665,
                    522.7053165435791
                ],
                [
                    -27.99496054649353,
                    553.2406568527222
                ],
                [
                    44.29034888744354,
                    429.8945665359497
                ],
                [
                    33.85654091835022,
                    401.31300687789917
                ],
                [
                    -2.0149052143096924,
                    526.08323097229
                ],
                [
                    12.400224804878235,
                    556.891679763794
                ],
                [
                    77.78705656528473,
                    431.5279722213745
                ],
                [
                    68.32782924175262,
                    402.6828408241272
                ],
                [
                    24.142906069755554,
                    471.7463254928589
                ]
            ],
            "provenance": "nvisii",
            "quaternion_xyzw": [
                0.08552989363670349,
                0.25691333413124084,
                -0.9622608423233032,
                0.02709636092185974
            ],
            "quaternion_xyzw_world": [
                0.6659002304077148,
                0.5532739758491516,
                -0.3234570026397705,
                -0.38189053535461426
            ],
            "segmentation_id": 8,
            "visibility": -1
        },
        {
            "bounding_box_minx_maxx_miny_maxy": [
                -1,
                -1,
                -1,
                -1
            ],
            "class": "2",
            "local_cuboid": null,
            "local_to_world_matrix": [
                [
                    0.8270028829574585,
                    0.5016646981239319,
                    -0.25376904010772705,
                    0.0
                ],
                [
                    -0.5354374051094055,
                    0.5652263760566711,
                    -0.6275555491447449,
                    0.0
                ],
                [
                    -0.1713855266571045,
                    0.6548677086830139,
                    0.7360538840293884,
                    0.0
                ],
                [
                    1.6709001064300537,
                    -0.3513447344303131,
                    -0.3008376657962799,
                    1.0
                ]
            ],
            "location": [
                0.3513447344303131,
                -0.3008376657962799,
                -1.6709001064300537
            ],
            "location_world": [
                1.6709001064300537,
                -0.3513447344303131,
                -0.3008376657962799
            ],
            "name": "google_2_of_Jenga_Classic_Game_8",
            "projected_cuboid": [
                [
                    309.11505222320557,
                    274.96421337127686
                ],
                [
                    293.09096932411194,
                    295.26686668395996
                ],
                [
                    360.4910969734192,
                    371.11708521842957
                ],
                [
                    374.2850422859192,
                    349.4165241718292
                ],
                [
                    326.33739709854126,
                    268.47440004348755
                ],
                [
                    310.1429343223572,
                    289.4356846809387
                ],
                [
                    379.7362446784973,
                    368.5293197631836
                ],
                [
                    393.5481607913971,
                    346.0468351840973
                ],
                [
                    343.7778353691101,
                    320.8885192871094
                ]
            ],
            "provenance": "nvisii",
            "quaternion_xyzw": [
                -0.488493949174881,
                0.41914305090904236,
                0.7583874464035034,
                0.10267092287540436
            ],
            "quaternion_xyzw_world": [
                -0.36253368854522705,
                0.023289348930120468,
                0.2931827902793884,
                0.884347677230835
            ],
            "segmentation_id": 9,
            "visibility": -1
        },
        {
            "bounding_box_minx_maxx_miny_maxy": [
                -1,
                -1,
                -1,
                -1
            ],
            "class": "2",
            "local_cuboid": null,
            "local_to_world_matrix": [
                [
                    -0.40649592876434326,
                    0.9078344106674194,
                    0.10294599831104279,
                    0.0
                ],
                [
                    -0.9075477123260498,
                    -0.4142122268676758,
                    0.06917835026979446,
                    0.0
                ],
                [
                    0.10544396936893463,
                    -0.06530768424272537,
                    0.9922784566879272,
                    0.0
                ],
                [
                    1.0250672101974487,
                    0.380343496799469,
                    -0.6520174145698547,
                    1.0
                ]
            ],
            "location": [
                -0.380343496799469,
                -0.6520174145698547,
                -1.0250672101974487
            ],
            "location_world": [
                1.0250672101974487,
                0.380343496799469,
                -0.6520174145698547
            ],
            "name": "google_2_of_Jenga_Classic_Game_9",
            "projected_cuboid": [
                [
                    17.936021089553833,
                    452.1033763885498
                ],
                [
                    21.256864070892334,
                    464.04677629470825
                ],
                [
                    2.138957381248474,
                    651.0434150695801
                ],
                [
                    0.1192241907119751,
                    625.0673532485962
                ],
                [
                    63.5705292224884,
                    450.68085193634033
                ],
                [
                    70.17160952091217,
                    462.1482491493225
                ],
                [
                    53.16738784313202,
                    643.1070566177368
                ],
                [
                    47.585099935531616,
                    618.4660196304321
                ],
                [
                    34.91374850273132,
                    544.1466569900513
                ]
            ],
            "provenance": "nvisii",
            "quaternion_xyzw": [
                0.17918652296066284,
                0.7215359807014465,
                0.6582576036453247,
                -0.11821591854095459
            ],
            "quaternion_xyzw_world": [
                0.06212450936436653,
                0.0011539101833477616,
                0.8385980129241943,
                0.5411955714225769
            ],
            "segmentation_id": 10,
            "visibility": -1
        },
        {
            "bounding_box_minx_maxx_miny_maxy": [
                -1,
                -1,
                -1,
                -1
            ],
            "class": "2",
            "local_cuboid": null,
            "local_to_world_matrix": [
                [
                    0.8775850534439087,
                    0.47740960121154785,
                    -0.04386916756629944,
                    0.0
                ],
                [
                    0.4719124436378479,
                    -0.8440852165222168,
                    0.2545951008796692,
                    0.0
                ],
                [
                    0.08451682329177856,
                    -0.24413126707077026,
                    -0.9660521745681763,
                    0.0
                ],
                [
                    1.9236453771591187,
                    -0.755879282951355,
                    -0.17702241241931915,
                    1.0
                ]
            ],
            "location": [
                0.755879282951355,
                -0.17702241241931915,
                -1.9236453771591187
            ],
            "location_world": [
                1.9236453771591187,
                -0.755879282951355,
                -0.17702241241931915
            ],
            "name": "google_2_of_Jenga_Classic_Game_10",
            "projected_cuboid": [
                [
                    487.58047819137573,
                    395.02960443496704
                ],
                [
                    504.33170795440674,
                    385.6659233570099
                ],
                [
                    485.7483506202698,
                    301.2625575065613
                ],
                [
                    468.4016704559326,
                    309.0103268623352
                ],
                [
                    508.2685947418213,
                    399.22845363616943
                ],
                [
                    525.1932740211487,
                    389.443039894104
                ],
                [
                    506.205677986145,
                    302.02746391296387
                ],
                [
                    488.65264654159546,
                    310.07856130599976
                ],
                [
                    496.76305055618286,
                    349.1779565811157
                ]
            ],
            "provenance": "nvisii",
            "quaternion_xyzw": [
                0.2968636155128479,
                0.6738919615745544,
                -0.5334551334381104,
                0.4161335825920105
            ],
            "quaternion_xyzw_world": [
                0.960172176361084,
                0.2471749484539032,
                0.010583429597318172,
                0.12985336780548096
            ],
            "segmentation_id": 11,
            "visibility": -1
        },
        {
            "bounding_box_minx_maxx_miny_maxy": [
                -1,
                -1,
                -1,
                -1
            ],
            "class": "2",
            "local_cuboid": null,
            "local_to_world_matrix": [
                [
                    0.17286938428878784,
                    0.9776249527931213,
                    0.11985671520233154,
                    0.0
                ],
                [
                    0.5428032279014587,
                    0.006981551647186279,
                    -0.8398308753967285,
                    0.0
                ],
                [
                    -0.8218764066696167,
                    0.21023964881896973,
                    -0.5294510126113892,
                    0.0
                ],
                [
                    1.1381456851959229,
                    -0.07198210060596466,
                    0.3617687225341797,
                    1.0
                ]
            ],
            "location": [
                0.07198210060596466,
                0.3617687225341797,
                -1.1381456851959229
            ],
            "location_world": [
                1.1381456851959229,
                -0.07198210060596466,
                0.3617687225341797
            ],
            "name": "google_2_of_Jenga_Classic_Game_11",
            "projected_cuboid": [
                [
                    231.06049001216888,
                    80.74627816677094
                ],
                [
                    231.61260783672333,
                    135.2388560771942
                ],
                [
                    267.1296000480652,
                    78.90495657920837
                ],
                [
                    268.14642548561096,
                    33.77045691013336
                ],
                [
                    284.3691110610962,
                    84.66020226478577
                ],
                [
                    282.25672245025635,
                    139.76946473121643
                ],
                [
                    307.6598048210144,
                    81.82764053344727
                ],
                [
                    310.36511063575745,
                    36.258697509765625
                ],
                [
                    274.481326341629,
                    81.35923743247986
                ]
            ],
            "provenance": "nvisii",
            "quaternion_xyzw": [
                0.100411057472229,
                0.2810327708721161,
                -0.9538516402244568,
                -0.03324370086193085
            ],
            "quaternion_xyzw_world": [
                0.6510258913040161,
                0.5838585495948792,
                -0.2695820927619934,
                -0.40323683619499207
            ],
            "segmentation_id": 12,
            "visibility": -1
        },
        {
            "bounding_box_minx_maxx_miny_maxy": [
                -1,
                -1,
                -1,
                -1
            ],
            "class": "2",
            "local_cuboid": null,
            "local_to_world_matrix": [
                [
                    -0.41930556297302246,
                    -0.7606061697006226,
                    -0.49564212560653687,
                    0.0
                ],
                [
                    0.7003989219665527,
                    -0.6183817386627197,
                    0.3564341962337494,
                    0.0
                ],
                [
                    -0.5776020884513855,
                    -0.1976923644542694,
                    0.7920186519622803,
                    0.0
                ],
                [
                    1.861055612564087,
                    0.4947757124900818,
                    0.5609363913536072,
                    1.0
                ]
            ],
            "location": [
                -0.4947757124900818,
                0.5609363913536072,
                -1.861055612564087
            ],
            "location_world": [
                1.861055612564087,
                0.4947757124900818,
                0.5609363913536072
            ],
            "name": "google_2_of_Jenga_Classic_Game_12",
            "projected_cuboid": [
                [
                    91.18577837944031,
                    -27.79090404510498
                ],
                [
                    115.17305672168732,
                    -28.809070587158203
                ],
                [
                    108.71385037899017,
                    70.79765200614929
                ],
                [
                    86.74593269824982,
                    74.96686279773712
                ],
                [
                    72.74875044822693,
                    -36.37200593948364
                ],
                [
                    96.90682590007782,
                    -37.078797817230225
                ],
                [
                    92.17560291290283,
                    61.531901359558105
                ],
                [
                    70.07163763046265,
                    65.32995402812958
                ],
                [
                    91.71706438064575,
                    20.1500803232193
                ]
            ],
            "provenance": "nvisii",
            "quaternion_xyzw": [
                0.4545794427394867,
                0.06750178337097168,
                0.3393235206604004,
                -0.8207683563232422
            ],
            "quaternion_xyzw_world": [
                -0.3190053105354309,
                0.0471835657954216,
                0.8410865068435669,
                -0.4342612326145172
            ],
            "segmentation_id": 13,
            "visibility": -1
        },
        {
            "bounding_box_minx_maxx_miny_maxy": [
                -1,
                -1,
                -1,
                -1
            ],
            "class": "2",
            "local_cuboid": null,
            "local_to_world_matrix": [
                [
                    -0.8743337392807007,
                    0.09390450268983841,
                    0.4761539101600647,
