{
    "camera_data": {
        "camera_look_at": {
            "at": [
                1.0,
                0.0,
                0.0
            ],
            "eye": [
                0.0,
                0.0,
                0.0
            ],
            "up": [
                0.0,
                0.0,
                1.0
            ]
        },
        "camera_view_matrix": [
            [
                0.0,
                0.0,
                -1.0,
                0.0
            ],
            [
                -1.0,
                0.0,
                0.0,
                0.0
            ],
            [
                0.0,
                1.0,
                0.0,
                0.0
            ],
            [
                0.0,
                0.0,
                0.0,
                1.0
            ]
        ],
        "height": 500,
        "intrinsics": {
            "cx": 250.0,
            "cy": 250.0,
            "fx": 603.5535278320312,
            "fy": 603.5535278320312
        },
        "location_world": [
            0.0,
            0.0,
            0.0
        ],
        "quaternion_world_xyzw": [
            0.5,
            -0.5,
            -0.5,
            0.5
        ],
        "width": 500
    },
    "objects": [
        {
            "bounding_box_minx_maxx_miny_maxy": [
                -1,
                -1,
                -1,
                -1
            ],
            "class": "2",
            "local_cuboid": null,
            "local_to_world_matrix": [
                [
                    0.20089691877365112,
                    0.42183929681777954,
                    -0.884133517742157,
                    0.0
                ],
                [
                    0.7452203631401062,
                    0.5199958086013794,
                    0.41743379831314087,
                    0.0
                ],
                [
                    0.6358357071876526,
                    -0.7427354454994202,
                    -0.20989775657653809,
                    0.0
                ],
                [
                    1.7699867486953735,
                    0.20360444486141205,
                    0.7700678706169128,
                    1.0
                ]
            ],
            "location": [
                -0.20360444486141205,
                0.7700678706169128,
                -1.7699867486953735
            ],
            "location_world": [
                1.7699867486953735,
                0.20360444486141205,
                0.7700678706169128
            ],
            "name": "google_2_of_Jenga_Classic_Game_0",
            "projected_cuboid": [
                [
                    255.83788752555847,
                    45.00013589859009
                ],
                [
                    242.3708587884903,
                    40.802791714668274
                ],
                [
                    169.2180037498474,
                    -1.1227130889892578
                ],
                [
                    181.4814954996109,
                    2.0104050636291504
                ],
                [
                    266.36725664138794,
                    21.33747935295105
                ],
                [
                    252.45758891105652,
                    17.858833074569702
                ],
                [
                    179.70289289951324,
                    -26.813119649887085
                ],
                [
                    192.45994091033936,
                    -24.585425853729248
                ],
                [
                    219.18711066246033,
                    10.429754853248596
                ]
            ],
            "provenance": "nvisii",
            "quaternion_xyzw": [
                -0.446251779794693,
                0.7866239547729492,
                -0.30354976654052734,
                0.29989945888519287
            ],
            "quaternion_xyzw_world": [
                0.471910685300827,
                0.6182630062103271,
                -0.1315385401248932,
                0.6146126985549927
            ],
            "segmentation_id": 1,
            "visibility": -1
        },
        {
            "bounding_box_minx_maxx_miny_maxy": [
                -1,
                -1,
                -1,
                -1
            ],
            "class": "2",
            "local_cuboid": null,
            "local_to_world_matrix": [
                [
                    0.42466944456100464,
                    0.7284131646156311,
                    0.5376524329185486,
                    0.0
                ],
                [
                    -0.6037814021110535,
                    -0.21464776992797852,
                    0.7677072882652283,
                    0.0
                ],
                [
                    0.674613893032074,
                    -0.6506463885307312,
                    0.34864795207977295,
                    0.0
                ],
                [
                    0.2502251863479614,
                    -0.13652446866035461,
                    0.018700292333960533,
                    1.0
                ]
            ],
            "location": [
                0.13652446866035461,
                0.018700292333960533,
                -0.2502251863479614
            ],
            "location_world": [
                0.2502251863479614,
                -0.13652446866035461,
                0.018700292333960533
            ],
            "name": "google_2_of_Jenga_Classic_Game_1",
            "projected_cuboid": [
                [
                    606.0564517974854,
                    115.24267494678497
                ],
                [
                    672.3922491073608,
                    10.363757610321045
                ],
                [
                    542.0677661895752,
                    69.34720277786255
                ],
                [
                    453.7563621997833,
                    234.60520803928375
                ],
                [
                    708.2637548446655,
                    161.47737205028534
                ],
                [
                    792.9503321647644,
                    53.74348163604736
                ],
                [
                    755.8505535125732,
                    163.3245348930359
                ],
                [
                    614.0304803848267,
                    331.4597010612488
                ],
                [
                    650.7236957550049,
                    129.58022952079773
                ]
            ],
            "provenance": "nvisii",
            "quaternion_xyzw": [
                0.2112424671649933,
                0.8903278112411499,
                0.26743781566619873,
                0.3019437789916992
            ],
            "quaternion_xyzw_world": [
                0.5680381059646606,
                0.05485184118151665,
                0.5335321426391602,
                0.6242334842681885
            ],
            "segmentation_id": 2,
            "visibility": -1
        },
        {
            "bounding_box_minx_maxx_miny_maxy": [
                -1,
                -1,
                -1,
                -1
            ],
            "class": "2",
            "local_cuboid": null,
            "local_to_world_matrix": [
                [
                    -0.8060917854309082,
                    -0.3162686824798584,
                    0.500190258026123,
                    0.0
                ],
                [
                    0.37807774543762207,
                    0.3750120997428894,
                    0.8464178442955017,
                    0.0
                ],
                [
                    -0.4552728533744812,
                    0.8714012503623962,
                    -0.18272006511688232,
                    0.0
                ],
                [
                    1.857526183128357,
                    0.1976795494556427,
                    0.38739800453186035,
                    1.0
                ]
            ],
            "location": [
                -0.1976795494556427,
                0.38739800453186035,
                -1.857526183128357
            ],
            "location_world": [
                1.857526183128357,
                0.1976795494556427,
                0.38739800453186035
            ],
            "name": "google_2_of_Jenga_Classic_Game_2",
            "projected_cuboid": [
                [
                    97.4179357290268,
                    135.54343581199646
                ],
                [
                    89.08377587795258,
                    112.4371588230133
                ],
                [
                    184.11824107170105,
                    104.87930476665497
                ],
                [
                    193.51637363433838,
                    126.15440785884857
                ],
                [
                    94.34065222740173,
                    153.40948104858398
                ],
                [
                    86.36096119880676,
                    130.8104246854782
                ],
                [
                    178.41364443302155,
                    122.22243845462799
                ],
                [
                    187.39554286003113,
                    143.07087659835815
                ],
                [
                    140.49912989139557,
                    128.45809757709503
                ]
            ],
            "provenance": "nvisii",
            "quaternion_xyzw": [
                0.06036972999572754,
                0.5183812379837036,
                -0.2704562544822693,
                -0.8090054988861084
            ],
            "quaternion_xyzw_world": [
                0.02010086178779602,
                0.7687366008758545,
                0.5586500763893127,
                -0.3107251226902008
            ],
            "segmentation_id": 3,
            "visibility": -1
        },
        {
            "bounding_box_minx_maxx_miny_maxy": [
                -1,
                -1,
                -1,
                -1
            ],
            "class": "2",
            "local_cuboid": null,
            "local_to_world_matrix": [
                [
                    0.6961827874183655,
                    0.3169439136981964,
                    0.644108772277832,
                    0.0
                ],
                [
                    0.4123667776584625,
                    -0.911014199256897,
                    0.0025737732648849487,
                    0.0
                ],
                [
                    0.5876079797744751,
                    0.2638172507286072,
                    -0.7649295330047607,
                    0.0
                ],
                [
                    1.470587968826294,
                    0.3955685794353485,
                    0.10089898854494095,
                    1.0
                ]
            ],
            "location": [
                -0.3955685794353485,
                0.10089898854494095,
                -1.470587968826294
            ],
            "location_world": [
                1.470587968826294,
                0.3955685794353485,
                0.10089898854494095
            ],
            "name": "google_2_of_Jenga_Classic_Game_3",
            "projected_cuboid": [
                [
                    58.72711539268494,
                    285.52547097206116
                ],
                [
                    90.19461274147034,
                    284.7145199775696
                ],
                [
                    102.78594493865967,
                    199.65872168540955
                ],
                [
                    67.96669960021973,
                    198.56342673301697
                ],
                [
                    61.598047614097595,
                    305.9462308883667
                ],
                [
                    94.06313300132751,
                    304.67236042022705
                ],
                [
                    107.58256912231445,
                    218.76364946365356
                ],
                [
                    71.53917849063873,
                    218.09275448322296
                ],
                [
                    81.65015280246735,
                    254.2007565498352
                ]
            ],
            "provenance": "nvisii",
            "quaternion_xyzw": [
                0.5630475878715515,
                0.6904935836791992,
                -0.42625170946121216,
                0.15654218196868896
            ],
            "quaternion_xyzw_world": [
                0.9181675314903259,
                0.19857777655124664,
                0.3353736400604248,
                -0.07113175094127655
            ],
            "segmentation_id": 4,
            "visibility": -1
        },
        {
            "bounding_box_minx_maxx_miny_maxy": [
                -1,
                -1,
                -1,
                -1
            ],
            "class": "2",
            "local_cuboid": null,
            "local_to_world_matrix": [
                [
                    -0.17003345489501953,
                    0.830547034740448,
                    0.5303590297698975,
                    0.0
                ],
                [
                    -0.5218891501426697,
                    -0.5324190855026245,
                    0.6664550304412842,
                    0.0
                ],
                [
                    0.8358951807022095,
                    -0.16346904635429382,
                    0.5239821076393127,
                    0.0
                ],
                [
                    1.7057784795761108,
                    0.4301730692386627,
                    0.5684476494789124,
                    1.0
                ]
            ],
            "location": [
                -0.4301730692386627,
                0.5684476494789124,
                -1.7057784795761108
            ],
            "location_world": [
                1.7057784795761108,
                0.4301730692386627,
                0.5684476494789124
            ],
            "name": "google_2_of_Jenga_Classic_Game_4",
            "projected_cuboid": [
                [
                    115.59091508388519,
                    30.64839541912079
                ],
                [
                    126.63103640079498,
                    7.938578724861145
                ],
                [
                    91.48542582988739,
                    27.77913212776184
                ],
                [
                    79.77898418903351,
                    53.20262908935547
                ],
                [
                    136.48706674575806,
                    44.897064566612244
                ],
                [
                    147.92661368846893,
                    22.66925573348999
                ],
                [
                    116.13570153713226,
                    44.480010867118835
                ],
                [
                    103.89353334903717,
                    69.28262114524841
                ],
                [
                    115.84281921386719,
                    37.04428672790527
                ]
            ],
            "provenance": "nvisii",
            "quaternion_xyzw": [
                0.2910727262496948,
                0.912811279296875,
                0.28644245862960815,
                -0.0017978250980377197
            ],
            "quaternion_xyzw_world": [
                0.45782187581062317,
                0.16854694485664368,
                0.7460620999336243,
                0.4531915485858917
            ],
            "segmentation_id": 5,
            "visibility": -1
        },
        {
            "bounding_box_minx_maxx_miny_maxy": [
                -1,
                -1,
                -1,
                -1
            ],
            "class": "2",
            "local_cuboid": null,
            "local_to_world_matrix": [
                [
                    -0.8918566703796387,
                    -0.34174880385398865,
                    -0.29630976915359497,
                    0.0
                ],
                [
                    -0.45219871401786804,
                    0.6586095094680786,
                    0.6014565229415894,
                    0.0
                ],
                [
                    -0.01039460301399231,
                    0.6704038381576538,
                    -0.7419236898422241,
                    0.0
                ],
                [
                    0.5311394333839417,
                    0.2900795638561249,
                    -0.17115825414657593,
                    1.0
                ]
            ],
            "location": [
                -0.2900795638561249,
                -0.17115825414657593,
                -0.5311394333839417
            ],
            "location_world": [
                0.5311394333839417,
                0.2900795638561249,
                -0.17115825414657593
            ],
            "name": "google_2_of_Jenga_Classic_Game_5",
            "projected_cuboid": [
                [
                    -274.0558981895447,
                    750.9117126464844
                ],
                [
                    -387.1142268180847,
                    726.5889048576355
                ],
                [
                    -135.22934913635254,
                    449.2872953414917
                ],
                [
                    -41.5094792842865,
                    494.0228760242462
                ],
                [
                    -238.6871874332428,
                    666.1766171455383
                ],
                [
                    -334.6480131149292,
                    639.0531063079834
                ],
                [
                    -115.43679237365723,
                    397.88728952407837
                ],
                [
                    -34.27070379257202,
                    440.5990242958069
                ],
                [
                    -192.11021065711975,
                    568.5325860977173
                ]
            ],
            "provenance": "nvisii",
            "quaternion_xyzw": [
                -0.4271702766418457,
                0.5588634014129639,
                -0.1296045333147049,
                -0.6988562345504761
            ],
            "quaternion_xyzw_world": [
                -0.21877926588058472,
                0.9072471857070923,
                0.3504723906517029,
                0.0787864550948143
            ],
            "segmentation_id": 6,
            "visibility": -1
        },
        {
            "bounding_box_minx_maxx_miny_maxy": [
                -1,
                -1,
                -1,
                -1
            ],
            "class": "2",
            "local_cuboid": null,
            "local_to_world_matrix": [
                [
                    0.41175031661987305,
                    0.8999056816101074,
                    -0.1436365842819214,
                    0.0
                ],
                [
                    -0.7838606834411621,
                    0.2693549394607544,
                    -0.5594732761383057,
                    0.0
                ],
                [
                    -0.4647839665412903,
                    0.3429543673992157,
                    0.8163076639175415,
                    0.0
                ],
                [
                    1.6296340227127075,
                    0.5665169358253479,
                    0.09147871285676956,
                    1.0
                ]
            ],
            "location": [
                -0.5665169358253479,
                0.09147871285676956,
                -1.6296340227127075
            ],
            "location_world": [
                1.6296340227127075,
                0.5665169358253479,
                0.09147871285676956
            ],
            "name": "google_2_of_Jenga_Classic_Game_6",
            "projected_cuboid": [
                [
                    -20.167827606201172,
                    113.93718421459198
                ],
                [
                    -41.56804084777832,
                    127.14383006095886
                ],
                [
                    20.46436071395874,
                    226.71714425086975
                ],
                [
                    37.68877685070038,
                    210.65309643745422
                ],
                [
                    2.384856343269348,
                    106.48491978645325
                ],
                [
                    -18.463224172592163,
                    119.6470707654953
                ],
                [
                    42.8592711687088,
                    221.91102802753448
                ],
                [
                    59.52322483062744,
                    205.72327077388763
                ],
                [
                    11.719971895217896,
                    168.56522858142853
                ]
            ],
            "provenance": "nvisii",
            "quaternion_xyzw": [
                -0.22067151963710785,
                0.4678804278373718,
                0.855009138584137,
                0.03675931692123413
            ],
            "quaternion_xyzw_world": [
                -0.2855204641819,
                -0.10160830616950989,
                0.5327293872833252,
                0.7901602387428284
            ],
            "segmentation_id": 7,
            "visibility": -1
        },
        {
            "bounding_box_minx_maxx_miny_maxy": [
                -1,
                -1,
                -1,
                -1
            ],
            "class": "2",
            "local_cuboid": null,
            "local_to_world_matrix": [
                [
                    -0.4367464780807495,
                    -0.4112675189971924,
                    -0.8000696897506714,
                    0.0
                ],
                [
                    -0.7890026569366455,
                    0.6023411750793457,
                    0.12107789516448975,
                    0.0
                ],
                [
                    0.4321194887161255,
                    0.6841374635696411,
                    -0.5875614881515503,
                    0.0
                ],
                [
                    0.8771712779998779,
                    0.45312392711639404,
                    0.28671470284461975,
                    1.0
                ]
            ],
            "location": [
                -0.45312392711639404,
                0.28671470284461975,
                -0.8771712779998779
            ],
            "location_world": [
                0.8771712779998779,
                0.45312392711639404,
                0.28671470284461975
            ],
            "name": "google_2_of_Jenga_Classic_Game_7",
            "projected_cuboid": [
                [
                    -111.88900470733643,
                    203.56906950473785
                ],
                [
                    -169.40531134605408,
                    193.84728372097015
                ],
                [
                    -87.54262328147888,
                    59.969186782836914
                ],
                [
                    -28.00464630126953,
                    81.04932308197021
                ],
                [
                    -118.63794922828674,
                    168.94403100013733
                ],
                [
                    -174.60250854492188,
                    157.2251319885254
                ],
                [
                    -96.77693247795105,
                    23.3355313539505
                ],
                [
                    -38.78691792488098,
                    46.263471245765686
                ],
                [
                    -104.96935248374939,
                    121.04207277297974
                ]
            ],
            "provenance": "nvisii",
            "quaternion_xyzw": [
                -0.6561838388442993,
                0.5343056321144104,
                0.09425368905067444,
                -0.5244582891464233
            ],
            "quaternion_xyzw_world": [
                -0.37029510736465454,
                0.8103470206260681,
                0.24841684103012085,
                0.3801424503326416
            ],
            "segmentation_id": 8,
            "visibility": -1
        },
        {
            "bounding_box_minx_maxx_miny_maxy": [
                -1,
                -1,
                -1,
                -1
            ],
            "class": "2",
            "local_cuboid": null,
            "local_to_world_matrix": [
                [
                    0.11591815948486328,
                    0.7647703289985657,
                    -0.6337896585464478,
                    0.0
                ],
                [
                    -0.3334346413612366,
                    0.6310244202613831,
                    0.700449526309967,
                    0.0
                ],
                [
                    0.9356198310852051,
                    0.13013261556625366,
                    0.3281480669975281,
                    0.0
                ],
                [
                    0.26687097549438477,
                    0.00572576466947794,
                    0.45209628343582153,
                    1.0
                ]
            ],
            "location": [
                -0.00572576466947794,
                0.45209628343582153,
                -0.26687097549438477
            ],
            "location_world": [
                0.26687097549438477,
                0.00572576466947794,
                0.45209628343582153
            ],
            "name": "google_2_of_Jenga_Classic_Game_8",
            "projected_cuboid": [
                [
                    198.99418950080872,
                    -282.856822013855
                ],
                [
                    135.68761944770813,
                    -378.3952593803406
                ],
                [
                    103.44387590885162,
                    -820.8765983581543
                ],
                [
                    230.52291572093964,
                    -590.2643799781799
                ],
                [
                    264.38912749290466,
                    -346.61948680877686
                ],
                [
                    203.50287854671478,
                    -447.2752809524536
                ],
                [
                    244.73294615745544,
                    -981.8905591964722
                ],
                [
                    361.6238534450531,
                    -727.2467017173767
                ],
                [
                    213.0623757839203,
                    -497.8638291358948
                ]
            ],
            "provenance": "nvisii",
            "quaternion_xyzw": [
                -0.34292852878570557,
                0.9220682978630066,
                0.17937466502189636,
                -0.0038539618253707886
            ],
            "quaternion_xyzw_world": [
                0.19795556366443634,
                0.5447380542755127,
                0.3811841905117035,
                0.7202587723731995
            ],
            "segmentation_id": 9,
            "visibility": -1
        },
        {
            "bounding_box_minx_maxx_miny_maxy": [
                -1,
                -1,
                -1,
                -1
            ],
            "class": "2",
            "local_cuboid": null,
            "local_to_world_matrix": [
                [
                    -0.9092386960983276,
                    0.4049629867076874,
                    -0.09638950228691101,
                    0.0
                ],
                [
                    0.1377238929271698,
                    0.5111551284790039,
                    0.8483824729919434,
                    0.0
                ],
                [
                    0.392833411693573,
                    0.7581065893173218,
                    -0.5205353498458862,
                    0.0
                ],
                [
                    1.7043284177780151,
                    -0.732351541519165,
                    -0.1883493810892105,
                    1.0
                ]
            ],
            "location": [
                0.732351541519165,
                -0.1883493810892105,
                -1.7043284177780151
            ],
            "location_world": [
                1.7043284177780151,
                -0.732351541519165,
                -0.1883493810892105
            ],
            "name": "google_2_of_Jenga_Classic_Game_9",
            "projected_cuboid": [
                [
                    425.4012405872345,
                    379.0510892868042
                ],
                [
                    409.7002446651459,
                    354.0450930595398
                ],
                [
                    500.4708766937256,
                    306.3652813434601
                ],
                [
                    517.8903341293335,
                    332.76355266571045
                ],
                [
                    429.02469635009766,
                    371.5633451938629
                ],
                [
                    413.9062762260437,
                    347.5680649280548
                ],
                [
                    501.22445821762085,
                    301.42131447792053
                ],
                [
                    517.9286003112793,
                    326.69469714164734
                ],
                [
                    462.97508478164673,
                    340.5819833278656
                ]
            ],
            "provenance": "nvisii",
            "quaternion_xyzw": [
                -0.18674060702323914,
                0.8133540153503418,
                -0.20232856273651123,
                -0.5124905705451965
            ],
            "quaternion_xyzw_world": [
                0.15822570025920868,
                0.8574568629264832,
                0.4683877229690552,
                0.14263775944709778
            ],
            "segmentation_id": 10,
            "visibility": -1
        },
        {
            "bounding_box_minx_maxx_miny_maxy": [
                -1,
                -1,
                -1,
                -1
            ],
            "class": "2",
            "local_cuboid": null,
            "local_to_world_matrix": [
                [
                    -0.9395431280136108,
                    -0.0018448419868946075,
                    -0.34242576360702515,
                    0.0
                ],
                [
                    -0.10018862783908844,
                    -0.9547460079193115,
                    0.2800399661064148,
                    0.0
                ],
                [
                    -0.32744622230529785,
                    0.2974168062210083,
                    0.8968401551246643,
                    0.0
                ],
                [
                    1.9446805715560913,
                    -0.686633825302124,
                    -0.727347731590271,
                    1.0
                ]
            ],
            "location": [
                0.686633825302124,
                -0.727347731590271,
                -1.9446805715560913
            ],
            "location_world": [
                1.9446805715560913,
                -0.686633825302124,
                -0.727347731590271
            ],
            "name": "google_2_of_Jenga_Classic_Game_10",
            "projected_cuboid": [
                [
                    435.92554330825806,
                    413.0696654319763
                ],
                [
                    463.7109637260437,
                    405.93814849853516
                ],
                [
                    480.5191159248352,
                    481.16883635520935
                ],
                [
                    454.0494382381439,
                    487.61075735092163
                ],
                [
                    428.58922481536865,
                    398.0512022972107
                ],
                [
                    455.24728298187256,
                    391.13301038742065
                ],
                [
                    471.8348979949951,
                    464.26016092300415
                ],
                [
                    446.3900327682495,
                    470.53366899490356
                ],
                [
                    454.6436369419098,
                    439.7532045841217
                ]
            ],
            "provenance": "nvisii",
            "quaternion_xyzw": [
                0.31398990750312805,
                0.48753178119659424,
                0.5112634897232056,
                -0.6342970728874207
            ],
            "quaternion_xyzw_world": [
                -0.17201943695545197,
                0.14828771352767944,
                0.9735411405563354,
                0.0252541434019804
            ],
            "segmentation_id": 11,
            "visibility": -1
        },
        {
            "bounding_box_minx_maxx_miny_maxy": [
                -1,
                -1,
                -1,
                -1
            ],
            "class": "2",
            "local_cuboid": null,
            "local_to_world_matrix": [
                [
                    0.46369481086730957,
                    0.7439661026000977,
                    0.481145977973938,
                    0.0
                ],
                [
                    0.050182878971099854,
                    -0.5642390251159668,
                    0.8240848779678345,
                    0.0
                ],
                [
                    0.8845726251602173,
                    -0.35797858238220215,
                    -0.298969030380249,
                    0.0
                ],
                [
                    1.5367909669876099,
                    0.02109682932496071,
                    0.48763757944107056,
                    1.0
                ]
            ],
            "location": [
                -0.02109682932496071,
                0.48763757944107056,
                -1.5367909669876099
            ],
            "location_world": [
                1.5367909669876099,
                0.02109682932496071,
                0.48763757944107056
            ],
            "name": "google_2_of_Jenga_Classic_Game_11",
            "projected_cuboid": [
                [
                    260.0957453250885,
                    121.89500033855438
                ],
                [
                    275.91025829315186,
                    99.06205534934998
                ],
                [
                    239.68106508255005,
                    40.16950726509094
                ],
                [
                    221.1364507675171,
                    66.6406899690628
                ],
                [
                    280.26264905929565,
                    132.1626603603363
                ],
                [
                    296.35435342788696,
                    108.83574187755585
                ],
                [
                    262.7274990081787,
                    50.18723011016846
                ],
                [
                    243.79992485046387,
                    77.3250013589859
                ],
                [
                    261.2967789173126,
                    89.16948735713959
                ]
            ],
            "provenance": "nvisii",
            "quaternion_xyzw": [
                0.28130123019218445,
                0.9290618300437927,
                -0.09395283460617065,
                0.2211029827594757
            ],
            "quaternion_xyzw_world": [
                0.7627094388008118,
                0.2603052258491516,
                0.4476536512374878,
                0.38745537400245667
            ],
            "segmentation_id": 12,
            "visibility": -1
        },
        {
            "bounding_box_minx_maxx_miny_maxy": [
                -1,
                -1,
                -1,
                -1
            ],
            "class": "2",
            "local_cuboid": null,
            "local_to_world_matrix": [
                [
                    0.7599935531616211,
                    -0.6477051973342896,
                    0.053738027811050415,
                    0.0
                ],
                [
                    -0.0615924596786499,
                    -0.15408682823181152,
                    -0.986135721206665,
                    0.0
                ],
                [
                    0.647005558013916,
                    0.7461469173431396,
                    -0.156998872756958,
                    0.0
                ],
                [
                    1.7818747758865356,
                    -0.8281043171882629,
                    -0.8010905981063843,
                    1.0
                ]
            ],
            "location": [
                0.8281043171882629,
                -0.8010905981063843,
                -1.7818747758865356
            ],
            "location_world": [
                1.7818747758865356,
                -0.8281043171882629,
                -0.8010905981063843
            ],
            "name": "google_2_of_Jenga_Classic_Game_12",
            "projected_cuboid": [
                [
                    439.54673409461975,
                    491.96165800094604
                ],
                [
                    443.96987557411194,
                    517.741858959198
                ],
                [
                    536.9378328323364,
                    530.4111242294312
                ],
                [
                    531.7875146865845,
                    501.9094944000244
                ],
                [
                    429.52609062194824,
                    500.7423758506775
                ],
                [
                    434.05914306640625,
                    527.3435115814209
                ],
                [
                    529.1427969932556,
                    541.4844155311584
                ],
                [
                    523.8394737243652,
                    511.97588443756104
                ],
                [
                    481.3109040260315,
                    515.0461196899414
                ]
            ],
            "provenance": "nvisii",
            "quaternion_xyzw": [
                -0.9056553244590759,
                -0.057368651032447815,
                0.4157598316669464,
                -0.060340628027915955
            ],
            "quaternion_xyzw_world": [
                -0.7195622324943542,
                0.24643374979496002,
                -0.2434617578983307,
                0.6018529534339905
            ],
            "segmentation_id": 13,
            "visibility": -1
        },
        {
            "bounding_box_minx_maxx_miny_maxy": [
                -1,
                -1,
                -1,
                -1
            ],
            "class": "2",
            "local_cuboid": null,
            "local_to_world_matrix": [
                [
                    -0.7029819488525391,
                    0.5829399824142456,
                    0.4074277877807617,
