{
    "camera_data": {
        "camera_look_at": {
            "at": [
                1.0,
                0.0,
                0.0
            ],
            "eye": [
                0.0,
                0.0,
                0.0
            ],
            "up": [
                0.0,
                0.0,
                1.0
            ]
        },
        "camera_view_matrix": [
            [
                0.0,
                0.0,
                -1.0,
                0.0
            ],
            [
                -1.0,
                0.0,
                0.0,
                0.0
            ],
            [
                0.0,
                1.0,
                0.0,
                0.0
            ],
            [
                0.0,
                0.0,
                0.0,
                1.0
            ]
        ],
        "height": 500,
        "intrinsics": {
            "cx": 250.0,
            "cy": 250.0,
            "fx": 603.5535278320312,
            "fy": 603.5535278320312
        },
        "location_world": [
            0.0,
            0.0,
            0.0
        ],
        "quaternion_world_xyzw": [
            0.5,
            -0.5,
            -0.5,
            0.5
        ],
        "width": 500
    },
    "objects": [
        {
            "bounding_box_minx_maxx_miny_maxy": [
                -1,
                -1,
                -1,
                -1
            ],
            "class": "2",
            "local_cuboid": null,
            "local_to_world_matrix": [
                [
                    -0.19562959671020508,
                    -0.6230549812316895,
                    0.7573186159133911,
                    0.0
                ],
                [
                    0.0060416460037231445,
                    0.7714596390724182,
                    0.6362496018409729,
                    0.0
                ],
                [
                    -0.9806592464447021,
                    0.12904471158981323,
                    -0.1471560001373291,
                    0.0
                ],
                [
                    1.9261945486068726,
                    -0.4594419300556183,
                    0.8150259852409363,
                    1.0
                ]
            ],
            "location": [
                0.4594419300556183,
                0.8150259852409363,
                -1.9261945486068726
            ],
            "location_world": [
                1.9261945486068726,
                -0.4594419300556183,
                0.8150259852409363
            ],
            "name": "google_2_of_Jenga_Classic_Game_0",
            "projected_cuboid": [
                [
                    427.1358847618103,
                    -36.65897250175476
                ],
                [
                    402.99415588378906,
                    -56.43424391746521
                ],
                [
                    392.0104503631592,
                    -24.20753240585327
                ],
                [
                    412.5441312789917,
                    -7.376760244369507
                ],
                [
                    407.4668884277344,
                    -12.0830237865448
                ],
                [
                    383.55737924575806,
                    -31.680643558502197
                ],
                [
                    375.5398988723755,
                    -3.3770501613616943
                ],
                [
                    395.90537548065186,
                    13.324886560440063
                ],
                [
                    399.15019273757935,
                    -18.606841564178467
                ]
            ],
            "provenance": "nvisii",
            "quaternion_xyzw": [
                0.03919866681098938,
                -0.09018781781196594,
                0.4246630072593689,
                0.8999950289726257
            ],
            "quaternion_xyzw_world": [
                0.21217140555381775,
                -0.7270222306251526,
                -0.2631605565547943,
                0.5976357460021973
            ],
            "segmentation_id": 1,
            "visibility": -1
        },
        {
            "bounding_box_minx_maxx_miny_maxy": [
                -1,
                -1,
                -1,
                -1
            ],
            "class": "2",
            "local_cuboid": null,
            "local_to_world_matrix": [
                [
                    -0.6807103157043457,
                    0.007368952035903931,
                    -0.7325156927108765,
                    0.0
                ],
                [
                    0.2316792756319046,
                    -0.946458101272583,
                    -0.2248155027627945,
                    0.0
                ],
                [
                    -0.6949520111083984,
                    -0.32274293899536133,
                    0.6425564289093018,
                    0.0
                ],
                [
                    1.7615691423416138,
                    -0.2287144660949707,
                    -0.6909605860710144,
                    1.0
                ]
            ],
            "location": [
                0.2287144660949707,
                -0.6909605860710144,
                -1.7615691423416138
            ],
            "location_world": [
                1.7615691423416138,
                -0.2287144660949707,
                -0.6909605860710144
            ],
            "name": "google_2_of_Jenga_Classic_Game_1",
            "projected_cuboid": [
                [
                    362.11228370666504,
                    457.26528763771057
                ],
                [
                    391.9796943664551,
                    462.06745505332947
                ],
                [
                    342.84278750419617,
                    502.3265480995178
                ],
                [
                    315.932959318161,
                    498.5460937023163
                ],
                [
                    358.51404070854187,
                    428.06652188301086
                ],
                [
                    387.4202370643616,
                    433.06514620780945
                ],
                [
                    340.2653932571411,
                    475.39597749710083
                ],
                [
                    314.13960456848145,
                    471.4334011077881
                ],
                [
                    350.27992725372314,
                    467.08494424819946
                ]
            ],
            "provenance": "nvisii",
            "quaternion_xyzw": [
                0.3614189624786377,
                0.1479877531528473,
                0.6941066980361938,
                -0.604724645614624
            ],
            "quaternion_xyzw_world": [
                -0.39471232891082764,
                -0.15140661597251892,
                0.9041190147399902,
                -0.0620245561003685
            ],
            "segmentation_id": 2,
            "visibility": -1
        },
        {
            "bounding_box_minx_maxx_miny_maxy": [
                -1,
                -1,
                -1,
                -1
            ],
            "class": "2",
            "local_cuboid": null,
            "local_to_world_matrix": [
                [
                    -0.5535851716995239,
                    -0.8174108862876892,
                    -0.15932080149650574,
                    0.0
                ],
                [
                    0.7621037364006042,
                    -0.5743720531463623,
                    0.298822283744812,
                    0.0
                ],
                [
                    -0.33576998114585876,
                    0.04400460422039032,
                    0.940915584564209,
                    0.0
                ],
                [
                    0.799087643623352,
                    -0.009069792926311493,
                    0.2408289909362793,
                    1.0
                ]
            ],
            "location": [
                0.009069792926311493,
                0.2408289909362793,
                -0.799087643623352
            ],
            "location_world": [
                0.799087643623352,
                -0.009069792926311493,
                0.2408289909362793
            ],
            "name": "google_2_of_Jenga_Classic_Game_2",
            "projected_cuboid": [
                [
                    253.8931965827942,
                    -213.41675519943237
                ],
                [
                    294.691264629364,
                    -192.9028332233429
                ],
                [
                    298.8605201244354,
                    65.70358574390411
                ],
                [
                    263.79308104515076,
                    70.22570073604584
                ],
                [
                    197.2961574792862,
                    -195.0979232788086
                ],
                [
                    240.55828154087067,
                    -177.33189463615417
                ],
                [
                    250.737726688385,
                    66.2459135055542
                ],
                [
                    213.68569135665894,
                    70.56191563606262
                ],
                [
                    252.0986795425415,
                    -54.37353253364563
                ]
            ],
            "provenance": "nvisii",
            "quaternion_xyzw": [
                0.5437873005867004,
                0.1908150464296341,
                0.23427380621433258,
                -0.7829436659812927
            ],
            "quaternion_xyzw_world": [
                -0.14130756258964539,
                0.0978487879037857,
                0.8759099245071411,
                -0.45082107186317444
            ],
            "segmentation_id": 3,
            "visibility": -1
        },
        {
            "bounding_box_minx_maxx_miny_maxy": [
                -1,
                -1,
                -1,
                -1
            ],
            "class": "2",
            "local_cuboid": null,
            "local_to_world_matrix": [
                [
                    0.6849409341812134,
                    -0.10727176070213318,
                    0.7206584811210632,
                    0.0
                ],
                [
                    -0.6340103149414062,
                    0.3996157646179199,
                    0.6620711088180542,
                    0.0
                ],
                [
                    -0.3590080142021179,
                    -0.9103845357894897,
                    0.2057018280029297,
                    0.0
                ],
                [
                    1.6951037645339966,
                    0.7692056894302368,
                    -0.04488560929894447,
                    1.0
                ]
            ],
            "location": [
                -0.7692056894302368,
                -0.04488560929894447,
                -1.6951037645339966
            ],
            "location_world": [
                1.6951037645339966,
                0.7692056894302368,
                -0.04488560929894447
            ],
            "name": "google_2_of_Jenga_Classic_Game_3",
            "projected_cuboid": [
                [
                    72.986900806427,
                    244.25926804542542
                ],
                [
                    54.224252700805664,
                    222.85185754299164
                ],
                [
                    -28.335094451904297,
                    245.9215670824051
                ],
                [
                    -8.17030668258667,
                    265.339195728302
                ],
                [
                    63.75919282436371,
                    265.6443417072296
                ],
                [
                    44.01516914367676,
                    244.22919750213623
                ],
                [
                    -40.60980677604675,
                    266.69254899024963
                ],
                [
                    -19.41433548927307,
                    286.07314825057983
                ],
                [
                    16.235262155532837,
                    255.46666979789734
                ]
            ],
            "provenance": "nvisii",
            "quaternion_xyzw": [
                0.1467929184436798,
                0.5467612147331238,
                0.38394829630851746,
                0.7294434309005737
            ],
            "quaternion_xyzw_world": [
                0.5195246338844299,
                -0.3567117154598236,
                0.17402949929237366,
                0.7566800117492676
            ],
            "segmentation_id": 4,
            "visibility": -1
        },
        {
            "bounding_box_minx_maxx_miny_maxy": [
                -1,
                -1,
                -1,
                -1
            ],
            "class": "2",
            "local_cuboid": null,
            "local_to_world_matrix": [
                [
                    -0.36688101291656494,
                    -0.11868320405483246,
                    0.922666072845459,
                    0.0
                ],
                [
                    -0.18512336909770966,
                    -0.9626767635345459,
                    -0.19744065403938293,
                    0.0
                ],
                [
                    0.9116621017456055,
                    -0.2432442605495453,
                    0.3312166929244995,
                    0.0
                ],
                [
                    1.3151907920837402,
                    0.6529086232185364,
                    0.055551838129758835,
                    1.0
                ]
            ],
            "location": [
                -0.6529086232185364,
                0.055551838129758835,
                -1.3151907920837402
            ],
            "location_world": [
                1.3151907920837402,
                0.6529086232185364,
                0.055551838129758835
            ],
            "name": "google_2_of_Jenga_Classic_Game_4",
            "projected_cuboid": [
                [
                    13.210073113441467,
                    174.4936853647232
                ],
                [
                    42.30131208896637,
                    180.1900565624237
                ],
                [
                    -33.64485502243042,
                    210.97500622272491
                ],
                [
                    -67.7490234375,
                    203.75165343284607
                ],
                [
                    13.959825038909912,
                    203.24797928333282
                ],
                [
                    42.528241872787476,
                    209.12355184555054
                ],
                [
                    -31.70931339263916,
                    245.06324529647827
                ],
                [
                    -65.09807705879211,
                    237.59779334068298
                ],
                [
                    -7.288038730621338,
                    206.69686794281006
                ]
            ],
            "provenance": "nvisii",
            "quaternion_xyzw": [
                0.7462884783744812,
                0.6315730810165405,
                0.20438653230667114,
                -0.04893997311592102
            ],
            "quaternion_xyzw_world": [
                0.562267541885376,
                -0.1350809633731842,
                0.8155940175056458,
                0.020365577191114426
            ],
            "segmentation_id": 5,
            "visibility": -1
        },
        {
            "bounding_box_minx_maxx_miny_maxy": [
                -1,
                -1,
                -1,
                -1
            ],
            "class": "2",
            "local_cuboid": null,
            "local_to_world_matrix": [
                [
                    0.4272138476371765,
                    -0.07211454212665558,
                    -0.9012701511383057,
                    0.0
                ],
                [
                    0.526362419128418,
                    0.8303190469741821,
                    0.183065265417099,
                    0.0
                ],
                [
                    0.7351400852203369,
                    -0.5526027679443359,
                    0.39268213510513306,
                    0.0
                ],
                [
                    1.4970474243164062,
                    0.07327016443014145,
                    -0.7493026852607727,
                    1.0
                ]
            ],
            "location": [
                -0.07327016443014145,
                -0.7493026852607727,
                -1.4970474243164062
            ],
            "location_world": [
                1.4970474243164062,
                0.07327016443014145,
                -0.7493026852607727
            ],
            "name": "google_2_of_Jenga_Classic_Game_5",
            "projected_cuboid": [
                [
                    294.59163546562195,
                    489.76361751556396
                ],
                [
                    269.29086446762085,
                    478.3485531806946
                ],
                [
                    208.56568217277527,
                    555.3375482559204
                ],
                [
                    235.69931089878082,
                    570.6899166107178
                ],
                [
                    293.4373617172241,
                    468.94001960754395
                ],
                [
                    267.6699161529541,
                    457.83984661102295
                ],
                [
                    205.350860953331,
                    533.6246490478516
                ],
                [
                    233.01367461681366,
                    548.6699342727661
                ],
                [
                    252.8078556060791,
                    510.2999210357666
                ]
            ],
            "provenance": "nvisii",
            "quaternion_xyzw": [
                -0.6372184753417969,
                0.6793546676635742,
                -0.04919382184743881,
                0.36056891083717346
            ],
            "quaternion_xyzw_world": [
                0.2259494513273239,
                0.5025990009307861,
                -0.18381327390670776,
                0.8139740824699402
            ],
            "segmentation_id": 6,
            "visibility": -1
        },
        {
            "bounding_box_minx_maxx_miny_maxy": [
                -1,
                -1,
                -1,
                -1
            ],
            "class": "2",
            "local_cuboid": null,
            "local_to_world_matrix": [
                [
                    -0.16386568546295166,
                    0.588109016418457,
                    -0.7920074462890625,
                    0.0
                ],
                [
                    0.8946672677993774,
                    -0.24963712692260742,
                    -0.3704751431941986,
                    0.0
                ],
                [
                    -0.415594220161438,
                    -0.7692912817001343,
                    -0.48525500297546387,
                    0.0
                ],
                [
                    1.9077796936035156,
                    0.05054120719432831,
                    -0.5161722302436829,
                    1.0
                ]
            ],
            "location": [
                -0.05054120719432831,
                -0.5161722302436829,
                -1.9077796936035156
            ],
            "location_world": [
                1.9077796936035156,
                0.05054120719432831,
                -0.5161722302436829
            ],
            "name": "google_2_of_Jenga_Classic_Game_6",
            "projected_cuboid": [
                [
                    298.6534535884857,
                    483.32732915878296
                ],
                [
                    303.6305904388428,
                    484.01719331741333
                ],
                [
                    230.33013939857483,
                    425.2479076385498
                ],
                [
                    222.70573675632477,
                    422.2205579280853
                ],
                [
                    314.24984335899353,
                    460.1224660873413
                ],
                [
                    318.54817271232605,
                    461.7650806903839
                ],
                [
                    244.8054403066635,
                    404.76882457733154
                ],
                [
                    237.81634867191315,
                    400.93785524368286
                ],
                [
                    270.19989490509033,
                    441.81662797927856
                ]
            ],
            "provenance": "nvisii",
            "quaternion_xyzw": [
                -0.3028084635734558,
                0.44778335094451904,
                -0.7704184651374817,
                0.33801257610321045
            ],
            "quaternion_xyzw_world": [
                0.6267029643058777,
                0.591498851776123,
                -0.48172807693481445,
                0.159092977643013
            ],
            "segmentation_id": 7,
            "visibility": -1
        },
        {
            "bounding_box_minx_maxx_miny_maxy": [
                -1,
                -1,
                -1,
                -1
            ],
            "class": "2",
            "local_cuboid": null,
            "local_to_world_matrix": [
                [
                    -0.9798192977905273,
                    0.14834322035312653,
                    -0.13397207856178284,
                    0.0
                ],
                [
                    0.03590986505150795,
                    -0.5287027359008789,
                    -0.8480471968650818,
                    0.0
                ],
                [
                    -0.19663342833518982,
                    -0.8357438445091248,
                    0.5127060413360596,
                    0.0
                ],
                [
                    1.9637572765350342,
                    0.6353548169136047,
                    -0.17131397128105164,
                    1.0
                ]
            ],
            "location": [
                -0.6353548169136047,
                -0.17131397128105164,
                -1.9637572765350342
            ],
            "location_world": [
                1.9637572765350342,
                0.6353548169136047,
                -0.17131397128105164
            ],
            "name": "google_2_of_Jenga_Classic_Game_7",
            "projected_cuboid": [
                [
                    114.35191333293915,
                    247.09005653858185
                ],
                [
                    128.98671627044678,
                    270.21628618240356
                ],
                [
                    56.11991882324219,
                    316.5286183357239
                ],
                [
                    41.80718958377838,
                    294.16587948799133
                ],
                [
                    123.38107824325562,
                    243.92364919185638
                ],
                [
                    137.4206691980362,
                    266.1364674568176
                ],
                [
                    67.12271273136139,
                    310.7793927192688
                ],
                [
                    53.379565477371216,
                    289.2718315124512
                ],
                [
                    89.89670872688293,
                    280.0682783126831
                ]
            ],
            "provenance": "nvisii",
            "quaternion_xyzw": [
                0.6129988431930542,
                0.16098341345787048,
                0.7404430508613586,
                -0.22374263405799866
            ],
            "quaternion_xyzw_world": [
                -0.09510171413421631,
                -0.48435795307159424,
                0.8690840005874634,
                0.03234248608350754
            ],
            "segmentation_id": 8,
            "visibility": -1
        },
        {
            "bounding_box_minx_maxx_miny_maxy": [
                -1,
                -1,
                -1,
                -1
            ],
            "class": "2",
            "local_cuboid": null,
            "local_to_world_matrix": [
                [
                    -0.7148236036300659,
                    0.4398770332336426,
                    0.5436317324638367,
                    0.0
                ],
                [
                    0.6198875904083252,
                    0.7583932280540466,
                    0.20144245028495789,
                    0.0
                ],
                [
                    -0.3236767649650574,
                    0.4809863865375519,
                    -0.8147916793823242,
                    0.0
                ],
                [
                    1.697201132774353,
                    -0.7991985082626343,
                    -0.3590620458126068,
                    1.0
                ]
            ],
            "location": [
                0.7991985082626343,
                -0.3590620458126068,
                -1.697201132774353
            ],
            "location_world": [
                1.697201132774353,
                -0.7991985082626343,
                -0.3590620458126068
            ],
            "name": "google_2_of_Jenga_Classic_Game_8",
            "projected_cuboid": [
                [
                    512.5073194503784,
                    477.7109622955322
                ],
                [
                    479.7763228416443,
                    463.8507068157196
                ],
                [
                    516.9832706451416,
                    367.18565225601196
                ],
                [
                    549.015998840332,
                    377.16832756996155
                ],
                [
                    516.3341760635376,
                    485.8390688896179
                ],
                [
                    484.5960736274719,
                    472.19377756118774
                ],
                [
                    520.3450918197632,
                    378.19042801856995
                ],
                [
                    551.4183044433594,
                    388.18079233169556
                ],
                [
                    516.6676044464111,
                    424.8853325843811
                ]
            ],
            "provenance": "nvisii",
            "quaternion_xyzw": [
                -0.09354650974273682,
                0.5739431381225586,
                -0.6249222755432129,
                -0.5208747982978821
            ],
            "quaternion_xyzw_world": [
                0.2922220230102539,
                0.9066433310508728,
                0.1881745606660843,
                -0.23915371298789978
            ],
            "segmentation_id": 9,
            "visibility": -1
        },
        {
            "bounding_box_minx_maxx_miny_maxy": [
                -1,
                -1,
                -1,
                -1
            ],
            "class": "2",
            "local_cuboid": null,
            "local_to_world_matrix": [
                [
                    0.3169189691543579,
                    0.8889434933662415,
                    0.3306688070297241,
                    0.0
                ],
                [
                    0.10499191284179688,
                    -0.3793787956237793,
                    0.9192651510238647,
                    0.0
                ],
                [
                    0.942623496055603,
                    -0.25661501288414,
                    -0.21356415748596191,
                    0.0
                ],
                [
                    0.806235671043396,
                    0.6045761704444885,
                    -0.5207335352897644,
                    1.0
                ]
            ],
            "location": [
                -0.6045761704444885,
                -0.5207335352897644,
                -0.806235671043396
            ],
            "location_world": [
                0.806235671043396,
                0.6045761704444885,
                -0.5207335352897644
            ],
            "name": "google_2_of_Jenga_Classic_Game_9",
            "projected_cuboid": [
                [
                    -71.6492235660553,
                    587.2837901115417
                ],
                [
                    -51.452815532684326,
                    541.9141054153442
                ],
                [
                    -207.24496245384216,
                    593.8171148300171
                ],
                [
                    -235.9665036201477,
                    655.092716217041
                ],
                [
                    -39.44724798202515,
                    609.9923849105835
                ],
                [
                    -19.046425819396973,
                    563.3785724639893
                ],
                [
                    -168.53928565979004,
                    624.3118643760681
                ],
                [
                    -197.73587584495544,
                    687.8708600997925
                ],
                [
                    -112.61436343193054,
                    602.939248085022
                ]
            ],
            "provenance": "nvisii",
            "quaternion_xyzw": [
                0.18331316113471985,
                0.968353271484375,
                -0.0822417140007019,
                0.14806939661502838
            ],
            "quaternion_xyzw_world": [
                0.6909887790679932,
                0.35960620641708374,
                0.4606776535511017,
                0.4254339039325714
            ],
            "segmentation_id": 10,
            "visibility": -1
        },
        {
            "bounding_box_minx_maxx_miny_maxy": [
                -1,
                -1,
                -1,
                -1
            ],
            "class": "2",
            "local_cuboid": null,
            "local_to_world_matrix": [
                [
                    -0.9295175075531006,
                    0.35601356625556946,
                    -0.0961858257651329,
                    0.0
                ],
                [
                    0.35719218850135803,
                    0.9340161085128784,
                    0.005261063575744629,
                    0.0
                ],
                [
                    0.09171212464570999,
                    -0.029466576874256134,
                    -0.9953495264053345,
                    0.0
                ],
                [
                    1.9235001802444458,
                    -0.8301751613616943,
                    -0.11972212046384811,
                    1.0
                ]
            ],
            "location": [
                0.8301751613616943,
                -0.11972212046384811,
                -1.9235001802444458
            ],
            "location_world": [
                1.9235001802444458,
                -0.8301751613616943,
                -0.11972212046384811
            ],
            "name": "google_2_of_Jenga_Classic_Game_10",
            "projected_cuboid": [
                [
                    524.734377861023,
                    381.76339864730835
                ],
                [
                    495.7584738731384,
                    379.5638978481293
                ],
                [
                    496.48869037628174,
                    289.1259789466858
                ],
                [
                    525.891125202179,
                    289.89967703819275
                ],
                [
                    523.114264011383,
                    374.54110383987427
                ],
                [
                    495.2240586280823,
                    372.530996799469
                ],
                [
                    495.9198832511902,
                    285.35500168800354
                ],
                [
                    524.2049694061279,
                    286.0410809516907
                ],
                [
                    510.04189252853394,
                    332.6047956943512
                ]
            ],
            "provenance": "nvisii",
            "quaternion_xyzw": [
                -0.4273281693458557,
                0.6026995182037354,
                -0.5610348582267761,
                -0.37334147095680237
            ],
            "quaternion_xyzw_world": [
                0.1815323531627655,
                0.9822019934654236,
                -0.006161032244563103,
                0.04782569035887718
            ],
            "segmentation_id": 11,
            "visibility": -1
        },
        {
            "bounding_box_minx_maxx_miny_maxy": [
                -1,
                -1,
                -1,
                -1
            ],
            "class": "2",
            "local_cuboid": null,
            "local_to_world_matrix": [
                [
                    0.40948426723480225,
                    0.2334476113319397,
                    0.8819437623023987,
                    0.0
                ],
                [
                    0.7488146424293518,
                    -0.6382238864898682,
                    -0.17873698472976685,
                    0.0
                ],
                [
                    0.5211518406867981,
                    0.7336024045944214,
                    -0.4361516237258911,
                    0.0
                ],
                [
                    1.531006932258606,
                    0.03922826424241066,
                    0.7535660266876221,
                    1.0
                ]
            ],
            "location": [
                -0.03922826424241066,
                0.7535660266876221,
                -1.531006932258606
            ],
            "location_world": [
                1.531006932258606,
                0.03922826424241066,
                0.7535660266876221
            ],
            "name": "google_2_of_Jenga_Classic_Game_11",
            "projected_cuboid": [
                [
                    145.16392350196838,
                    8.07487964630127
                ],
                [
                    167.78381168842316,
                    22.174209356307983
                ],
                [
                    241.77706241607666,
                    -48.49821329116821
                ],
                [
                    219.9721485376358,
                    -66.96227192878723
                ],
                [
                    149.88957345485687,
                    28.97241711616516
                ],
                [
                    172.76370525360107,
                    42.56203770637512
                ],
                [
                    248.79281222820282,
                    -27.57972478866577
                ],
                [
                    226.81210935115814,
                    -45.55419087409973
                ],
                [
                    195.02288103103638,
                    -9.079605340957642
                ]
            ],
            "provenance": "nvisii",
            "quaternion_xyzw": [
                0.6054835319519043,
                0.6276667714118958,
                -0.47197264432907104,
                -0.12909641861915588
            ],
            "quaternion_xyzw_world": [
                0.7880132794380188,
                0.3116261661052704,
                0.44513705372810364,
                -0.28944289684295654
            ],
            "segmentation_id": 12,
            "visibility": -1
        },
        {
            "bounding_box_minx_maxx_miny_maxy": [
                -1,
                -1,
                -1,
                -1
            ],
            "class": "2",
            "local_cuboid": null,
            "local_to_world_matrix": [
                [
                    0.046510279178619385,
                    -0.9926083087921143,
                    -0.11209587752819061,
                    0.0
                ],
                [
                    0.8208057880401611,
                    -0.02597987651824951,
                    0.5706163048744202,
                    0.0
                ],
                [
                    -0.56931072473526,
                    -0.11854846775531769,
                    0.8135303258895874,
                    0.0
                ],
                [
                    1.9577213525772095,
                    0.6983858942985535,
                    0.44874393939971924,
                    1.0
                ]
            ],
            "location": [
                -0.6983858942985535,
                0.44874393939971924,
                -1.9577213525772095
            ],
            "location_world": [
                1.9577213525772095,
                0.6983858942985535,
                0.44874393939971924
            ],
            "name": "google_2_of_Jenga_Classic_Game_12",
            "projected_cuboid": [
                [
                    35.2485328912735,
                    24.22332763671875
                ],
                [
                    44.11552846431732,
                    16.874775290489197
                ],
                [
                    50.80384016036987,
                    108.23570191860199
                ],
                [
                    42.943716049194336,
                    118.23898553848267
                ],
                [
                    7.869064807891846,
                    20.710021257400513
                ],
                [
                    17.794132232666016,
                    13.480186462402344
                ],
                [
                    26.69377624988556,
                    105.29312491416931
                ],
                [
                    17.948836088180542,
                    115.20931124687195
                ],
                [
                    30.706554651260376,
                    67.26591289043427
                ]
            ],
            "provenance": "nvisii",
            "quaternion_xyzw": [
                -0.46170371770858765,
                0.046629488468170166,
                -0.039006710052490234,
                0.8849484920501709
            ],
            "quaternion_xyzw_world": [
                0.2544404864311218,
                -0.16880428791046143,
                -0.6695147156715393,
                0.6771374940872192
            ],
            "segmentation_id": 13,
            "visibility": -1
        },
        {
            "bounding_box_minx_maxx_miny_maxy": [
                -1,
                -1,
                -1,
                -1
            ],
            "class": "2",
            "local_cuboid": null,
            "local_to_world_matrix": [
                [
                    -0.15744149684906006,
                    -0.9845080375671387,
