{
    "camera_data": {
        "camera_look_at": {
            "at": [
                1.0,
                0.0,
                0.0
            ],
            "eye": [
                0.0,
                0.0,
                0.0
            ],
            "up": [
                0.0,
                0.0,
                1.0
            ]
        },
        "camera_view_matrix": [
            [
                0.0,
                0.0,
                -1.0,
                0.0
            ],
            [
                -1.0,
                0.0,
                0.0,
                0.0
            ],
            [
                0.0,
                1.0,
                0.0,
                0.0
            ],
            [
                0.0,
                0.0,
                0.0,
                1.0
            ]
        ],
        "height": 500,
        "intrinsics": {
            "cx": 250.0,
            "cy": 250.0,
            "fx": 603.5535278320312,
            "fy": 603.5535278320312
        },
        "location_world": [
            0.0,
            0.0,
            0.0
        ],
        "quaternion_world_xyzw": [
            0.5,
            -0.5,
            -0.5,
            0.5
        ],
        "width": 500
    },
    "objects": [
        {
            "bounding_box_minx_maxx_miny_maxy": [
                -1,
                -1,
                -1,
                -1
            ],
            "class": "2",
            "local_cuboid": null,
            "local_to_world_matrix": [
                [
                    0.7613691687583923,
                    0.2744308114051819,
                    0.5873709917068481,
                    0.0
                ],
                [
                    -0.5177389979362488,
                    -0.2879246473312378,
                    0.8056337237358093,
                    0.0
                ],
                [
                    0.39020928740501404,
                    -0.9174895882606506,
                    -0.0771334171295166,
                    0.0
                ],
                [
                    1.8162258863449097,
                    0.2302062064409256,
                    0.7933585047721863,
                    1.0
                ]
            ],
            "location": [
                -0.2302062064409256,
                0.7933585047721863,
                -1.8162258863449097
            ],
            "location_world": [
                1.8162258863449097,
                0.2302062064409256,
                0.7933585047721863
            ],
            "name": "google_2_of_Jenga_Classic_Game_0",
            "projected_cuboid": [
                [
                    254.5090615749359,
                    18.595054745674133
                ],
                [
                    262.18071579933167,
                    -7.805138826370239
                ],
                [
                    174.2822229862213,
                    -31.365156173706055
                ],
                [
                    168.19947957992554,
                    -2.8028488159179688
                ],
                [
                    261.4481449127197,
                    25.914132595062256
                ],
                [
                    269.5266008377075,
                    -1.1599361896514893
                ],
                [
                    179.11043763160706,
                    -25.092631578445435
                ],
                [
                    172.70886898040771,
                    4.266843199729919
                ],
                [
                    219.00096535682678,
                    -1.979142427444458
                ]
            ],
            "provenance": "nvisii",
            "quaternion_xyzw": [
                0.27845320105552673,
                0.785855233669281,
                0.14016753435134888,
                0.5340865254402161
            ],
            "quaternion_xyzw_world": [
                0.7291136980056763,
                -0.08342602103948593,
                0.33519473671913147,
                0.5908280611038208
            ],
            "segmentation_id": 1,
            "visibility": -1
        },
        {
            "bounding_box_minx_maxx_miny_maxy": [
                -1,
                -1,
                -1,
                -1
            ],
            "class": "2",
            "local_cuboid": null,
            "local_to_world_matrix": [
                [
                    -0.5996781587600708,
                    -0.682547926902771,
                    -0.41774940490722656,
                    0.0
                ],
                [
                    -0.3032023012638092,
                    0.6769026517868042,
                    -0.6707243919372559,
                    0.0
                ],
                [
                    0.740577220916748,
                    -0.27555614709854126,
                    -0.6128737926483154,
                    0.0
                ],
                [
                    0.1859087347984314,
                    -0.08236019313335419,
                    0.042550645768642426,
                    1.0
                ]
            ],
            "location": [
                0.08236019313335419,
                0.042550645768642426,
                -0.1859087347984314
            ],
            "location_world": [
                0.1859087347984314,
                -0.08236019313335419,
                0.042550645768642426
            ],
            "name": "google_2_of_Jenga_Classic_Game_1",
            "projected_cuboid": [
                [
                    586.717963218689,
                    442.1371519565582
                ],
                [
                    515.9788131713867,
                    549.029529094696
                ],
                [
                    575.9019255638123,
                    258.9440643787384
                ],
                [
                    725.2811193466187,
                    62.398865818977356
                ],
                [
                    476.33254528045654,
                    376.08057260513306
                ],
                [
                    406.8530797958374,
                    466.63838624954224
                ],
                [
                    332.4110507965088,
                    155.71831166744232
                ],
                [
                    478.0452251434326,
                    12.866586446762085
                ],
                [
                    501.63644552230835,
                    346.3122546672821
                ]
            ],
            "provenance": "nvisii",
            "quaternion_xyzw": [
                -0.8794670701026917,
                0.3111691474914551,
                -0.2487967610359192,
                -0.26040661334991455
            ],
            "quaternion_xyzw_world": [
                -0.28995388746261597,
                0.8499197959899902,
                -0.278344064950943,
                0.3407164514064789
            ],
            "segmentation_id": 2,
            "visibility": -1
        },
        {
            "bounding_box_minx_maxx_miny_maxy": [
                -1,
                -1,
                -1,
                -1
            ],
            "class": "2",
            "local_cuboid": null,
            "local_to_world_matrix": [
                [
                    0.06892430782318115,
                    0.024525970220565796,
                    -0.9973204135894775,
                    0.0
                ],
                [
                    -0.6573516130447388,
                    -0.7508704662322998,
                    -0.06389456987380981,
                    0.0
                ],
                [
                    -0.7504254579544067,
                    0.6599940657615662,
                    -0.03563106060028076,
                    0.0
                ],
                [
                    1.8326293230056763,
                    0.1865183711051941,
                    0.47534841299057007,
                    1.0
                ]
            ],
            "location": [
                -0.1865183711051941,
                0.47534841299057007,
                -1.8326293230056763
            ],
            "location_world": [
                1.8326293230056763,
                0.1865183711051941,
                0.47534841299057007
            ],
            "name": "google_2_of_Jenga_Classic_Game_2",
            "projected_cuboid": [
                [
                    98.73898327350616,
                    92.74481236934662
                ],
                [
                    117.54429340362549,
                    89.29970860481262
                ],
                [
                    197.97562062740326,
                    105.31170666217804
                ],
                [
                    178.9865791797638,
                    107.87446796894073
                ],
                [
                    98.94977509975433,
                    63.24198842048645
                ],
                [
                    117.82707273960114,
                    58.75055491924286
                ],
                [
                    198.46665859222412,
                    78.52652668952942
                ],
                [
                    179.40735816955566,
                    81.89710974693298
                ],
                [
                    150.8927047252655,
                    85.30920743942261
                ]
            ],
            "provenance": "nvisii",
            "quaternion_xyzw": [
                0.26876717805862427,
                -0.22924114763736725,
                -0.6780202984809875,
                0.6445938348770142
            ],
            "quaternion_xyzw_world": [
                0.68107008934021,
                -0.23229095339775085,
                -0.6415440440177917,
                -0.26571738719940186
            ],
            "segmentation_id": 3,
            "visibility": -1
        },
        {
            "bounding_box_minx_maxx_miny_maxy": [
                -1,
                -1,
                -1,
                -1
            ],
            "class": "2",
            "local_cuboid": null,
            "local_to_world_matrix": [
                [
                    0.011544287204742432,
                    0.651170551776886,
                    -0.7588436603546143,
                    0.0
                ],
                [
                    0.9612228274345398,
                    0.20188617706298828,
                    0.18786343932151794,
                    0.0
                ],
                [
                    0.27553117275238037,
                    -0.7315865755081177,
                    -0.623589277267456,
                    0.0
                ],
                [
                    1.4357330799102783,
                    0.3563551604747772,
                    0.14453189074993134,
                    1.0
                ]
            ],
            "location": [
                -0.3563551604747772,
                0.14453189074993134,
                -1.4357330799102783
            ],
            "location_world": [
                1.4357330799102783,
                0.3563551604747772,
                0.14453189074993134
            ],
            "name": "google_2_of_Jenga_Classic_Game_3",
            "projected_cuboid": [
                [
                    184.65831875801086,
                    280.8605134487152
                ],
                [
                    181.45689368247986,
                    273.10386300086975
                ],
                [
                    90.3826504945755,
                    199.91737604141235
                ],
                [
                    88.47199380397797,
                    203.8649618625641
                ],
                [
                    205.6354582309723,
                    256.38675689697266
                ],
                [
                    201.33817195892334,
                    249.9019354581833
                ],
                [
                    111.29194498062134,
                    175.40499567985535
                ],
                [
                    110.59688031673431,
                    177.928626537323
                ],
                [
                    147.97796308994293,
                    228.1368523836136
                ]
            ],
            "provenance": "nvisii",
            "quaternion_xyzw": [
                -0.3303396701812744,
                0.7270772457122803,
                -0.5449256896972656,
                0.25551992654800415
            ],
            "quaternion_xyzw_world": [
                0.5985915660858154,
                0.6734113097190857,
                -0.20185402035713196,
                0.3840055763721466
            ],
            "segmentation_id": 4,
            "visibility": -1
        },
        {
            "bounding_box_minx_maxx_miny_maxy": [
                -1,
                -1,
                -1,
                -1
            ],
            "class": "2",
            "local_cuboid": null,
            "local_to_world_matrix": [
                [
                    -0.14651072025299072,
                    0.5273004174232483,
                    0.8369520902633667,
                    0.0
                ],
                [
                    -0.5030393004417419,
                    -0.768230676651001,
                    0.39594581723213196,
                    0.0
                ],
                [
                    0.8517546653747559,
                    -0.3630095422267914,
                    0.3778069019317627,
                    0.0
                ],
                [
                    1.7221825122833252,
                    0.4178627133369446,
                    0.5884342789649963,
                    1.0
                ]
            ],
            "location": [
                -0.4178627133369446,
                0.5884342789649963,
                -1.7221825122833252
            ],
            "location_world": [
                1.7221825122833252,
                0.4178627133369446,
                0.5884342789649963
            ],
            "name": "google_2_of_Jenga_Classic_Game_4",
            "projected_cuboid": [
                [
                    139.0777826309204,
                    32.74105489253998
                ],
                [
                    156.79386258125305,
                    17.61399209499359
                ],
                [
                    105.36190867424011,
                    22.798925638198853
                ],
                [
                    86.36647462844849,
                    39.96512293815613
                ],
                [
                    152.2849053144455,
                    53.94229292869568
                ],
                [
                    170.18315196037292,
                    39.365142583847046
                ],
                [
                    121.05128169059753,
                    47.685667872428894
                ],
                [
                    101.80038213729858,
                    64.1341358423233
                ],
                [
                    130.74715435504913,
                    39.647430181503296
                ]
            ],
            "provenance": "nvisii",
            "quaternion_xyzw": [
                0.48179569840431213,
                0.8329166769981384,
                0.26438599824905396,
                0.06498214602470398
            ],
            "quaternion_xyzw_world": [
                0.5576542615890503,
                0.010876396670937538,
                0.7570581436157227,
                0.3402445912361145
            ],
            "segmentation_id": 5,
            "visibility": -1
        },
        {
            "bounding_box_minx_maxx_miny_maxy": [
                -1,
                -1,
                -1,
                -1
            ],
            "class": "2",
            "local_cuboid": null,
            "local_to_world_matrix": [
                [
                    0.7274715304374695,
                    0.5272188782691956,
                    0.4391191005706787,
                    0.0
                ],
                [
                    0.679356038570404,
                    -0.6432139873504639,
                    -0.35320231318473816,
                    0.0
                ],
                [
                    0.09623251855373383,
                    0.5552628040313721,
                    -0.8260891437530518,
                    0.0
                ],
                [
                    0.50529545545578,
                    0.3630605936050415,
                    -0.18362313508987427,
                    1.0
                ]
            ],
            "location": [
                -0.3630605936050415,
                -0.18362313508987427,
                -0.50529545545578
            ],
            "location_world": [
                0.50529545545578,
                0.3630605936050415,
                -0.18362313508987427
            ],
            "name": "google_2_of_Jenga_Classic_Game_5",
            "projected_cuboid": [
                [
                    -398.6286520957947,
                    694.3514347076416
                ],
                [
                    -280.15512228012085,
                    681.6737651824951
                ],
                [
                    -132.6548159122467,
                    444.39226388931274
                ],
                [
                    -240.97368121147156,
                    430.8367371559143
                ],
                [
                    -424.0940809249878,
                    791.84889793396
                ],
                [
                    -290.1340126991272,
                    767.320990562439
                ],
                [
                    -126.4352798461914,
                    507.85303115844727
                ],
                [
                    -247.8366196155548,
                    500.68849325180054
                ],
                [
                    -266.21848344802856,
                    603.6281585693359
                ]
            ],
            "provenance": "nvisii",
            "quaternion_xyzw": [
                0.4801604449748993,
                0.5635266900062561,
                -0.6678676605224609,
                0.0763978585600853
            ],
            "quaternion_xyzw_world": [
                0.8939763307571411,
                0.3374180197715759,
                0.1497107893228531,
                -0.2540517747402191
            ],
            "segmentation_id": 6,
            "visibility": -1
        },
        {
            "bounding_box_minx_maxx_miny_maxy": [
                -1,
                -1,
                -1,
                -1
            ],
            "class": "2",
            "local_cuboid": null,
            "local_to_world_matrix": [
                [
                    0.21173399686813354,
                    -0.8021790385246277,
                    0.5582811832427979,
                    0.0
                ],
                [
                    0.8811195492744446,
                    0.40382689237594604,
                    0.24607402086257935,
                    0.0
                ],
                [
                    -0.4228443503379822,
                    0.4398100972175598,
                    0.7923192977905273,
                    0.0
                ],
                [
                    1.5521337985992432,
                    0.5753257274627686,
                    0.06985993683338165,
                    1.0
                ]
            ],
            "location": [
                -0.5753257274627686,
                0.06985993683338165,
                -1.5521337985992432
            ],
            "location_world": [
                1.5521337985992432,
                0.5753257274627686,
                0.06985993683338165
            ],
            "name": "google_2_of_Jenga_Classic_Game_6",
            "projected_cuboid": [
                [
                    -32.47538208961487,
                    115.07675051689148
                ],
                [
                    -32.17962384223938,
                    113.37926983833313
                ],
                [
                    38.16717863082886,
                    211.37167513370514
                ],
                [
                    41.331321001052856,
                    217.7177369594574
                ],
                [
                    -63.50269913673401,
                    132.6667219400406
                ],
                [
                    -61.619728803634644,
                    130.0518363714218
                ],
                [
                    11.7703378200531,
                    227.77701914310455
                ],
                [
                    13.665974140167236,
                    235.00359058380127
                ],
                [
                    -9.00760293006897,
                    174.8526394367218
                ]
            ],
            "provenance": "nvisii",
            "quaternion_xyzw": [
                -0.5322736501693726,
                -0.07254450023174286,
                0.3060194253921509,
                0.7859862446784973
            ],
            "quaternion_xyzw_world": [
                -0.062425646930933,
                -0.31613826751708984,
                -0.5423924922943115,
                0.7758674025535583
            ],
            "segmentation_id": 7,
            "visibility": -1
        },
        {
            "bounding_box_minx_maxx_miny_maxy": [
                -1,
                -1,
                -1,
                -1
            ],
            "class": "2",
            "local_cuboid": null,
            "local_to_world_matrix": [
                [
                    -0.4092681407928467,
                    0.8705636858940125,
                    0.27316391468048096,
                    0.0
                ],
                [
                    0.3181765675544739,
                    -0.14441907405853271,
                    0.9369667768478394,
                    0.0
                ],
                [
                    0.8551393747329712,
                    0.47038495540618896,
                    -0.21788692474365234,
                    0.0
                ],
                [
                    0.9416294693946838,
                    0.4065937101840973,
                    0.32240188121795654,
                    1.0
                ]
            ],
            "location": [
                -0.4065937101840973,
                0.32240188121795654,
                -0.9416294693946838
            ],
            "location_world": [
                0.9416294693946838,
                0.4065937101840973,
                0.32240188121795654
            ],
            "name": "google_2_of_Jenga_Classic_Game_7",
            "projected_cuboid": [
                [
                    -53.59378457069397,
                    130.5515170097351
                ],
                [
                    -40.54054617881775,
                    93.08095276355743
                ],
                [
                    -29.512077569961548,
                    10.42337715625763
                ],
                [
                    -45.815348625183105,
                    55.72123825550079
                ],
                [
                    -10.673969984054565,
                    144.67275142669678
                ],
                [
                    1.089736819267273,
                    107.8822910785675
                ],
                [
                    22.458508610725403,
                    31.779348850250244
                ],
                [
                    8.191168308258057,
                    76.1360377073288
                ],
                [
                    -18.966078758239746,
                    85.57911217212677
                ]
            ],
            "provenance": "nvisii",
            "quaternion_xyzw": [
                0.10909727215766907,
                0.9569051265716553,
                -0.14005133509635925,
                -0.22981718182563782
            ],
            "quaternion_xyzw_world": [
                0.4881182909011841,
                0.6088382005691528,
                0.5778841376304626,
                0.23896966874599457
            ],
            "segmentation_id": 8,
            "visibility": -1
        },
        {
            "bounding_box_minx_maxx_miny_maxy": [
                -1,
                -1,
                -1,
                -1
            ],
            "class": "2",
            "local_cuboid": null,
            "local_to_world_matrix": [
                [
                    -0.015192031860351562,
                    -0.06392908841371536,
                    0.9978389143943787,
                    0.0
                ],
                [
                    -0.1332811713218689,
                    -0.9889192581176758,
                    -0.06538678705692291,
                    0.0
                ],
                [
                    0.9909619688987732,
                    -0.1339864879846573,
                    0.006502866744995117,
                    0.0
                ],
                [
                    0.23450997471809387,
                    -0.06862485408782959,
                    0.48872998356819153,
                    1.0
                ]
            ],
            "location": [
                0.06862485408782959,
                0.48872998356819153,
                -0.23450997471809387
            ],
            "location_world": [
                0.23450997471809387,
                -0.06862485408782959,
                0.48872998356819153
            ],
            "name": "google_2_of_Jenga_Classic_Game_8",
            "projected_cuboid": [
                [
                    328.15223932266235,
                    -357.8076362609863
                ],
                [
                    427.19197273254395,
                    -364.58319425582886
                ],
                [
                    548.3895540237427,
                    -1138.813853263855
                ],
                [
                    323.97931814193726,
                    -1087.477445602417
                ],
                [
                    322.2346901893616,
                    -266.8269872665405
                ],
                [
                    420.9173917770386,
                    -271.6136574745178
                ],
                [
                    533.5677862167358,
                    -924.5375394821167
                ],
                [
                    310.9675943851471,
                    -883.4733963012695
                ],
                [
                    390.3026580810547,
                    -529.2773842811584
                ]
            ],
            "provenance": "nvisii",
            "quaternion_xyzw": [
                0.7280587553977966,
                0.6822108030319214,
                0.051224708557128906,
                0.04353296756744385
            ],
            "quaternion_xyzw_world": [
                0.7012888789176941,
                -0.07030279189348221,
                0.7089806199073792,
                0.024454861879348755
            ],
            "segmentation_id": 9,
            "visibility": -1
        },
        {
            "bounding_box_minx_maxx_miny_maxy": [
                -1,
                -1,
                -1,
                -1
            ],
            "class": "2",
            "local_cuboid": null,
            "local_to_world_matrix": [
                [
                    0.6197044849395752,
                    0.3595285415649414,
                    0.6976429224014282,
                    0.0
                ],
                [
                    0.757645845413208,
                    -0.042102932929992676,
                    -0.6513064503669739,
                    0.0
                ],
                [
                    -0.20479044318199158,
                    0.9321838021278381,
                    -0.298486590385437,
                    0.0
                ],
                [
                    1.7837005853652954,
                    -0.7503432631492615,
                    -0.2984084188938141,
                    1.0
                ]
            ],
            "location": [
                0.7503432631492615,
                -0.2984084188938141,
                -1.7837005853652954
            ],
            "location_world": [
                1.7837005853652954,
                -0.7503432631492615,
                -0.2984084188938141
            ],
            "name": "google_2_of_Jenga_Classic_Game_9",
            "projected_cuboid": [
                [
                    412.5016927719116,
                    366.24932289123535
                ],
                [
                    407.8674614429474,
                    380.7165026664734
                ],
                [
                    492.04662442207336,
                    347.86948561668396
                ],
                [
                    499.55683946609497,
                    332.706481218338
                ],
                [
                    427.53225564956665,
                    389.57858085632324
                ],
                [
                    422.21182584762573,
                    403.5922884941101
                ],
                [
                    508.2094073295593,
                    369.08483505249023
                ],
                [
                    516.5308117866516,
                    354.27844524383545
                ],
                [
                    461.37750148773193,
                    367.6973581314087
                ]
            ],
            "provenance": "nvisii",
            "quaternion_xyzw": [
                -0.5212934017181396,
                -0.35476455092430115,
                0.7442488670349121,
                0.22020187973976135
            ],
            "quaternion_xyzw_world": [
                -0.7000524997711182,
                -0.3989609181880951,
                -0.1760055273771286,
                0.5654898285865784
            ],
            "segmentation_id": 10,
            "visibility": -1
        },
        {
            "bounding_box_minx_maxx_miny_maxy": [
                -1,
                -1,
                -1,
                -1
            ],
            "class": "2",
            "local_cuboid": null,
            "local_to_world_matrix": [
                [
                    -0.27916383743286133,
                    0.09820239245891571,
                    -0.9552087783813477,
                    0.0
                ],
                [
                    -0.5668740272521973,
                    -0.8197736740112305,
                    0.08139264583587646,
                    0.0
                ],
                [
                    -0.7750622034072876,
                    0.5642049312591553,
                    0.28451961278915405,
                    0.0
                ],
                [
                    1.9525156021118164,
                    -0.680199921131134,
                    -0.7422636151313782,
                    1.0
                ]
            ],
            "location": [
                0.680199921131134,
                -0.7422636151313782,
                -1.9525156021118164
            ],
            "location_world": [
                1.9525156021118164,
                -0.680199921131134,
                -0.7422636151313782
            ],
            "name": "google_2_of_Jenga_Classic_Game_10",
            "projected_cuboid": [
                [
                    415.50660133361816,
                    493.0270314216614
                ],
                [
                    444.89404559135437,
                    497.4527359008789
                ],
                [
                    473.75553846359253,
                    494.3957328796387
                ],
                [
                    447.0502734184265,
                    490.5543327331543
                ],
                [
                    416.0919189453125,
                    464.1630947589874
                ],
                [
                    445.1179504394531,
                    467.7254259586334
                ],
                [
                    473.62565994262695,
                    468.1730270385742
                ],
                [
                    447.2193717956543,
                    465.00569581985474
                ],
                [
                    446.15036249160767,
                    479.9225330352783
                ]
            ],
            "provenance": "nvisii",
            "quaternion_xyzw": [
                -0.10646919906139374,
                0.3180145025253296,
                0.6693041324615479,
                -0.6629955768585205
            ],
            "quaternion_xyzw_world": [
                -0.5603771805763245,
                0.2090875804424286,
                0.7719224691390991,
                0.21539612114429474
            ],
            "segmentation_id": 11,
            "visibility": -1
        },
        {
            "bounding_box_minx_maxx_miny_maxy": [
                -1,
                -1,
                -1,
                -1
            ],
            "class": "2",
            "local_cuboid": null,
            "local_to_world_matrix": [
                [
                    -0.2842673063278198,
                    -0.9097852110862732,
                    -0.3024614453315735,
                    0.0
                ],
                [
                    -0.8218842148780823,
                    0.3936827778816223,
                    -0.4117282032966614,
                    0.0
                ],
                [
                    0.4936581254005432,
                    0.13154737651348114,
                    -0.8596491813659668,
                    0.0
                ],
                [
                    1.481063961982727,
                    -0.06205609440803528,
                    0.5357716679573059,
                    1.0
                ]
            ],
            "location": [
                0.06205609440803528,
                0.5357716679573059,
                -1.481063961982727
            ],
            "location_world": [
                1.481063961982727,
                -0.06205609440803528,
                0.5357716679573059
            ],
            "name": "google_2_of_Jenga_Classic_Game_11",
            "projected_cuboid": [
                [
                    277.8690457344055,
                    143.79116892814636
                ],
                [
                    266.3904130458832,
                    152.40982174873352
                ],
                [
                    284.1963469982147,
                    37.0061993598938
                ],
                [
                    295.95378041267395,
                    32.88452327251434
                ],
                [
                    251.57538056373596,
                    136.59918308258057
                ],
                [
                    239.1182780265808,
                    144.78559792041779
                ],
                [
                    253.95232439041138,
                    30.403241515159607
                ],
                [
                    266.9116258621216,
                    26.642128825187683
                ],
                [
                    266.6466236114502,
                    90.58618545532227
                ]
            ],
            "provenance": "nvisii",
            "quaternion_xyzw": [
                -0.8389236330986023,
                0.20745161175727844,
                -0.045510679483413696,
                -0.5010985136032104
            ],
            "quaternion_xyzw_world": [
                -0.5435299277305603,
                0.7964922189712524,
                -0.08794211596250534,
                0.2498830258846283
            ],
            "segmentation_id": 12,
            "visibility": -1
        },
        {
            "bounding_box_minx_maxx_miny_maxy": [
                -1,
                -1,
                -1,
                -1
            ],
            "class": "2",
            "local_cuboid": null,
            "local_to_world_matrix": [
                [
                    -0.10544443130493164,
                    0.23745152354240417,
                    0.965659499168396,
                    0.0
                ],
                [
                    0.9552367925643921,
                    -0.245735764503479,
                    0.16473177075386047,
                    0.0
                ],
                [
                    0.27641284465789795,
                    0.9398036003112793,
                    -0.2009110450744629,
                    0.0
                ],
                [
                    1.8798094987869263,
                    -0.8531751036643982,
                    -0.7846337556838989,
                    1.0
                ]
            ],
            "location": [
                0.8531751036643982,
                -0.7846337556838989,
                -1.8798094987869263
            ],
            "location_world": [
                1.8798094987869263,
                -0.8531751036643982,
                -0.7846337556838989
            ],
            "name": "google_2_of_Jenga_Classic_Game_12",
            "projected_cuboid": [
                [
                    426.0590672492981,
                    505.84763288497925
                ],
                [
                    425.21899938583374,
                    491.30779504776
                ],
                [
                    519.0792083740234,
                    482.9898178577423
                ],
                [
                    524.0812301635742,
                    497.8037476539612
                ],
                [
                    431.17308616638184,
                    528.6341905593872
                ],
                [
                    430.13080954551697,
                    513.2380723953247
                ],
                [
                    523.7913131713867,
                    505.87618350982666
                ],
                [
                    528.9769172668457,
                    521.6244459152222
                ],
                [
                    475.0300347805023,
                    505.86193799972534
                ]
            ],
            "provenance": "nvisii",
            "quaternion_xyzw": [
                0.4675012528896332,
                0.6478032469749451,
                -0.44618016481399536,
                -0.4033817648887634
            ],
            "quaternion_xyzw_world": [
                0.5790514349937439,
                0.5149319767951965,
                0.536253035068512,
                -0.33462995290756226
            ],
            "segmentation_id": 13,
            "visibility": -1
        },
        {
            "bounding_box_minx_maxx_miny_maxy": [
                -1,
                -1,
                -1,
                -1
            ],
            "class": "2",
            "local_cuboid": null,
            "local_to_world_matrix": [
                [
                    0.033801913261413574,
                    -0.9523085951805115,
                    0.3032585382461548,
