{
    "camera_data": {
        "camera_look_at": {
            "at": [
                1.0,
                0.0,
                0.0
            ],
            "eye": [
                0.0,
                0.0,
                0.0
            ],
            "up": [
                0.0,
                0.0,
                1.0
            ]
        },
        "camera_view_matrix": [
            [
                0.0,
                0.0,
                -1.0,
                0.0
            ],
            [
                -1.0,
                0.0,
                0.0,
                0.0
            ],
            [
                0.0,
                1.0,
                0.0,
                0.0
            ],
            [
                0.0,
                0.0,
                0.0,
                1.0
            ]
        ],
        "height": 500,
        "intrinsics": {
            "cx": 250.0,
            "cy": 250.0,
            "fx": 603.5535278320312,
            "fy": 603.5535278320312
        },
        "location_world": [
            0.0,
            0.0,
            0.0
        ],
        "quaternion_world_xyzw": [
            0.5,
            -0.5,
            -0.5,
            0.5
        ],
        "width": 500
    },
    "objects": [
        {
            "bounding_box_minx_maxx_miny_maxy": [
                -1,
                -1,
                -1,
                -1
            ],
            "class": "2",
            "local_cuboid": null,
            "local_to_world_matrix": [
                [
                    -0.20723795890808105,
                    -0.08796334266662598,
                    0.9743279814720154,
                    0.0
                ],
                [
                    -0.5080437660217285,
                    0.8607965111732483,
                    -0.03034643828868866,
                    0.0
                ],
                [
                    -0.8360287547111511,
                    -0.5012901425361633,
                    -0.22307896614074707,
                    0.0
                ],
                [
                    1.9782460927963257,
                    -0.05132896453142166,
                    0.8350253105163574,
                    1.0
                ]
            ],
            "location": [
                0.05132896453142166,
                0.8350253105163574,
                -1.9782460927963257
            ],
            "location_world": [
                1.9782460927963257,
                -0.05132896453142166,
                0.8350253105163574
            ],
            "name": "google_2_of_Jenga_Classic_Game_0",
            "projected_cuboid": [
                [
                    332.06817507743835,
                    -29.632002115249634
                ],
                [
                    308.3958029747009,
                    -35.76254844665527
                ],
                [
                    255.7251751422882,
                    -20.13334631919861
                ],
                [
                    277.6293754577637,
                    -15.091121196746826
                ],
                [
                    328.9327323436737,
                    -0.7369816303253174
                ],
                [
                    305.4071366786957,
                    -6.088972091674805
                ],
                [
                    253.54614853858948,
                    5.722463130950928
                ],
                [
                    275.31853318214417,
                    10.171204805374146
                ],
                [
                    290.5053198337555,
                    -10.918378829956055
                ]
            ],
            "provenance": "nvisii",
            "quaternion_xyzw": [
                0.2656506299972534,
                0.1068427711725235,
                0.6667855978012085,
                0.6880490183830261
            ],
            "quaternion_xyzw_world": [
                0.19687843322753906,
                -0.7568212151527405,
                0.17561498284339905,
                0.5980133414268494
            ],
            "segmentation_id": 1,
            "visibility": -1
        },
        {
            "bounding_box_minx_maxx_miny_maxy": [
                -1,
                -1,
                -1,
                -1
            ],
            "class": "2",
            "local_cuboid": null,
            "local_to_world_matrix": [
                [
                    -0.7807556390762329,
                    0.20887082815170288,
                    -0.5888919830322266,
                    0.0
                ],
                [
                    -0.406727135181427,
                    -0.885352611541748,
                    0.22521987557411194,
                    0.0
                ],
                [
                    -0.4743351638317108,
                    0.4153600037097931,
                    0.7761973142623901,
                    0.0
                ],
                [
                    0.5159021615982056,
                    0.0017913937335833907,
                    0.0697551965713501,
                    1.0
                ]
            ],
            "location": [
                -0.0017913937335833907,
                0.0697551965713501,
                -0.5159021615982056
            ],
            "location_world": [
                0.5159021615982056,
                0.0017913937335833907,
                0.0697551965713501
            ],
            "name": "google_2_of_Jenga_Classic_Game_1",
            "projected_cuboid": [
                [
                    -30.013859272003174,
                    -187.6240074634552
                ],
                [
                    77.76516675949097,
                    -268.09293031692505
                ],
                [
                    285.23942828178406,
                    177.72072553634644
                ],
                [
                    193.00410151481628,
                    205.5128663778305
                ],
                [
                    33.91382098197937,
                    -190.17428159713745
                ],
                [
                    130.33030927181244,
                    -258.19146633148193
                ],
                [
                    299.9204993247986,
                    133.17976891994476
                ],
                [
                    216.8654054403305,
                    160.64901649951935
                ],
                [
                    165.57171940803528,
                    2.5489777326583862
                ]
            ],
            "provenance": "nvisii",
            "quaternion_xyzw": [
                0.15130615234375,
                0.48983556032180786,
                0.6037355065345764,
                -0.6104679107666016
            ],
            "quaternion_xyzw_world": [
                -0.28653082251548767,
                0.1726309210062027,
                0.9276725649833679,
                0.16589850187301636
            ],
            "segmentation_id": 2,
            "visibility": -1
        },
        {
            "bounding_box_minx_maxx_miny_maxy": [
                -1,
                -1,
                -1,
                -1
            ],
            "class": "2",
            "local_cuboid": null,
            "local_to_world_matrix": [
                [
                    0.24894291162490845,
                    0.9680626392364502,
                    0.029701679944992065,
                    0.0
                ],
                [
                    0.0497356653213501,
                    -0.043404459953308105,
                    0.9978188276290894,
                    0.0
                ],
                [
                    0.9672403335571289,
                    -0.24692270159721375,
                    -0.0589524507522583,
                    0.0
                ],
                [
                    1.53664231300354,
                    -0.007424085400998592,
                    0.7275322675704956,
                    1.0
                ]
            ],
            "location": [
                0.007424085400998592,
                0.7275322675704956,
                -1.53664231300354
            ],
            "location_world": [
                1.53664231300354,
                -0.007424085400998592,
                0.7275322675704956
            ],
            "name": "google_2_of_Jenga_Classic_Game_2",
            "projected_cuboid": [
                [
                    263.06670904159546,
                    28.87369692325592
                ],
                [
                    264.24476504325867,
                    1.6095340251922607
                ],
                [
                    238.73256146907806,
                    -50.41998624801636
                ],
                [
                    237.2695952653885,
                    -18.309473991394043
                ],
                [
                    288.71259093284607,
                    27.25335955619812
                ],
                [
                    289.84397649765015,
                    -0.3026425838470459
                ],
                [
                    268.73454451560974,
                    -53.35381627082825
                ],
                [
                    267.3353850841522,
                    -20.83781361579895
                ],
                [
                    265.6489908695221,
                    -8.589506149291992
                ]
            ],
            "provenance": "nvisii",
            "quaternion_xyzw": [
                0.018431276082992554,
                0.9916050434112549,
                -0.02740207314491272,
                0.12501592934131622
            ],
            "quaternion_xyzw_world": [
                0.5812271237373352,
                0.4377799332141876,
                0.42880913615226746,
                0.5353937745094299
            ],
            "segmentation_id": 3,
            "visibility": -1
        },
        {
            "bounding_box_minx_maxx_miny_maxy": [
                -1,
                -1,
                -1,
                -1
            ],
            "class": "2",
            "local_cuboid": null,
            "local_to_world_matrix": [
                [
                    -0.30787229537963867,
                    0.7481597661972046,
                    0.5877683758735657,
                    0.0
                ],
                [
                    -0.541340708732605,
                    -0.6457769870758057,
                    0.538444459438324,
                    0.0
                ],
                [
                    0.7824097275733948,
                    -0.15241087973117828,
                    0.6038260459899902,
                    0.0
                ],
                [
                    1.3347506523132324,
                    0.1811235249042511,
                    0.3324967920780182,
                    1.0
                ]
            ],
            "location": [
                -0.1811235249042511,
                0.3324967920780182,
                -1.3347506523132324
            ],
            "location_world": [
                1.3347506523132324,
                0.1811235249042511,
                0.3324967920780182
            ],
            "name": "google_2_of_Jenga_Classic_Game_3",
            "projected_cuboid": [
                [
                    175.8473813533783,
                    54.712697863578796
                ],
                [
                    195.16345858573914,
                    30.91713786125183
                ],
                [
                    164.84913229942322,
                    74.29637014865875
                ],
                [
                    143.2819366455078,
                    100.66008567810059
                ],
                [
                    199.26126301288605,
                    75.18941164016724
                ],
                [
                    218.96451711654663,
                    52.3688942193985
                ],
                [
                    193.31440329551697,
                    98.65507483482361
                ],
                [
                    171.17971181869507,
                    123.73848259449005
                ],
                [
                    183.82765352725983,
                    74.78886842727661
                ]
            ],
            "provenance": "nvisii",
            "quaternion_xyzw": [
                0.35206732153892517,
                0.8759300708770752,
                0.32684314250946045,
                -0.04437035322189331
            ],
            "quaternion_xyzw_world": [
                0.4283919632434845,
                0.12069501727819443,
                0.7996054291725159,
                0.4031677544116974
            ],
            "segmentation_id": 4,
            "visibility": -1
        },
        {
            "bounding_box_minx_maxx_miny_maxy": [
                -1,
                -1,
                -1,
                -1
            ],
            "class": "2",
            "local_cuboid": null,
            "local_to_world_matrix": [
                [
                    0.041658997535705566,
                    -0.15504275262355804,
                    0.9870290160179138,
                    0.0
                ],
                [
                    -0.5958157777786255,
                    0.7891579270362854,
                    0.149108424782753,
                    0.0
                ],
                [
                    -0.8020399212837219,
                    -0.5942991971969604,
                    -0.05950140953063965,
                    0.0
                ],
                [
                    1.8357659578323364,
                    0.2791939377784729,
                    0.6727481484413147,
                    1.0
                ]
            ],
            "location": [
                -0.2791939377784729,
                0.6727481484413147,
                -1.8357659578323364
            ],
            "location_world": [
                1.8357659578323364,
                0.2791939377784729,
                0.6727481484413147
            ],
            "name": "google_2_of_Jenga_Classic_Game_4",
            "projected_cuboid": [
                [
                    225.48319399356842,
                    -5.008965730667114
                ],
                [
                    199.21496510505676,
                    -17.954766750335693
                ],
                [
                    147.9668915271759,
                    10.895773768424988
                ],
                [
                    172.3153591156006,
                    21.43394947052002
                ],
                [
                    220.89090943336487,
                    23.39489758014679
                ],
                [
                    194.42115724086761,
                    11.329591274261475
                ],
                [
                    143.70083808898926,
                    36.43999993801117
                ],
                [
                    168.20776462554932,
                    46.305641531944275
                ],
                [
                    182.4425756931305,
                    16.804859042167664
                ]
            ],
            "provenance": "nvisii",
            "quaternion_xyzw": [
                0.22577333450317383,
                0.21910369396209717,
                0.6119413375854492,
                0.7256361246109009
            ],
            "quaternion_xyzw_world": [
                0.27928590774536133,
                -0.6721235513687134,
                0.16559112071990967,
                0.6654539108276367
            ],
            "segmentation_id": 5,
            "visibility": -1
        },
        {
            "bounding_box_minx_maxx_miny_maxy": [
                -1,
                -1,
                -1,
                -1
            ],
            "class": "2",
            "local_cuboid": null,
            "local_to_world_matrix": [
                [
                    -0.8845758438110352,
                    -0.3942018747329712,
                    -0.2492614984512329,
                    0.0
                ],
                [
                    -0.04374191164970398,
                    0.6022040843963623,
                    -0.7971430420875549,
                    0.0
                ],
                [
                    0.46434152126312256,
                    -0.6942300200462341,
                    -0.5499385595321655,
                    0.0
                ],
                [
                    0.3527868390083313,
                    0.5345743298530579,
                    -0.36479583382606506,
                    1.0
                ]
            ],
            "location": [
                -0.5345743298530579,
                -0.36479583382606506,
                -0.3527868390083313
            ],
            "location_world": [
                0.3527868390083313,
                0.5345743298530579,
                -0.36479583382606506
            ],
            "name": "google_2_of_Jenga_Classic_Game_5",
            "projected_cuboid": [
                [
                    -135.41433215141296,
                    914.7617220878601
                ],
                [
                    -206.50887489318848,
                    1010.134220123291
                ],
                [
                    -789.6357774734497,
                    1029.583215713501
                ],
                [
                    -681.6495060920715,
                    893.531858921051
                ],
                [
                    -119.94180083274841,
                    803.835391998291
                ],
                [
                    -181.41326308250427,
                    885.6599926948547
                ],
                [
                    -650.2593755722046,
                    857.836663722992
                ],
                [
                    -562.9389882087708,
                    747.7855682373047
                ],
                [
                    -371.55604362487793,
                    888.6523246765137
                ]
            ],
            "provenance": "nvisii",
            "quaternion_xyzw": [
                -0.8148139119148254,
                0.2612454891204834,
                -0.48440682888031006,
                -0.18215210735797882
            ],
            "quaternion_xyzw_world": [
                -0.1256568282842636,
                0.8713091611862183,
                -0.42791154980659485,
                0.20475023984909058
            ],
            "segmentation_id": 6,
            "visibility": -1
        },
        {
            "bounding_box_minx_maxx_miny_maxy": [
                -1,
                -1,
                -1,
                -1
            ],
            "class": "2",
            "local_cuboid": null,
            "local_to_world_matrix": [
                [
                    0.5930963754653931,
                    0.5582299828529358,
                    0.5801862478256226,
                    0.0
                ],
                [
                    0.8045727610588074,
                    -0.4377753734588623,
                    -0.4012679159641266,
                    0.0
                ],
                [
                    0.029991358518600464,
                    0.7047926187515259,
                    -0.7087796926498413,
                    0.0
                ],
                [
                    0.8732903599739075,
                    0.41210824251174927,
                    -0.1669335812330246,
                    1.0
                ]
            ],
            "location": [
                -0.41210824251174927,
                -0.1669335812330246,
                -0.8732903599739075
            ],
            "location_world": [
                0.8732903599739075,
                0.41210824251174927,
                -0.1669335812330246
            ],
            "name": "google_2_of_Jenga_Classic_Game_6",
            "projected_cuboid": [
                [
                    -206.06166124343872,
                    481.423944234848
                ],
                [
                    -149.32861924171448,
                    486.4566922187805
                ],
                [
                    -19.570887088775635,
                    354.41046953201294
                ],
                [
                    -66.66144728660583,
                    338.92786502838135
                ],
                [
                    -199.70658421516418,
                    528.0520915985107
                ],
                [
                    -140.48340916633606,
                    529.7996401786804
                ],
                [
                    -3.7689507007598877,
                    391.19285345077515
                ],
                [
                    -52.24418640136719,
                    377.885103225708
                ],
                [
                    -104.20149564743042,
                    435.98994612693787
                ]
            ],
            "provenance": "nvisii",
            "quaternion_xyzw": [
                0.4671802520751953,
                0.5447369813919067,
                -0.6945334672927856,
                -0.05126142501831055
            ],
            "quaternion_xyzw_world": [
                0.8275946378707886,
                0.4116758108139038,
                0.18432262539863586,
                -0.33411905169487
            ],
            "segmentation_id": 7,
            "visibility": -1
        },
        {
            "bounding_box_minx_maxx_miny_maxy": [
                -1,
                -1,
                -1,
                -1
            ],
            "class": "2",
            "local_cuboid": null,
            "local_to_world_matrix": [
                [
                    -0.264992356300354,
                    -0.9359121918678284,
                    0.23205064237117767,
                    0.0
                ],
                [
                    -0.9336207509040833,
                    0.3092081546783447,
                    0.18094946444034576,
                    0.0
                ],
                [
                    -0.24110476672649384,
                    -0.1686970740556717,
                    -0.955724835395813,
                    0.0
                ],
                [
                    1.2513713836669922,
                    0.18229134380817413,
                    0.3987066447734833,
                    1.0
                ]
            ],
            "location": [
                -0.18229134380817413,
                0.3987066447734833,
                -1.2513713836669922
            ],
            "location_world": [
                1.2513713836669922,
                0.18229134380817413,
                0.3987066447734833
            ],
            "name": "google_2_of_Jenga_Classic_Game_7",
            "projected_cuboid": [
                [
                    208.5709571838379,
                    189.62082266807556
                ],
                [
                    191.75201654434204,
                    177.2598922252655
                ],
                [
                    170.41391134262085,
                    41.29384458065033
                ],
                [
                    187.62151896953583,
                    61.34636700153351
                ],
                [
                    173.071026802063,
                    199.62263107299805
                ],
                [
                    154.12798523902893,
                    188.1704181432724
                ],
                [
                    135.32233238220215,
                    53.90086770057678
                ],
                [
                    154.37941253185272,
                    72.86752760410309
                ],
                [
                    171.75844311714172,
                    121.41218781471252
                ]
            ],
            "provenance": "nvisii",
            "quaternion_xyzw": [
                -0.6151946783065796,
                0.03135494887828827,
                -0.1762407124042511,
                -0.7677835822105408
            ],
            "quaternion_xyzw_world": [
                -0.5876913070678711,
                0.7952869534492493,
                0.0038515664637088776,
                -0.1487373262643814
            ],
            "segmentation_id": 8,
            "visibility": -1
        },
        {
            "bounding_box_minx_maxx_miny_maxy": [
                -1,
                -1,
                -1,
                -1
            ],
            "class": "2",
            "local_cuboid": null,
            "local_to_world_matrix": [
                [
                    0.9099278450012207,
                    0.4010683298110962,
                    -0.10571443289518356,
                    0.0
                ],
                [
                    0.4012150764465332,
                    -0.9157472848892212,
                    -0.020815491676330566,
                    0.0
                ],
                [
                    -0.10515614598989487,
                    -0.023473631590604782,
                    -0.9941786527633667,
                    0.0
                ],
                [
                    0.1807859092950821,
                    -0.46532142162323,
                    0.45377233624458313,
                    1.0
                ]
            ],
            "location": [
                0.46532142162323,
                0.45377233624458313,
                -0.1807859092950821
            ],
            "location_world": [
                0.1807859092950821,
                -0.46532142162323,
                0.45377233624458313
            ],
            "name": "google_2_of_Jenga_Classic_Game_8",
            "projected_cuboid": [
                [
                    1741.7317628860474,
                    -321.7451572418213
                ],
                [
                    1722.6676940917969,
                    -221.03819251060486
                ],
                [
                    1511.2980604171753,
                    -909.4496965408325
                ],
                [
                    1491.573691368103,
                    -1111.4479303359985
                ],
                [
                    3039.701223373413,
                    -795.7131862640381
                ],
                [
                    2674.7539043426514,
                    -517.3692107200623
                ],
                [
                    2188.873767852783,
                    -1454.9301862716675
                ],
                [
                    2337.5208377838135,
                    -1914.7310256958008
                ],
                [
                    1960.4449272155762,
                    -876.0261535644531
                ]
            ],
            "provenance": "nvisii",
            "quaternion_xyzw": [
                0.3586750030517578,
                0.564600944519043,
                -0.6178672909736633,
                0.4133014380931854
            ],
            "quaternion_xyzw_world": [
                0.9772223234176636,
                0.20524588227272034,
                -0.053946420550346375,
                0.0006800243863835931
            ],
            "segmentation_id": 9,
            "visibility": -1
        },
        {
            "bounding_box_minx_maxx_miny_maxy": [
                -1,
                -1,
                -1,
                -1
            ],
            "class": "2",
            "local_cuboid": null,
            "local_to_world_matrix": [
                [
                    0.09129512310028076,
                    -0.9524369239807129,
                    0.2907390594482422,
                    0.0
                ],
                [
                    0.9956189393997192,
                    0.08137613534927368,
                    -0.046053290367126465,
                    0.0
                ],
                [
                    0.020203635096549988,
                    0.293669730424881,
                    0.9556934237480164,
                    0.0
                ],
                [
                    1.9362938404083252,
                    -0.6468258500099182,
                    -0.48351743817329407,
                    1.0
                ]
            ],
            "location": [
                0.6468258500099182,
                -0.48351743817329407,
                -1.9362938404083252
            ],
            "location_world": [
                1.9362938404083252,
                -0.6468258500099182,
                -0.48351743817329407
            ],
            "name": "google_2_of_Jenga_Classic_Game_9",
            "projected_cuboid": [
                [
                    440.8668875694275,
                    310.5388283729553
                ],
                [
                    430.7084083557129,
                    309.15921926498413
                ],
                [
                    457.36944675445557,
                    394.34778690338135
                ],
                [
                    468.7406122684479,
                    399.5053172111511
                ],
                [
                    417.68065094947815,
                    318.0677592754364
                ],
                [
                    408.46937894821167,
                    316.3635730743408
                ],
                [
                    435.1612627506256,
                    401.88437700271606
                ],
                [
                    445.5881118774414,
                    407.3966443538666
                ],
                [
                    437.9618763923645,
                    357.04728960990906
                ]
            ],
            "provenance": "nvisii",
            "quaternion_xyzw": [
                -0.7104036808013916,
                -0.0736774206161499,
                0.13547396659851074,
                0.6866913437843323
            ],
            "quaternion_xyzw_world": [
                -0.11643189191818237,
                -0.09271950274705887,
                -0.6676492691040039,
                0.7294458150863647
            ],
            "segmentation_id": 10,
            "visibility": -1
        },
        {
            "bounding_box_minx_maxx_miny_maxy": [
                -1,
                -1,
                -1,
                -1
            ],
            "class": "2",
            "local_cuboid": null,
            "local_to_world_matrix": [
                [
                    0.44565701484680176,
                    0.4050520658493042,
                    0.7983248829841614,
                    0.0
                ],
                [
                    0.731277585029602,
                    0.349659264087677,
                    -0.5856376886367798,
                    0.0
                ],
                [
                    -0.5163554549217224,
                    0.8447906970977783,
                    -0.14037728309631348,
                    0.0
                ],
                [
                    1.8871188163757324,
                    -0.5947273969650269,
                    -0.46565908193588257,
                    1.0
                ]
            ],
            "location": [
                0.5947273969650269,
                -0.46565908193588257,
                -1.8871188163757324
            ],
            "location_world": [
                1.8871188163757324,
                -0.5947273969650269,
                -0.46565908193588257
            ],
            "name": "google_2_of_Jenga_Classic_Game_10",
            "projected_cuboid": [
                [
                    371.47316336631775,
                    407.79104828834534
                ],
                [
                    357.2857677936554,
                    419.0548062324524
                ],
                [
                    425.8725941181183,
                    393.09513568878174
                ],
                [
                    441.1781430244446,
                    381.88251852989197
                ],
                [
                    385.4297995567322,
                    433.5983395576477
                ],
                [
                    370.4647421836853,
                    444.1775679588318
                ],
                [
                    439.2744302749634,
                    415.74376821517944
                ],
                [
                    455.3227126598358,
                    405.07739782333374
                ],
                [
                    407.0337414741516,
                    411.9621217250824
                ]
            ],
            "provenance": "nvisii",
            "quaternion_xyzw": [
                -0.40750160813331604,
                -0.27525392174720764,
                0.7916826009750366,
                0.36251404881477356
            ],
            "quaternion_xyzw_world": [
                -0.5559620261192322,
                -0.5109744668006897,
                -0.1267934888601303,
                0.6432221531867981
            ],
            "segmentation_id": 11,
            "visibility": -1
        },
        {
            "bounding_box_minx_maxx_miny_maxy": [
                -1,
                -1,
                -1,
                -1
            ],
            "class": "2",
            "local_cuboid": null,
            "local_to_world_matrix": [
                [
                    0.7123700976371765,
                    0.45745909214019775,
                    -0.532221794128418,
                    0.0
                ],
                [
                    0.5762081146240234,
                    -0.8141747713088989,
                    0.0714397132396698,
                    0.0
                ],
                [
                    -0.4006408452987671,
                    -0.35756203532218933,
                    -0.8435853719711304,
                    0.0
                ],
                [
                    1.200051188468933,
                    -0.4307176172733307,
                    0.7028133869171143,
                    1.0
                ]
            ],
            "location": [
                0.4307176172733307,
                0.7028133869171143,
                -1.200051188468933
            ],
            "location_world": [
                1.200051188468933,
                -0.4307176172733307,
                0.7028133869171143
            ],
            "name": "google_2_of_Jenga_Classic_Game_11",
            "projected_cuboid": [
                [
                    518.0908441543579,
                    9.857892990112305
                ],
                [
                    543.1468486785889,
                    16.941696405410767
                ],
                [
                    465.42438864707947,
                    -80.02671599388123
                ],
                [
                    439.6628737449646,
                    -90.34103155136108
                ],
                [
                    553.8445711135864,
                    -27.82580256462097
                ],
                [
                    578.593373298645,
                    -18.67431402206421
                ],
                [
                    493.7520921230316,
                    -116.71385169029236
                ],
                [
                    467.93001890182495,
                    -129.0886402130127
                ],
                [
                    505.33783435821533,
                    -56.462883949279785
                ]
            ],
            "provenance": "nvisii",
            "quaternion_xyzw": [
                0.13272187113761902,
                0.531097412109375,
                -0.6683300733566284,
                0.5036420822143555
            ],
            "quaternion_xyzw_world": [
                0.9178957343101501,
                0.28153175115585327,
                -0.25407642126083374,
                0.1168438121676445
            ],
            "segmentation_id": 12,
            "visibility": -1
        },
        {
            "bounding_box_minx_maxx_miny_maxy": [
                -1,
                -1,
                -1,
                -1
            ],
            "class": "2",
            "local_cuboid": null,
            "local_to_world_matrix": [
                [
                    0.7511144876480103,
                    -0.33487775921821594,
                    -0.5689322352409363,
                    0.0
                ],
                [
                    -0.5844288468360901,
                    0.06350976228713989,
                    -0.8089557886123657,
                    0.0
                ],
                [
                    0.30703407526016235,
                    0.9401187896728516,
                    -0.1480090618133545,
                    0.0
                ],
                [
                    1.862717866897583,
                    -0.7333221435546875,
                    -0.7708656787872314,
                    1.0
                ]
            ],
            "location": [
                0.7333221435546875,
                -0.7708656787872314,
                -1.862717866897583
            ],
            "location_world": [
                1.862717866897583,
                -0.7333221435546875,
                -0.7708656787872314
            ],
            "name": "google_2_of_Jenga_Classic_Game_12",
            "projected_cuboid": [
                [
                    392.744243144989,
                    491.3208782672882
                ],
                [
                    394.6894407272339,
                    518.4673070907593
                ],
                [
                    490.37855863571167,
                    517.3877477645874
                ],
                [
                    485.879123210907,
                    488.99906873703003
                ],
                [
                    388.9000415802002,
                    484.75366830825806
                ],
                [
                    390.80607891082764,
                    512.5768184661865
                ],
                [
                    489.43793773651123,
                    511.16979122161865
                ],
                [
                    484.8198890686035,
                    482.04079270362854
                ],
                [
                    438.5783076286316,
                    500.729501247406
                ]
            ],
            "provenance": "nvisii",
            "quaternion_xyzw": [
                -0.7827622890472412,
                0.20199042558670044,
                0.5401490330696106,
                -0.23392730951309204
            ],
            "quaternion_xyzw_world": [
                -0.6774241328239441,
                0.33926552534103394,
                0.09665221720933914,
                0.6454872488975525
            ],
            "segmentation_id": 13,
            "visibility": -1
        },
        {
            "bounding_box_minx_maxx_miny_maxy": [
                -1,
                -1,
                -1,
                -1
            ],
            "class": "2",
            "local_cuboid": null,
            "local_to_world_matrix": [
                [
                    -0.510348916053772,
                    0.27806469798088074,
