{
    "camera_data": {
        "camera_look_at": {
            "at": [
                1.0,
                0.0,
                0.0
            ],
            "eye": [
                0.0,
                0.0,
                0.0
            ],
            "up": [
                0.0,
                0.0,
                1.0
            ]
        },
        "camera_view_matrix": [
            [
                0.0,
                0.0,
                -1.0,
                0.0
            ],
            [
                -1.0,
                0.0,
                0.0,
                0.0
            ],
            [
                0.0,
                1.0,
                0.0,
                0.0
            ],
            [
                0.0,
                0.0,
                0.0,
                1.0
            ]
        ],
        "height": 500,
        "intrinsics": {
            "cx": 250.0,
            "cy": 250.0,
            "fx": 603.5535278320312,
            "fy": 603.5535278320312
        },
        "location_world": [
            0.0,
            0.0,
            0.0
        ],
        "quaternion_world_xyzw": [
            0.5,
            -0.5,
            -0.5,
            0.5
        ],
        "width": 500
    },
    "objects": [
        {
            "bounding_box_minx_maxx_miny_maxy": [
                -1,
                -1,
                -1,
                -1
            ],
            "class": "2",
            "local_cuboid": null,
            "local_to_world_matrix": [
                [
                    -0.40209949016571045,
                    -0.14732807874679565,
                    0.9036653637886047,
                    0.0
                ],
                [
                    -0.033080942928791046,
                    0.9886624813079834,
                    0.14646565914154053,
                    0.0
                ],
                [
                    -0.914998471736908,
                    0.028999637812376022,
                    -0.4024144411087036,
                    0.0
                ],
                [
                    1.9934695959091187,
                    -0.23865985870361328,
                    0.8471214771270752,
                    1.0
                ]
            ],
            "location": [
                0.23865985870361328,
                0.8471214771270752,
                -1.9934695959091187
            ],
            "location_world": [
                1.9934695959091187,
                -0.23865985870361328,
                0.8471214771270752
            ],
            "name": "google_2_of_Jenga_Classic_Game_0",
            "projected_cuboid": [
                [
                    347.9406237602234,
                    -17.62506365776062
                ],
                [
                    318.61767172813416,
                    -22.43030071258545
                ],
                [
                    311.92466616630554,
                    -21.485060453414917
                ],
                [
                    337.2969329357147,
                    -17.3301100730896
                ],
                [
                    342.13531017303467,
                    11.922389268875122
                ],
                [
                    313.33738565444946,
                    7.252156734466553
                ],
                [
                    307.4529469013214,
                    4.2315274477005005
                ],
                [
                    332.4311673641205,
                    8.285224437713623
                ],
                [
                    326.08479261398315,
                    -5.826503038406372
                ]
            ],
            "provenance": "nvisii",
            "quaternion_xyzw": [
                0.1465129256248474,
                -0.14503389596939087,
                0.6366327404975891,
                0.7431003451347351
            ],
            "quaternion_xyzw_world": [
                0.05397330969572067,
                -0.8356399536132812,
                -0.05249428749084473,
                0.544093132019043
            ],
            "segmentation_id": 1,
            "visibility": -1
        },
        {
            "bounding_box_minx_maxx_miny_maxy": [
                -1,
                -1,
                -1,
                -1
            ],
            "class": "2",
            "local_cuboid": null,
            "local_to_world_matrix": [
                [
                    -0.3649517297744751,
                    0.360938161611557,
                    -0.8582159280776978,
                    0.0
                ],
                [
                    -0.5870727896690369,
                    -0.8046537637710571,
                    -0.08876213431358337,
                    0.0
                ],
                [
                    -0.7226039171218872,
                    0.47144123911857605,
                    0.5055561065673828,
                    0.0
                ],
                [
                    0.4403209984302521,
                    0.12734226882457733,
                    0.04837165027856827,
                    1.0
                ]
            ],
            "location": [
                -0.12734226882457733,
                0.04837165027856827,
                -0.4403209984302521
            ],
            "location_world": [
                0.4403209984302521,
                0.12734226882457733,
                0.04837165027856827
            ],
            "name": "google_2_of_Jenga_Classic_Game_1",
            "projected_cuboid": [
                [
                    -538.9330983161926,
                    -167.9413914680481
                ],
                [
                    -528.9433002471924,
                    -253.13234329223633
                ],
                [
                    88.07405829429626,
                    233.76066982746124
                ],
                [
                    14.903709292411804,
                    225.51068663597107
                ],
                [
                    -390.3106451034546,
                    -275.33096075057983
                ],
                [
                    -347.97579050064087,
                    -373.63749742507935
                ],
                [
                    138.88637721538544,
                    139.8106813430786
                ],
                [
                    64.85630571842194,
                    141.76815748214722
                ],
                [
                    -103.71357202529907,
                    29.662445187568665
                ]
            ],
            "provenance": "nvisii",
            "quaternion_xyzw": [
                -0.036125827580690384,
                0.3706657290458679,
                0.7369369864463806,
                -0.5641151666641235
            ],
            "quaternion_xyzw_world": [
                -0.48325613141059875,
                0.11698488146066666,
                0.8177960515022278,
                0.28980666399002075
            ],
            "segmentation_id": 2,
            "visibility": -1
        },
        {
            "bounding_box_minx_maxx_miny_maxy": [
                -1,
                -1,
                -1,
                -1
            ],
            "class": "2",
            "local_cuboid": null,
            "local_to_world_matrix": [
                [
                    0.8196311593055725,
                    0.5127648115158081,
                    0.2554939091205597,
                    0.0
                ],
                [
                    -0.05491846799850464,
                    -0.37359392642974854,
                    0.9259656667709351,
                    0.0
                ],
                [
                    0.5702533721923828,
                    -0.7729816436767578,
                    -0.278049111366272,
                    0.0
                ],
                [
                    1.2793219089508057,
                    -0.17698673903942108,
                    0.7113150358200073,
                    1.0
                ]
            ],
            "location": [
                0.17698673903942108,
                0.7113150358200073,
                -1.2793219089508057
            ],
            "location_world": [
                1.2793219089508057,
                -0.17698673903942108,
                0.7113150358200073
            ],
            "name": "google_2_of_Jenga_Classic_Game_2",
            "projected_cuboid": [
                [
                    399.51983094215393,
                    4.976823925971985
                ],
                [
                    412.88986802101135,
                    -27.766883373260498
                ],
                [
                    329.53229546546936,
                    -100.54260492324829
                ],
                [
                    314.7614598274231,
                    -63.39111924171448
                ],
                [
                    423.5910475254059,
                    2.379119396209717
                ],
                [
                    437.6528263092041,
                    -31.873375177383423
                ],
                [
                    353.27884554862976,
                    -108.9792549610138
                ],
                [
                    337.6554250717163,
                    -69.87369060516357
                ],
                [
                    378.40041518211365,
                    -47.06978797912598
                ]
            ],
            "provenance": "nvisii",
            "quaternion_xyzw": [
                0.1813305914402008,
                0.8673211932182312,
                -0.06431594491004944,
                0.4590609669685364
            ],
            "quaternion_xyzw_world": [
                0.7860143184661865,
                0.14562277495861053,
                0.2626374661922455,
                0.5403677821159363
            ],
            "segmentation_id": 3,
            "visibility": -1
        },
        {
            "bounding_box_minx_maxx_miny_maxy": [
                -1,
                -1,
                -1,
                -1
            ],
            "class": "2",
            "local_cuboid": null,
            "local_to_world_matrix": [
                [
                    -0.33518171310424805,
                    0.6747509837150574,
                    0.6575441360473633,
                    0.0
                ],
                [
                    0.6734554171562195,
                    -0.3164808750152588,
                    0.6680551767349243,
                    0.0
                ],
                [
                    0.658871054649353,
                    0.6667464971542358,
                    -0.34833598136901855,
                    0.0
                ],
                [
                    1.359102725982666,
                    0.1719338297843933,
                    0.38310107588768005,
                    1.0
                ]
            ],
            "location": [
                -0.1719338297843933,
                0.38310107588768005,
                -1.359102725982666
            ],
            "location_world": [
                1.359102725982666,
                0.1719338297843933,
                0.38310107588768005
            ],
            "name": "google_2_of_Jenga_Classic_Game_3",
            "projected_cuboid": [
                [
                    87.44286000728607,
                    138.45497369766235
                ],
                [
                    103.63723337650299,
                    120.77321112155914
                ],
                [
                    168.67178678512573,
                    57.991594076156616
                ],
                [
                    152.91884541511536,
                    75.54648816585541
                ],
                [
                    111.15176975727081,
                    160.7527732849121
                ],
                [
                    126.23119354248047,
                    142.56861805915833
                ],
                [
                    193.14244389533997,
                    83.96664261817932
                ],
                [
                    178.73483896255493,
                    102.27523744106293
                ],
                [
                    138.31079006195068,
                    112.23246157169342
                ]
            ],
            "provenance": "nvisii",
            "quaternion_xyzw": [
                0.28109824657440186,
                0.8662674427032471,
                -0.2948833703994751,
                -0.2891509532928467
            ],
            "quaternion_xyzw_world": [
                0.5765490531921387,
                0.5846017599105835,
                0.5708166360855103,
                0.0005674386047758162
            ],
            "segmentation_id": 4,
            "visibility": -1
        },
        {
            "bounding_box_minx_maxx_miny_maxy": [
                -1,
                -1,
                -1,
                -1
            ],
            "class": "2",
            "local_cuboid": null,
            "local_to_world_matrix": [
                [
                    0.9004139304161072,
                    -0.4218341112136841,
                    0.10635197162628174,
                    0.0
                ],
                [
                    -0.036532700061798096,
                    0.17028510570526123,
                    0.9847173690795898,
                    0.0
                ],
                [
                    -0.4334975481033325,
                    -0.8905385732650757,
                    0.13791638612747192,
                    0.0
                ],
                [
                    1.8668607473373413,
                    0.28088822960853577,
                    0.7074607610702515,
                    1.0
                ]
            ],
            "location": [
                -0.28088822960853577,
                0.7074607610702515,
                -1.8668607473373413
            ],
            "location_world": [
                1.8668607473373413,
                0.28088822960853577,
                0.7074607610702515
            ],
            "name": "google_2_of_Jenga_Classic_Game_4",
            "projected_cuboid": [
                [
                    251.04030966758728,
                    8.774980902671814
                ],
                [
                    246.15077674388885,
                    -19.929975271224976
                ],
                [
                    163.811594247818,
                    10.843008756637573
                ],
                [
                    168.5093641281128,
                    37.58901357650757
                ],
                [
                    239.31241035461426,
                    1.7005354166030884
                ],
                [
                    234.1977059841156,
                    -28.214365243911743
                ],
                [
                    149.48934316635132,
                    4.326477646827698
                ],
                [
                    154.393270611763,
                    32.11994469165802
                ],
                [
                    199.52571392059326,
                    6.518334150314331
                ]
            ],
            "provenance": "nvisii",
            "quaternion_xyzw": [
                -0.03007979691028595,
                0.531362771987915,
                0.08207622170448303,
                0.8426222801208496
            ],
            "quaternion_xyzw_world": [
                0.6309145092964172,
                -0.18162794411182404,
                -0.12963150441646576,
                0.7430705428123474
            ],
            "segmentation_id": 5,
            "visibility": -1
        },
        {
            "bounding_box_minx_maxx_miny_maxy": [
                -1,
                -1,
                -1,
                -1
            ],
            "class": "2",
            "local_cuboid": null,
            "local_to_world_matrix": [
                [
                    -0.26828861236572266,
                    -0.15587297081947327,
                    0.9506443738937378,
                    0.0
                ],
                [
                    -0.7821877002716064,
                    -0.5407806634902954,
                    -0.30941662192344666,
                    0.0
                ],
                [
                    0.5623198747634888,
                    -0.8265953063964844,
                    0.023163437843322754,
                    0.0
                ],
                [
                    0.3213746249675751,
                    0.532814085483551,
                    -0.4272407591342926,
                    1.0
                ]
            ],
            "location": [
                -0.532814085483551,
                -0.4272407591342926,
                -0.3213746249675751
            ],
            "location_world": [
                0.3213746249675751,
                0.532814085483551,
                -0.4272407591342926
            ],
            "name": "google_2_of_Jenga_Classic_Game_5",
            "projected_cuboid": [
                [
                    -115.94444513320923,
                    689.4180178642273
                ],
                [
                    -108.27463865280151,
                    790.742039680481
                ],
                [
                    -844.6769714355469,
                    1125.1604557037354
                ],
                [
                    -714.5620584487915,
                    911.199688911438
                ],
                [
                    -115.33308029174805,
                    757.3660612106323
                ],
                [
                    -107.9266369342804,
                    863.7487292289734
                ],
                [
                    -792.006254196167,
                    1214.6027088165283
                ],
                [
                    -678.9661645889282,
                    996.8642592430115
                ],
                [
                    -366.38158559799194,
                    883.9650750160217
                ]
            ],
            "provenance": "nvisii",
            "quaternion_xyzw": [
                0.7119708061218262,
                0.5236960649490356,
                0.3844553828239441,
                0.2665223181247711
            ],
            "quaternion_xyzw_world": [
                0.5588668584823608,
                -0.4196261763572693,
                0.6767999529838562,
                0.23135149478912354
            ],
            "segmentation_id": 6,
            "visibility": -1
        },
        {
            "bounding_box_minx_maxx_miny_maxy": [
                -1,
                -1,
                -1,
                -1
            ],
            "class": "2",
            "local_cuboid": null,
            "local_to_world_matrix": [
                [
                    -0.8029608726501465,
                    0.5534499883651733,
                    0.22123929858207703,
                    0.0
                ],
                [
                    0.589232325553894,
                    0.6811835169792175,
                    0.4345046281814575,
                    0.0
                ],
                [
                    0.08977203816175461,
                    0.47925156354904175,
                    -0.8730742931365967,
                    0.0
                ],
                [
                    0.6853240728378296,
                    0.3310161530971527,
                    -0.2333381175994873,
                    1.0
                ]
            ],
            "location": [
                -0.3310161530971527,
                -0.2333381175994873,
                -0.6853240728378296
            ],
            "location_world": [
                0.6853240728378296,
                0.3310161530971527,
                -0.2333381175994873
            ],
            "name": "google_2_of_Jenga_Classic_Game_6",
            "projected_cuboid": [
                [
                    -177.5991916656494,
                    708.8887691497803
                ],
                [
                    -196.67044281959534,
                    645.0716257095337
                ],
                [
                    -89.41170573234558,
                    433.4943890571594
                ],
                [
                    -61.057835817337036,
                    483.23118686676025
                ],
                [
                    -103.20979356765747,
                    683.0878257751465
                ],
                [
                    -125.52693486213684,
                    626.2048482894897
                ],
                [
                    -24.91164207458496,
                    432.0260286331177
                ],
                [
                    5.4839253425598145,
                    477.1052598953247
                ],
                [
                    -96.50734066963196,
                    561.847984790802
                ]
            ],
            "provenance": "nvisii",
            "quaternion_xyzw": [
                -0.15954414010047913,
                0.7207160592079163,
                -0.507240891456604,
                -0.44477033615112305
            ],
            "quaternion_xyzw_world": [
                0.31182125210762024,
                0.9161357283592224,
                0.2493506669998169,
                -0.03587548807263374
            ],
            "segmentation_id": 7,
            "visibility": -1
        },
        {
            "bounding_box_minx_maxx_miny_maxy": [
                -1,
                -1,
                -1,
                -1
            ],
            "class": "2",
            "local_cuboid": null,
            "local_to_world_matrix": [
                [
                    -0.7236342430114746,
                    -0.6669086813926697,
                    -0.17772504687309265,
                    0.0
                ],
                [
                    -0.6901184916496277,
                    0.7027020454406738,
                    0.17304977774620056,
                    0.0
                ],
                [
                    0.009479351341724396,
                    0.2478761076927185,
                    -0.968745231628418,
                    0.0
                ],
                [
                    1.319960594177246,
                    0.11214985698461533,
                    0.4067830443382263,
                    1.0
                ]
            ],
            "location": [
                -0.11214985698461533,
                0.4067830443382263,
                -1.319960594177246
            ],
            "location_world": [
                1.319960594177246,
                0.11214985698461533,
                0.4067830443382263
            ],
            "name": "google_2_of_Jenga_Classic_Game_7",
            "projected_cuboid": [
                [
                    191.36138260364532,
                    200.06226003170013
                ],
                [
                    160.35273671150208,
                    190.79089164733887
                ],
                [
                    194.77471709251404,
                    55.36496639251709
                ],
                [
                    224.32951629161835,
                    70.63157856464386
                ],
                [
                    170.7840859889984,
                    195.9974467754364
                ],
                [
                    140.20735025405884,
                    186.94722652435303
                ],
                [
                    173.09775948524475,
                    57.3725700378418
                ],
                [
                    202.34480500221252,
                    71.92167639732361
                ],
                [
                    182.24328756332397,
                    128.82423400878906
                ]
            ],
            "provenance": "nvisii",
            "quaternion_xyzw": [
                -0.6130534410476685,
                0.3590335547924042,
                -0.19401167333126068,
                -0.676476001739502
            ],
            "quaternion_xyzw_world": [
                -0.3682421147823334,
                0.9212873578071594,
                0.1142222061753273,
                0.05079967901110649
            ],
            "segmentation_id": 8,
            "visibility": -1
        },
        {
            "bounding_box_minx_maxx_miny_maxy": [
                -1,
                -1,
                -1,
                -1
            ],
            "class": "2",
            "local_cuboid": null,
            "local_to_world_matrix": [
                [
                    -0.6532349586486816,
                    0.34063634276390076,
                    -0.6762032508850098,
                    0.0
                ],
                [
                    -0.6490778923034668,
                    0.2079019546508789,
                    0.7317612767219543,
                    0.0
                ],
                [
                    0.3898484706878662,
                    0.9169207215309143,
                    0.08529072999954224,
                    0.0
                ],
                [
                    0.26409727334976196,
                    -0.5469735264778137,
                    0.3633212447166443,
                    1.0
                ]
            ],
            "location": [
                0.5469735264778137,
                0.3633212447166443,
                -0.26409727334976196
            ],
            "location_world": [
                0.26409727334976196,
                -0.5469735264778137,
                0.3633212447166443
            ],
            "name": "google_2_of_Jenga_Classic_Game_8",
            "projected_cuboid": [
                [
                    686.39075756073,
                    -275.67601203918457
                ],
                [
                    727.4019718170166,
                    -479.17288541793823
                ],
                [
                    1751.3442039489746,
                    -801.4918565750122
                ],
                [
                    1481.6043376922607,
                    -444.3345069885254
                ],
                [
                    671.8505024909973,
                    -287.51981258392334
                ],
                [
                    705.129086971283,
                    -464.8789167404175
                ],
                [
                    1518.3933973312378,
                    -717.7207469940186
                ],
                [
                    1332.6982259750366,
                    -433.03775787353516
                ],
                [
                    1026.498556137085,
                    -456.37595653533936
                ]
            ],
            "provenance": "nvisii",
            "quaternion_xyzw": [
                -0.2817138731479645,
                0.7845772504806519,
                0.23400136828422546,
                -0.5003190040588379
            ],
            "quaternion_xyzw_world": [
                -0.1157284826040268,
                0.6663044095039368,
                0.6185919046401978,
                0.39998674392700195
            ],
            "segmentation_id": 9,
            "visibility": -1
        },
        {
            "bounding_box_minx_maxx_miny_maxy": [
                -1,
                -1,
                -1,
                -1
            ],
            "class": "2",
            "local_cuboid": null,
            "local_to_world_matrix": [
                [
                    0.9198184013366699,
                    -0.34872815012931824,
                    0.17978540062904358,
                    0.0
                ],
                [
                    0.3833549916744232,
                    0.8963602781295776,
                    -0.22265933454036713,
                    0.0
                ],
                [
                    -0.08350491523742676,
                    0.27372777462005615,
                    0.9581753611564636,
                    0.0
                ],
                [
                    1.9401473999023438,
                    -0.6128013134002686,
                    -0.4836830198764801,
                    1.0
                ]
            ],
            "location": [
                0.6128013134002686,
                -0.4836830198764801,
                -1.9401473999023438
            ],
            "location_world": [
                1.9401473999023438,
                -0.6128013134002686,
                -0.4836830198764801
            ],
            "name": "google_2_of_Jenga_Classic_Game_9",
            "projected_cuboid": [
                [
                    432.2260320186615,
                    308.3980679512024
                ],
                [
                    406.019389629364,
                    313.20297718048096
                ],
                [
                    428.3280074596405,
                    397.2053527832031
                ],
                [
                    454.57690954208374,
                    393.84734630584717
                ],
                [
                    430.41136860847473,
                    315.2664303779602
                ],
                [
                    403.23251485824585,
                    320.13797760009766
                ],
                [
                    426.41961574554443,
                    407.2268605232239
                ],
                [
                    453.64487171173096,
                    403.91165018081665
                ],
                [
                    429.33472990989685,
                    357.60995745658875
                ]
            ],
            "provenance": "nvisii",
            "quaternion_xyzw": [
                -0.6098939776420593,
                0.2937292754650116,
                0.4892432987689972,
                0.5499030947685242
            ],
            "quaternion_xyzw_world": [
                -0.12775243818759918,
                -0.06776158511638641,
                -0.18841223418712616,
                0.9713848233222961
            ],
            "segmentation_id": 10,
            "visibility": -1
        },
        {
            "bounding_box_minx_maxx_miny_maxy": [
                -1,
                -1,
                -1,
                -1
            ],
            "class": "2",
            "local_cuboid": null,
            "local_to_world_matrix": [
                [
                    -0.3635380268096924,
                    0.8706741333007812,
                    -0.3313106596469879,
                    0.0
                ],
                [
                    -0.3647374212741852,
                    -0.4602808952331543,
                    -0.8093875646591187,
                    0.0
                ],
                [
                    -0.8572087287902832,
                    -0.17340174317359924,
                    0.48489701747894287,
                    0.0
                ],
                [
                    1.6501960754394531,
                    -0.4889579117298126,
                    -0.3242727816104889,
                    1.0
                ]
            ],
            "location": [
                0.4889579117298126,
                -0.3242727816104889,
                -1.6501960754394531
            ],
            "location_world": [
                1.6501960754394531,
                -0.4889579117298126,
                -0.3242727816104889
            ],
            "name": "google_2_of_Jenga_Classic_Game_10",
            "projected_cuboid": [
                [
                    459.31607484817505,
                    319.5793032646179
                ],
                [
                    481.14222288131714,
                    351.2499928474426
                ],
                [
                    426.56219005584717,
                    388.3587718009949
                ],
                [
                    409.06357765197754,
                    360.79832911491394
                ],
                [
                    484.1153621673584,
                    307.1489632129669
                ],
                [
                    506.03997707366943,
                    337.8966152667999
                ],
                [
                    448.62890243530273,
                    376.3875365257263
                ],
                [
                    431.02455139160156,
                    349.5170474052429
                ],
                [
                    453.5375237464905,
                    350.2954840660095
                ]
            ],
            "provenance": "nvisii",
            "quaternion_xyzw": [
                0.14274516701698303,
                0.2258749008178711,
                0.940381646156311,
                -0.21044421195983887
            ],
            "quaternion_xyzw_world": [
                -0.3911028802394867,
                -0.32340383529663086,
                0.7597229480743408,
                0.4065335690975189
            ],
            "segmentation_id": 11,
            "visibility": -1
        },
        {
            "bounding_box_minx_maxx_miny_maxy": [
                -1,
                -1,
                -1,
                -1
            ],
            "class": "2",
            "local_cuboid": null,
            "local_to_world_matrix": [
                [
                    0.5262734889984131,
                    -0.8486688733100891,
                    -0.05289126932621002,
                    0.0
                ],
                [
                    -0.7076789736747742,
                    -0.4026610851287842,
                    -0.580564022064209,
                    0.0
                ],
                [
                    0.47140932083129883,
                    0.3429654836654663,
                    -0.8124949932098389,
                    0.0
                ],
                [
                    1.1597821712493896,
                    -0.5076841115951538,
                    0.6551294326782227,
                    1.0
                ]
            ],
            "location": [
                0.5076841115951538,
                0.6551294326782227,
                -1.1597821712493896
            ],
            "location_world": [
                1.1597821712493896,
                -0.5076841115951538,
                0.6551294326782227
            ],
            "name": "google_2_of_Jenga_Classic_Game_11",
            "projected_cuboid": [
                [
                    439.8004710674286,
                    52.903831005096436
                ],
                [
                    464.5310640335083,
                    66.72720611095428
                ],
                [
                    542.7495241165161,
                    -79.68789339065552
                ],
                [
                    511.34419441223145,
                    -87.8557562828064
                ],
                [
                    414.90596532821655,
                    44.714003801345825
                ],
                [
                    439.26697969436646,
                    58.60517919063568
                ],
                [
                    517.2767043113708,
                    -94.2986011505127
                ],
                [
                    486.0581159591675,
                    -102.00974345207214
                ],
                [
                    474.7713804244995,
                    -13.539761304855347
                ]
            ],
            "provenance": "nvisii",
            "quaternion_xyzw": [
                0.8515635132789612,
                0.1026846170425415,
                -0.25518912076950073,
                0.4462890326976776
            ],
            "quaternion_xyzw_world": [
                0.8278631567955017,
                -0.46998944878578186,
                0.12638503313064575,
                -0.278889536857605
            ],
            "segmentation_id": 12,
            "visibility": -1
        },
        {
            "bounding_box_minx_maxx_miny_maxy": [
                -1,
                -1,
                -1,
                -1
            ],
            "class": "2",
            "local_cuboid": null,
            "local_to_world_matrix": [
                [
                    -0.03963923454284668,
                    -0.07949487864971161,
                    -0.996046781539917,
                    0.0
                ],
                [
                    -0.46746760606765747,
                    -0.8795387744903564,
                    0.08879990875720978,
                    0.0
                ],
                [
                    -0.8831210136413574,
                    0.46913963556289673,
                    -0.002297043800354004,
                    0.0
                ],
                [
                    1.8918812274932861,
                    -0.7100962996482849,
                    -0.7798271179199219,
                    1.0
                ]
            ],
            "location": [
                0.7100962996482849,
                -0.7798271179199219,
                -1.8918812274932861
            ],
            "location_world": [
                1.8918812274932861,
                -0.7100962996482849,
                -0.7798271179199219
            ],
            "name": "google_2_of_Jenga_Classic_Game_12",
            "projected_cuboid": [
                [
                    446.920782327652,
                    550.8499145507812
                ],
                [
                    479.5360863208771,
                    555.407464504242
                ],
                [
                    492.0973777770996,
                    513.0748748779297
                ],
                [
                    463.62727880477905,
                    510.0076198577881
                ],
                [
                    444.26214694976807,
                    521.6305255889893
                ],
                [
                    476.74936056137085,
                    525.4654288291931
                ],
                [
                    489.67331647872925,
                    487.32560873031616
                ],
                [
                    461.2997770309448,
                    484.79464650154114
                ],
                [
                    469.6406126022339,
                    517.0913934707642
                ]
            ],
            "provenance": "nvisii",
            "quaternion_xyzw": [
                -0.16399233043193817,
                0.17761194705963135,
                0.6547568440437317,
                -0.7161382436752319
            ],
            "quaternion_xyzw_world": [
                -0.6786377429962158,
                0.2014928162097931,
                0.6922573447227478,
                0.14011146128177643
            ],
            "segmentation_id": 13,
            "visibility": -1
        },
        {
            "bounding_box_minx_maxx_miny_maxy": [
                -1,
                -1,
                -1,
                -1
            ],
            "class": "2",
            "local_cuboid": null,
            "local_to_world_matrix": [
                [
                    -0.3429223299026489,
                    -0.9370939135551453,
