{
    "camera_data": {
        "camera_look_at": {
            "at": [
                1.0,
                0.0,
                0.0
            ],
            "eye": [
                0.0,
                0.0,
                0.0
            ],
            "up": [
                0.0,
                0.0,
                1.0
            ]
        },
        "camera_view_matrix": [
            [
                0.0,
                0.0,
                -1.0,
                0.0
            ],
            [
                -1.0,
                0.0,
                0.0,
                0.0
            ],
            [
                0.0,
                1.0,
                0.0,
                0.0
            ],
            [
                0.0,
                0.0,
                0.0,
                1.0
            ]
        ],
        "height": 500,
        "intrinsics": {
            "cx": 250.0,
            "cy": 250.0,
            "fx": 603.5535278320312,
            "fy": 603.5535278320312
        },
        "location_world": [
            0.0,
            0.0,
            0.0
        ],
        "quaternion_world_xyzw": [
            0.5,
            -0.5,
            -0.5,
            0.5
        ],
        "width": 500
    },
    "objects": [
        {
            "bounding_box_minx_maxx_miny_maxy": [
                -1,
                -1,
                -1,
                -1
            ],
            "class": "2",
            "local_cuboid": null,
            "local_to_world_matrix": [
                [
                    -0.7080999612808228,
                    0.6042587757110596,
                    -0.3653296232223511,
                    0.0
                ],
                [
                    0.07757431268692017,
                    0.5808216333389282,
                    0.810326099395752,
                    0.0
                ],
                [
                    0.7018380165100098,
                    0.5454517602920532,
                    -0.45815467834472656,
                    0.0
                ],
                [
                    1.020880937576294,
                    -0.2018272429704666,
                    0.664455235004425,
                    1.0
                ]
            ],
            "location": [
                0.2018272429704666,
                0.664455235004425,
                -1.020880937576294
            ],
            "location_world": [
                1.020880937576294,
                -0.2018272429704666,
                0.664455235004425
            ],
            "name": "google_2_of_Jenga_Classic_Game_0",
            "projected_cuboid": [
                [
                    271.83419466018677,
                    6.502255797386169
                ],
                [
                    247.0737248659134,
                    -26.54808759689331
                ],
                [
                    342.9960310459137,
                    -164.5321547985077
                ],
                [
                    373.52025508880615,
                    -125.54895877838135
                ],
                [
                    293.8649356365204,
                    3.469601273536682
                ],
                [
                    270.08992433547974,
                    -28.09634804725647
                ],
                [
                    365.4041290283203,
                    -159.05600786209106
                ],
                [
                    394.4379389286041,
                    -122.12121486663818
                ],
                [
                    315.64992666244507,
                    -71.0231363773346
                ]
            ],
            "provenance": "nvisii",
            "quaternion_xyzw": [
                -0.26798000931739807,
                0.8826696872711182,
                -0.15173542499542236,
                -0.3550455570220947
            ],
            "quaternion_xyzw_world": [
                0.20568977296352386,
                0.8287153244018555,
                0.40899989008903503,
                0.3219343423843384
            ],
            "segmentation_id": 1,
            "visibility": -1
        },
        {
            "bounding_box_minx_maxx_miny_maxy": [
                -1,
                -1,
                -1,
                -1
            ],
            "class": "2",
            "local_cuboid": null,
            "local_to_world_matrix": [
                [
                    0.8294146656990051,
                    0.13622260093688965,
                    0.5417700409889221,
                    0.0
                ],
                [
                    -0.5523545742034912,
                    0.054982542991638184,
                    0.8317942023277283,
                    0.0
                ],
                [
                    0.08352120220661163,
                    -0.9891514182090759,
                    0.1208464503288269,
                    0.0
                ],
                [
                    0.3277842402458191,
                    0.4192327558994293,
                    -0.07641927897930145,
                    1.0
                ]
            ],
            "location": [
                -0.4192327558994293,
                -0.07641927897930145,
                -0.3277842402458191
            ],
            "location_world": [
                0.3277842402458191,
                0.4192327558994293,
                -0.07641927897930145
            ],
            "name": "google_2_of_Jenga_Classic_Game_1",
            "projected_cuboid": [
                [
                    52.84243822097778,
                    331.17932081222534
                ],
                [
                    19.661620259284973,
                    224.41279888153076
                ],
                [
                    -514.1860842704773,
                    285.74663400650024
                ],
                [
                    -414.0262007713318,
                    391.84650778770447
                ],
                [
                    34.13078188896179,
                    421.9253361225128
                ],
                [
                    -9.327799081802368,
                    305.8615028858185
                ],
                [
                    -674.3133664131165,
                    389.2747759819031
                ],
                [
                    -530.1139950752258,
                    502.01302766799927
                ],
                [
                    -237.76733875274658,
                    354.39732670783997
                ]
            ],
            "provenance": "nvisii",
            "quaternion_xyzw": [
                0.16992980241775513,
                0.7161595821380615,
                0.23500388860702515,
                0.6348327994346619
            ],
            "quaternion_xyzw_world": [
                0.6429591178894043,
                -0.1618034392595291,
                0.24313025176525116,
                0.7080332040786743
            ],
            "segmentation_id": 2,
            "visibility": -1
        },
        {
            "bounding_box_minx_maxx_miny_maxy": [
                -1,
                -1,
                -1,
                -1
            ],
            "class": "2",
            "local_cuboid": null,
            "local_to_world_matrix": [
                [
                    0.2753060460090637,
                    0.5391796827316284,
                    0.7959222197532654,
                    0.0
                ],
                [
                    0.6507010459899902,
                    -0.7139520645141602,
                    0.25857582688331604,
                    0.0
                ],
                [
                    0.7076688408851624,
                    0.4467197358608246,
                    -0.5474002361297607,
                    0.0
                ],
                [
                    0.7391712665557861,
                    -0.4137589931488037,
                    -0.485237717628479,
                    1.0
                ]
            ],
            "location": [
                0.4137589931488037,
                -0.485237717628479,
                -0.7391712665557861
            ],
            "location_world": [
                0.7391712665557861,
                -0.4137589931488037,
                -0.485237717628479
            ],
            "name": "google_2_of_Jenga_Classic_Game_2",
            "projected_cuboid": [
                [
                    400.58910846710205,
                    655.7372808456421
                ],
                [
                    429.1519522666931,
                    619.6967363357544
                ],
                [
                    578.0792236328125,
                    593.8626527786255
                ],
                [
                    552.6697635650635,
                    638.2495164871216
                ],
                [
                    432.4805438518524,
                    707.2044610977173
                ],
                [
                    459.86729860305786,
                    667.4126386642456
                ],
                [
                    621.4752197265625,
                    653.8870334625244
                ],
                [
                    598.6807346343994,
                    704.3551802635193
                ],
                [
                    499.66123700141907,
                    654.9073457717896
                ]
            ],
            "provenance": "nvisii",
            "quaternion_xyzw": [
                0.47694694995880127,
                0.7914266586303711,
                -0.37846243381500244,
                -0.054146990180015564
            ],
            "quaternion_xyzw_world": [
                0.796344518661499,
                0.3735445737838745,
                0.47202906012535095,
                -0.05906486138701439
            ],
            "segmentation_id": 3,
            "visibility": -1
        },
        {
            "bounding_box_minx_maxx_miny_maxy": [
                -1,
                -1,
                -1,
                -1
            ],
            "class": "2",
            "local_cuboid": null,
            "local_to_world_matrix": [
                [
                    -0.20453524589538574,
                    0.5221934914588928,
                    0.8279367685317993,
                    0.0
                ],
                [
                    -0.2809217870235443,
                    0.7789232730865479,
                    -0.5606794357299805,
                    0.0
                ],
                [
                    -0.9376823902130127,
                    -0.3472641706466675,
                    -0.012621641159057617,
                    0.0
                ],
                [
                    1.5609111785888672,
                    0.24814260005950928,
                    0.5237826108932495,
                    1.0
                ]
            ],
            "location": [
                -0.24814260005950928,
                0.5237826108932495,
                -1.5609111785888672
            ],
            "location_world": [
                1.5609111785888672,
                0.24814260005950928,
                0.5237826108932495
            ],
            "name": "google_2_of_Jenga_Classic_Game_3",
            "projected_cuboid": [
                [
                    187.1662139892578,
                    -19.521772861480713
                ],
                [
                    154.66159582138062,
                    -2.016723155975342
                ],
                [
                    131.8783462047577,
                    41.33252799510956
                ],
                [
                    159.03861820697784,
                    26.23450756072998
                ],
                [
                    206.96552097797394,
                    13.96748423576355
                ],
                [
                    175.2355694770813,
                    31.871482729911804
                ],
                [
                    149.06951785087585,
                    68.81070137023926
                ],
                [
                    175.69461464881897,
                    53.45447361469269
                ],
                [
                    166.33670032024384,
                    28.7744402885437
                ]
            ],
            "provenance": "nvisii",
            "quaternion_xyzw": [
                0.1587478369474411,
                0.07718758285045624,
                0.8689872622489929,
                0.4622794985771179
            ],
            "quaternion_xyzw_world": [
                -0.08538614958524704,
                -0.7064135074615479,
                0.321321576833725,
                0.624853253364563
            ],
            "segmentation_id": 4,
            "visibility": -1
        },
        {
            "bounding_box_minx_maxx_miny_maxy": [
                -1,
                -1,
                -1,
                -1
            ],
            "class": "2",
            "local_cuboid": null,
            "local_to_world_matrix": [
                [
                    0.1444772481918335,
                    -0.9890995621681213,
                    -0.02843111753463745,
                    0.0
                ],
                [
                    0.30620187520980835,
                    0.07201212644577026,
                    -0.9492390155792236,
                    0.0
                ],
                [
                    0.9409392476081848,
                    0.12843778729438782,
                    0.3132683038711548,
                    0.0
                ],
                [
                    1.2505627870559692,
                    0.31657665967941284,
                    0.6284665465354919,
                    1.0
                ]
            ],
            "location": [
                -0.31657665967941284,
                0.6284665465354919,
                -1.2505627870559692
            ],
            "location_world": [
                1.2505627870559692,
                0.31657665967941284,
                0.6284665465354919
            ],
            "name": "google_2_of_Jenga_Classic_Game_4",
            "projected_cuboid": [
                [
                    125.94087421894073,
                    -51.72663927078247
                ],
                [
                    125.64143538475037,
                    -15.343040227890015
                ],
                [
                    116.55178666114807,
                    -29.289454221725464
                ],
                [
                    116.72842502593994,
                    -74.00590181350708
                ],
                [
                    93.74786913394928,
                    -54.90735173225403
                ],
                [
                    93.989297747612,
                    -18.199563026428223
                ],
                [
                    77.90078222751617,
                    -32.89651870727539
                ],
                [
                    77.2678554058075,
                    -78.10232043266296
                ],
                [
                    104.173943400383,
                    -43.194711208343506
                ]
            ],
            "provenance": "nvisii",
            "quaternion_xyzw": [
                -0.9847941398620605,
                0.025498539209365845,
                0.06928226351737976,
                0.1572587788105011
            ],
            "quaternion_xyzw_world": [
                -0.4356595277786255,
                0.3918758034706116,
                -0.5236360430717468,
                0.6184168457984924
            ],
            "segmentation_id": 5,
            "visibility": -1
        },
        {
            "bounding_box_minx_maxx_miny_maxy": [
                -1,
                -1,
                -1,
                -1
            ],
            "class": "2",
            "local_cuboid": null,
            "local_to_world_matrix": [
                [
                    0.7725995779037476,
                    0.6240951418876648,
                    -0.1165982335805893,
                    0.0
                ],
                [
                    -0.6124932169914246,
                    0.6843112707138062,
                    -0.3956895172595978,
                    0.0
                ],
                [
                    -0.16715840995311737,
                    0.37712517380714417,
                    0.910952627658844,
                    0.0
                ],
                [
                    0.2531690299510956,
                    0.37619972229003906,
                    -0.3694373369216919,
                    1.0
                ]
            ],
            "location": [
                -0.37619972229003906,
                -0.3694373369216919,
                -0.2531690299510956
            ],
            "location_world": [
                0.2531690299510956,
                0.37619972229003906,
                -0.3694373369216919
            ],
            "name": "google_2_of_Jenga_Classic_Game_5",
            "projected_cuboid": [
                [
                    -866.0892248153687,
                    461.2162709236145
                ],
                [
                    -1309.2119693756104,
                    609.9945902824402
                ],
                [
                    -755.980372428894,
                    1164.7919416427612
                ],
                [
                    -475.20649433135986,
                    946.7792510986328
                ],
                [
                    -1057.8899383544922,
                    497.87378311157227
                ],
                [
                    -1750.4947185516357,
                    720.7233309745789
                ],
                [
                    -916.5048599243164,
                    1419.8365211486816
                ],
                [
                    -533.4831476211548,
                    1095.2985286712646
                ],
                [
                    -887.779712677002,
                    873.6469745635986
                ]
            ],
            "provenance": "nvisii",
            "quaternion_xyzw": [
                -0.3887273967266083,
                0.5150842666625977,
                0.7394158840179443,
                0.19194644689559937
            ],
            "quaternion_xyzw_world": [
                -0.2105562537908554,
                -0.01377530861645937,
                0.3369131088256836,
                0.9175869822502136
            ],
            "segmentation_id": 6,
            "visibility": -1
        },
        {
            "bounding_box_minx_maxx_miny_maxy": [
                -1,
                -1,
                -1,
                -1
            ],
            "class": "2",
            "local_cuboid": null,
            "local_to_world_matrix": [
                [
                    0.3819010257720947,
                    0.23659713566303253,
                    0.893405556678772,
                    0.0
                ],
                [
                    0.713527500629425,
                    -0.6898679733276367,
                    -0.12231406569480896,
                    0.0
                ],
                [
                    0.5873926877975464,
                    0.6841812133789062,
                    -0.4322798252105713,
                    0.0
                ],
                [
                    0.31615516543388367,
                    0.1614084392786026,
                    -0.34692317247390747,
                    1.0
                ]
            ],
            "location": [
                -0.1614084392786026,
                -0.34692317247390747,
                -0.31615516543388367
            ],
            "location_world": [
                0.31615516543388367,
                0.1614084392786026,
                -0.34692317247390747
            ],
            "name": "google_2_of_Jenga_Classic_Game_6",
            "projected_cuboid": [
                [
                    -260.4526877403259,
                    802.6808500289917
                ],
                [
                    -136.76506280899048,
                    751.8918514251709
                ],
                [
                    13.407275080680847,
                    779.3008089065552
                ],
                [
                    -150.71725845336914,
                    864.5192980766296
                ],
                [
                    -269.7482109069824,
                    936.4346861839294
                ],
                [
                    -137.5349760055542,
                    866.5738105773926
                ],
                [
                    25.899261236190796,
                    955.8887481689453
                ],
                [
                    -153.69737148284912,
                    1089.8514986038208
                ],
                [
                    -142.4722671508789,
                    865.8043742179871
                ]
            ],
            "provenance": "nvisii",
            "quaternion_xyzw": [
                0.6068586707115173,
                0.6522414684295654,
                -0.4391806125640869,
                -0.11586208641529083
            ],
            "quaternion_xyzw_world": [
                0.79120934009552,
                0.3002127707004547,
                0.46789079904556274,
                -0.25482994318008423
            ],
            "segmentation_id": 7,
            "visibility": -1
        },
        {
            "bounding_box_minx_maxx_miny_maxy": [
                -1,
                -1,
                -1,
                -1
            ],
            "class": "2",
            "local_cuboid": null,
            "local_to_world_matrix": [
                [
                    -0.5239424705505371,
                    0.7326631546020508,
                    -0.434383362531662,
                    0.0
                ],
                [
                    -0.006759673357009888,
                    0.5063943862915039,
                    0.8622754812240601,
                    0.0
                ],
                [
                    0.851726770401001,
                    0.4547189772129059,
                    -0.2603689432144165,
                    0.0
                ],
                [
                    1.426315188407898,
                    -0.06357444822788239,
                    0.3663014769554138,
                    1.0
                ]
            ],
            "location": [
                0.06357444822788239,
                0.3663014769554138,
                -1.426315188407898
            ],
            "location_world": [
                1.426315188407898,
                -0.06357444822788239,
                0.3663014769554138
            ],
            "name": "google_2_of_Jenga_Classic_Game_7",
            "projected_cuboid": [
                [
                    222.0105528831482,
                    163.66897523403168
                ],
                [
                    206.39948546886444,
                    137.07348704338074
                ],
                [
                    255.72311878204346,
                    84.42071080207825
                ],
                [
                    274.0766108036041,
                    115.74375629425049
                ],
                [
                    243.2602047920227,
                    153.57866883277893
                ],
                [
                    228.0368208885193,
                    127.6281327009201
                ],
                [
                    279.672235250473,
                    74.85532760620117
                ],
                [
                    297.4921464920044,
                    105.28761148452759
                ],
                [
                    248.90756607055664,
                    122.24072217941284
                ]
            ],
            "provenance": "nvisii",
            "quaternion_xyzw": [
                -0.25337132811546326,
                0.9282598495483398,
                -0.06830234080553055,
                -0.26357418298721313
            ],
            "quaternion_xyzw_world": [
                0.2398083359003067,
                0.7567538619041443,
                0.4350802004337311,
                0.4248773157596588
            ],
            "segmentation_id": 8,
            "visibility": -1
        },
        {
            "bounding_box_minx_maxx_miny_maxy": [
                -1,
                -1,
                -1,
                -1
            ],
            "class": "2",
            "local_cuboid": null,
            "local_to_world_matrix": [
                [
                    -0.056142210960388184,
                    -0.9374264478683472,
                    -0.34362730383872986,
                    0.0
                ],
                [
                    0.27030324935913086,
                    0.3170463442802429,
                    -0.9090752601623535,
                    0.0
                ],
                [
                    0.9611369371414185,
                    -0.14392101764678955,
                    0.23558968305587769,
                    0.0
                ],
                [
                    0.6317446827888489,
                    -0.1826481968164444,
                    -0.055257197469472885,
                    1.0
                ]
            ],
            "location": [
                0.1826481968164444,
                -0.055257197469472885,
                -0.6317446827888489
            ],
            "location_world": [
                0.6317446827888489,
                -0.1826481968164444,
                -0.055257197469472885
            ],
            "name": "google_2_of_Jenga_Classic_Game_8",
            "projected_cuboid": [
                [
                    434.6805214881897,
                    224.20115768909454
                ],
                [
                    412.57667541503906,
                    275.1057744026184
                ],
                [
                    444.2022442817688,
                    350.90434551239014
                ],
                [
                    477.5133728981018,
                    279.67777848243713
                ],
                [
                    384.36299562454224,
                    206.21496438980103
                ],
                [
                    363.60493302345276,
                    257.3193907737732
                ],
                [
                    373.7097978591919,
                    324.8603940010071
                ],
                [
                    404.1995406150818,
                    253.1856894493103
                ],
                [
                    409.1995358467102,
                    266.26884937286377
                ]
            ],
            "provenance": "nvisii",
            "quaternion_xyzw": [
                -0.9756585359573364,
                0.16928917169570923,
                -0.051263630390167236,
                0.12962859869003296
            ],
            "quaternion_xyzw_world": [
                -0.3127385973930359,
                0.5332913994789124,
                -0.4936308264732361,
                0.6116563677787781
            ],
            "segmentation_id": 9,
            "visibility": -1
        },
        {
            "bounding_box_minx_maxx_miny_maxy": [
                -1,
                -1,
                -1,
                -1
            ],
            "class": "2",
            "local_cuboid": null,
            "local_to_world_matrix": [
                [
                    0.9568050503730774,
                    0.12958654761314392,
                    0.26025259494781494,
                    0.0
                ],
                [
                    0.17296543717384338,
                    -0.9732383489608765,
                    -0.1512978971004486,
                    0.0
                ],
                [
                    0.23368149995803833,
                    0.18977728486061096,
                    -0.9536134004592896,
                    0.0
                ],
                [
                    1.4344450235366821,
                    -0.6860275864601135,
                    -0.45739975571632385,
                    1.0
                ]
            ],
            "location": [
                0.6860275864601135,
                -0.45739975571632385,
                -1.4344450235366821
            ],
            "location_world": [
                1.4344450235366821,
                -0.6860275864601135,
                -0.45739975571632385
            ],
            "name": "google_2_of_Jenga_Classic_Game_9",
            "projected_cuboid": [
                [
                    480.05080223083496,
                    533.1712961196899
                ],
                [
                    509.926438331604,
                    535.4810357093811
                ],
                [
                    544.5330142974854,
                    435.0171685218811
                ],
                [
                    513.6102437973022,
                    431.59812688827515
                ],
                [
                    496.1961507797241,
                    556.33544921875
                ],
                [
                    527.4432897567749,
                    558.5338473320007
                ],
                [
                    564.7619962692261,
                    453.78971099853516
                ],
                [
                    532.371997833252,
                    450.3822326660156
                ],
                [
                    520.5442905426025,
                    495.22554874420166
                ]
            ],
            "provenance": "nvisii",
            "quaternion_xyzw": [
                0.5602216124534607,
                0.5504476428031921,
                -0.5116647481918335,
                0.34836554527282715
            ],
            "quaternion_xyzw_world": [
                0.9853497743606567,
                0.07676258683204651,
                0.1253194808959961,
                -0.08653657883405685
            ],
            "segmentation_id": 10,
            "visibility": -1
        },
        {
            "bounding_box_minx_maxx_miny_maxy": [
                -1,
                -1,
                -1,
                -1
            ],
            "class": "2",
            "local_cuboid": null,
            "local_to_world_matrix": [
                [
                    -0.09102582931518555,
                    -0.5183485746383667,
                    -0.8503113389015198,
                    0.0
                ],
                [
                    -0.6479009389877319,
                    0.6792597770690918,
                    -0.3447182774543762,
                    0.0
                ],
                [
                    0.7562665343284607,
                    0.5195392370223999,
                    -0.397668719291687,
                    0.0
                ],
                [
                    0.9667902588844299,
                    -0.17315229773521423,
                    0.08845317363739014,
                    1.0
                ]
            ],
            "location": [
                0.17315229773521423,
                0.08845317363739014,
                -0.9667902588844299
            ],
            "location_world": [
                0.9667902588844299,
                -0.17315229773521423,
                0.08845317363739014
            ],
            "name": "google_2_of_Jenga_Classic_Game_10",
            "projected_cuboid": [
                [
                    285.137802362442,
                    273.2474207878113
                ],
                [
                    256.874144077301,
                    289.533793926239
                ],
                [
                    356.3660979270935,
                    223.9537090063095
                ],
                [
                    385.4379951953888,
                    207.65726268291473
                ],
                [
                    264.6791636943817,
                    239.8892194032669
                ],
                [
                    235.62826216220856,
                    254.50721383094788
                ],
                [
                    329.3859660625458,
                    181.22172355651855
                ],
                [
                    359.7279489040375,
                    167.38557815551758
                ],
                [
                    304.50546741485596,
                    232.96725749969482
                ]
            ],
            "provenance": "nvisii",
            "quaternion_xyzw": [
                -0.8092178106307983,
                0.4725462794303894,
                0.13238514959812164,
                -0.32301855087280273
            ],
            "quaternion_xyzw_world": [
                -0.39603760838508606,
                0.7361987233161926,
                0.059366095811128616,
                0.5455653071403503
            ],
            "segmentation_id": 11,
            "visibility": -1
        },
        {
            "bounding_box_minx_maxx_miny_maxy": [
                -1,
                -1,
                -1,
                -1
            ],
            "class": "2",
            "local_cuboid": null,
            "local_to_world_matrix": [
                [
                    -0.07646679878234863,
                    -0.9942631125450134,
                    -0.07479098439216614,
                    0.0
                ],
                [
                    0.5956708788871765,
                    -0.10570716857910156,
                    0.7962425351142883,
                    0.0
                ],
                [
                    -0.7995805740356445,
                    0.016335248947143555,
                    0.6003366708755493,
                    0.0
                ],
                [
                    1.5651047229766846,
                    -0.7294732332229614,
                    0.25067397952079773,
                    1.0
                ]
            ],
            "location": [
                0.7294732332229614,
                0.25067397952079773,
                -1.5651047229766846
            ],
            "location_world": [
                1.5651047229766846,
                -0.7294732332229614,
                0.25067397952079773
            ],
            "name": "google_2_of_Jenga_Classic_Game_11",
            "projected_cuboid": [
                [
                    601.6733646392822,
                    69.6602463722229
                ],
                [
                    592.5861597061157,
                    46.38396203517914
                ],
                [
                    543.9896583557129,
                    143.02676916122437
                ],
                [
                    550.105631351471,
                    165.9286618232727
                ],
                [
                    563.8997554779053,
                    67.77146458625793
                ],
                [
                    556.2500953674316,
                    44.66831684112549
                ],
                [
                    513.1641626358032,
                    141.19672775268555
                ],
                [
                    518.2512998580933,
                    163.9494150876999
                ],
                [
                    552.9898405075073,
                    109.00813341140747
                ]
            ],
            "provenance": "nvisii",
            "quaternion_xyzw": [
                -0.31561052799224854,
                -0.024489223957061768,
                -0.04763108491897583,
                0.9473761320114136
            ],
            "quaternion_xyzw_world": [
                0.32745373249053955,
                -0.3043118715286255,
                -0.6675534844398499,
                0.5954331755638123
            ],
            "segmentation_id": 12,
            "visibility": -1
        },
        {
            "bounding_box_minx_maxx_miny_maxy": [
                -1,
                -1,
                -1,
                -1
            ],
            "class": "2",
            "local_cuboid": null,
            "local_to_world_matrix": [
                [
                    -0.37251603603363037,
                    0.7580257058143616,
                    -0.5353772044181824,
                    0.0
                ],
                [
                    -0.4746173024177551,
                    0.3401294946670532,
                    0.8118191361427307,
                    0.0
                ],
                [
                    0.7974774241447449,
                    0.5565149188041687,
                    0.23306846618652344,
                    0.0
                ],
                [
                    0.7001947164535522,
                    -0.6144617795944214,
                    -0.5772599577903748,
                    1.0
                ]
            ],
            "location": [
                0.6144617795944214,
                -0.5772599577903748,
                -0.7001947164535522
            ],
            "location_world": [
                0.7001947164535522,
                -0.6144617795944214,
                -0.5772599577903748
            ],
            "name": "google_2_of_Jenga_Classic_Game_12",
            "projected_cuboid": [
                [
                    530.6430459022522,
                    613.0871772766113
                ],
                [
                    523.8679647445679,
                    583.2332968711853
                ],
                [
                    767.1586275100708,
                    761.6183161735535
                ],
                [
                    762.3516917228699,
                    791.1962866783142
                ],
                [
                    559.4111084938049,
                    575.7269859313965
                ],
                [
                    554.0931820869446,
                    545.2049970626831
                ],
                [
                    797.2272634506226,
                    703.2978534698486
                ],
                [
                    790.9729480743408,
                    734.8732352256775
                ],
                [
                    644.0536975860596,
                    651.4647603034973
                ]
            ],
            "provenance": "nvisii",
            "quaternion_xyzw": [
                -0.2385542392730713,
                0.9175132513046265,
                0.19282710552215576,
                -0.25313830375671387
            ],
            "quaternion_xyzw_world": [
                0.11649679392576218,
                0.6081893444061279,
                0.5624622106552124,
                0.5478781461715698
            ],
            "segmentation_id": 13,
            "visibility": -1
        },
        {
            "bounding_box_minx_maxx_miny_maxy": [
                -1,
                -1,
                -1,
                -1
            ],
            "class": "2",
            "local_cuboid": null,
            "local_to_world_matrix": [
                [
                    0.7746122479438782,
                    0.6060507893562317,
                    -0.18077152967453003,
