{
    "camera_data": {
        "camera_look_at": {
            "at": [
                1.0,
                0.0,
                0.0
            ],
            "eye": [
                0.0,
                0.0,
                0.0
            ],
            "up": [
                0.0,
                0.0,
                1.0
            ]
        },
        "camera_view_matrix": [
            [
                0.0,
                0.0,
                -1.0,
                0.0
            ],
            [
                -1.0,
                0.0,
                0.0,
                0.0
            ],
            [
                0.0,
                1.0,
                0.0,
                0.0
            ],
            [
                0.0,
                0.0,
                0.0,
                1.0
            ]
        ],
        "height": 500,
        "intrinsics": {
            "cx": 250.0,
            "cy": 250.0,
            "fx": 603.5535278320312,
            "fy": 603.5535278320312
        },
        "location_world": [
            0.0,
            0.0,
            0.0
        ],
        "quaternion_world_xyzw": [
            0.5,
            -0.5,
            -0.5,
            0.5
        ],
        "width": 500
    },
    "objects": [
        {
            "bounding_box_minx_maxx_miny_maxy": [
                -1,
                -1,
                -1,
                -1
            ],
            "class": "2",
            "local_cuboid": null,
            "local_to_world_matrix": [
                [
                    -0.36450982093811035,
                    0.09046405553817749,
                    0.9267948865890503,
                    0.0
                ],
                [
                    -0.9055393934249878,
                    0.19759833812713623,
                    -0.3754374086856842,
                    0.0
                ],
                [
                    -0.21709665656089783,
                    -0.976099967956543,
                    0.009892284870147705,
                    0.0
                ],
                [
                    1.957812786102295,
                    0.10645900666713715,
                    0.8274723887443542,
                    1.0
                ]
            ],
            "location": [
                -0.10645900666713715,
                0.8274723887443542,
                -1.957812786102295
            ],
            "location_world": [
                1.957812786102295,
                0.10645900666713715,
                0.8274723887443542
            ],
            "name": "google_2_of_Jenga_Classic_Game_0",
            "projected_cuboid": [
                [
                    307.71663784980774,
                    -27.744680643081665
                ],
                [
                    304.64521050453186,
                    -28.886795043945312
                ],
                [
                    212.50540018081665,
                    -18.689006567001343
                ],
                [
                    219.03367340564728,
                    -17.976999282836914
                ],
                [
                    309.0764284133911,
                    -0.9791851043701172
                ],
                [
                    306.1078190803528,
                    -1.0096430778503418
                ],
                [
                    215.28999507427216,
                    8.122429251670837
                ],
                [
                    221.61898016929626,
                    7.804617285728455
                ],
                [
                    261.31489872932434,
                    -9.737998247146606
                ]
            ],
            "provenance": "nvisii",
            "quaternion_xyzw": [
                -0.5166906118392944,
                -0.3528207540512085,
                -0.6486520767211914,
                -0.4333576261997223
            ],
            "quaternion_xyzw_world": [
                -0.3271084129810333,
                0.6229397654533386,
                -0.5424029231071472,
                -0.4590699076652527
            ],
            "segmentation_id": 1,
            "visibility": -1
        },
        {
            "bounding_box_minx_maxx_miny_maxy": [
                -1,
                -1,
                -1,
                -1
            ],
            "class": "2",
            "local_cuboid": null,
            "local_to_world_matrix": [
                [
                    0.732413649559021,
                    0.5649705529212952,
                    0.37997180223464966,
                    0.0
                ],
                [
                    -0.0552678108215332,
                    0.6055677533149719,
                    -0.7938722372055054,
                    0.0
                ],
                [
                    -0.6786131262779236,
                    0.5604425668716431,
                    0.4747507572174072,
                    0.0
                ],
                [
                    0.41349661350250244,
                    -0.016943370923399925,
                    0.09339160472154617,
                    1.0
                ]
            ],
            "location": [
                0.016943370923399925,
                0.09339160472154617,
                -0.41349661350250244
            ],
            "location_world": [
                0.41349661350250244,
                -0.016943370923399925,
                0.09339160472154617
            ],
            "name": "google_2_of_Jenga_Classic_Game_1",
            "projected_cuboid": [
                [
                    -101.25693678855896,
                    -437.06583976745605
                ],
                [
                    -235.6589436531067,
                    -283.0168604850769
                ],
                [
                    207.64844119548798,
                    147.29201793670654
                ],
                [
                    277.4904668331146,
                    57.392701506614685
                ],
                [
                    -66.25649333000183,
                    -551.5607595443726
                ],
                [
                    -241.965651512146,
                    -352.0522713661194
                ],
                [
                    271.6171145439148,
                    179.09535765647888
                ],
                [
                    351.11674666404724,
                    75.38826763629913
                ],
                [
                    125.44102966785431,
                    -62.45547533035278
                ]
            ],
            "provenance": "nvisii",
            "quaternion_xyzw": [
                -0.370907187461853,
                0.15205691754817963,
                0.8714148998260498,
                0.2827411890029907
            ],
            "quaternion_xyzw_world": [
                -0.40376201272010803,
                -0.3155960142612457,
                0.18491172790527344,
                0.8385601043701172
            ],
            "segmentation_id": 2,
            "visibility": -1
        },
        {
            "bounding_box_minx_maxx_miny_maxy": [
                -1,
                -1,
                -1,
                -1
            ],
            "class": "2",
            "local_cuboid": null,
            "local_to_world_matrix": [
                [
                    0.7346433401107788,
                    0.17621609568595886,
                    0.6551694869995117,
                    0.0
                ],
                [
                    0.17054998874664307,
                    -0.9826372861862183,
                    0.0730544701218605,
                    0.0
                ],
                [
                    0.6566672325134277,
                    0.058070145547389984,
                    -0.7519416809082031,
                    0.0
                ],
                [
                    1.7620441913604736,
                    0.18696585297584534,
                    0.7311310768127441,
                    1.0
                ]
            ],
            "location": [
                -0.18696585297584534,
                0.7311310768127441,
                -1.7620441913604736
            ],
            "location_world": [
                1.7620441913604736,
                0.18696585297584534,
                0.7311310768127441
            ],
            "name": "google_2_of_Jenga_Classic_Game_2",
            "projected_cuboid": [
                [
                    172.89327085018158,
                    86.7912620306015
                ],
                [
                    198.6158937215805,
                    86.10142767429352
                ],
                [
                    198.8280713558197,
                    -5.102068185806274
                ],
                [
                    170.34122347831726,
                    -5.0743818283081055
                ],
                [
                    174.93820190429688,
                    98.12575578689575
                ],
                [
                    201.41714811325073,
                    97.3307192325592
                ],
                [
                    201.94514095783234,
                    4.327669739723206
                ],
                [
                    172.5277155637741,
                    4.4349730014801025
                ],
                [
                    186.49911880493164,
                    48.17110300064087
                ]
            ],
            "provenance": "nvisii",
            "quaternion_xyzw": [
                0.5931687355041504,
                0.6902785301208496,
                -0.33410120010375977,
                0.24503634870052338
            ],
            "quaternion_xyzw_world": [
                0.9312924146652222,
                0.0930873230099678,
                0.3521548807621002,
                0.004022453911602497
            ],
            "segmentation_id": 3,
            "visibility": -1
        },
        {
            "bounding_box_minx_maxx_miny_maxy": [
                -1,
                -1,
                -1,
                -1
            ],
            "class": "2",
            "local_cuboid": null,
            "local_to_world_matrix": [
                [
                    -0.10838913917541504,
                    0.40401557087898254,
                    0.9083079099655151,
                    0.0
                ],
                [
                    -0.9497730731964111,
                    -0.3119072914123535,
                    0.025399237871170044,
                    0.0
                ],
                [
                    0.29356953501701355,
                    -0.8599333763122559,
                    0.4175304174423218,
                    0.0
                ],
                [
                    1.350925087928772,
                    0.2232464998960495,
                    0.2842065095901489,
                    1.0
                ]
            ],
            "location": [
                -0.2232464998960495,
                0.2842065095901489,
                -1.350925087928772
            ],
            "location_world": [
                1.350925087928772,
                0.2232464998960495,
                0.2842065095901489
            ],
            "name": "google_2_of_Jenga_Classic_Game_3",
            "projected_cuboid": [
                [
                    249.52183663845062,
                    69.28515434265137
                ],
                [
                    260.9108090400696,
                    57.94653296470642
                ],
                [
                    145.59665322303772,
                    101.67919099330902
                ],
                [
                    140.17197489738464,
                    111.18991672992706
                ],
                [
                    262.5125050544739,
                    99.52789545059204
                ],
                [
                    274.5756804943085,
                    89.9897962808609
                ],
                [
                    160.902202129364,
                    135.52747666835785
                ],
                [
                    154.63107824325562,
                    143.0344581604004
                ],
                [
                    207.71385729312897,
                    100.53618252277374
                ]
            ],
            "provenance": "nvisii",
            "quaternion_xyzw": [
                0.4647996127605438,
                0.6563124656677246,
                0.5208279490470886,
                0.2862752676010132
            ],
            "quaternion_xyzw_world": [
                0.4432797431945801,
                -0.3077951669692993,
                0.6778323650360107,
                0.4993080496788025
            ],
            "segmentation_id": 4,
            "visibility": -1
        },
        {
            "bounding_box_minx_maxx_miny_maxy": [
                -1,
                -1,
                -1,
                -1
            ],
            "class": "2",
            "local_cuboid": null,
            "local_to_world_matrix": [
                [
                    -0.39015209674835205,
                    0.7755199670791626,
                    0.49633681774139404,
                    0.0
                ],
                [
                    0.16988450288772583,
                    0.5904331803321838,
                    -0.7890044450759888,
                    0.0
                ],
                [
                    -0.9049423933029175,
                    -0.2235117256641388,
                    -0.36210763454437256,
                    0.0
                ],
                [
                    1.803684115409851,
                    0.27913525700569153,
                    0.6380442380905151,
                    1.0
                ]
            ],
            "location": [
                -0.27913525700569153,
                0.6380442380905151,
                -1.803684115409851
            ],
            "location_world": [
                1.803684115409851,
                0.27913525700569153,
                0.6380442380905151
            ],
            "name": "google_2_of_Jenga_Classic_Game_4",
            "projected_cuboid": [
                [
                    162.66785562038422,
                    17.14932918548584
                ],
                [
                    143.83386075496674,
                    45.59233784675598
                ],
                [
                    137.51722872257233,
                    40.13031721115112
                ],
                [
                    153.50523591041565,
                    15.864461660385132
                ],
                [
                    188.2643699645996,
                    37.05058991909027
                ],
                [
                    169.56642270088196,
                    64.75028395652771
                ],
                [
                    159.63169932365417,
                    56.607380509376526
                ],
                [
                    175.52319169044495,
                    32.88419544696808
                ],
                [
                    161.00925207138062,
                    38.704633712768555
                ]
            ],
            "provenance": "nvisii",
            "quaternion_xyzw": [
                -0.16472862660884857,
                0.14280511438846588,
                -0.9313251972198486,
                -0.2917267680168152
            ],
            "quaternion_xyzw_world": [
                0.3088374733924866,
                0.7652928829193115,
                -0.33076098561286926,
                -0.45775914192199707
            ],
            "segmentation_id": 5,
            "visibility": -1
        },
        {
            "bounding_box_minx_maxx_miny_maxy": [
                -1,
                -1,
                -1,
                -1
            ],
            "class": "2",
            "local_cuboid": null,
            "local_to_world_matrix": [
                [
                    -0.8880283832550049,
                    0.14763759076595306,
                    -0.4354417026042938,
                    0.0
                ],
                [
                    0.2400597184896469,
                    0.9565920233726501,
                    -0.1652364283800125,
                    0.0
                ],
                [
                    0.39214494824409485,
                    -0.25126656889915466,
                    -0.8849227428436279,
                    0.0
                ],
                [
                    0.3867592513561249,
                    0.5153571963310242,
                    -0.3085927367210388,
                    1.0
                ]
            ],
            "location": [
                -0.5153571963310242,
                -0.3085927367210388,
                -0.3867592513561249
            ],
            "location_world": [
                0.3867592513561249,
                0.5153571963310242,
                -0.3085927367210388
            ],
            "name": "google_2_of_Jenga_Classic_Game_5",
            "projected_cuboid": [
                [
                    -289.00086879730225,
                    1013.8013362884521
                ],
                [
                    -368.3949112892151,
                    998.9797472953796
                ],
                [
                    -686.5449547767639,
                    804.9435615539551
                ],
                [
                    -599.4076728820801,
                    813.2216930389404
                ],
                [
                    -203.88498902320862,
                    872.7163672447205
                ],
                [
                    -276.25834941864014,
                    865.0278449058533
                ],
                [
                    -518.3746218681335,
                    666.9391393661499
                ],
                [
                    -437.78520822525024,
                    667.0131683349609
                ],
                [
                    -400.5599617958069,
                    845.1002240180969
                ]
            ],
            "provenance": "nvisii",
            "quaternion_xyzw": [
                -0.593663215637207,
                0.586205244064331,
                -0.47977322340011597,
                -0.2715609073638916
            ],
            "quaternion_xyzw_world": [
                0.1003771722316742,
                0.9656012654304504,
                -0.10783513635396957,
                0.21426717936992645
            ],
            "segmentation_id": 6,
            "visibility": -1
        },
        {
            "bounding_box_minx_maxx_miny_maxy": [
                -1,
                -1,
                -1,
                -1
            ],
            "class": "2",
            "local_cuboid": null,
            "local_to_world_matrix": [
                [
                    0.5998666286468506,
                    0.6538037061691284,
                    0.46119481325149536,
                    0.0
                ],
                [
                    0.7805842161178589,
                    -0.35169100761413574,
                    -0.5167221426963806,
                    0.0
                ],
                [
                    -0.17563682794570923,
                    0.6699658036231995,
                    -0.7213165760040283,
                    0.0
                ],
                [
                    1.0562816858291626,
                    0.4693406820297241,
                    -0.10436196625232697,
                    1.0
                ]
            ],
            "location": [
                -0.4693406820297241,
                -0.10436196625232697,
                -1.0562816858291626
            ],
            "location_world": [
                1.0562816858291626,
                0.4693406820297241,
                -0.10436196625232697
            ],
            "name": "google_2_of_Jenga_Classic_Game_6",
            "projected_cuboid": [
                [
                    -177.7738630771637,
                    416.7296290397644
                ],
                [
                    -134.32997465133667,
                    431.18417263031006
                ],
                [
                    -10.477811098098755,
                    308.5622191429138
                ],
                [
                    -43.995678424835205,
                    287.0962619781494
                ],
                [
                    -166.2944257259369,
                    448.2046961784363
                ],
                [
                    -121.56954407691956,
                    461.2882137298584
                ],
                [
                    7.168665528297424,
                    331.77104592323303
                ],
                [
                    -26.77243947982788,
                    310.81920862197876
                ],
                [
                    -82.16696977615356,
                    372.80988693237305
                ]
            ],
            "provenance": "nvisii",
            "quaternion_xyzw": [
                0.4145122170448303,
                0.49026644229888916,
                -0.7658594250679016,
                -0.035745423287153244
            ],
            "quaternion_xyzw_world": [
                0.8174463510513306,
                0.4386795461177826,
                0.0873323306441307,
                -0.36292532086372375
            ],
            "segmentation_id": 7,
            "visibility": -1
        },
        {
            "bounding_box_minx_maxx_miny_maxy": [
                -1,
                -1,
                -1,
                -1
            ],
            "class": "2",
            "local_cuboid": null,
            "local_to_world_matrix": [
                [
                    -0.9913531541824341,
                    -0.08486701548099518,
                    -0.10008778423070908,
                    0.0
                ],
                [
                    0.013255123049020767,
                    0.6940565705299377,
                    -0.7197985649108887,
                    0.0
                ],
                [
                    0.130553737282753,
                    -0.7149008512496948,
                    -0.6869304180145264,
                    0.0
                ],
                [
                    1.1706554889678955,
                    0.23885825276374817,
                    0.383182555437088,
                    1.0
                ]
            ],
            "location": [
                -0.23885825276374817,
                0.383182555437088,
                -1.1706554889678955
            ],
            "location_world": [
                1.1706554889678955,
                0.23885825276374817,
                0.383182555437088
            ],
            "name": "google_2_of_Jenga_Classic_Game_7",
            "projected_cuboid": [
                [
                    251.3604462146759,
                    142.1085000038147
                ],
                [
                    221.13433480262756,
                    173.55751991271973
                ],
                [
                    108.83690416812897,
                    64.01315331459045
                ],
                [
                    139.9710476398468,
                    31.39534592628479
                ],
                [
                    248.0357140302658,
                    145.0524926185608
                ],
                [
                    219.70593929290771,
                    174.52889680862427
                ],
                [
                    114.61949348449707,
                    72.09321856498718
                ],
                [
                    143.74542236328125,
                    41.592419147491455
                ],
                [
                    181.80647492408752,
                    106.49485886096954
                ]
            ],
            "provenance": "nvisii",
            "quaternion_xyzw": [
                -0.6955608129501343,
                0.28543317317962646,
                -0.6132654547691345,
                -0.2421337515115738
            ],
            "quaternion_xyzw_world": [
                -0.01949797384440899,
                0.9181966185569763,
                -0.39062967896461487,
                0.0627974197268486
            ],
            "segmentation_id": 8,
            "visibility": -1
        },
        {
            "bounding_box_minx_maxx_miny_maxy": [
                -1,
                -1,
                -1,
                -1
            ],
            "class": "2",
            "local_cuboid": null,
            "local_to_world_matrix": [
                [
                    -0.19550597667694092,
                    -0.9300111532211304,
                    0.31121835112571716,
                    0.0
                ],
                [
                    -0.9716755151748657,
                    0.1407354474067688,
                    -0.18984299898147583,
                    0.0
                ],
                [
                    0.13275662064552307,
                    -0.339518666267395,
                    -0.9311836957931519,
                    0.0
                ],
                [
                    0.14854523539543152,
                    -0.3387128412723541,
                    0.5138765573501587,
                    1.0
                ]
            ],
            "location": [
                0.3387128412723541,
                0.5138765573501587,
                -0.14854523539543152
            ],
            "location_world": [
                0.14854523539543152,
                -0.3387128412723541,
                0.5138765573501587
            ],
            "name": "google_2_of_Jenga_Classic_Game_8",
            "projected_cuboid": [
                [
                    1564.2000436782837,
                    -467.0522212982178
                ],
                [
                    2290.283203125,
                    -821.654200553894
                ],
                [
                    2483.1976890563965,
                    -2882.023811340332
                ],
                [
                    1515.3025388717651,
                    -1522.4552154541016
                ],
                [
                    1290.7966375350952,
                    -357.44792222976685
                ],
                [
                    1798.5700368881226,
                    -618.1722283363342
                ],
                [
                    1800.2554178237915,
                    -2334.4147205352783
                ],
                [
                    1191.989779472351,
                    -1308.816909790039
                ],
                [
                    1645.1963186264038,
                    -1107.7908277511597
                ]
            ],
            "provenance": "nvisii",
            "quaternion_xyzw": [
                -0.7504349946975708,
                -0.0567946657538414,
                -0.1782381236553192,
                -0.6339186429977417
            ],
            "quaternion_xyzw_world": [
                -0.63145512342453,
                0.7528985738754272,
                -0.17577455937862396,
                -0.05925823003053665
            ],
            "segmentation_id": 9,
            "visibility": -1
        },
        {
            "bounding_box_minx_maxx_miny_maxy": [
                -1,
                -1,
                -1,
                -1
            ],
            "class": "2",
            "local_cuboid": null,
            "local_to_world_matrix": [
                [
                    -0.009843230247497559,
                    -0.93208909034729,
                    0.36209529638290405,
                    0.0
                ],
                [
                    0.5952781438827515,
                    0.28549498319625854,
                    0.7510902285575867,
                    0.0
                ],
                [
                    -0.8034594655036926,
                    0.2229405641555786,
                    0.5520420670509338,
                    0.0
                ],
                [
                    1.9704029560089111,
                    -0.734629213809967,
                    -0.5285727381706238,
                    1.0
                ]
            ],
            "location": [
                0.734629213809967,
                -0.5285727381706238,
                -1.9704029560089111
            ],
            "location_world": [
                1.9704029560089111,
                -0.734629213809967,
                -0.5285727381706238
            ],
            "name": "google_2_of_Jenga_Classic_Game_9",
            "projected_cuboid": [
                [
                    503.50844860076904,
                    385.79684495925903
                ],
                [
                    488.0054295063019,
                    360.1762652397156
                ],
                [
                    479.7084331512451,
                    395.9965705871582
                ],
                [
                    493.1262135505676,
                    419.4512367248535
                ],
                [
                    477.4550497531891,
                    395.81161737442017
                ],
                [
                    462.7024531364441,
                    369.91652846336365
                ],
                [
                    457.38399028778076,
                    404.5776128768921
                ],
                [
                    470.2196419239044,
                    428.24459075927734
                ],
                [
                    478.6681532859802,
                    395.91121673583984
                ]
            ],
            "provenance": "nvisii",
            "quaternion_xyzw": [
                -0.3072212040424347,
                -0.062333181500434875,
                0.17340709269046783,
                0.9336272478103638
            ],
            "quaternion_xyzw_world": [
                0.1953328549861908,
                -0.4310731291770935,
                -0.5648872256278992,
                0.6759611368179321
            ],
            "segmentation_id": 10,
            "visibility": -1
        },
        {
            "bounding_box_minx_maxx_miny_maxy": [
                -1,
                -1,
                -1,
                -1
            ],
            "class": "2",
            "local_cuboid": null,
            "local_to_world_matrix": [
                [
                    -0.41108787059783936,
                    -0.04806804656982422,
                    0.9103277921676636,
                    0.0
                ],
                [
                    0.873646080493927,
                    0.2643585205078125,
                    0.40848180651664734,
                    0.0
                ],
                [
                    -0.26028797030448914,
                    0.9632259607315063,
                    -0.06668031215667725,
                    0.0
                ],
                [
                    1.948693871498108,
                    -0.6329317092895508,
                    -0.5579087734222412,
                    1.0
                ]
            ],
            "location": [
                0.6329317092895508,
                -0.5579087734222412,
                -1.948693871498108
            ],
            "location_world": [
                1.948693871498108,
                -0.6329317092895508,
                -0.5579087734222412
            ],
            "name": "google_2_of_Jenga_Classic_Game_10",
            "projected_cuboid": [
                [
                    370.95266580581665,
                    435.34284830093384
                ],
                [
                    359.12418365478516,
                    417.1261489391327
                ],
                [
                    441.13990664482117,
                    404.70466017723083
                ],
                [
                    455.6857645511627,
                    421.7073619365692
                ],
                [
                    367.5989508628845,
                    455.5010795593262
                ],
                [
                    356.09811544418335,
                    436.818927526474
                ],
                [
                    436.9000494480133,
                    423.85077476501465
                ],
                [
                    451.03901624679565,
                    441.30003452301025
                ],
                [
                    405.49880266189575,
                    429.3227791786194
                ]
            ],
            "provenance": "nvisii",
            "quaternion_xyzw": [
                0.30793607234954834,
                0.5244344472885132,
                -0.4482572674751282,
                -0.6551408171653748
            ],
            "quaternion_xyzw_world": [
                0.31274348497390747,
                0.6599482297897339,
                0.519627034664154,
                -0.44344985485076904
            ],
            "segmentation_id": 11,
            "visibility": -1
        },
        {
            "bounding_box_minx_maxx_miny_maxy": [
                -1,
                -1,
                -1,
                -1
            ],
            "class": "2",
            "local_cuboid": null,
            "local_to_world_matrix": [
                [
                    0.9198502898216248,
                    -0.33648088574409485,
                    -0.2016335129737854,
                    0.0
                ],
                [
                    -0.034711629152297974,
                    -0.5818217992782593,
                    0.8125752806663513,
                    0.0
                ],
                [
                    -0.3907307982444763,
                    -0.740448534488678,
                    -0.5468688011169434,
                    0.0
                ],
                [
                    1.2719918489456177,
                    -0.3393026888370514,
                    0.6646755337715149,
                    1.0
                ]
            ],
            "location": [
                0.3393026888370514,
                0.6646755337715149,
                -1.2719918489456177
            ],
            "location_world": [
                1.2719918489456177,
                -0.3393026888370514,
                0.6646755337715149
            ],
            "name": "google_2_of_Jenga_Classic_Game_11",
            "projected_cuboid": [
                [
                    524.7564315795898,
                    16.44517481327057
                ],
                [
                    550.2930879592896,
                    -18.85053515434265
                ],
                [
                    424.1737425327301,
                    -69.14690136909485
                ],
                [
                    401.1445641517639,
                    -36.81439161300659
                ],
                [
                    528.2440781593323,
                    -7.19451904296875
                ],
                [
                    555.4442405700684,
                    -44.838666915893555
                ],
                [
                    421.43362760543823,
                    -95.68893909454346
                ],
                [
                    397.06021547317505,
                    -61.39713525772095
                ],
                [
                    472.2735583782196,
                    -40.513455867767334
                ]
            ],
            "provenance": "nvisii",
            "quaternion_xyzw": [
                0.18246564269065857,
                0.5209038853645325,
                -0.24580207467079163,
                0.7968354225158691
            ],
            "quaternion_xyzw_world": [
                0.8730035424232483,
                -0.10629753768444061,
                -0.16963399946689606,
                0.4447358250617981
            ],
            "segmentation_id": 12,
            "visibility": -1
        },
        {
            "bounding_box_minx_maxx_miny_maxy": [
                -1,
                -1,
                -1,
                -1
            ],
            "class": "2",
            "local_cuboid": null,
            "local_to_world_matrix": [
                [
                    0.8385893702507019,
                    -0.5392433404922485,
                    0.07735949754714966,
                    0.0
                ],
                [
                    -0.11273099482059479,
                    -0.3107069730758667,
                    -0.9437970519065857,
                    0.0
                ],
                [
                    0.5329723954200745,
                    0.7827373147010803,
                    -0.3213449716567993,
                    0.0
                ],
                [
                    1.812758207321167,
                    -0.7321496605873108,
                    -0.7529103755950928,
                    1.0
                ]
            ],
            "location": [
                0.7321496605873108,
                -0.7529103755950928,
                -1.812758207321167
            ],
            "location_world": [
                1.812758207321167,
                -0.7321496605873108,
                -0.7529103755950928
            ],
            "name": "google_2_of_Jenga_Classic_Game_12",
            "projected_cuboid": [
                [
                    403.9199948310852,
                    491.8254017829895
                ],
                [
                    412.58394718170166,
                    517.0667171478271
                ],
                [
                    501.2854337692261,
                    508.8784694671631
                ],
                [
                    491.4364218711853,
                    481.55587911605835
                ],
                [
                    395.93473076820374,
                    501.96969509124756
                ],
                [
                    404.8561453819275,
                    528.1258821487427
                ],
                [
                    496.18589878082275,
                    520.6024646759033
                ],
                [
                    485.9989285469055,
                    492.20436811447144
                ],
                [
                    447.2302794456482,
                    505.3335428237915
                ]
            ],
            "provenance": "nvisii",
            "quaternion_xyzw": [
                -0.8683335781097412,
                -0.11172736436128616,
                0.46679258346557617,
                -0.12497387081384659
            ],
            "quaternion_xyzw_world": [
                -0.7859137058258057,
                0.20739373564720154,
                -0.1941472440958023,
                0.5492124557495117
            ],
            "segmentation_id": 13,
            "visibility": -1
        },
        {
            "bounding_box_minx_maxx_miny_maxy": [
                -1,
                -1,
                -1,
                -1
            ],
            "class": "2",
            "local_cuboid": null,
            "local_to_world_matrix": [
                [
                    -0.2322084903717041,
                    -0.7329856753349304,
