{
    "camera_data": {
        "camera_look_at": {
            "at": [
                1.0,
                0.0,
                0.0
            ],
            "eye": [
                0.0,
                0.0,
                0.0
            ],
            "up": [
                0.0,
                0.0,
                1.0
            ]
        },
        "camera_view_matrix": [
            [
                0.0,
                0.0,
                -1.0,
                0.0
            ],
            [
                -1.0,
                0.0,
                0.0,
                0.0
            ],
            [
                0.0,
                1.0,
                0.0,
                0.0
            ],
            [
                0.0,
                0.0,
                0.0,
                1.0
            ]
        ],
        "height": 500,
        "intrinsics": {
            "cx": 250.0,
            "cy": 250.0,
            "fx": 603.5535278320312,
            "fy": 603.5535278320312
        },
        "location_world": [
            0.0,
            0.0,
            0.0
        ],
        "quaternion_world_xyzw": [
            0.5,
            -0.5,
            -0.5,
            0.5
        ],
        "width": 500
    },
    "objects": [
        {
            "bounding_box_minx_maxx_miny_maxy": [
                -1,
                -1,
                -1,
                -1
            ],
            "class": "2",
            "local_cuboid": null,
            "local_to_world_matrix": [
                [
                    0.03775310516357422,
                    -0.6781581044197083,
                    -0.7339457273483276,
                    0.0
                ],
                [
                    0.40884584188461304,
                    0.6806656718254089,
                    -0.6078974604606628,
                    0.0
                ],
                [
                    0.9118221998214722,
                    -0.27712059020996094,
                    0.3029593825340271,
                    0.0
                ],
                [
                    1.6969823837280273,
                    0.16567111015319824,
                    0.7441443800926208,
                    1.0
                ]
            ],
            "location": [
                -0.16567111015319824,
                0.7441443800926208,
                -1.6969823837280273
            ],
            "location_world": [
                1.6969823837280273,
                0.16567111015319824,
                0.7441443800926208
            ],
            "name": "google_2_of_Jenga_Classic_Game_0",
            "projected_cuboid": [
                [
                    240.94177782535553,
                    -7.032185792922974
                ],
                [
                    223.59825670719147,
                    13.0748450756073
                ],
                [
                    191.0245716571808,
                    7.4257999658584595
                ],
                [
                    210.4468196630478,
                    -15.982717275619507
                ],
                [
                    224.32322800159454,
                    -25.396525859832764
                ],
                [
                    207.24347233772278,
                    -4.938870668411255
                ],
                [
                    172.06984758377075,
                    -13.398975133895874
                ],
                [
                    191.13671779632568,
                    -37.277430295944214
                ],
                [
                    208.7148129940033,
                    -10.011404752731323
                ]
            ],
            "provenance": "nvisii",
            "quaternion_xyzw": [
                -0.8941305875778198,
                0.39552706480026245,
                -0.06692742556333542,
                0.1990216225385666
            ],
            "quaternion_xyzw_world": [
                -0.1163272112607956,
                0.5787817239761353,
                -0.3822762668132782,
                0.710875928401947
            ],
            "segmentation_id": 1,
            "visibility": -1
        },
        {
            "bounding_box_minx_maxx_miny_maxy": [
                -1,
                -1,
                -1,
                -1
            ],
            "class": "2",
            "local_cuboid": null,
            "local_to_world_matrix": [
                [
                    -0.4066150188446045,
                    -0.88372403383255,
                    -0.23172405362129211,
                    0.0
                ],
                [
                    0.761443555355072,
                    -0.18765521049499512,
                    -0.6204749941825867,
                    0.0
                ],
                [
                    0.5048444271087646,
                    -0.4287392497062683,
                    0.7492094039916992,
                    0.0
                ],
                [
                    0.3341841995716095,
                    -0.2002725452184677,
                    0.013528131879866123,
                    1.0
                ]
            ],
            "location": [
                0.2002725452184677,
                0.013528131879866123,
                -0.3341841995716095
            ],
            "location_world": [
                0.3341841995716095,
                -0.2002725452184677,
                0.013528131879866123
            ],
            "name": "google_2_of_Jenga_Classic_Game_1",
            "projected_cuboid": [
                [
                    740.7259941101074,
                    -97.35158085823059
                ],
                [
                    696.5509653091431,
                    11.046305298805237
                ],
                [
                    668.7583923339844,
                    287.5306308269501
                ],
                [
                    729.4633388519287,
                    185.3979080915451
                ],
                [
                    616.5276765823364,
                    -97.11766242980957
                ],
                [
                    590.0989770889282,
                    4.689127206802368
                ],
                [
                    523.5821604728699,
                    255.52672147750854
                ],
                [
                    548.8178730010986,
                    157.22467005252838
                ],
                [
                    638.9538049697876,
                    68.03734600543976
                ]
            ],
            "provenance": "nvisii",
            "quaternion_xyzw": [
                -0.8673297166824341,
                0.01270243525505066,
                -0.24078337848186493,
                0.4354321360588074
            ],
            "quaternion_xyzw_world": [
                -0.08920589834451675,
                0.34269171953201294,
                -0.7654213905334473,
                0.5373404622077942
            ],
            "segmentation_id": 2,
            "visibility": -1
        },
        {
            "bounding_box_minx_maxx_miny_maxy": [
                -1,
                -1,
                -1,
                -1
            ],
            "class": "2",
            "local_cuboid": null,
            "local_to_world_matrix": [
                [
                    0.912375271320343,
                    -0.17083601653575897,
                    0.37200334668159485,
                    0.0
                ],
                [
                    0.32052963972091675,
                    -0.26711177825927734,
                    -0.9087973833084106,
                    0.0
                ],
                [
                    0.2546216547489166,
                    0.9484022855758667,
                    -0.1889481544494629,
                    0.0
                ],
                [
                    1.873709797859192,
                    0.21191850304603577,
                    0.3034847378730774,
                    1.0
                ]
            ],
            "location": [
                -0.21191850304603577,
                0.3034847378730774,
                -1.873709797859192
            ],
            "location_world": [
                1.873709797859192,
                0.21191850304603577,
                0.3034847378730774
            ],
            "name": "google_2_of_Jenga_Classic_Game_2",
            "projected_cuboid": [
                [
                    98.84516894817352,
                    157.69636631011963
                ],
                [
                    107.70778357982635,
                    182.1325272321701
                ],
                [
                    189.14353847503662,
                    162.187397480011
                ],
                [
                    181.095689535141,
                    136.5080624818802
                ],
                [
                    88.83050084114075,
                    163.52638602256775
                ],
                [
                    98.16509485244751,
                    188.79395723342896
                ],
                [
                    182.38365650177002,
                    168.3410108089447
                ],
                [
                    173.9179790019989,
                    141.73975586891174
                ],
                [
                    139.31071758270264,
                    162.85255551338196
                ]
            ],
            "provenance": "nvisii",
            "quaternion_xyzw": [
                -0.7639134526252747,
                -0.20915815234184265,
                0.6089621782302856,
                0.043061692267656326
            ],
            "quaternion_xyzw_world": [
                -0.7694860696792603,
                -0.04863428324460983,
                -0.20358555018901825,
                0.6033896207809448
            ],
            "segmentation_id": 3,
            "visibility": -1
        },
        {
            "bounding_box_minx_maxx_miny_maxy": [
                -1,
                -1,
                -1,
                -1
            ],
            "class": "2",
            "local_cuboid": null,
            "local_to_world_matrix": [
                [
                    -0.04129230976104736,
                    0.9963793158531189,
                    -0.0743187963962555,
                    0.0
                ],
                [
                    0.5973201394081116,
                    -0.035009145736694336,
                    -0.801238477230072,
                    0.0
                ],
                [
                    -0.8009392023086548,
                    -0.07747703790664673,
                    -0.5937118530273438,
                    0.0
                ],
                [
                    1.5107738971710205,
                    0.4310879707336426,
                    0.06286929547786713,
                    1.0
                ]
            ],
            "location": [
                -0.4310879707336426,
                0.06286929547786713,
                -1.5107738971710205
            ],
            "location_world": [
                1.5107738971710205,
                0.4310879707336426,
                0.06286929547786713
            ],
            "name": "google_2_of_Jenga_Classic_Game_3",
            "projected_cuboid": [
                [
                    33.090606331825256,
                    288.4501814842224
                ],
                [
                    42.875632643699646,
                    318.35976243019104
                ],
                [
                    65.55522978305817,
                    239.71864581108093
                ],
                [
                    58.083802461624146,
                    211.85168623924255
                ],
                [
                    71.5092420578003,
                    285.52669286727905
                ],
                [
                    79.78342473506927,
                    315.47465920448303
                ],
                [
                    96.7993438243866,
                    237.4391108751297
                ],
                [
                    90.40391445159912,
                    209.55589413642883
                ],
                [
                    68.23201477527618,
                    260.3127360343933
                ]
            ],
            "provenance": "nvisii",
            "quaternion_xyzw": [
                -0.03130471706390381,
                0.31392741203308105,
                -0.9484931230545044,
                0.02881622314453125
            ],
            "quaternion_xyzw_world": [
                0.6299660205841064,
                0.632454514503479,
                -0.3473433554172516,
                -0.28722241520881653
            ],
            "segmentation_id": 4,
            "visibility": -1
        },
        {
            "bounding_box_minx_maxx_miny_maxy": [
                -1,
                -1,
                -1,
                -1
            ],
            "class": "2",
            "local_cuboid": null,
            "local_to_world_matrix": [
                [
                    -0.1895815134048462,
                    -0.1650666743516922,
                    -0.9678905010223389,
                    0.0
                ],
                [
                    0.3686513304710388,
                    0.901680588722229,
                    -0.22598308324813843,
                    0.0
                ],
                [
                    0.9100303649902344,
                    -0.3996562957763672,
                    -0.11009001731872559,
                    0.0
                ],
                [
                    1.70554518699646,
                    0.4640085697174072,
                    0.5440284013748169,
                    1.0
                ]
            ],
            "location": [
                -0.4640085697174072,
                0.5440284013748169,
                -1.70554518699646
            ],
            "location_world": [
                1.70554518699646,
                0.4640085697174072,
                0.5440284013748169
            ],
            "name": "google_2_of_Jenga_Classic_Game_4",
            "projected_cuboid": [
                [
                    156.24015033245087,
                    100.29412806034088
                ],
                [
                    134.49986279010773,
                    108.46656560897827
                ],
                [
                    75.467050075531,
                    75.1858651638031
                ],
                [
                    99.54993426799774,
                    65.10657072067261
                ],
                [
                    152.95127034187317,
                    77.96165347099304
                ],
                [
                    131.42532110214233,
                    86.42137050628662
                ],
                [
                    72.43043184280396,
                    50.03851652145386
                ],
                [
                    96.24545276165009,
                    39.58688676357269
                ],
                [
                    116.83957278728485,
                    76.66802406311035
                ]
            ],
            "provenance": "nvisii",
            "quaternion_xyzw": [
                -0.758465588092804,
                0.6162347197532654,
                -0.19422031939029694,
                0.0852251723408699
            ],
            "quaternion_xyzw_world": [
                0.06860729306936264,
                0.7418476939201355,
                -0.2108382135629654,
                0.6328525543212891
            ],
            "segmentation_id": 5,
            "visibility": -1
        },
        {
            "bounding_box_minx_maxx_miny_maxy": [
                -1,
                -1,
                -1,
                -1
            ],
            "class": "2",
            "local_cuboid": null,
            "local_to_world_matrix": [
                [
                    0.9267401695251465,
                    -0.13912326097488403,
                    -0.34899482131004333,
                    0.0
                ],
                [
                    -0.2766619026660919,
                    -0.8811748027801514,
                    -0.3833919167518616,
                    0.0
                ],
                [
                    -0.2541866600513458,
                    0.4518582224845886,
                    -0.8551101684570312,
                    0.0
                ],
                [
                    0.5329592227935791,
                    0.20073528587818146,
                    -0.18065668642520905,
                    1.0
                ]
            ],
            "location": [
                -0.20073528587818146,
                -0.18065668642520905,
                -0.5329592227935791
            ],
            "location_world": [
                0.5329592227935791,
                0.20073528587818146,
                -0.18065668642520905
            ],
            "name": "google_2_of_Jenga_Classic_Game_5",
            "projected_cuboid": [
                [
                    -183.93385410308838,
                    759.5653533935547
                ],
                [
                    -112.03175783157349,
                    824.5863318443298
                ],
                [
                    78.96257936954498,
                    477.8551459312439
                ],
                [
                    8.569061756134033,
                    435.07760763168335
                ],
                [
                    -272.3278999328613,
                    807.1339130401611
                ],
                [
                    -192.65016913414001,
                    886.4427804946899
                ],
                [
                    39.49993848800659,
                    477.9406785964966
                ],
                [
                    -39.20814394950867,
                    429.00389432907104
                ],
                [
                    -74.72026348114014,
                    621.9083070755005
                ]
            ],
            "provenance": "nvisii",
            "quaternion_xyzw": [
                0.5631004571914673,
                0.2362721860408783,
                -0.612057089805603,
                0.5024734139442444
            ],
            "quaternion_xyzw_world": [
                0.9569515585899353,
                -0.10862231254577637,
                -0.15757890045642853,
                -0.21820595860481262
            ],
            "segmentation_id": 6,
            "visibility": -1
        },
        {
            "bounding_box_minx_maxx_miny_maxy": [
                -1,
                -1,
                -1,
                -1
            ],
            "class": "2",
            "local_cuboid": null,
            "local_to_world_matrix": [
                [
                    0.40724796056747437,
                    0.7849467992782593,
                    0.46691280603408813,
                    0.0
                ],
                [
                    -0.2732008695602417,
                    0.5925171375274658,
                    -0.7578157186508179,
                    0.0
                ],
                [
                    -0.8714988827705383,
                    0.1810579001903534,
                    0.4557495713233948,
                    0.0
                ],
                [
                    1.6578383445739746,
                    0.5581489205360413,
                    0.11018892377614975,
                    1.0
                ]
            ],
            "location": [
                -0.5581489205360413,
                0.11018892377614975,
                -1.6578383445739746
            ],
            "location_world": [
                1.6578383445739746,
                0.5581489205360413,
                0.11018892377614975
            ],
            "name": "google_2_of_Jenga_Classic_Game_6",
            "projected_cuboid": [
                [
                    -10.233074426651001,
                    126.09800696372986
                ],
                [
                    -35.946667194366455,
                    151.5008509159088
                ],
                [
                    27.042746543884277,
                    214.91731703281403
                ],
                [
                    48.01042377948761,
                    192.48327612876892
                ],
                [
                    10.508939623832703,
                    139.1456425189972
                ],
                [
                    -15.457242727279663,
                    165.36056995391846
                ],
                [
                    45.573994517326355,
                    227.86253690719604
                ],
                [
                    66.69057905673981,
                    204.8119157552719
                ],
                [
                    19.487783312797546,
                    180.2941858768463
                ]
            ],
            "provenance": "nvisii",
            "quaternion_xyzw": [
                -0.15919330716133118,
                0.19725117087364197,
                0.9238860011100769,
                0.28667765855789185
            ],
            "quaternion_xyzw_world": [
                -0.29957523941993713,
                -0.4270595908164978,
                0.3376331031322479,
                0.783504068851471
            ],
            "segmentation_id": 7,
            "visibility": -1
        },
        {
            "bounding_box_minx_maxx_miny_maxy": [
                -1,
                -1,
                -1,
                -1
            ],
            "class": "2",
            "local_cuboid": null,
            "local_to_world_matrix": [
                [
                    -0.5462771654129028,
                    0.7348958253860474,
                    -0.4018833041191101,
                    0.0
                ],
                [
                    0.35690855979919434,
                    0.6382913589477539,
                    0.6820561289787292,
                    0.0
                ],
                [
                    0.7577587962150574,
                    0.2291557937860489,
                    -0.6109746694564819,
                    0.0
                ],
                [
                    0.8215197920799255,
                    0.47790297865867615,
                    0.2596694529056549,
                    1.0
                ]
            ],
            "location": [
                -0.47790297865867615,
                0.2596694529056549,
                -0.8215197920799255
            ],
            "location_world": [
                0.8215197920799255,
                0.47790297865867615,
                0.2596694529056549
            ],
            "name": "google_2_of_Jenga_Classic_Game_7",
            "projected_cuboid": [
                [
                    -78.00066471099854,
                    228.08203101158142
                ],
                [
                    -99.85002875328064,
                    195.18005847930908
                ],
                [
                    -145.29117941856384,
                    48.136427998542786
                ],
                [
                    -119.02493238449097,
                    84.67085659503937
                ],
                [
                    -31.1853289604187,
                    210.7471525669098
                ],
                [
                    -53.46941947937012,
                    179.64258790016174
                ],
                [
                    -84.66556668281555,
                    35.97564995288849
                ],
                [
                    -57.55987763404846,
                    70.16602158546448
                ],
                [
                    -81.06839656829834,
                    139.65943455696106
                ]
            ],
            "provenance": "nvisii",
            "quaternion_xyzw": [
                -0.2918934226036072,
                0.8908859491348267,
                -0.2716068923473358,
                -0.21760153770446777
            ],
            "quaternion_xyzw_world": [
                0.32649892568588257,
                0.8359938859939575,
                0.2724936008453369,
                0.34678545594215393
            ],
            "segmentation_id": 8,
            "visibility": -1
        },
        {
            "bounding_box_minx_maxx_miny_maxy": [
                -1,
                -1,
                -1,
                -1
            ],
            "class": "2",
            "local_cuboid": null,
            "local_to_world_matrix": [
                [
                    0.48384612798690796,
                    -0.6883299946784973,
                    -0.5404578447341919,
                    0.0
                ],
                [
                    0.03432035446166992,
                    0.6320071220397949,
                    -0.7742022275924683,
                    0.0
                ],
                [
                    0.8744798898696899,
                    0.35604608058929443,
                    0.3294179439544678,
                    0.0
                ],
                [
                    0.2806612551212311,
                    0.07563108950853348,
                    0.4168349504470825,
                    1.0
                ]
            ],
            "location": [
                -0.07563108950853348,
                0.4168349504470825,
                -0.2806612551212311
            ],
            "location_world": [
                0.2806612551212311,
                0.07563108950853348,
                0.4168349504470825
            ],
            "name": "google_2_of_Jenga_Classic_Game_8",
            "projected_cuboid": [
                [
                    112.88760602474213,
                    -321.66099548339844
                ],
                [
                    55.736348032951355,
                    -247.80049920082092
                ],
                [
                    99.39131140708923,
                    -477.1597981452942
                ],
                [
                    205.9071958065033,
                    -616.4976358413696
                ],
                [
                    39.16753828525543,
                    -413.8967990875244
                ],
                [
                    -21.779268980026245,
                    -334.08302068710327
                ],
                [
                    -47.06978797912598,
                    -680.5219054222107
                ],
                [
                    73.44423234462738,
                    -842.5712585449219
                ],
                [
                    61.37603521347046,
                    -437.2261166572571
                ]
            ],
            "provenance": "nvisii",
            "quaternion_xyzw": [
                -0.9133745431900024,
                0.32091572880744934,
                0.22988714277744293,
                0.09955891221761703
            ],
            "quaternion_xyzw_world": [
                -0.3613935112953186,
                0.4524221122264862,
                -0.2310652881860733,
                0.7818681597709656
            ],
            "segmentation_id": 9,
            "visibility": -1
        },
        {
            "bounding_box_minx_maxx_miny_maxy": [
                -1,
                -1,
                -1,
                -1
            ],
            "class": "2",
            "local_cuboid": null,
            "local_to_world_matrix": [
                [
                    0.07586300373077393,
                    -0.7742658257484436,
                    -0.6282971501350403,
                    0.0
                ],
                [
                    -0.5136561989784241,
                    0.5097274780273438,
                    -0.690170407295227,
                    0.0
                ],
                [
                    0.8546356558799744,
                    0.3750871419906616,
                    -0.35903704166412354,
                    0.0
                ],
                [
                    1.6267039775848389,
                    -0.714709460735321,
                    -0.08075976371765137,
                    1.0
                ]
            ],
            "location": [
                0.714709460735321,
                -0.08075976371765137,
                -1.6267039775848389
            ],
            "location_world": [
                1.6267039775848389,
                -0.714709460735321,
                -0.08075976371765137
            ],
            "name": "google_2_of_Jenga_Classic_Game_9",
            "projected_cuboid": [
                [
                    458.6547315120697,
                    307.5422942638397
                ],
                [
                    449.5425224304199,
                    327.8197944164276
                ],
                [
                    521.6432213783264,
                    300.53767561912537
                ],
                [
                    530.2392244338989,
                    277.9114246368408
                ],
                [
                    439.860463142395,
                    291.93827509880066
                ],
                [
                    430.2786588668823,
                    311.9158148765564
                ],
                [
                    499.6469020843506,
                    282.0535898208618
                ],
                [
                    508.8540315628052,
                    259.8322629928589
                ],
                [
                    477.4014353752136,
                    295.88571190834045
                ]
            ],
            "provenance": "nvisii",
            "quaternion_xyzw": [
                -0.9109159708023071,
                0.3123297393321991,
                0.1237628161907196,
                -0.23950979113578796
            ],
            "quaternion_xyzw_world": [
                -0.480929434299469,
                0.6694963574409485,
                -0.11765684187412262,
                0.5537493824958801
            ],
            "segmentation_id": 10,
            "visibility": -1
        },
        {
            "bounding_box_minx_maxx_miny_maxy": [
                -1,
                -1,
                -1,
                -1
            ],
            "class": "2",
            "local_cuboid": null,
            "local_to_world_matrix": [
                [
                    -0.917566180229187,
                    -0.36312294006347656,
                    0.16190777719020844,
                    0.0
                ],
                [
                    0.39269906282424927,
                    -0.8913768529891968,
                    0.22635112702846527,
                    0.0
                ],
                [
                    0.06212756037712097,
                    0.2712731659412384,
                    0.9604952335357666,
                    0.0
                ],
                [
                    1.9335300922393799,
                    -0.6785463690757751,
                    -0.7151479721069336,
                    1.0
                ]
            ],
            "location": [
                0.6785463690757751,
                -0.7151479721069336,
                -1.9335300922393799
            ],
            "location_world": [
                1.9335300922393799,
                -0.6785463690757751,
                -0.7151479721069336
            ],
            "name": "google_2_of_Jenga_Classic_Game_10",
            "projected_cuboid": [
                [
                    433.06446075439453,
                    389.1410231590271
                ],
                [
                    453.4348249435425,
                    380.78251481056213
                ],
                [
                    480.35144805908203,
                    470.49644589424133
                ],
                [
                    460.2591395378113,
                    480.51735758781433
                ],
                [
                    417.5720512866974,
                    387.94243335723877
                ],
                [
                    437.46310472488403,
                    379.9055814743042
                ],
                [
                    463.2529318332672,
                    466.3422107696533
                ],
                [
                    443.6149299144745,
                    475.9212136268616
                ],
                [
                    448.4982490539551,
                    428.6099672317505
                ]
            ],
            "provenance": "nvisii",
            "quaternion_xyzw": [
                0.5474713444709778,
                0.4809770882129669,
                0.29512640833854675,
                -0.6179293394088745
            ],
            "quaternion_xyzw_world": [
                0.05769633501768112,
                0.12815432250499725,
                0.9707520604133606,
                -0.19464856386184692
            ],
            "segmentation_id": 11,
            "visibility": -1
        },
        {
            "bounding_box_minx_maxx_miny_maxy": [
                -1,
                -1,
                -1,
                -1
            ],
            "class": "2",
            "local_cuboid": null,
            "local_to_world_matrix": [
                [
                    -0.2230381965637207,
                    -0.41469427943229675,
                    0.882203221321106,
                    0.0
                ],
                [
                    -0.9628911018371582,
                    -0.0473635196685791,
                    -0.26570165157318115,
                    0.0
                ],
                [
                    0.15196919441223145,
                    -0.9087272882461548,
                    -0.38874149322509766,
                    0.0
                ],
                [
                    1.590001106262207,
                    0.10452967137098312,
                    0.44413164258003235,
                    1.0
                ]
            ],
            "location": [
                -0.10452967137098312,
                0.44413164258003235,
                -1.590001106262207
            ],
            "location_world": [
                1.590001106262207,
                0.10452967137098312,
                0.44413164258003235
            ],
            "name": "google_2_of_Jenga_Classic_Game_11",
            "projected_cuboid": [
                [
                    313.480943441391,
                    113.59444260597229
                ],
                [
                    318.26022267341614,
                    115.14052748680115
                ],
                [
                    216.23706817626953,
                    66.76919758319855
                ],
                [
                    216.4413332939148,
                    67.6056295633316
                ],
                [
                    301.0919392108917,
                    139.9644911289215
                ],
                [
                    305.19020557403564,
                    142.8314745426178
                ],
                [
                    203.94672453403473,
                    95.79521417617798
                ],
                [
                    204.75830137729645,
                    95.18320858478546
                ],
                [
                    260.5499029159546,
                    104.99317944049835
                ]
            ],
            "provenance": "nvisii",
            "quaternion_xyzw": [
                -0.6768243908882141,
                -0.3433559536933899,
                -0.41804251074790955,
                -0.4992552697658539
            ],
            "quaternion_xyzw_world": [
                -0.5506965517997742,
                0.6253831386566162,
                -0.46948379278182983,
                -0.2919146716594696
            ],
            "segmentation_id": 12,
            "visibility": -1
        },
        {
            "bounding_box_minx_maxx_miny_maxy": [
                -1,
                -1,
                -1,
                -1
            ],
            "class": "2",
            "local_cuboid": null,
            "local_to_world_matrix": [
                [
                    0.6372239589691162,
                    -0.6456884741783142,
                    -0.42075178027153015,
                    0.0
                ],
                [
                    -0.4129241108894348,
                    0.17492443323135376,
                    -0.8938093781471252,
                    0.0
                ],
                [
                    0.6507222056388855,
                    0.7432952523231506,
                    -0.15515422821044922,
                    0.0
                ],
                [
                    1.777535080909729,
                    -0.8242774605751038,
                    -0.7976189851760864,
                    1.0
                ]
            ],
            "location": [
                0.8242774605751038,
                -0.7976189851760864,
                -1.777535080909729
            ],
            "location_world": [
                1.777535080909729,
                -0.8242774605751038,
                -0.7976189851760864
            ],
            "name": "google_2_of_Jenga_Classic_Game_12",
            "projected_cuboid": [
                [
                    442.16132164001465,
                    496.73283100128174
                ],
                [
                    441.04015827178955,
                    524.1481065750122
                ],
                [
                    534.7824692726135,
                    538.0148887634277
                ],
                [
                    534.2249870300293,
                    507.470965385437
                ],
                [
                    431.40411376953125,
                    492.8397536277771
                ],
                [
                    430.05886673927307,
                    520.9004878997803
                ],
                [
                    525.314211845398,
                    534.8131060600281
                ],
                [
                    524.9273777008057,
                    503.4646987915039
                ],
                [
                    480.68252205848694,
                    514.3738389015198
                ]
            ],
            "provenance": "nvisii",
            "quaternion_xyzw": [
                -0.8930593729019165,
                0.16675154864788055,
                0.3864578604698181,
                -0.15902592241764069
            ],
            "quaternion_xyzw_world": [
                -0.6358957886695862,
                0.4161894917488098,
                -0.09041199088096619,
                0.6436214447021484
            ],
            "segmentation_id": 13,
            "visibility": -1
        },
        {
            "bounding_box_minx_maxx_miny_maxy": [
                -1,
                -1,
                -1,
                -1
            ],
            "class": "2",
            "local_cuboid": null,
            "local_to_world_matrix": [
                [
                    -0.3382476568222046,
                    -0.32479172945022583,
