{
    "camera_data": {
        "camera_look_at": {
            "at": [
                1.0,
                0.0,
                0.0
            ],
            "eye": [
                0.0,
                0.0,
                0.0
            ],
            "up": [
                0.0,
                0.0,
                1.0
            ]
        },
        "camera_view_matrix": [
            [
                0.0,
                0.0,
                -1.0,
                0.0
            ],
            [
                -1.0,
                0.0,
                0.0,
                0.0
            ],
            [
                0.0,
                1.0,
                0.0,
                0.0
            ],
            [
                0.0,
                0.0,
                0.0,
                1.0
            ]
        ],
        "height": 500,
        "intrinsics": {
            "cx": 250.0,
            "cy": 250.0,
            "fx": 603.5535278320312,
            "fy": 603.5535278320312
        },
        "location_world": [
            0.0,
            0.0,
            0.0
        ],
        "quaternion_world_xyzw": [
            0.5,
            -0.5,
            -0.5,
            0.5
        ],
        "width": 500
    },
    "objects": [
        {
            "bounding_box_minx_maxx_miny_maxy": [
                -1,
                -1,
                -1,
                -1
            ],
            "class": "2",
            "local_cuboid": null,
            "local_to_world_matrix": [
                [
                    -0.1408597230911255,
                    -0.35912609100341797,
                    -0.9225979447364807,
                    0.0
                ],
                [
                    0.17652887105941772,
                    0.9078450202941895,
                    -0.38033536076545715,
                    0.0
                ],
                [
                    0.9741643071174622,
                    -0.21643909811973572,
                    -0.06448256969451904,
                    0.0
                ],
                [
                    1.666948676109314,
                    -0.40552160143852234,
                    -0.7799342274665833,
                    1.0
                ]
            ],
            "location": [
                0.40552160143852234,
                -0.7799342274665833,
                -1.666948676109314
            ],
            "location_world": [
                1.666948676109314,
                -0.40552160143852234,
                -0.7799342274665833
            ],
            "name": "google_2_of_Jenga_Classic_Game_0",
            "projected_cuboid": [
                [
                    412.29552030563354,
                    505.0201416015625
                ],
                [
                    387.3720169067383,
                    512.9967927932739
                ],
                [
                    387.93039321899414,
                    551.0278940200806
                ],
                [
                    417.1469211578369,
                    542.021632194519
                ],
                [
                    402.6000499725342,
                    481.03517293930054
                ],
                [
                    377.89106369018555,
                    489.1487956047058
                ],
                [
                    376.83987617492676,
                    522.8890180587769
                ],
                [
                    405.7621657848358,
                    513.6908292770386
                ],
                [
                    395.834356546402,
                    513.3161544799805
                ]
            ],
            "provenance": "nvisii",
            "quaternion_xyzw": [
                -0.823654294013977,
                0.5555859208106995,
                -0.10844927281141281,
                0.03400886803865433
            ],
            "quaternion_xyzw_world": [
                -0.06280513107776642,
                0.7268403172492981,
                -0.20526327192783356,
                0.6523998975753784
            ],
            "segmentation_id": 1,
            "visibility": -1
        },
        {
            "bounding_box_minx_maxx_miny_maxy": [
                -1,
                -1,
                -1,
                -1
            ],
            "class": "2",
            "local_cuboid": null,
            "local_to_world_matrix": [
                [
                    -0.9565849304199219,
                    -0.005991339683532715,
                    -0.29139208793640137,
                    0.0
                ],
                [
                    0.2660970091819763,
                    0.3899213671684265,
                    -0.8815633058547974,
                    0.0
                ],
                [
                    0.11890175938606262,
                    -0.9208287000656128,
                    -0.3713986873626709,
                    0.0
                ],
                [
                    1.903146743774414,
                    0.7996525168418884,
                    0.6810534000396729,
                    1.0
                ]
            ],
            "location": [
                -0.7996525168418884,
                0.6810534000396729,
                -1.903146743774414
            ],
            "location_world": [
                1.903146743774414,
                0.7996525168418884,
                0.6810534000396729
            ],
            "name": "google_2_of_Jenga_Classic_Game_1",
            "projected_cuboid": [
                [
                    85.77579259872437,
                    58.8206946849823
                ],
                [
                    77.30990648269653,
                    84.57286655902863
                ],
                [
                    -12.390315532684326,
                    46.621501445770264
                ],
                [
                    -4.852801561355591,
                    19.927069544792175
                ],
                [
                    91.9392853975296,
                    59.102147817611694
                ],
                [
                    83.72524380683899,
                    83.87307822704315
                ],
                [
                    -2.393364906311035,
                    47.37630486488342
                ],
                [
                    4.965752363204956,
                    21.734565496444702
                ],
                [
                    40.96587002277374,
                    53.004369139671326
                ]
            ],
            "provenance": "nvisii",
            "quaternion_xyzw": [
                -0.708247184753418,
                0.2404928207397461,
                -0.6626971960067749,
                -0.037169814109802246
            ],
            "quaternion_xyzw_world": [
                0.0788864940404892,
                0.8243035078048706,
                -0.5466408729553223,
                0.12443652004003525
            ],
            "segmentation_id": 2,
            "visibility": -1
        },
        {
            "bounding_box_minx_maxx_miny_maxy": [
                -1,
                -1,
                -1,
                -1
            ],
            "class": "2",
            "local_cuboid": null,
            "local_to_world_matrix": [
                [
                    0.35689085721969604,
                    0.4103850722312927,
                    -0.8391740322113037,
                    0.0
                ],
                [
                    -0.054969772696495056,
                    -0.887549877166748,
                    -0.4574205279350281,
                    0.0
                ],
                [
                    -0.9325273036956787,
                    0.20937837660312653,
                    -0.2941995859146118,
                    0.0
                ],
                [
                    1.8311997652053833,
                    -0.7866784930229187,
                    0.043282151222229004,
                    1.0
                ]
            ],
            "location": [
                0.7866784930229187,
                0.043282151222229004,
                -1.8311997652053833
            ],
            "location_world": [
                1.8311997652053833,
                -0.7866784930229187,
                0.043282151222229004
            ],
            "name": "google_2_of_Jenga_Classic_Game_2",
            "projected_cuboid": [
                [
                    507.42173194885254,
                    271.614134311676
                ],
                [
                    536.9824171066284,
                    286.520779132843
                ],
                [
                    514.5953893661499,
                    252.97978520393372
                ],
                [
                    489.44902420043945,
                    240.35507440567017
                ],
                [
                    524.7365236282349,
                    246.18074297904968
                ],
                [
                    554.8889636993408,
                    261.28295063972473
                ],
                [
                    529.4669270515442,
                    231.00964725017548
                ],
                [
                    503.89355421066284,
                    218.24562549591064
                ],
                [
                    519.2233324050903,
                    249.8769760131836
                ]
            ],
            "provenance": "nvisii",
            "quaternion_xyzw": [
                0.16919519007205963,
                0.07147935032844543,
                -0.83670973777771,
                0.5159267783164978
            ],
            "quaternion_xyzw_world": [
                0.796655535697937,
                0.11153355240821838,
                -0.5559809803962708,
                -0.20924943685531616
            ],
            "segmentation_id": 3,
            "visibility": -1
        },
        {
            "bounding_box_minx_maxx_miny_maxy": [
                -1,
                -1,
                -1,
                -1
            ],
            "class": "2",
            "local_cuboid": null,
            "local_to_world_matrix": [
                [
                    -0.932544469833374,
                    0.14282622933387756,
                    0.3316047489643097,
                    0.0
                ],
                [
                    0.32473281025886536,
                    -0.06968903541564941,
                    0.943234920501709,
                    0.0
                ],
                [
                    0.15782788395881653,
                    0.9872913360595703,
                    0.018607676029205322,
                    0.0
                ],
                [
                    1.4670302867889404,
                    -0.29443830251693726,
                    -0.724036693572998,
                    1.0
                ]
            ],
            "location": [
                0.29443830251693726,
                -0.724036693572998,
                -1.4670302867889404
            ],
            "location_world": [
                1.4670302867889404,
                -0.29443830251693726,
                -0.724036693572998
            ],
            "name": "google_2_of_Jenga_Classic_Game_3",
            "projected_cuboid": [
                [
                    248.95817041397095,
                    557.577908039093
                ],
                [
                    251.36083364486694,
                    519.6576714515686
                ],
                [
                    371.94475531578064,
                    530.5388569831848
                ],
                [
                    371.7980682849884,
                    569.9038505554199
                ],
                [
                    253.43474745750427,
                    553.126335144043
                ],
                [
                    255.64584136009216,
                    517.0682072639465
                ],
                [
                    370.5143928527832,
                    527.343213558197
                ],
                [
                    370.34860253334045,
                    564.7059679031372
                ],
                [
                    310.85559725761414,
                    542.1821475028992
                ]
            ],
            "provenance": "nvisii",
            "quaternion_xyzw": [
                0.13394659757614136,
                0.7489808201789856,
                -0.10218054056167603,
                -0.6408160328865051
            ],
            "quaternion_xyzw_world": [
                0.17214596271514893,
                0.6790153980255127,
                0.710781455039978,
                -0.06398119777441025
            ],
            "segmentation_id": 4,
            "visibility": -1
        },
        {
            "bounding_box_minx_maxx_miny_maxy": [
                -1,
                -1,
                -1,
                -1
            ],
            "class": "2",
            "local_cuboid": null,
            "local_to_world_matrix": [
                [
                    -0.5993950366973877,
                    0.5457758903503418,
                    -0.5855376124382019,
                    0.0
                ],
                [
                    0.6145608425140381,
                    -0.1549227237701416,
                    -0.7735074758529663,
                    0.0
                ],
                [
                    -0.5128749012947083,
                    -0.8234850168228149,
                    -0.24255263805389404,
                    0.0
                ],
                [
                    1.259260892868042,
                    0.11601624637842178,
                    0.5201546549797058,
                    1.0
                ]
            ],
            "location": [
                -0.11601624637842178,
                0.5201546549797058,
                -1.259260892868042
            ],
            "location_world": [
                1.259260892868042,
                0.11601624637842178,
                0.5201546549797058
            ],
            "name": "google_2_of_Jenga_Classic_Game_4",
            "projected_cuboid": [
                [
                    304.9317002296448,
                    -11.331021785736084
                ],
                [
                    309.4693720340729,
                    36.3248735666275
                ],
                [
                    187.3289793729782,
                    27.80313789844513
                ],
                [
                    178.1136691570282,
                    -14.316380023956299
                ],
                [
                    326.05671882629395,
                    -25.350958108901978
                ],
                [
                    329.4634819030762,
                    20.988449454307556
                ],
                [
                    209.44714546203613,
                    14.52992856502533
                ],
                [
                    201.49162411689758,
                    -26.553094387054443
                ],
                [
                    252.17097997665405,
                    2.95865535736084
                ]
            ],
            "provenance": "nvisii",
            "quaternion_xyzw": [
                -0.4227460026741028,
                0.2546534240245819,
                -0.8414508700370789,
                0.2199951410293579
            ],
            "quaternion_xyzw_world": [
                0.44667673110961914,
                0.649427592754364,
                -0.6147692799568176,
                0.027971848845481873
            ],
            "segmentation_id": 5,
            "visibility": -1
        },
        {
            "bounding_box_minx_maxx_miny_maxy": [
                -1,
                -1,
                -1,
                -1
            ],
            "class": "2",
            "local_cuboid": null,
            "local_to_world_matrix": [
                [
                    0.6376146078109741,
                    -0.7585200667381287,
                    -0.13451823592185974,
                    0.0
                ],
                [
                    0.4188769459724426,
                    0.48792147636413574,
                    -0.7658165693283081,
                    0.0
                ],
                [
                    0.6465214490890503,
                    0.43194928765296936,
                    0.6288322806358337,
                    0.0
                ],
                [
                    1.2910698652267456,
                    -0.18622437119483948,
                    -0.0687626525759697,
                    1.0
                ]
            ],
            "location": [
                0.18622437119483948,
                -0.0687626525759697,
                -1.2910698652267456
            ],
            "location_world": [
                1.2910698652267456,
                -0.18622437119483948,
                -0.0687626525759697
            ],
            "name": "google_2_of_Jenga_Classic_Game_5",
            "projected_cuboid": [
                [
                    294.86870765686035,
                    192.38874316215515
                ],
                [
                    277.49666571617126,
                    219.35737133026123
                ],
                [
                    338.4796977043152,
                    298.13089966773987
                ],
                [
                    360.03926396369934,
                    269.38578486442566
                ],
                [
                    271.30797505378723,
                    185.91541051864624
                ],
                [
                    253.9084255695343,
                    213.96079659461975
                ],
                [
                    313.8107359409332,
                    295.0272560119629
                ],
                [
                    335.54011583328247,
                    265.03583788871765
                ],
                [
                    303.64322662353516,
                    239.93389308452606
                ]
            ],
            "provenance": "nvisii",
            "quaternion_xyzw": [
                -0.8903452157974243,
                0.1747749000787735,
                0.30032286047935486,
                0.2941862940788269
            ],
            "quaternion_xyzw_world": [
                -0.3608534336090088,
                0.23530545830726624,
                -0.35471686720848083,
                0.829814612865448
            ],
            "segmentation_id": 6,
            "visibility": -1
        },
        {
            "bounding_box_minx_maxx_miny_maxy": [
                -1,
                -1,
                -1,
                -1
            ],
            "class": "2",
            "local_cuboid": null,
            "local_to_world_matrix": [
                [
                    0.8521334528923035,
                    0.31511175632476807,
                    0.4178195595741272,
                    0.0
                ],
                [
                    -0.5210782885551453,
                    0.5847909450531006,
                    0.621688961982727,
                    0.0
                ],
                [
                    -0.04843570291996002,
                    -0.7474786043167114,
                    0.662517786026001,
                    0.0
                ],
                [
                    1.6296550035476685,
                    -0.0646115317940712,
                    -0.2890043556690216,
                    1.0
                ]
            ],
            "location": [
                0.0646115317940712,
                -0.2890043556690216,
                -1.6296550035476685
            ],
            "location_world": [
                1.6296550035476685,
                -0.0646115317940712,
                -0.2890043556690216
            ],
            "name": "google_2_of_Jenga_Classic_Game_6",
            "projected_cuboid": [
                [
                    356.62955045700073,
                    288.0231440067291
                ],
                [
                    341.1966860294342,
                    269.5794403553009
                ],
                [
                    260.12012362480164,
                    340.57509899139404
                ],
                [
                    277.5401473045349,
                    357.0103943347931
                ],
                [
                    370.4528212547302,
                    302.01998353004456
                ],
                [
                    354.7448515892029,
                    283.1762731075287
                ],
                [
                    270.0839638710022,
                    357.08168148994446
                ],
                [
                    287.95677423477173,
                    373.7509250640869
                ],
                [
                    314.6511912345886,
                    321.51949405670166
                ]
            ],
            "provenance": "nvisii",
            "quaternion_xyzw": [
                -0.060753270983695984,
                0.6870890259742737,
                0.4306561350822449,
                0.5820251107215881
            ],
            "quaternion_xyzw_world": [
                0.38885238766670227,
                -0.13241949677467346,
                0.23748335242271423,
                0.8802617788314819
            ],
            "segmentation_id": 7,
            "visibility": -1
        },
        {
            "bounding_box_minx_maxx_miny_maxy": [
                -1,
                -1,
                -1,
                -1
            ],
            "class": "2",
            "local_cuboid": null,
            "local_to_world_matrix": [
                [
                    0.8843020796775818,
                    -0.43417367339134216,
                    -0.17176449298858643,
                    0.0
                ],
                [
                    -0.3473149240016937,
                    -0.8575272560119629,
                    0.3794989585876465,
                    0.0
                ],
                [
                    -0.3120611608028412,
                    -0.2759353518486023,
                    -0.9091081619262695,
                    0.0
                ],
                [
                    1.6233503818511963,
                    -0.6360801458358765,
                    -0.5108994841575623,
                    1.0
                ]
            ],
            "location": [
                0.6360801458358765,
                -0.5108994841575623,
                -1.6233503818511963
            ],
            "location_world": [
                1.6233503818511963,
                -0.6360801458358765,
                -0.5108994841575623
            ],
            "name": "google_2_of_Jenga_Classic_Game_7",
            "projected_cuboid": [
                [
                    516.1749124526978,
                    554.9777746200562
                ],
                [
                    549.3543148040771,
                    548.2807159423828
                ],
                [
                    503.15380096435547,
                    434.22240018844604
                ],
                [
                    472.59217500686646,
                    442.5539970397949
                ],
                [
                    514.7834420204163,
                    563.6399388313293
                ],
                [
                    549.4965314865112,
                    556.7991733551025
                ],
                [
                    501.2398958206177,
                    437.19175457954407
                ],
                [
                    469.3834185600281,
                    445.8315670490265
                ],
                [
                    508.72623920440674,
                    496.23286724090576
                ]
            ],
            "provenance": "nvisii",
            "quaternion_xyzw": [
                0.43087515234947205,
                0.39788946509361267,
                -0.3529832065105438,
                0.7289948463439941
            ],
            "quaternion_xyzw_world": [
                0.9553713202476501,
                -0.20449864864349365,
                -0.12660670280456543,
                0.17151297628879547
            ],
            "segmentation_id": 8,
            "visibility": -1
        },
        {
            "bounding_box_minx_maxx_miny_maxy": [
                -1,
                -1,
                -1,
                -1
            ],
            "class": "2",
            "local_cuboid": null,
            "local_to_world_matrix": [
                [
                    0.9971145391464233,
                    -0.06748346984386444,
                    -0.03476504236459732,
                    0.0
                ],
                [
                    0.027656596153974533,
                    0.7494293451309204,
                    -0.6615063548088074,
                    0.0
                ],
                [
                    0.0706946924328804,
                    0.6586361527442932,
                    0.749133288860321,
                    0.0
                ],
                [
                    1.6432265043258667,
                    -0.5795718431472778,
                    -0.6219271421432495,
                    1.0
                ]
            ],
            "location": [
                0.5795718431472778,
                -0.6219271421432495,
                -1.6432265043258667
            ],
            "location_world": [
                1.6432265043258667,
                -0.5795718431472778,
                -0.6219271421432495
            ],
            "name": "google_2_of_Jenga_Classic_Game_8",
            "projected_cuboid": [
                [
                    399.4717299938202,
                    383.52006673812866
                ],
                [
                    376.85781717300415,
                    403.11720967292786
                ],
                [
                    447.37792015075684,
                    483.43515396118164
                ],
                [
                    470.36755084991455,
                    463.70887756347656
                ],
                [
                    404.7350883483887,
                    388.9700770378113
                ],
                [
                    381.0194134712219,
                    409.5076322555542
                ],
                [
                    455.0490975379944,
                    493.8439726829529
                ],
                [
                    479.17822003364563,
                    473.1646776199341
                ],
                [
                    426.4455735683441,
                    437.0644688606262
                ]
            ],
            "provenance": "nvisii",
            "quaternion_xyzw": [
                -0.6707616448402405,
                0.29227763414382935,
                0.6171159148216248,
                0.2895178496837616
            ],
            "quaternion_xyzw_world": [
                -0.35304102301597595,
                0.0282027218490839,
                -0.02544296905398369,
                0.9348365068435669
            ],
            "segmentation_id": 9,
            "visibility": -1
        },
        {
            "bounding_box_minx_maxx_miny_maxy": [
                -1,
                -1,
                -1,
                -1
            ],
            "class": "2",
            "local_cuboid": null,
            "local_to_world_matrix": [
                [
                    -0.90993332862854,
                    0.3264883756637573,
                    -0.25578832626342773,
                    0.0
                ],
                [
                    0.0511997789144516,
                    -0.5235817432403564,
                    -0.8504360914230347,
                    0.0
                ],
                [
                    -0.41158342361450195,
                    -0.7869360446929932,
                    0.4597075581550598,
                    0.0
                ],
                [
                    1.888304591178894,
                    -0.4873809218406677,
                    0.5535876750946045,
                    1.0
                ]
            ],
            "location": [
                0.4873809218406677,
                0.5535876750946045,
                -1.888304591178894
            ],
            "location_world": [
                1.888304591178894,
                -0.4873809218406677,
                0.5535876750946045
            ],
            "name": "google_2_of_Jenga_Classic_Game_9",
            "projected_cuboid": [
                [
                    488.0141019821167,
                    1.0085999965667725
                ],
                [
                    502.80582904815674,
                    26.618555188179016
                ],
                [
                    411.611944437027,
                    84.79876816272736
                ],
                [
                    397.5682556629181,
                    60.98879873752594
                ],
                [
                    487.1593117713928,
                    4.168957471847534
                ],
                [
                    501.36518478393555,
                    28.753504157066345
                ],
                [
                    413.65936398506165,
                    84.63254570960999
                ],
                [
                    400.1448154449463,
                    61.71143054962158
                ],
                [
                    448.84049892425537,
                    45.06562650203705
                ]
            ],
            "provenance": "nvisii",
            "quaternion_xyzw": [
                0.5273434519767761,
                0.1269538402557373,
                0.8044420480728149,
                -0.24220816791057587
            ],
            "quaternion_xyzw_world": [
                -0.1961764693260193,
                -0.48131176829338074,
                0.8504737615585327,
                0.08092213422060013
            ],
            "segmentation_id": 10,
            "visibility": -1
        },
        {
            "bounding_box_minx_maxx_miny_maxy": [
                -1,
                -1,
                -1,
                -1
            ],
            "class": "2",
            "local_cuboid": null,
            "local_to_world_matrix": [
                [
                    0.559177041053772,
                    0.797702431678772,
                    0.22581389546394348,
                    0.0
                ],
                [
                    -0.8258602619171143,
                    0.5598295331001282,
                    0.06742151081562042,
                    0.0
                ],
                [
                    -0.0726349726319313,
                    -0.22419129312038422,
                    0.9718345403671265,
                    0.0
                ],
                [
                    1.7604316473007202,
                    0.2704707384109497,
                    0.4021894633769989,
                    1.0
                ]
            ],
            "location": [
                -0.2704707384109497,
                0.4021894633769989,
                -1.7604316473007202
            ],
            "location_world": [
                1.7604316473007202,
                0.2704707384109497,
                0.4021894633769989
            ],
            "name": "google_2_of_Jenga_Classic_Game_10",
            "projected_cuboid": [
                [
                    178.50077152252197,
                    17.43137836456299
                ],
                [
                    159.0869426727295,
                    6.047159433364868
                ],
                [
                    137.57488131523132,
                    107.0447564125061
                ],
                [
                    157.58748352527618,
                    114.42071199417114
                ],
                [
                    198.3785480260849,
                    17.712503671646118
                ],
                [
                    179.279625415802,
                    6.041437387466431
                ],
                [
                    156.95896744728088,
                    109.65439677238464
                ],
                [
                    176.70714855194092,
                    117.1111911535263
                ],
                [
                    168.0149883031845,
                    62.322407960891724
                ]
            ],
            "provenance": "nvisii",
            "quaternion_xyzw": [
                -0.12474080175161362,
                0.6694193482398987,
                0.6713635325431824,
                0.29255515336990356
            ],
            "quaternion_xyzw_world": [
                0.08293507993221283,
                -0.08487926423549652,
                0.46174344420433044,
                0.8790394067764282
            ],
            "segmentation_id": 11,
            "visibility": -1
        },
        {
            "bounding_box_minx_maxx_miny_maxy": [
                -1,
                -1,
                -1,
                -1
            ],
            "class": "2",
            "local_cuboid": null,
            "local_to_world_matrix": [
                [
                    0.22585511207580566,
                    -0.5442089438438416,
                    0.807976484298706,
                    0.0
                ],
                [
                    0.5296329855918884,
                    0.7647126913070679,
                    0.3670195937156677,
                    0.0
                ],
                [
                    -0.8176052570343018,
                    0.3450377583503723,
                    0.46094536781311035,
                    0.0
                ],
                [
                    1.8572144508361816,
                    -0.6208586692810059,
                    0.011980087496340275,
                    1.0
                ]
            ],
            "location": [
                0.6208586692810059,
                0.011980087496340275,
                -1.8572144508361816
            ],
            "location_world": [
                1.8572144508361816,
                -0.6208586692810059,
                0.011980087496340275
            ],
            "name": "google_2_of_Jenga_Classic_Game_11",
            "projected_cuboid": [
                [
                    465.80061316490173,
                    188.71325254440308
                ],
                [
                    436.3258481025696,
                    179.0362298488617
                ],
                [
                    444.9734091758728,
                    231.04198276996613
                ],
                [
                    470.8400368690491,
                    240.72694778442383
                ],
                [
                    451.89714431762695,
                    212.26423978805542
                ],
                [
                    422.48156666755676,
                    201.83619856834412
                ],
                [
                    432.97892808914185,
                    251.42645835876465
                ],
                [
                    458.804190158844,
                    261.7051601409912
                ],
                [
                    448.1350779533386,
                    222.46721386909485
                ]
            ],
            "provenance": "nvisii",
            "quaternion_xyzw": [
                -0.29982665181159973,
                -0.03607402741909027,
                0.4760190546512604,
                0.8259590864181519
            ],
            "quaternion_xyzw_world": [
                0.0070196716114878654,
                -0.519112765789032,
                -0.34292036294937134,
                0.7828654050827026
            ],
            "segmentation_id": 12,
            "visibility": -1
        },
        {
            "bounding_box_minx_maxx_miny_maxy": [
                -1,
                -1,
                -1,
                -1
            ],
            "class": "2",
            "local_cuboid": null,
            "local_to_world_matrix": [
                [
                    0.24861127138137817,
                    0.02348504215478897,
                    -0.9683186411857605,
                    0.0
                ],
                [
                    -0.041664935648441315,
                    -0.9985214471817017,
                    -0.03491484373807907,
                    0.0
                ],
                [
                    -0.9677068591117859,
                    0.04902515560388565,
                    -0.24726521968841553,
                    0.0
                ],
                [
                    1.8652712106704712,
                    -0.7908105850219727,
                    -0.7046281099319458,
                    1.0
                ]
            ],
            "location": [
                0.7908105850219727,
                -0.7046281099319458,
                -1.8652712106704712
            ],
            "location_world": [
                1.8652712106704712,
                -0.7908105850219727,
                -0.7046281099319458
            ],
            "name": "google_2_of_Jenga_Classic_Game_12",
            "projected_cuboid": [
                [
                    527.6567935943604,
                    558.0127239227295
                ],
                [
                    560.2626204490662,
                    559.812605381012
                ],
                [
                    518.0606842041016,
                    489.7947907447815
                ],
                [
                    490.4446601867676,
                    488.3973002433777
                ],
                [
                    531.8254232406616,
                    532.5685739517212
                ],
                [
                    564.8475885391235,
                    534.3339443206787
                ],
                [
                    521.4999914169312,
                    467.4604535102844
                ],
                [
                    493.58582496643066,
                    466.09047055244446
                ],
                [
                    524.3467092514038,
                    509.3284845352173
                ]
            ],
            "provenance": "nvisii",
            "quaternion_xyzw": [
                0.10455022007226944,
                0.0722208321094513,
                -0.7117068767547607,
                0.6908884048461914
            ],
            "quaternion_xyzw_world": [
                0.7896831631660461,
                -0.005755439400672913,
                -0.612912118434906,
                -0.026573948562145233
            ],
            "segmentation_id": 13,
            "visibility": -1
        },
        {
            "bounding_box_minx_maxx_miny_maxy": [
                -1,
                -1,
                -1,
                -1
            ],
            "class": "2",
            "local_cuboid": null,
            "local_to_world_matrix": [
                [
                    0.11713027954101562,
                    0.981187105178833,
                    0.15346801280975342,
