{
    "camera_data": {
        "camera_look_at": {
            "at": [
                1.0,
                0.0,
                0.0
            ],
            "eye": [
                0.0,
                0.0,
                0.0
            ],
            "up": [
                0.0,
                0.0,
                1.0
            ]
        },
        "camera_view_matrix": [
            [
                0.0,
                0.0,
                -1.0,
                0.0
            ],
            [
                -1.0,
                0.0,
                0.0,
                0.0
            ],
            [
                0.0,
                1.0,
                0.0,
                0.0
            ],
            [
                0.0,
                0.0,
                0.0,
                1.0
            ]
        ],
        "height": 500,
        "intrinsics": {
            "cx": 250.0,
            "cy": 250.0,
            "fx": 603.5535278320312,
            "fy": 603.5535278320312
        },
        "location_world": [
            0.0,
            0.0,
            0.0
        ],
        "quaternion_world_xyzw": [
            0.5,
            -0.5,
            -0.5,
            0.5
        ],
        "width": 500
    },
    "objects": [
        {
            "bounding_box_minx_maxx_miny_maxy": [
                -1,
                -1,
                -1,
                -1
            ],
            "class": "2",
            "local_cuboid": null,
            "local_to_world_matrix": [
                [
                    0.0797584056854248,
                    -0.32164812088012695,
                    0.9434940814971924,
                    0.0
                ],
                [
                    -0.973333477973938,
                    0.1790984869003296,
                    0.14333760738372803,
                    0.0
                ],
                [
                    -0.21508261561393738,
                    -0.9297667741775513,
                    -0.2987862825393677,
                    0.0
                ],
                [
                    1.7686959505081177,
                    -0.31138911843299866,
                    -0.6058632731437683,
                    1.0
                ]
            ],
            "location": [
                0.31138911843299866,
                -0.6058632731437683,
                -1.7686959505081177
            ],
            "location_world": [
                1.7686959505081177,
                -0.31138911843299866,
                -0.6058632731437683
            ],
            "name": "google_2_of_Jenga_Classic_Game_0",
            "projected_cuboid": [
                [
                    458.027184009552,
                    478.2969653606415
                ],
                [
                    462.80527114868164,
                    485.16643047332764
                ],
                [
                    360.3748679161072,
                    446.1958706378937
                ],
                [
                    360.4057729244232,
                    441.33108854293823
                ],
                [
                    449.995756149292,
                    504.88102436065674
                ],
                [
                    454.39472794532776,
                    513.0913853645325
                ],
                [
                    351.8969714641571,
                    472.96127676963806
                ],
                [
                    352.31366753578186,
                    466.8619632720947
                ],
                [
                    405.3538739681244,
                    475.64882040023804
                ]
            ],
            "provenance": "nvisii",
            "quaternion_xyzw": [
                -0.49072086811065674,
                -0.3894248604774475,
                -0.43304064869880676,
                -0.6480872631072998
            ],
            "quaternion_xyzw_world": [
                -0.5475961565971375,
                0.5912119746208191,
                -0.3325495719909668,
                -0.48991596698760986
            ],
            "segmentation_id": 1,
            "visibility": -1
        },
        {
            "bounding_box_minx_maxx_miny_maxy": [
                -1,
                -1,
                -1,
                -1
            ],
            "class": "2",
            "local_cuboid": null,
            "local_to_world_matrix": [
                [
                    0.7990376949310303,
                    -0.07640403509140015,
                    -0.5964069366455078,
                    0.0
                ],
                [
                    0.5825135111808777,
                    -0.14751946926116943,
                    0.799322247505188,
                    0.0
                ],
                [
                    -0.14905309677124023,
                    -0.9861036539077759,
                    -0.07336723804473877,
                    0.0
                ],
                [
                    1.9455416202545166,
                    0.8013957738876343,
                    0.6614953875541687,
                    1.0
                ]
            ],
            "location": [
                -0.8013957738876343,
                0.6614953875541687,
                -1.9455416202545166
            ],
            "location_world": [
                1.9455416202545166,
                0.8013957738876343,
                0.6614953875541687
            ],
            "name": "google_2_of_Jenga_Classic_Game_1",
            "projected_cuboid": [
                [
                    86.66904270648956,
                    65.73697924613953
                ],
                [
                    94.61136162281036,
                    49.56167936325073
                ],
                [
                    11.138081550598145,
                    47.459498047828674
                ],
                [
                    1.2699365615844727,
                    63.22114169597626
                ],
                [
                    79.1207104921341,
                    44.060781598091125
                ],
                [
                    87.52313256263733,
                    27.9100239276886
                ],
                [
                    1.4948099851608276,
                    26.225760579109192
                ],
                [
                    -8.95354151725769,
                    41.960492730140686
                ],
                [
                    43.75329613685608,
                    45.82896828651428
                ]
            ],
            "provenance": "nvisii",
            "quaternion_xyzw": [
                -0.17890551686286926,
                0.62726891040802,
                -0.261403352022171,
                0.7114737033843994
            ],
            "quaternion_xyzw_world": [
                0.7106202244758606,
                0.17805202305316925,
                -0.26225683093070984,
                0.6281223893165588
            ],
            "segmentation_id": 2,
            "visibility": -1
        },
        {
            "bounding_box_minx_maxx_miny_maxy": [
                -1,
                -1,
                -1,
                -1
            ],
            "class": "2",
            "local_cuboid": null,
            "local_to_world_matrix": [
                [
                    -0.694793701171875,
                    -0.4813661277294159,
                    -0.5343671441078186,
                    0.0
                ],
                [
                    -0.6707344055175781,
                    0.7018369436264038,
                    0.23987549543380737,
                    0.0
                ],
                [
                    0.2595706582069397,
                    0.5250824689865112,
                    -0.8105007410049438,
                    0.0
                ],
                [
                    1.874794602394104,
                    -0.676314115524292,
                    0.1614389568567276,
                    1.0
                ]
            ],
            "location": [
                0.676314115524292,
                0.1614389568567276,
                -1.874794602394104
            ],
            "location_world": [
                1.874794602394104,
                -0.676314115524292,
                0.1614389568567276
            ],
            "name": "google_2_of_Jenga_Classic_Game_2",
            "projected_cuboid": [
                [
                    426.7672300338745,
                    282.9401195049286
                ],
                [
                    413.17498683929443,
                    277.4733603000641
                ],
                [
                    470.86387872695923,
                    200.06966590881348
                ],
                [
                    483.26367139816284,
                    208.0945074558258
                ],
                [
                    410.5151891708374,
                    269.35940980911255
                ],
                [
                    396.8329429626465,
                    263.6518180370331
                ],
                [
                    452.17323303222656,
                    187.95287609100342
                ],
                [
                    464.76930379867554,
                    196.10536098480225
                ],
                [
                    439.2124116420746,
                    236.4104986190796
                ]
            ],
            "provenance": "nvisii",
            "quaternion_xyzw": [
                -0.6125890016555786,
                0.5044997334480286,
                -0.06925985217094421,
                -0.6044979095458984
            ],
            "quaternion_xyzw_world": [
                -0.32166367769241333,
                0.8954232931137085,
                0.2135743945837021,
                0.22166550159454346
            ],
            "segmentation_id": 3,
            "visibility": -1
        },
        {
            "bounding_box_minx_maxx_miny_maxy": [
                -1,
                -1,
                -1,
                -1
            ],
            "class": "2",
            "local_cuboid": null,
            "local_to_world_matrix": [
                [
                    -0.8782751560211182,
                    0.45519202947616577,
                    -0.14640112221240997,
                    0.0
                ],
                [
                    -0.011715978384017944,
                    0.28560030460357666,
                    0.9582772254943848,
                    0.0
                ],
                [
                    0.4780123829841614,
                    0.843346118927002,
                    -0.24550271034240723,
                    0.0
                ],
                [
                    1.5747343301773071,
                    -0.5937650799751282,
                    -0.7212632298469543,
                    1.0
                ]
            ],
            "location": [
                0.5937650799751282,
                -0.7212632298469543,
                -1.5747343301773071
            ],
            "location_world": [
                1.5747343301773071,
                -0.5937650799751282,
                -0.7212632298469543
            ],
            "name": "google_2_of_Jenga_Classic_Game_3",
            "projected_cuboid": [
                [
                    372.6859986782074,
                    551.4605641365051
                ],
                [
                    364.0906810760498,
                    522.5556492805481
                ],
                [
                    471.00651264190674,
                    519.1617012023926
                ],
                [
                    480.31216859817505,
                    550.6885051727295
                ],
                [
                    380.21528720855713,
                    535.537838935852
                ],
                [
                    371.96481227874756,
                    507.76922702789307
                ],
                [
                    474.9598205089569,
                    503.238320350647
                ],
                [
                    483.86257886886597,
                    533.4179997444153
                ],
                [
                    422.71387577056885,
                    527.8722643852234
                ]
            ],
            "provenance": "nvisii",
            "quaternion_xyzw": [
                -0.12702670693397522,
                0.850217878818512,
                -0.06874315440654755,
                -0.5062294006347656
            ],
            "quaternion_xyzw_world": [
                0.14285245537757874,
                0.7761085629463196,
                0.580338716506958,
                0.20113599300384521
            ],
            "segmentation_id": 4,
            "visibility": -1
        },
        {
            "bounding_box_minx_maxx_miny_maxy": [
                -1,
                -1,
                -1,
                -1
            ],
            "class": "2",
            "local_cuboid": null,
            "local_to_world_matrix": [
                [
                    -0.5681768655776978,
                    0.47535791993141174,
                    -0.6717215776443481,
                    0.0
                ],
                [
                    -0.20666900277137756,
                    0.7076884508132935,
                    0.6756219267845154,
                    0.0
                ],
                [
                    0.7965317964553833,
                    0.5226967930793762,
                    -0.3038504123687744,
                    0.0
                ],
                [
                    1.4782294034957886,
                    -0.048453062772750854,
                    0.554452657699585,
                    1.0
                ]
            ],
            "location": [
                0.048453062772750854,
                0.554452657699585,
                -1.4782294034957886
            ],
            "location_world": [
                1.4782294034957886,
                -0.048453062772750854,
                0.554452657699585
            ],
            "name": "google_2_of_Jenga_Classic_Game_4",
            "projected_cuboid": [
                [
                    216.90469980239868,
                    103.96130383014679
                ],
                [
                    195.09029388427734,
                    81.94643259048462
                ],
                [
                    249.94033575057983,
                    17.90986955165863
                ],
                [
                    274.5666801929474,
                    44.1851019859314
                ],
                [
                    230.74837028980255,
                    89.35977518558502
                ],
                [
                    209.6409946680069,
                    67.76927411556244
                ],
                [
                    265.11234045028687,
                    3.445655107498169
                ],
                [
                    288.83200883865356,
                    29.10788357257843
                ],
                [
                    239.456906914711,
                    56.938692927360535
                ]
            ],
            "provenance": "nvisii",
            "quaternion_xyzw": [
                -0.4017312228679657,
                0.8584159016609192,
                -0.02830253168940544,
                -0.3176996111869812
            ],
            "quaternion_xyzw_world": [
                0.08364381641149521,
                0.8030746579170227,
                0.3730408847332001,
                0.45707249641418457
            ],
            "segmentation_id": 5,
            "visibility": -1
        },
        {
            "bounding_box_minx_maxx_miny_maxy": [
                -1,
                -1,
                -1,
                -1
            ],
            "class": "2",
            "local_cuboid": null,
            "local_to_world_matrix": [
                [
                    -0.3471883535385132,
                    0.6577147245407104,
                    0.668484628200531,
                    0.0
                ],
                [
                    -0.8285330533981323,
                    -0.5490506887435913,
                    0.10989280045032501,
                    0.0
                ],
                [
                    0.4393100142478943,
                    -0.5157081484794617,
                    0.7355623245239258,
                    0.0
                ],
                [
                    1.3776869773864746,
                    -0.3826703727245331,
                    0.09745451807975769,
                    1.0
                ]
            ],
            "location": [
                0.3826703727245331,
                0.09745451807975769,
                -1.3776869773864746
            ],
            "location_world": [
                1.3776869773864746,
                -0.3826703727245331,
                0.09745451807975769
            ],
            "name": "google_2_of_Jenga_Classic_Game_5",
            "projected_cuboid": [
                [
                    441.33317470550537,
                    118.0042028427124
                ],
                [
                    469.717800617218,
                    107.82501101493835
                ],
                [
                    422.52373695373535,
                    191.66934490203857
                ],
                [
                    393.8956558704376,
                    198.58941435813904
                ],
                [
                    458.1047296524048,
                    140.8015489578247
                ],
                [
                    486.75602674484253,
                    131.88430666923523
                ],
                [
                    442.1267509460449,
                    216.3117527961731
                ],
                [
                    413.0868911743164,
                    221.89030051231384
                ],
                [
                    441.70644879341125,
                    164.24506902694702
                ]
            ],
            "provenance": "nvisii",
            "quaternion_xyzw": [
                0.40978729724884033,
                0.742784857749939,
                0.5264294743537903,
                0.056718915700912476
            ],
            "quaternion_xyzw_world": [
                0.34143081307411194,
                -0.12507539987564087,
                0.8111413717269897,
                0.4580729901790619
            ],
            "segmentation_id": 6,
            "visibility": -1
        },
        {
            "bounding_box_minx_maxx_miny_maxy": [
                -1,
                -1,
                -1,
                -1
            ],
            "class": "2",
            "local_cuboid": null,
            "local_to_world_matrix": [
                [
                    -0.9324585199356079,
                    0.16478246450424194,
                    -0.3215099573135376,
                    0.0
                ],
                [
                    -0.2633230984210968,
                    -0.9192816019058228,
                    0.29254570603370667,
                    0.0
                ],
                [
                    -0.24735169112682343,
                    0.3574475944042206,
                    0.9005822539329529,
                    0.0
                ],
                [
                    0.9668633937835693,
                    0.44370487332344055,
                    0.16088341176509857,
                    1.0
                ]
            ],
            "location": [
                -0.44370487332344055,
                0.16088341176509857,
                -0.9668633937835693
            ],
            "location_world": [
                0.9668633937835693,
                0.44370487332344055,
                0.16088341176509857
            ],
            "name": "google_2_of_Jenga_Classic_Game_6",
            "projected_cuboid": [
                [
                    -162.186861038208,
                    -27.063965797424316
                ],
                [
                    -117.6815927028656,
                    -51.946789026260376
                ],
                [
                    -20.202934741973877,
                    144.55704391002655
                ],
                [
                    -63.59457969665527,
                    162.887841463089
                ],
                [
                    -121.69429659843445,
                    -21.68211340904236
                ],
                [
                    -79.76797223091125,
                    -44.44602131843567
                ],
                [
                    7.72663950920105,
                    136.94874942302704
                ],
                [
                    -33.13165903091431,
                    154.11747992038727
                ],
                [
                    -71.59042358398438,
                    60.386255383491516
                ]
            ],
            "provenance": "nvisii",
            "quaternion_xyzw": [
                0.2717169523239136,
                0.549994707107544,
                0.5290530920028687,
                -0.586326539516449
            ],
            "quaternion_xyzw_world": [
                -0.14683398604393005,
                0.16777560114860535,
                0.9685456156730652,
                0.11050216853618622
            ],
            "segmentation_id": 7,
            "visibility": -1
        },
        {
            "bounding_box_minx_maxx_miny_maxy": [
                -1,
                -1,
                -1,
                -1
            ],
            "class": "2",
            "local_cuboid": null,
            "local_to_world_matrix": [
                [
                    0.4961608648300171,
                    0.1659015715122223,
                    -0.8522329330444336,
                    0.0
                ],
                [
                    0.30660000443458557,
                    -0.9518141746520996,
                    -0.006787538528442383,
                    0.0
                ],
                [
                    -0.812293529510498,
                    -0.25792694091796875,
                    -0.5231183767318726,
                    0.0
                ],
                [
                    1.6986613273620605,
                    -0.6413841843605042,
                    -0.5864847302436829,
                    1.0
                ]
            ],
            "location": [
                0.6413841843605042,
                -0.5864847302436829,
                -1.6986613273620605
            ],
            "location_world": [
                1.6986613273620605,
                -0.6413841843605042,
                -0.5864847302436829
            ],
            "name": "google_2_of_Jenga_Classic_Game_7",
            "projected_cuboid": [
                [
                    525.4513621330261,
                    567.6472187042236
                ],
                [
                    553.1483888626099,
                    562.3739957809448
                ],
                [
                    485.3326380252838,
                    466.2873446941376
                ],
                [
                    460.45982837677,
                    469.368040561676
                ],
                [
                    538.5249853134155,
                    547.950267791748
                ],
                [
                    566.7345523834229,
                    542.8857803344727
                ],
                [
                    495.4448342323303,
                    447.30913639068604
                ],
                [
                    470.1448380947113,
                    450.16735792160034
                ],
                [
                    509.38451290130615,
                    503.21269035339355
                ]
            ],
            "provenance": "nvisii",
            "quaternion_xyzw": [
                0.08454641699790955,
                0.2944573163986206,
                -0.7044470310211182,
                0.640235185623169
            ],
            "quaternion_xyzw_world": [
                0.8618429899215698,
                0.13706138730049133,
                -0.4828392565250397,
                0.07284952700138092
            ],
            "segmentation_id": 8,
            "visibility": -1
        },
        {
            "bounding_box_minx_maxx_miny_maxy": [
                -1,
                -1,
                -1,
                -1
            ],
            "class": "2",
            "local_cuboid": null,
            "local_to_world_matrix": [
                [
                    0.26083290576934814,
                    -0.5965338945388794,
                    -0.7590214014053345,
                    0.0
                ],
                [
                    0.4611543118953705,
                    -0.6137406826019287,
                    0.6408268809318542,
                    0.0
                ],
                [
                    -0.8481172323226929,
                    -0.5171747803688049,
                    0.11501038074493408,
                    0.0
                ],
                [
                    1.944658875465393,
                    -0.5750398635864258,
                    -0.788677453994751,
                    1.0
                ]
            ],
            "location": [
                0.5750398635864258,
                -0.788677453994751,
                -1.944658875465393
            ],
            "location_world": [
                1.944658875465393,
                -0.5750398635864258,
                -0.788677453994751
            ],
            "name": "google_2_of_Jenga_Classic_Game_8",
            "projected_cuboid": [
                [
                    508.80277156829834,
                    540.412425994873
                ],
                [
                    521.0810899734497,
                    514.9489641189575
                ],
                [
                    440.8884048461914,
                    491.97447299957275
                ],
                [
                    428.5683035850525,
                    513.7163996696472
                ],
                [
                    494.96039748191833,
                    522.3195552825928
                ],
                [
                    507.70270824432373,
                    496.9620108604431
                ],
                [
                    428.36177349090576,
                    476.0262072086334
                ],
                [
                    415.65456986427307,
                    497.6774752140045
                ],
                [
                    465.6432867050171,
                    505.8668851852417
                ]
            ],
            "provenance": "nvisii",
            "quaternion_xyzw": [
                -0.1640043705701828,
                0.22145867347717285,
                -0.3907545506954193,
                0.8782764673233032
            ],
            "quaternion_xyzw_world": [
                0.6632426381111145,
                -0.05102943629026413,
                -0.6057883501052856,
                0.4364924728870392
            ],
            "segmentation_id": 9,
            "visibility": -1
        },
        {
            "bounding_box_minx_maxx_miny_maxy": [
                -1,
                -1,
                -1,
                -1
            ],
            "class": "2",
            "local_cuboid": null,
            "local_to_world_matrix": [
                [
                    -0.16433978080749512,
                    -0.11704771220684052,
                    -0.9794347882270813,
                    0.0
                ],
                [
                    -0.46223151683807373,
                    -0.8680297136306763,
                    0.18129220604896545,
                    0.0
                ],
                [
                    -0.8713981509208679,
                    0.48251911997795105,
                    0.08854848146438599,
                    0.0
                ],
                [
                    1.8959076404571533,
                    -0.8150285482406616,
                    0.695025622844696,
                    1.0
                ]
            ],
            "location": [
                0.8150285482406616,
                0.695025622844696,
                -1.8959076404571533
            ],
            "location_world": [
                1.8959076404571533,
                -0.8150285482406616,
                0.695025622844696
            ],
            "name": "google_2_of_Jenga_Classic_Game_9",
            "projected_cuboid": [
                [
                    484.2177629470825,
                    3.8914382457733154
                ],
                [
                    517.2615051269531,
                    -7.774293422698975
                ],
                [
                    526.3739824295044,
                    35.6622189283371
                ],
                [
                    497.549831867218,
                    44.88438367843628
                ],
                [
                    479.05433177948,
                    -22.162944078445435
                ],
                [
                    511.7112994194031,
                    -34.360289573669434
                ],
                [
                    521.5112566947937,
                    12.371093034744263
                ],
                [
                    492.98030138015747,
                    22.004038095474243
                ],
                [
                    504.06891107559204,
                    8.405089378356934
                ]
            ],
            "provenance": "nvisii",
            "quaternion_xyzw": [
                -0.1268438994884491,
                0.21957144141197205,
                0.627108097076416,
                -0.7365015745162964
            ],
            "quaternion_xyzw_world": [
                -0.6354410648345947,
                0.22790439426898956,
                0.7281686067581177,
                0.11851095408201218
            ],
            "segmentation_id": 10,
            "visibility": -1
        },
        {
            "bounding_box_minx_maxx_miny_maxy": [
                -1,
                -1,
                -1,
                -1
            ],
            "class": "2",
            "local_cuboid": null,
            "local_to_world_matrix": [
                [
                    -0.22750282287597656,
                    -0.8357878923416138,
                    -0.49970096349716187,
                    0.0
                ],
                [
                    0.32323405146598816,
                    -0.5488775968551636,
                    0.7708781957626343,
                    0.0
                ],
                [
                    -0.9185653328895569,
                    0.013856559991836548,
                    0.3950262665748596,
                    0.0
                ],
                [
                    1.9815647602081299,
                    -0.06626715511083603,
                    0.3439425528049469,
                    1.0
                ]
            ],
            "location": [
                0.06626715511083603,
                0.3439425528049469,
                -1.9815647602081299
            ],
            "location_world": [
                1.9815647602081299,
                -0.06626715511083603,
                0.3439425528049469
            ],
            "name": "google_2_of_Jenga_Classic_Game_10",
            "projected_cuboid": [
                [
                    275.69636702537537,
                    104.68009114265442
                ],
                [
                    291.5708124637604,
                    84.12037789821625
                ],
                [
                    287.18510270118713,
                    141.5906548500061
                ],
                [
                    273.42382073402405,
                    160.13509035110474
                ],
                [
                    252.13566422462463,
                    92.28150546550751
                ],
                [
                    268.21643114089966,
                    72.1292495727539
                ],
                [
                    266.9965922832489,
                    130.69023191928864
                ],
                [
                    253.08150053024292,
                    148.91581237316132
                ],
                [
                    270.97734808921814,
                    118.78877878189087
                ]
            ],
            "provenance": "nvisii",
            "quaternion_xyzw": [
                0.19127494096755981,
                0.06427472829818726,
                0.2792397141456604,
                -0.9387800097465515
            ],
            "quaternion_xyzw_world": [
                -0.48123499751091003,
                0.2662700414657593,
                0.7367846965789795,
                -0.39327025413513184
            ],
            "segmentation_id": 11,
            "visibility": -1
        },
        {
            "bounding_box_minx_maxx_miny_maxy": [
                -1,
                -1,
                -1,
                -1
            ],
            "class": "2",
            "local_cuboid": null,
            "local_to_world_matrix": [
                [
                    -0.039839863777160645,
                    -0.4860479235649109,
                    0.8730236291885376,
                    0.0
                ],
                [
                    0.9936031699180603,
                    -0.11166751384735107,
                    -0.01682746410369873,
                    0.0
                ],
                [
                    0.1056673526763916,
                    0.8667685985565186,
                    0.4873875379562378,
                    0.0
                ],
                [
                    1.2365673780441284,
                    -0.7160523533821106,
                    0.3379695415496826,
                    1.0
                ]
            ],
            "location": [
                0.7160523533821106,
                0.3379695415496826,
                -1.2365673780441284
            ],
            "location_world": [
                1.2365673780441284,
                -0.7160523533821106,
                0.3379695415496826
            ],
            "name": "google_2_of_Jenga_Classic_Game_11",
            "projected_cuboid": [
                [
                    485.3857159614563,
                    -4.200011491775513
                ],
                [
                    474.63658452033997,
                    12.763440608978271
                ],
                [
                    599.7366905212402,
                    74.32009279727936
                ],
                [
                    619.5615530014038,
                    61.246708035469055
                ],
                [
                    465.9225344657898,
                    30.327260494232178
                ],
                [
                    456.4448297023773,
                    45.04029452800751
                ],
                [
                    580.7991623878479,
                    107.22412168979645
                ],
                [
                    599.2435216903687,
                    96.49297595024109
                ],
                [
                    534.1627597808838,
                    52.761927247047424
                ]
            ],
            "provenance": "nvisii",
            "quaternion_xyzw": [
                -0.6341416835784912,
                -0.3881983757019043,
                0.32600313425064087,
                0.5838564038276672
            ],
            "quaternion_xyzw_world": [
                -0.38224342465400696,
                -0.3319581151008606,
                -0.6400966644287109,
                0.5779014229774475
            ],
            "segmentation_id": 12,
            "visibility": -1
        },
        {
            "bounding_box_minx_maxx_miny_maxy": [
                -1,
                -1,
                -1,
                -1
            ],
            "class": "2",
            "local_cuboid": null,
            "local_to_world_matrix": [
                [
                    0.9895706176757812,
                    -0.12037017941474915,
                    -0.07912646979093552,
                    0.0
                ],
                [
                    0.1379791796207428,
                    0.9498352408409119,
                    0.2806684374809265,
                    0.0
                ],
                [
                    0.04137299954891205,
                    -0.2886590361595154,
                    0.9565376043319702,
                    0.0
                ],
                [
                    1.9434515237808228,
                    -0.761174201965332,
                    -0.8685930371284485,
                    1.0
                ]
            ],
            "location": [
                0.761174201965332,
                -0.8685930371284485,
                -1.9434515237808228
            ],
            "location_world": [
                1.9434515237808228,
                -0.761174201965332,
                -0.8685930371284485
            ],
            "name": "google_2_of_Jenga_Classic_Game_12",
            "projected_cuboid": [
                [
                    520.2169418334961,
                    433.35768580436707
                ],
                [
                    494.44442987442017,
                    425.1392185688019
                ],
                [
                    470.3354239463806,
                    511.0177993774414
                ],
                [
                    496.12337350845337,
                    519.7926759719849
                ],
                [
                    528.2577276229858,
                    438.8774037361145
                ],
                [
                    501.38986110687256,
                    430.2917718887329
                ],
                [
                    476.33951902389526,
                    519.7124481201172
                ],
                [
                    503.2246708869934,
                    528.9014577865601
                ],
                [
                    498.71987104415894,
                    475.66574811935425
                ]
            ],
            "provenance": "nvisii",
            "quaternion_xyzw": [
                -0.4693278968334198,
                0.5481038093566895,
                0.37335923314094543,
                0.5830235481262207
            ],
            "quaternion_xyzw_world": [
                0.14422011375427246,
                0.030524516478180885,
                -0.06544418632984161,
                0.9869072437286377
            ],
            "segmentation_id": 13,
            "visibility": -1
        },
        {
            "bounding_box_minx_maxx_miny_maxy": [
                -1,
                -1,
                -1,
                -1
            ],
            "class": "2",
            "local_cuboid": null,
            "local_to_world_matrix": [
                [
                    -0.44562673568725586,
                    -0.8186640739440918,
                    -0.3622235953807831,
                    0.0
