{
    "camera_data": {
        "camera_look_at": {
            "at": [
                1.0,
                0.0,
                0.0
            ],
            "eye": [
                0.0,
                0.0,
                0.0
            ],
            "up": [
                0.0,
                0.0,
                1.0
            ]
        },
        "camera_view_matrix": [
            [
                0.0,
                0.0,
                -1.0,
                0.0
            ],
            [
                -1.0,
                0.0,
                0.0,
                0.0
            ],
            [
                0.0,
                1.0,
                0.0,
                0.0
            ],
            [
                0.0,
                0.0,
                0.0,
                1.0
            ]
        ],
        "height": 500,
        "intrinsics": {
            "cx": 250.0,
            "cy": 250.0,
            "fx": 603.5535278320312,
            "fy": 603.5535278320312
        },
        "location_world": [
            0.0,
            0.0,
            0.0
        ],
        "quaternion_world_xyzw": [
            0.5,
            -0.5,
            -0.5,
            0.5
        ],
        "width": 500
    },
    "objects": [
        {
            "bounding_box_minx_maxx_miny_maxy": [
                -1,
                -1,
                -1,
                -1
            ],
            "class": "2",
            "local_cuboid": null,
            "local_to_world_matrix": [
                [
                    -0.5670052766799927,
                    -0.24128210544586182,
                    -0.7875842452049255,
                    0.0
                ],
                [
                    0.39755743741989136,
                    0.7572429180145264,
                    -0.518200159072876,
                    0.0
                ],
                [
                    0.7214249968528748,
                    -0.6069318056106567,
                    -0.33343732357025146,
                    0.0
                ],
                [
                    1.7290174961090088,
                    -0.22482456266880035,
                    -0.4053901135921478,
                    1.0
                ]
            ],
            "location": [
                0.22482456266880035,
                -0.4053901135921478,
                -1.7290174961090088
            ],
            "location_world": [
                1.7290174961090088,
                -0.22482456266880035,
                -0.4053901135921478
            ],
            "name": "google_2_of_Jenga_Classic_Game_0",
            "projected_cuboid": [
                [
                    390.8751606941223,
                    412.57244348526
                ],
                [
                    368.4776723384857,
                    423.4048128128052
                ],
                [
                    320.8787739276886,
                    410.4986786842346
                ],
                [
                    345.12367844581604,
                    398.05924892425537
                ],
                [
                    381.73046708106995,
                    389.55798745155334
                ],
                [
                    359.99441146850586,
                    400.5358815193176
                ],
                [
                    312.588632106781,
                    385.23080945014954
                ],
                [
                    336.04782819747925,
                    372.6230561733246
                ],
                [
                    353.1447649002075,
                    399.3951082229614
                ]
            ],
            "provenance": "nvisii",
            "quaternion_xyzw": [
                -0.787544846534729,
                0.4903934895992279,
                -0.3726571202278137,
                0.020354509353637695
            ],
            "quaternion_xyzw_world": [
                0.04793013259768486,
                0.8151204586029053,
                -0.34508150815963745,
                0.46281784772872925
            ],
            "segmentation_id": 1,
            "visibility": -1
        },
        {
            "bounding_box_minx_maxx_miny_maxy": [
                -1,
                -1,
                -1,
                -1
            ],
            "class": "2",
            "local_cuboid": null,
            "local_to_world_matrix": [
                [
                    0.31869930028915405,
                    0.22978755831718445,
                    0.9195805788040161,
                    0.0
                ],
                [
                    -0.8184607028961182,
                    -0.4226115942001343,
                    0.38925763964653015,
                    0.0
                ],
                [
                    0.478071928024292,
                    -0.8766967058181763,
                    0.053386032581329346,
                    0.0
                ],
                [
                    1.6921569108963013,
                    0.6477538347244263,
                    0.6993789672851562,
                    1.0
                ]
            ],
            "location": [
                -0.6477538347244263,
                0.6993789672851562,
                -1.6921569108963013
            ],
            "location_world": [
                1.6921569108963013,
                0.6477538347244263,
                0.6993789672851562
            ],
            "name": "google_2_of_Jenga_Classic_Game_1",
            "projected_cuboid": [
                [
                    115.54226279258728,
                    13.974890112876892
                ],
                [
                    122.30813503265381,
                    -5.998849868774414
                ],
                [
                    19.09250020980835,
                    -21.76758646965027
                ],
                [
                    15.884548425674438,
                    0.43626129627227783
                ],
                [
                    119.62048709392548,
                    34.392088651657104
                ],
                [
                    126.63966417312622,
                    14.927640557289124
                ],
                [
                    22.21427857875824,
                    0.6942600011825562
                ],
                [
                    18.83336901664734,
                    22.31822907924652
                ],
                [
                    71.97542488574982,
                    7.775306701660156
                ]
            ],
            "provenance": "nvisii",
            "quaternion_xyzw": [
                0.46341848373413086,
                0.7240713238716125,
                0.3010224401950836,
                0.4127342104911804
            ],
            "quaternion_xyzw_world": [
                0.6496008038520813,
                -0.22655189037322998,
                0.5378890037536621,
                0.48720476031303406
            ],
            "segmentation_id": 2,
            "visibility": -1
        },
        {
            "bounding_box_minx_maxx_miny_maxy": [
                -1,
                -1,
                -1,
                -1
            ],
            "class": "2",
            "local_cuboid": null,
            "local_to_world_matrix": [
                [
                    0.19017797708511353,
                    -0.36687275767326355,
                    -0.9106242656707764,
                    0.0
                ],
                [
                    -0.9223122596740723,
                    -0.38460493087768555,
                    -0.03766906261444092,
                    0.0
                ],
                [
                    -0.33641085028648376,
                    0.8470438718795776,
                    -0.41151463985443115,
                    0.0
                ],
                [
                    1.9161888360977173,
                    -0.6543999314308167,
                    0.2835264801979065,
                    1.0
                ]
            ],
            "location": [
                0.6543999314308167,
                0.2835264801979065,
                -1.9161888360977173
            ],
            "location_world": [
                1.9161888360977173,
                -0.6543999314308167,
                0.2835264801979065
            ],
            "name": "google_2_of_Jenga_Classic_Game_2",
            "projected_cuboid": [
                [
                    381.17146492004395,
                    208.23463797569275
                ],
                [
                    397.86091446876526,
                    207.488551735878
                ],
                [
                    469.3821668624878,
                    171.21300101280212
                ],
                [
                    450.6903290748596,
                    173.3611524105072
                ],
                [
                    372.7903962135315,
                    184.45178866386414
                ],
                [
                    389.25278186798096,
                    182.65385925769806
                ],
                [
                    461.8002772331238,
                    147.3924219608307
                ],
                [
                    443.2676434516907,
                    150.50959587097168
                ],
                [
                    421.54401540756226,
                    177.76966094970703
                ]
            ],
            "provenance": "nvisii",
            "quaternion_xyzw": [
                0.5167521238327026,
                -0.2544834315776825,
                -0.5017985105514526,
                0.6452934741973877
            ],
            "quaternion_xyzw_world": [
                0.704680323600769,
                -0.4573652148246765,
                -0.4424116611480713,
                -0.31387031078338623
            ],
            "segmentation_id": 3,
            "visibility": -1
        },
        {
            "bounding_box_minx_maxx_miny_maxy": [
                -1,
                -1,
                -1,
                -1
            ],
            "class": "2",
            "local_cuboid": null,
            "local_to_world_matrix": [
                [
                    -0.23588883876800537,
                    0.9590809941291809,
                    0.1565905660390854,
                    0.0
                ],
                [
                    -0.7512601017951965,
                    -0.07776510715484619,
                    -0.6554092168807983,
                    0.0
                ],
                [
                    -0.6164131164550781,
                    -0.27224376797676086,
                    0.7388628125190735,
                    0.0
                ],
                [
                    1.0648037195205688,
                    -0.5532613396644592,
                    -0.6766455769538879,
                    1.0
                ]
            ],
            "location": [
                0.5532613396644592,
                -0.6766455769538879,
                -1.0648037195205688
            ],
            "location_world": [
                1.0648037195205688,
                -0.5532613396644592,
                -0.6766455769538879
            ],
            "name": "google_2_of_Jenga_Classic_Game_3",
            "projected_cuboid": [
                [
                    643.6487436294556,
                    534.0545177459717
                ],
                [
                    677.940845489502,
                    594.9968099594116
                ],
                [
                    555.8012127876282,
                    661.5535020828247
                ],
                [
                    534.3142747879028,
                    606.8202257156372
                ],
                [
                    685.0605010986328,
                    536.3982915878296
                ],
                [
                    721.6588854789734,
                    596.1979627609253
                ],
                [
                    594.1483974456787,
                    661.3590121269226
                ],
                [
                    570.8231925964355,
                    607.5578927993774
                ],
                [
                    617.1817779541016,
                    602.1217107772827
                ]
            ],
            "provenance": "nvisii",
            "quaternion_xyzw": [
                0.14134645462036133,
                0.41450536251068115,
                0.8987356424331665,
                0.021926820278167725
            ],
            "quaternion_xyzw_world": [
                -0.16047853231430054,
                -0.3237518072128296,
                0.716330349445343,
                0.5969107151031494
            ],
            "segmentation_id": 4,
            "visibility": -1
        },
        {
            "bounding_box_minx_maxx_miny_maxy": [
                -1,
                -1,
                -1,
                -1
            ],
            "class": "2",
            "local_cuboid": null,
            "local_to_world_matrix": [
                [
                    -0.03473305702209473,
                    0.07031139731407166,
                    -0.9969202280044556,
                    0.0
                ],
                [
                    0.9993213415145874,
                    -0.009794950485229492,
                    -0.03550750017166138,
                    0.0
                ],
                [
                    -0.012261390686035156,
                    -0.9974769949913025,
                    -0.06992340087890625,
                    0.0
                ],
                [
                    1.6163170337677002,
                    -0.11070612072944641,
                    0.5820286273956299,
                    1.0
                ]
            ],
            "location": [
                0.11070612072944641,
                0.5820286273956299,
                -1.6163170337677002
            ],
            "location_world": [
                1.6163170337677002,
                -0.11070612072944641,
                0.5820286273956299
            ],
            "name": "google_2_of_Jenga_Classic_Game_4",
            "projected_cuboid": [
                [
                    403.4261107444763,
                    48.52539300918579
                ],
                [
                    395.8985209465027,
                    59.90119278430939
                ],
                [
                    289.46319222450256,
                    52.87301540374756
                ],
                [
                    291.2631034851074,
                    41.146039962768555
                ],
                [
                    405.2883982658386,
                    18.679767847061157
                ],
                [
                    397.6783752441406,
                    31.55730664730072
                ],
                [
                    291.41491651535034,
                    24.601846933364868
                ],
                [
                    293.31621527671814,
                    11.381089687347412
                ],
                [
                    345.84730863571167,
                    36.22761368751526
                ]
            ],
            "provenance": "nvisii",
            "quaternion_xyzw": [
                -0.4880918860435486,
                0.5056042075157166,
                -0.5286965370178223,
                0.4760363698005676
            ],
            "quaternion_xyzw_world": [
                0.5111226439476013,
                0.5231781601905823,
                -0.49361029267311096,
                0.47051793336868286
            ],
            "segmentation_id": 5,
            "visibility": -1
        },
        {
            "bounding_box_minx_maxx_miny_maxy": [
                -1,
                -1,
                -1,
                -1
            ],
            "class": "2",
            "local_cuboid": null,
            "local_to_world_matrix": [
                [
                    0.17734652757644653,
                    -0.8936513066291809,
                    -0.4122324585914612,
                    0.0
                ],
                [
                    -0.501406729221344,
                    -0.4424779415130615,
                    0.7435082793235779,
                    0.0
                ],
                [
                    -0.8468409180641174,
                    0.07483750581741333,
                    -0.5265547037124634,
                    0.0
                ],
                [
                    1.4045958518981934,
                    -0.4781936705112457,
                    0.21472159028053284,
                    1.0
                ]
            ],
            "location": [
                0.4781936705112457,
                0.21472159028053284,
                -1.4045958518981934
            ],
            "location_world": [
                1.4045958518981934,
                -0.4781936705112457,
                0.21472159028053284
            ],
            "name": "google_2_of_Jenga_Classic_Game_5",
            "projected_cuboid": [
                [
                    490.76205492019653,
                    243.25451254844666
                ],
                [
                    519.4070339202881,
                    209.8560780286789
                ],
                [
                    480.9678792953491,
                    150.23446083068848
                ],
                [
                    458.40418338775635,
                    179.6286404132843
                ],
                [
                    457.31496810913086,
                    226.41876339912415
                ],
                [
                    485.0606322288513,
                    191.97514653205872
                ],
                [
                    452.40318775177,
                    134.96091961860657
                ],
                [
                    430.46942353248596,
                    165.10073840618134
                ],
                [
                    470.15249729156494,
                    185.07009744644165
                ]
            ],
            "provenance": "nvisii",
            "quaternion_xyzw": [
                0.27536433935165405,
                0.027459517121315002,
                -0.22895485162734985,
                0.9332738518714905
            ],
            "quaternion_xyzw_world": [
                0.7325263023376465,
                -0.47611191868782043,
                -0.42970243096351624,
                0.22820709645748138
            ],
            "segmentation_id": 6,
            "visibility": -1
        },
        {
            "bounding_box_minx_maxx_miny_maxy": [
                -1,
                -1,
                -1,
                -1
            ],
            "class": "2",
            "local_cuboid": null,
            "local_to_world_matrix": [
                [
                    0.43421441316604614,
                    -0.5971006751060486,
                    -0.6744840145111084,
                    0.0
                ],
                [
                    -0.11968357861042023,
                    -0.7803553342819214,
                    0.6137763261795044,
                    0.0
                ],
                [
                    -0.8928234577178955,
                    -0.18578585982322693,
                    -0.4103046655654907,
                    0.0
                ],
                [
                    0.5925343036651611,
                    0.554127037525177,
                    0.3580855131149292,
                    1.0
                ]
            ],
            "location": [
                -0.554127037525177,
                0.3580855131149292,
                -0.5925343036651611
            ],
            "location_world": [
                0.5925343036651611,
                0.554127037525177,
                0.3580855131149292
            ],
            "name": "google_2_of_Jenga_Classic_Game_6",
            "projected_cuboid": [
                [
                    -618.5227632522583,
                    -66.70442223548889
                ],
                [
                    -528.3799767494202,
                    -166.99334979057312
                ],
                [
                    -246.8034327030182,
                    -106.76679015159607
                ],
                [
                    -303.3319115638733,
                    -50.0158965587616
                ],
                [
                    -800.5267381668091,
                    -201.10338926315308
                ],
                [
                    -706.3509225845337,
                    -316.87724590301514
                ],
                [
                    -326.48617029190063,
                    -184.49917435646057
                ],
                [
                    -384.9632740020752,
                    -123.04595112800598
                ],
                [
                    -438.31169605255127,
                    -139.39353823661804
                ]
            ],
            "provenance": "nvisii",
            "quaternion_xyzw": [
                0.15041682124137878,
                0.17596323788166046,
                -0.41290023922920227,
                0.8808661103248596
            ],
            "quaternion_xyzw_world": [
                0.81007319688797,
                -0.22120971977710724,
                -0.4836931526660919,
                0.2467561662197113
            ],
            "segmentation_id": 7,
            "visibility": -1
        },
        {
            "bounding_box_minx_maxx_miny_maxy": [
                -1,
                -1,
                -1,
                -1
            ],
            "class": "2",
            "local_cuboid": null,
            "local_to_world_matrix": [
                [
                    -0.8540902137756348,
                    -0.34180039167404175,
                    -0.3920488953590393,
                    0.0
                ],
                [
                    -0.08052729070186615,
                    -0.6577736139297485,
                    0.7488986253738403,
                    0.0
                ],
                [
                    -0.5138533115386963,
                    0.6711976528167725,
                    0.5342738032341003,
                    0.0
                ],
                [
                    1.7664501667022705,
                    -0.46868669986724854,
                    -0.3715874254703522,
                    1.0
                ]
            ],
            "location": [
                0.46868669986724854,
                -0.3715874254703522,
                -1.7664501667022705
            ],
            "location_world": [
                1.7664501667022705,
                -0.46868669986724854,
                -0.3715874254703522
            ],
            "name": "google_2_of_Jenga_Classic_Game_7",
            "projected_cuboid": [
                [
                    348.2958674430847,
                    349.93669390678406
                ],
                [
                    369.9451684951782,
                    326.20030641555786
                ],
                [
                    427.95827984809875,
                    374.0518093109131
                ],
                [
                    407.9533815383911,
                    395.5487608909607
                ],
                [
                    334.44803953170776,
                    334.5750868320465
                ],
                [
                    355.1543354988098,
                    311.7465078830719
                ],
                [
                    412.2276306152344,
                    359.0110242366791
                ],
                [
                    393.0293321609497,
                    379.76160645484924
                ],
                [
                    382.25245475769043,
                    354.7563850879669
                ]
            ],
            "provenance": "nvisii",
            "quaternion_xyzw": [
                0.14057780802249908,
                0.4725581407546997,
                0.3252515494823456,
                -0.8069312572479248
            ],
            "quaternion_xyzw_world": [
                -0.2595234215259552,
                0.4068300426006317,
                0.8726593852043152,
                -0.0748496800661087
            ],
            "segmentation_id": 8,
            "visibility": -1
        },
        {
            "bounding_box_minx_maxx_miny_maxy": [
                -1,
                -1,
                -1,
                -1
            ],
            "class": "2",
            "local_cuboid": null,
            "local_to_world_matrix": [
                [
                    0.5162622928619385,
                    0.6145920753479004,
                    0.5964478850364685,
                    0.0
                ],
                [
                    -0.4551974833011627,
                    0.7868305444717407,
                    -0.41676491498947144,
                    0.0
                ],
                [
                    -0.7254437804222107,
                    -0.05634143948554993,
                    0.6859716176986694,
                    0.0
                ],
                [
                    1.8708148002624512,
                    -0.7202461361885071,
                    -0.8303963541984558,
                    1.0
                ]
            ],
            "location": [
                0.7202461361885071,
                -0.8303963541984558,
                -1.8708148002624512
            ],
            "location_world": [
                1.8708148002624512,
                -0.7202461361885071,
                -0.8303963541984558
            ],
            "name": "google_2_of_Jenga_Classic_Game_8",
            "projected_cuboid": [
                [
                    514.9877071380615,
                    459.2629671096802
                ],
                [
                    496.9678223133087,
                    476.9024848937988
                ],
                [
                    463.70571851730347,
                    515.8209800720215
                ],
                [
                    480.396032333374,
                    499.3549585342407
                ],
                [
                    539.1491651535034,
                    481.5344214439392
                ],
                [
                    521.2496519088745,
                    500.14621019363403
                ],
                [
                    484.43803191185,
                    537.2405052185059
                ],
                [
                    501.0656714439392,
                    519.975483417511
                ],
                [
                    499.13841485977173,
                    499.71795082092285
                ]
            ],
            "provenance": "nvisii",
            "quaternion_xyzw": [
                -0.13850024342536926,
                0.34365081787109375,
                0.8301808834075928,
                0.41655945777893066
            ],
            "quaternion_xyzw_world": [
                -0.10423543304204941,
                -0.38229459524154663,
                0.3093859851360321,
                0.864445686340332
            ],
            "segmentation_id": 9,
            "visibility": -1
        },
        {
            "bounding_box_minx_maxx_miny_maxy": [
                -1,
                -1,
                -1,
                -1
            ],
            "class": "2",
            "local_cuboid": null,
            "local_to_world_matrix": [
                [
                    -0.0928415060043335,
                    -0.6767734885215759,
                    -0.7303136587142944,
                    0.0
                ],
                [
                    -0.9117041230201721,
                    -0.2370445728302002,
                    0.3355673551559448,
                    0.0
                ],
                [
                    -0.4002198874950409,
                    0.6969846487045288,
                    -0.5950095653533936,
                    0.0
                ],
                [
                    1.4582934379577637,
                    -0.6451607346534729,
                    0.7470363974571228,
                    1.0
                ]
            ],
            "location": [
                0.6451607346534729,
                0.7470363974571228,
                -1.4582934379577637
            ],
            "location_world": [
                1.4582934379577637,
                -0.6451607346534729,
                0.7470363974571228
            ],
            "name": "google_2_of_Jenga_Classic_Game_9",
            "projected_cuboid": [
                [
                    450.9595036506653,
                    17.453253269195557
                ],
                [
                    472.1643924713135,
                    -9.487688541412354
                ],
                [
                    540.5913591384888,
                    -62.139034271240234
                ],
                [
                    517.5188183784485,
                    -34.59280729293823
                ],
                [
                    426.60611867904663,
                    -6.447851657867432
                ],
                [
                    446.25723361968994,
                    -34.64597463607788
                ],
                [
                    516.4597630500793,
                    -84.96031165122986
                ],
                [
                    494.7378933429718,
                    -56.377679109573364
                ],
                [
                    484.2623472213745,
                    -34.61763262748718
                ]
            ],
            "provenance": "nvisii",
            "quaternion_xyzw": [
                0.48502224683761597,
                -0.25425082445144653,
                -0.3113996982574463,
                0.7766209840774536
            ],
            "quaternion_xyzw_world": [
                0.6593960523605347,
                -0.6022471785545349,
                -0.4286246597766876,
                -0.1370258778333664
            ],
            "segmentation_id": 10,
            "visibility": -1
        },
        {
            "bounding_box_minx_maxx_miny_maxy": [
                -1,
                -1,
                -1,
                -1
            ],
            "class": "2",
            "local_cuboid": null,
            "local_to_world_matrix": [
                [
                    0.20398712158203125,
                    -0.6053957939147949,
                    0.7693406343460083,
                    0.0
                ],
                [
                    -0.9698612689971924,
                    -0.23194479942321777,
                    0.074636310338974,
                    0.0
                ],
                [
                    0.13326016068458557,
                    -0.7613786458969116,
                    -0.6344637870788574,
                    0.0
                ],
                [
                    1.3590691089630127,
                    -0.49858003854751587,
                    0.4450087547302246,
                    1.0
                ]
            ],
            "location": [
                0.49858003854751587,
                0.4450087547302246,
                -1.3590691089630127
            ],
            "location_world": [
                1.3590691089630127,
                -0.49858003854751587,
                0.4450087547302246
            ],
            "name": "google_2_of_Jenga_Classic_Game_10",
            "projected_cuboid": [
                [
                    556.5894842147827,
                    130.35044074058533
                ],
                [
                    583.6406946182251,
                    120.38640677928925
                ],
                [
                    492.22004413604736,
                    32.24022686481476
                ],
                [
                    469.7380065917969,
                    47.606244683265686
                ],
                [
                    539.893388748169,
                    154.60394322872162
                ],
                [
                    566.253662109375,
                    145.99332213401794
                ],
                [
                    473.1936454772949,
                    57.52527713775635
                ],
                [
                    451.570987701416,
                    71.58137857913971
                ],
                [
                    516.9621706008911,
                    95.7460105419159
                ]
            ],
            "provenance": "nvisii",
            "quaternion_xyzw": [
                0.6449844241142273,
                0.38810455799102783,
                0.21604838967323303,
                0.6218464374542236
            ],
            "quaternion_xyzw_world": [
                0.7194435000419617,
                -0.5473873615264893,
                0.31364548206329346,
                0.2905074954032898
            ],
            "segmentation_id": 11,
            "visibility": -1
        },
        {
            "bounding_box_minx_maxx_miny_maxy": [
                -1,
                -1,
                -1,
                -1
            ],
            "class": "2",
            "local_cuboid": null,
            "local_to_world_matrix": [
                [
                    -0.3184549808502197,
                    0.6459817886352539,
                    -0.6937536001205444,
                    0.0
                ],
                [
                    0.2923611104488373,
                    0.7631092071533203,
                    0.5763586759567261,
                    0.0
                ],
                [
                    0.9017269611358643,
                    -0.01928231120109558,
                    -0.43187594413757324,
                    0.0
                ],
                [
                    0.7820782661437988,
                    -0.43298330903053284,
                    0.5474479794502258,
                    1.0
                ]
            ],
            "location": [
                0.43298330903053284,
                0.5474479794502258,
                -0.7820782661437988
            ],
            "location_world": [
                0.7820782661437988,
                -0.43298330903053284,
                0.5474479794502258
            ],
            "name": "google_2_of_Jenga_Classic_Game_11",
            "projected_cuboid": [
                [
                    513.400673866272,
                    31.425148248672485
                ],
                [
                    469.97320652008057,
                    8.486121892929077
                ],
                [
                    539.7299528121948,
                    -170.25622725486755
                ],
                [
                    600.5385518074036,
                    -145.16526460647583
                ],
                [
                    536.4856719970703,
                    5.088061094284058
                ],
                [
                    493.5450553894043,
                    -16.70515537261963
                ],
                [
                    568.8238143920898,
                    -198.10539484024048
                ],
                [
                    628.5977363586426,
                    -174.69891905784607
                ],
                [
                    537.8736257553101,
                    -69.92766261100769
                ]
            ],
            "provenance": "nvisii",
            "quaternion_xyzw": [
                -0.41212454438209534,
                0.8837515711784363,
                -0.20487572252750397,
                -0.08463142067193985
            ],
            "quaternion_xyzw_world": [
                0.29593566060066223,
                0.7926916480064392,
                0.1756913810968399,
                0.5031844973564148
            ],
            "segmentation_id": 12,
            "visibility": -1
        },
        {
            "bounding_box_minx_maxx_miny_maxy": [
                -1,
                -1,
                -1,
                -1
            ],
            "class": "2",
            "local_cuboid": null,
            "local_to_world_matrix": [
                [
                    0.996388852596283,
                    -0.08188147842884064,
                    0.022464312613010406,
                    0.0
                ],
                [
                    0.08480460941791534,
                    0.9727208018302917,
                    -0.21592237055301666,
                    0.0
                ],
                [
                    -0.004171460866928101,
                    0.21704773604869843,
                    0.9761520624160767,
                    0.0
                ],
                [
                    1.9257549047470093,
                    -0.8148671388626099,
                    -0.8719503879547119,
                    1.0
                ]
            ],
            "location": [
                0.8148671388626099,
                -0.8719503879547119,
                -1.9257549047470093
            ],
            "location_world": [
                1.9257549047470093,
                -0.8148671388626099,
                -0.8719503879547119
            ],
            "name": "google_2_of_Jenga_Classic_Game_12",
            "projected_cuboid": [
                [
                    495.024174451828,
                    427.5982081890106
                ],
                [
                    468.9352512359619,
                    432.5449764728546
                ],
                [
                    488.2371723651886,
                    519.8501348495483
                ],
                [
                    514.3803358078003,
                    515.2251720428467
                ],
                [
                    503.18771600723267,
                    435.58549880981445
                ],
                [
                    475.9821891784668,
                    440.70786237716675
                ],
                [
                    496.0823059082031,
                    531.6386222839355
                ],
                [
                    523.3466625213623,
                    526.8653631210327
                ],
                [
                    495.54359912872314,
                    478.6696434020996
                ]
            ],
            "provenance": "nvisii",
            "quaternion_xyzw": [
                -0.5686898231506348,
                0.4177393615245819,
                0.5334351658821106,
                0.46640393137931824
            ],
            "quaternion_xyzw_world": [
                -0.10899084061384201,
                -0.00670497864484787,
                -0.04195960983633995,
                0.9931341409683228
            ],
            "segmentation_id": 13,
            "visibility": -1
        },
        {
            "bounding_box_minx_maxx_miny_maxy": [
                -1,
                -1,
                -1,
                -1
            ],
            "class": "2",
            "local_cuboid": null,
            "local_to_world_matrix": [
                [
                    0.2002052664756775,
                    0.05485996603965759,
