{
    "camera_data": {
        "camera_look_at": {
            "at": [
                1.0,
                0.0,
                0.0
            ],
            "eye": [
                0.0,
                0.0,
                0.0
            ],
            "up": [
                0.0,
                0.0,
                1.0
            ]
        },
        "camera_view_matrix": [
            [
                0.0,
                0.0,
                -1.0,
                0.0
            ],
            [
                -1.0,
                0.0,
                0.0,
                0.0
            ],
            [
                0.0,
                1.0,
                0.0,
                0.0
            ],
            [
                0.0,
                0.0,
                0.0,
                1.0
            ]
        ],
        "height": 500,
        "intrinsics": {
            "cx": 250.0,
            "cy": 250.0,
            "fx": 603.5535278320312,
            "fy": 603.5535278320312
        },
        "location_world": [
            0.0,
            0.0,
            0.0
        ],
        "quaternion_world_xyzw": [
            0.5,
            -0.5,
            -0.5,
            0.5
        ],
        "width": 500
    },
    "objects": [
        {
            "bounding_box_minx_maxx_miny_maxy": [
                -1,
                -1,
                -1,
                -1
            ],
            "class": "2",
            "local_cuboid": null,
            "local_to_world_matrix": [
                [
                    0.7107692360877991,
                    -0.03566446900367737,
                    0.7025206685066223,
                    0.0
                ],
                [
                    -0.6574885845184326,
                    -0.3886760473251343,
                    0.6454769372940063,
                    0.0
                ],
                [
                    0.25003212690353394,
                    -0.9206843376159668,
                    -0.2997080087661743,
                    0.0
                ],
                [
                    1.7549535036087036,
                    -0.25395819544792175,
                    -0.5250412225723267,
                    1.0
                ]
            ],
            "location": [
                0.25395819544792175,
                -0.5250412225723267,
                -1.7549535036087036
            ],
            "location_world": [
                1.7549535036087036,
                -0.25395819544792175,
                -0.5250412225723267
            ],
            "name": "google_2_of_Jenga_Classic_Game_0",
            "projected_cuboid": [
                [
                    412.71939873695374,
                    446.1327791213989
                ],
                [
                    428.49475145339966,
                    434.0958595275879
                ],
                [
                    343.4479236602783,
                    411.65316104888916
                ],
                [
                    329.64375615119934,
                    424.86369609832764
                ],
                [
                    416.7821705341339,
                    470.4505205154419
                ],
                [
                    433.1839680671692,
                    458.79459381103516
                ],
                [
                    345.53223848342896,
                    436.6729259490967
                ],
                [
                    331.2210142612457,
                    449.51391220092773
                ],
                [
                    380.8567523956299,
                    441.6465759277344
                ]
            ],
            "provenance": "nvisii",
            "quaternion_xyzw": [
                0.4000687003135681,
                0.6818807125091553,
                0.13117429614067078,
                0.5981450080871582
            ],
            "quaternion_xyzw_world": [
                0.7744600176811218,
                -0.2237536460161209,
                0.3074893355369568,
                0.5055655837059021
            ],
            "segmentation_id": 1,
            "visibility": -1
        },
        {
            "bounding_box_minx_maxx_miny_maxy": [
                -1,
                -1,
                -1,
                -1
            ],
            "class": "2",
            "local_cuboid": null,
            "local_to_world_matrix": [
                [
                    0.9109207987785339,
                    0.24882283806800842,
                    -0.32910552620887756,
                    0.0
                ],
                [
                    0.21912768483161926,
                    0.38409411907196045,
                    0.896914005279541,
                    0.0
                ],
                [
                    0.34958019852638245,
                    -0.8891338109970093,
                    0.2953553795814514,
                    0.0
                ],
                [
                    1.8321070671081543,
                    0.8197287321090698,
                    0.6850876808166504,
                    1.0
                ]
            ],
            "location": [
                -0.8197287321090698,
                0.6850876808166504,
                -1.8321070671081543
            ],
            "location_world": [
                1.8321070671081543,
                0.8197287321090698,
                0.6850876808166504
            ],
            "name": "google_2_of_Jenga_Classic_Game_1",
            "projected_cuboid": [
                [
                    79.60478961467743,
                    28.234362602233887
                ],
                [
                    71.30835950374603,
                    7.214590907096863
                ],
                [
                    -21.911323070526123,
                    21.745815873146057
                ],
                [
                    -14.087080955505371,
                    44.06498372554779
                ],
                [
                    79.39434051513672,
                    11.503100395202637
                ],
                [
                    70.78740000724792,
                    -10.146260261535645
                ],
                [
                    -26.172101497650146,
                    3.9814412593841553
                ],
                [
                    -18.077343702316284,
                    27.014240622520447
                ],
                [
                    28.89956533908844,
                    16.608506441116333
                ]
            ],
            "provenance": "nvisii",
            "quaternion_xyzw": [
                -0.2257450670003891,
                0.7898286581039429,
                0.024127930402755737,
                0.5697611570358276
            ],
            "quaternion_xyzw_world": [
                0.554858386516571,
                0.2108423262834549,
                0.00922517478466034,
                0.8047313690185547
            ],
            "segmentation_id": 2,
            "visibility": -1
        },
        {
            "bounding_box_minx_maxx_miny_maxy": [
                -1,
                -1,
                -1,
                -1
            ],
            "class": "2",
            "local_cuboid": null,
            "local_to_world_matrix": [
                [
                    -0.9922951459884644,
                    0.1196148544549942,
                    0.03230562061071396,
                    0.0
                ],
                [
                    0.11109918355941772,
                    0.7435692548751831,
                    0.6593647599220276,
                    0.0
                ],
                [
                    0.0548483282327652,
                    0.6578732132911682,
                    -0.7511293888092041,
                    0.0
                ],
                [
                    1.9171279668807983,
                    -0.6434648633003235,
                    0.22398284077644348,
                    1.0
                ]
            ],
            "location": [
                0.6434648633003235,
                0.22398284077644348,
                -1.9171279668807983
            ],
            "location_world": [
                1.9171279668807983,
                -0.6434648633003235,
                0.22398284077644348
            ],
            "name": "google_2_of_Jenga_Classic_Game_2",
            "projected_cuboid": [
                [
                    402.6990234851837,
                    257.0304870605469
                ],
                [
                    381.98667764663696,
                    239.29795622825623
                ],
                [
                    444.7135329246521,
                    168.87062788009644
                ],
                [
                    465.9171402454376,
                    186.40214204788208
                ],
                [
                    399.5184898376465,
                    257.53253698349
                ],
                [
                    379.6413540840149,
                    240.49973487854004
                ],
                [
                    439.84508514404297,
                    172.89356887340546
                ],
                [
                    460.1747989654541,
                    189.74123895168304
                ],
                [
                    421.61762714385986,
                    214.17930722236633
                ]
            ],
            "provenance": "nvisii",
            "quaternion_xyzw": [
                -0.2626161575317383,
                0.677094578742981,
                -0.3183559477329254,
                -0.6092827320098877
            ],
            "quaternion_xyzw_world": [
                0.0617758072912693,
                0.933674693107605,
                0.3527025878429413,
                0.006036017090082169
            ],
            "segmentation_id": 3,
            "visibility": -1
        },
        {
            "bounding_box_minx_maxx_miny_maxy": [
                -1,
                -1,
                -1,
                -1
            ],
            "class": "2",
            "local_cuboid": null,
            "local_to_world_matrix": [
                [
                    -0.42533373832702637,
                    -0.09900352358818054,
                    0.8996052145957947,
                    0.0
                ],
                [
                    0.7659903764724731,
                    -0.5687882900238037,
                    0.2995641827583313,
                    0.0
                ],
                [
                    0.4820268750190735,
                    0.8165037035942078,
                    0.31776052713394165,
                    0.0
                ],
                [
                    1.3912543058395386,
                    -0.6752357482910156,
                    -0.7190150618553162,
                    1.0
                ]
            ],
            "location": [
                0.6752357482910156,
                -0.7190150618553162,
                -1.3912543058395386
            ],
            "location_world": [
                1.3912543058395386,
                -0.6752357482910156,
                -0.7190150618553162
            ],
            "name": "google_2_of_Jenga_Classic_Game_3",
            "projected_cuboid": [
                [
                    419.5597767829895,
                    495.58091163635254
                ],
                [
                    431.2037229537964,
                    475.4526615142822
                ],
                [
                    551.6616106033325,
                    537.8379225730896
                ],
                [
                    544.6012020111084,
                    563.0842447280884
                ],
                [
                    412.69972920417786,
                    518.3919668197632
                ],
                [
                    424.3772029876709,
                    497.75776267051697
                ],
                [
                    541.3616895675659,
                    560.8701705932617
                ],
                [
                    533.9891910552979,
                    586.5836143493652
                ],
                [
                    479.57396507263184,
                    527.7502536773682
                ]
            ],
            "provenance": "nvisii",
            "quaternion_xyzw": [
                0.5660093426704407,
                0.6485729813575745,
                -0.17277543246746063,
                -0.47868067026138306
            ],
            "quaternion_xyzw_world": [
                0.45433852076530457,
                0.36700987815856934,
                0.7602437734603882,
                -0.28444623947143555
            ],
            "segmentation_id": 4,
            "visibility": -1
        },
        {
            "bounding_box_minx_maxx_miny_maxy": [
                -1,
                -1,
                -1,
                -1
            ],
            "class": "2",
            "local_cuboid": null,
            "local_to_world_matrix": [
                [
                    0.06169688701629639,
                    0.9595731496810913,
                    0.2746139466762543,
                    0.0
                ],
                [
                    0.8643589019775391,
                    0.08620905876159668,
                    -0.4954308867454529,
                    0.0
                ],
                [
                    -0.49907639622688293,
                    0.26793158054351807,
                    -0.8240967988967896,
                    0.0
                ],
                [
                    1.5465915203094482,
                    -0.07927225530147552,
                    0.5681045055389404,
                    1.0
                ]
            ],
            "location": [
                0.07927225530147552,
                0.5681045055389404,
                -1.5465915203094482
            ],
            "location_world": [
                1.5465915203094482,
                -0.07927225530147552,
                0.5681045055389404
            ],
            "name": "google_2_of_Jenga_Classic_Game_4",
            "projected_cuboid": [
                [
                    235.34828424453735,
                    91.39913320541382
                ],
                [
                    233.03939402103424,
                    116.9765442609787
                ],
                [
                    264.3912732601166,
                    37.572845816612244
                ],
                [
                    267.99046993255615,
                    10.62910258769989
                ],
                [
                    268.84403824806213,
                    100.43324530124664
                ],
                [
                    264.8235261440277,
                    125.63787400722504
                ],
                [
                    293.3405041694641,
                    45.190855860710144
                ],
                [
                    298.35277795791626,
                    18.528878688812256
                ],
                [
                    266.4487361907959,
                    66.61827862262726
                ]
            ],
            "provenance": "nvisii",
            "quaternion_xyzw": [
                0.0958922803401947,
                0.4911888539791107,
                -0.8593719005584717,
                -0.10496708750724792
            ],
            "quaternion_xyzw_world": [
                0.6707429885864258,
                0.679817795753479,
                -0.08366186171770096,
                -0.284521222114563
            ],
            "segmentation_id": 5,
            "visibility": -1
        },
        {
            "bounding_box_minx_maxx_miny_maxy": [
                -1,
                -1,
                -1,
                -1
            ],
            "class": "2",
            "local_cuboid": null,
            "local_to_world_matrix": [
                [
                    -0.2697153091430664,
                    -0.5479047894477844,
                    -0.7918674349784851,
                    0.0
                ],
                [
                    0.6227772831916809,
                    -0.726459264755249,
                    0.2905258536338806,
                    0.0
                ],
                [
                    -0.73444002866745,
                    -0.4147977828979492,
                    0.5371598601341248,
                    0.0
                ],
                [
                    1.3906588554382324,
                    -0.4329039454460144,
                    0.15541298687458038,
                    1.0
                ]
            ],
            "location": [
                0.4329039454460144,
                0.15541298687458038,
                -1.3906588554382324
            ],
            "location_world": [
                1.3906588554382324,
                -0.4329039454460144,
                0.15541298687458038
            ],
            "name": "google_2_of_Jenga_Classic_Game_5",
            "projected_cuboid": [
                [
                    538.7336015701294,
                    107.57382214069366
                ],
                [
                    557.058572769165,
                    101.43469274044037
                ],
                [
                    458.2171440124512,
                    191.43778085708618
                ],
                [
                    438.95667791366577,
                    200.10024309158325
                ],
                [
                    510.9596848487854,
                    77.69563794136047
                ],
                [
                    530.1671624183655,
                    72.95943796634674
                ],
                [
                    436.8400573730469,
                    165.90018570423126
                ],
                [
                    417.06007719039917,
                    173.45194518566132
                ],
                [
                    482.0626378059387,
                    140.0136947631836
                ]
            ],
            "provenance": "nvisii",
            "quaternion_xyzw": [
                0.36157259345054626,
                -0.04522472620010376,
                0.4732888340950012,
                -0.8020085096359253
            ],
            "quaternion_xyzw_world": [
                -0.4794747531414032,
                -0.039038822054862976,
                0.7958226203918457,
                -0.36775848269462585
            ],
            "segmentation_id": 6,
            "visibility": -1
        },
        {
            "bounding_box_minx_maxx_miny_maxy": [
                -1,
                -1,
                -1,
                -1
            ],
            "class": "2",
            "local_cuboid": null,
            "local_to_world_matrix": [
                [
                    -0.046271562576293945,
                    0.9912536144256592,
                    -0.12359297275543213,
                    0.0
                ],
                [
                    -0.005121111869812012,
                    0.1234884262084961,
                    0.9923328161239624,
                    0.0
                ],
                [
                    0.9989157915115356,
                    0.046549707651138306,
                    -0.0006376504898071289,
                    0.0
                ],
                [
                    0.7746773362159729,
                    0.5282720923423767,
                    0.2619604468345642,
                    1.0
                ]
            ],
            "location": [
                -0.5282720923423767,
                0.2619604468345642,
                -0.7746773362159729
            ],
            "location_world": [
                0.7746773362159729,
                0.5282720923423767,
                0.2619604468345642
            ],
            "name": "google_2_of_Jenga_Classic_Game_6",
            "projected_cuboid": [
                [
                    -76.32145285606384,
                    128.15400958061218
                ],
                [
                    -82.36652612686157,
                    80.59309422969818
                ],
                [
                    -197.2607970237732,
                    16.472339630126953
                ],
                [
                    -188.8698935508728,
                    82.02007412910461
                ],
                [
                    -31.036436557769775,
                    123.06290864944458
                ],
                [
                    -37.042438983917236,
                    75.6625086069107
                ],
                [
                    -134.3606412410736,
                    9.99005138874054
                ],
                [
                    -126.0441541671753,
                    75.2333402633667
                ],
                [
                    -100.79282522201538,
                    78.33194732666016
                ]
            ],
            "provenance": "nvisii",
            "quaternion_xyzw": [
                -0.06190590560436249,
                0.9978103041648865,
                0.0011233091354370117,
                -0.02325625717639923
            ],
            "quaternion_xyzw_world": [
                0.45576244592666626,
                0.540924608707428,
                0.4801420271396637,
                0.518791675567627
            ],
            "segmentation_id": 7,
            "visibility": -1
        },
        {
            "bounding_box_minx_maxx_miny_maxy": [
                -1,
                -1,
                -1,
                -1
            ],
            "class": "2",
            "local_cuboid": null,
            "local_to_world_matrix": [
                [
                    -0.6171289682388306,
                    0.3714025020599365,
                    0.6936943531036377,
                    0.0
                ],
                [
                    0.0800246000289917,
                    0.9066492319107056,
                    -0.41422605514526367,
                    0.0
                ],
                [
                    -0.7827820777893066,
                    -0.2001183032989502,
                    -0.5892407894134521,
                    0.0
                ],
                [
                    1.7189656496047974,
                    -0.6351525187492371,
                    -0.5752254128456116,
                    1.0
                ]
            ],
            "location": [
                0.6351525187492371,
                -0.5752254128456116,
                -1.7189656496047974
            ],
            "location_world": [
                1.7189656496047974,
                -0.6351525187492371,
                -0.5752254128456116
            ],
            "name": "google_2_of_Jenga_Classic_Game_7",
            "projected_cuboid": [
                [
                    545.9874868392944,
                    539.888322353363
                ],
                [
                    513.1803750991821,
                    552.9221296310425
                ],
                [
                    456.9638669490814,
                    450.95327496528625
                ],
                [
                    485.1109981536865,
                    439.2741918563843
                ],
                [
                    548.1535792350769,
                    552.4045825004578
                ],
                [
                    516.389012336731,
                    564.9647116661072
                ],
                [
                    461.31932735443115,
                    464.261531829834
                ],
                [
                    488.69583010673523,
                    452.9608488082886
                ],
                [
                    499.9060034751892,
                    498.72761964797974
                ]
            ],
            "provenance": "nvisii",
            "quaternion_xyzw": [
                -0.25497129559516907,
                0.208802729845047,
                -0.8013131022453308,
                -0.499287873506546
            ],
            "quaternion_xyzw_world": [
                0.12792833149433136,
                0.8821874856948853,
                -0.17409688234329224,
                -0.4184134602546692
            ],
            "segmentation_id": 8,
            "visibility": -1
        },
        {
            "bounding_box_minx_maxx_miny_maxy": [
                -1,
                -1,
                -1,
                -1
            ],
            "class": "2",
            "local_cuboid": null,
            "local_to_world_matrix": [
                [
                    0.06581985950469971,
                    -0.3690074384212494,
                    0.927092969417572,
                    0.0
                ],
                [
                    -0.2356974184513092,
                    0.8970663547515869,
                    0.3737896680831909,
                    0.0
                ],
                [
                    -0.9695950150489807,
                    -0.24311619997024536,
                    -0.027929306030273438,
                    0.0
                ],
                [
                    1.9888564348220825,
                    -0.6578255295753479,
                    -0.7867697477340698,
                    1.0
                ]
            ],
            "location": [
                0.6578255295753479,
                -0.7867697477340698,
                -1.9888564348220825
            ],
            "location_world": [
                1.9888564348220825,
                -0.6578255295753479,
                -0.7867697477340698
            ],
            "name": "google_2_of_Jenga_Classic_Game_8",
            "projected_cuboid": [
                [
                    524.4459509849548,
                    521.9452977180481
                ],
                [
                    500.74267387390137,
                    513.9153003692627
                ],
                [
                    443.27372312545776,
                    473.70898723602295
                ],
                [
                    464.1942083835602,
                    481.00244998931885
                ],
                [
                    515.0213241577148,
                    548.5379695892334
                ],
                [
                    491.1345839500427,
                    540.7960414886475
                ],
                [
                    434.89155173301697,
                    496.631920337677
                ],
                [
                    455.9500217437744,
                    503.71575355529785
                ],
                [
                    476.5402674674988,
                    508.40431451797485
                ]
            ],
            "provenance": "nvisii",
            "quaternion_xyzw": [
                0.08003559708595276,
                0.09379126876592636,
                0.5538045763969421,
                0.8234671354293823
            ],
            "quaternion_xyzw_world": [
                0.22174468636512756,
                -0.6817579865455627,
                -0.04791783168911934,
                0.6955136656761169
            ],
            "segmentation_id": 9,
            "visibility": -1
        },
        {
            "bounding_box_minx_maxx_miny_maxy": [
                -1,
                -1,
                -1,
                -1
            ],
            "class": "2",
            "local_cuboid": null,
            "local_to_world_matrix": [
                [
                    -0.777778148651123,
                    0.31077584624290466,
                    -0.546333372592926,
                    0.0
                ],
                [
                    -0.5725266933441162,
                    0.008395373821258545,
                    0.8198432326316833,
                    0.0
                ],
                [
                    0.25937420129776,
                    0.9504463076591492,
                    0.17139744758605957,
                    0.0
                ],
                [
                    1.7354676723480225,
                    -0.8339409828186035,
                    0.7559048533439636,
                    1.0
                ]
            ],
            "location": [
                0.8339409828186035,
                0.7559048533439636,
                -1.7354676723480225
            ],
            "location_world": [
                1.7354676723480225,
                -0.8339409828186035,
                0.7559048533439636
            ],
            "name": "google_2_of_Jenga_Classic_Game_9",
            "projected_cuboid": [
                [
                    432.0662021636963,
                    -0.7478296756744385
                ],
                [
                    436.83376908302307,
                    -31.437277793884277
                ],
                [
                    544.955849647522,
                    -26.145070791244507
                ],
                [
                    536.9563102722168,
                    5.741208791732788
                ],
                [
                    434.00925397872925,
                    -6.442725658416748
                ],
                [
                    438.6674761772156,
                    -36.24773025512695
                ],
                [
                    543.0611371994019,
                    -31.35111927986145
                ],
                [
                    535.386860370636,
                    -0.4170536994934082
                ],
                [
                    486.58180236816406,
                    -15.778779983520508
                ]
            ],
            "provenance": "nvisii",
            "quaternion_xyzw": [
                -0.17941239476203918,
                0.7729802131652832,
                0.24060264229774475,
                -0.5589483976364136
            ],
            "quaternion_xyzw_world": [
                -0.10299164801836014,
                0.6353691816329956,
                0.6965594291687012,
                0.3170233964920044
            ],
            "segmentation_id": 10,
            "visibility": -1
        },
        {
            "bounding_box_minx_maxx_miny_maxy": [
                -1,
                -1,
                -1,
                -1
            ],
            "class": "2",
            "local_cuboid": null,
            "local_to_world_matrix": [
                [
                    0.26356053352355957,
                    -0.4927815794944763,
                    -0.8292781114578247,
                    0.0
                ],
                [
                    0.6660886406898499,
                    -0.5288593769073486,
                    0.5259596705436707,
                    0.0
                ],
                [
                    -0.6977548599243164,
                    -0.690994918346405,
                    0.18884974718093872,
                    0.0
                ],
                [
                    1.741791009902954,
                    -0.26275524497032166,
                    0.3814752697944641,
                    1.0
                ]
            ],
            "location": [
                0.26275524497032166,
                0.3814752697944641,
                -1.741791009902954
            ],
            "location_world": [
                1.741791009902954,
                -0.26275524497032166,
                0.3814752697944641
            ],
            "name": "google_2_of_Jenga_Classic_Game_10",
            "projected_cuboid": [
                [
                    433.29328298568726,
                    98.45015406608582
                ],
                [
                    443.8505172729492,
                    86.85414493083954
                ],
                [
                    353.2302975654602,
                    124.23299252986908
                ],
                [
                    340.96479415893555,
                    135.6775462627411
                ],
                [
                    420.18720507621765,
                    70.0160562992096
                ],
                [
                    431.3593804836273,
                    59.293076395988464
                ],
                [
                    341.11523628234863,
                    100.30621290206909
                ],
                [
                    328.29996943473816,
                    111.10037565231323
                ],
                [
                    383.84193181991577,
                    99.4458943605423
                ]
            ],
            "provenance": "nvisii",
            "quaternion_xyzw": [
                -0.25935837626457214,
                0.28957873582839966,
                -0.41201138496398926,
                0.824089765548706
            ],
            "quaternion_xyzw_world": [
                0.6331607699394226,
                0.06842932850122452,
                -0.6029404401779175,
                0.4805077314376831
            ],
            "segmentation_id": 11,
            "visibility": -1
        },
        {
            "bounding_box_minx_maxx_miny_maxy": [
                -1,
                -1,
                -1,
                -1
            ],
            "class": "2",
            "local_cuboid": null,
            "local_to_world_matrix": [
                [
                    -0.27066290378570557,
                    0.9445127844810486,
                    0.18611189723014832,
                    0.0
                ],
                [
                    -0.49995332956314087,
                    -0.30312585830688477,
                    0.8112717866897583,
                    0.0
                ],
                [
                    0.82267165184021,
                    0.1265336573123932,
                    0.5542568564414978,
                    0.0
                ],
                [
                    1.0125633478164673,
                    -0.652070164680481,
                    0.4524211585521698,
                    1.0
                ]
            ],
            "location": [
                0.652070164680481,
                0.4524211585521698,
                -1.0125633478164673
            ],
            "location_world": [
                1.0125633478164673,
                -0.652070164680481,
                0.4524211585521698
            ],
            "name": "google_2_of_Jenga_Classic_Game_11",
            "projected_cuboid": [
                [
                    519.9613571166992,
                    -30.621588230133057
                ],
                [
                    541.945219039917,
                    -74.18152689933777
                ],
                [
                    636.2169981002808,
                    -53.98109555244446
                ],
                [
                    605.1791906356812,
                    -1.0228157043457031
                ],
                [
                    550.4801273345947,
                    -19.05989646911621
                ],
                [
                    573.123037815094,
                    -61.478376388549805
                ],
                [
                    672.8622913360596,
                    -38.6623740196228
                ],
                [
                    640.977680683136,
                    12.594029307365417
                ],
                [
                    587.5986814498901,
                    -34.17855501174927
                ]
            ],
            "provenance": "nvisii",
            "quaternion_xyzw": [
                0.12931294739246368,
                0.9458404183387756,
                0.27864378690719604,
                -0.1049850583076477
            ],
            "quaternion_xyzw_world": [
                0.3457622528076172,
                0.32143434882164,
                0.7293910980224609,
                0.49509313702583313
            ],
            "segmentation_id": 12,
            "visibility": -1
        },
        {
            "bounding_box_minx_maxx_miny_maxy": [
                -1,
                -1,
                -1,
                -1
            ],
            "class": "2",
            "local_cuboid": null,
            "local_to_world_matrix": [
                [
                    0.8615654706954956,
                    -0.06893567740917206,
                    0.50294429063797,
                    0.0
                ],
                [
                    0.0017591603100299835,
                    0.9911364912986755,
                    0.13283587992191315,
                    0.0
                ],
                [
                    -0.5076435208320618,
                    -0.11356204748153687,
                    0.8540502190589905,
                    0.0
                ],
                [
                    1.967492699623108,
                    -0.7857957482337952,
                    -0.8693575859069824,
                    1.0
                ]
            ],
            "location": [
                0.7857957482337952,
                -0.8693575859069824,
                -1.967492699623108
            ],
            "location_world": [
                1.967492699623108,
                -0.7857957482337952,
                -0.8693575859069824
            ],
            "name": "google_2_of_Jenga_Classic_Game_12",
            "projected_cuboid": [
                [
                    531.2615036964417,
                    447.26747274398804
                ],
                [
                    503.9834976196289,
                    443.59874725341797
                ],
                [
                    475.1647412776947,
                    504.4817328453064
                ],
                [
                    500.4194974899292,
                    507.88307189941406
                ],
                [
                    540.1314496994019,
                    468.192458152771
                ],
                [
                    511.8142366409302,
                    464.3823206424713
                ],
                [
                    481.38195276260376,
                    525.8115530014038
                ],
                [
                    507.52508640289307,
                    529.3341279029846
                ],
                [
                    505.79166412353516,
                    487.3740077018738
                ]
            ],
            "provenance": "nvisii",
            "quaternion_xyzw": [
                -0.32728293538093567,
                0.3729131519794464,
                0.5713738203048706,
                0.6537230610847473
            ],
            "quaternion_xyzw_world": [
                0.06398972123861313,
                -0.2624503970146179,
                -0.018359500914812088,
                0.962646484375
            ],
            "segmentation_id": 13,
            "visibility": -1
        },
        {
            "bounding_box_minx_maxx_miny_maxy": [
                -1,
                -1,
                -1,
                -1
            ],
            "class": "2",
            "local_cuboid": null,
            "local_to_world_matrix": [
                [
                    -0.1398012638092041,
                    0.5040138959884644,
                    0.8523061275482178,
                    0.0
