{
    "camera_data": {
        "camera_look_at": {
            "at": [
                1.0,
                0.0,
                0.0
            ],
            "eye": [
                0.0,
                0.0,
                0.0
            ],
            "up": [
                0.0,
                0.0,
                1.0
            ]
        },
        "camera_view_matrix": [
            [
                0.0,
                0.0,
                -1.0,
                0.0
            ],
            [
                -1.0,
                0.0,
                0.0,
                0.0
            ],
            [
                0.0,
                1.0,
                0.0,
                0.0
            ],
            [
                0.0,
                0.0,
                0.0,
                1.0
            ]
        ],
        "height": 500,
        "intrinsics": {
            "cx": 250.0,
            "cy": 250.0,
            "fx": 603.5535278320312,
            "fy": 603.5535278320312
        },
        "location_world": [
            0.0,
            0.0,
            0.0
        ],
        "quaternion_world_xyzw": [
            0.5,
            -0.5,
            -0.5,
            0.5
        ],
        "width": 500
    },
    "objects": [
        {
            "bounding_box_minx_maxx_miny_maxy": [
                -1,
                -1,
                -1,
                -1
            ],
            "class": "2",
            "local_cuboid": null,
            "local_to_world_matrix": [
                [
                    -0.6937946081161499,
                    0.014358222484588623,
                    0.7200303673744202,
                    0.0
                ],
                [
                    0.5983408689498901,
                    -0.5449256896972656,
                    0.5874053239822388,
                    0.0
                ],
                [
                    0.4007968306541443,
                    0.8383618593215942,
                    0.36947470903396606,
                    0.0
                ],
                [
                    1.7469840049743652,
                    -0.42244574427604675,
                    -0.7310269474983215,
                    1.0
                ]
            ],
            "location": [
                0.42244574427604675,
                -0.7310269474983215,
                -1.7469840049743652
            ],
            "location_world": [
                1.7469840049743652,
                -0.42244574427604675,
                -0.7310269474983215
            ],
            "name": "google_2_of_Jenga_Classic_Game_0",
            "projected_cuboid": [
                [
                    301.3016879558563,
                    456.4250111579895
                ],
                [
                    314.8246705532074,
                    434.7460865974426
                ],
                [
                    403.8795828819275,
                    484.4721853733063
                ],
                [
                    392.0777142047882,
                    509.1317892074585
                ],
                [
                    300.1634180545807,
                    468.7415659427643
                ],
                [
                    313.3302927017212,
                    447.3569989204407
                ],
                [
                    399.5795249938965,
                    496.3911473751068
                ],
                [
                    388.0227506160736,
                    520.6234455108643
                ],
                [
                    350.2798080444336,
                    476.34270787239075
                ]
            ],
            "provenance": "nvisii",
            "quaternion_xyzw": [
                0.44694340229034424,
                0.7075592875480652,
                -0.0808645635843277,
                -0.5413525700569153
            ],
            "quaternion_xyzw_world": [
                0.3470073342323303,
                0.44141653180122375,
                0.8074953556060791,
                -0.18080061674118042
            ],
            "segmentation_id": 1,
            "visibility": -1
        },
        {
            "bounding_box_minx_maxx_miny_maxy": [
                -1,
                -1,
                -1,
                -1
            ],
            "class": "2",
            "local_cuboid": null,
            "local_to_world_matrix": [
                [
                    -0.3481733798980713,
                    0.40014803409576416,
                    -0.8477362990379333,
                    0.0
                ],
                [
                    0.9361121654510498,
                    0.19634830951690674,
                    -0.2917899787425995,
                    0.0
                ],
                [
                    0.049692392349243164,
                    -0.895169734954834,
                    -0.4429466724395752,
                    0.0
                ],
                [
                    1.9197089672088623,
                    0.8013910055160522,
                    0.6748989224433899,
                    1.0
                ]
            ],
            "location": [
                -0.8013910055160522,
                0.6748989224433899,
                -1.9197089672088623
            ],
            "location_world": [
                1.9197089672088623,
                0.8013910055160522,
                0.6748989224433899
            ],
            "name": "google_2_of_Jenga_Classic_Game_1",
            "projected_cuboid": [
                [
                    74.35430586338043,
                    81.72467350959778
                ],
                [
                    76.33247971534729,
                    96.09797596931458
                ],
                [
                    -6.082624197006226,
                    54.81034517288208
                ],
                [
                    -11.566460132598877,
                    38.57673704624176
                ],
                [
                    86.86545491218567,
                    62.99658119678497
                ],
                [
                    88.31867575645447,
                    77.91605591773987
                ],
                [
                    7.139116525650024,
                    37.06948459148407
                ],
                [
                    2.286657691001892,
                    20.330846309661865
                ],
                [
                    39.944469928741455,
                    58.864086866378784
                ]
            ],
            "provenance": "nvisii",
            "quaternion_xyzw": [
                -0.48511192202568054,
                0.5380637645721436,
                -0.6407506465911865,
                0.254150390625
            ],
            "quaternion_xyzw_world": [
                0.4739264249801636,
                0.7048879861831665,
                -0.42097458243370056,
                0.3182877004146576
            ],
            "segmentation_id": 2,
            "visibility": -1
        },
        {
            "bounding_box_minx_maxx_miny_maxy": [
                -1,
                -1,
                -1,
                -1
            ],
            "class": "2",
            "local_cuboid": null,
            "local_to_world_matrix": [
                [
                    -0.7435981035232544,
                    0.43961548805236816,
                    0.5037857890129089,
                    0.0
                ],
                [
                    0.4410697817802429,
                    0.8887883424758911,
                    -0.12454994022846222,
                    0.0
                ],
                [
                    -0.5025129914283752,
                    0.12958960235118866,
                    -0.8548023700714111,
                    0.0
                ],
                [
                    1.8148763179779053,
                    -0.8029696941375732,
                    0.043103743344545364,
                    1.0
                ]
            ],
            "location": [
                0.8029696941375732,
                0.043103743344545364,
                -1.8148763179779053
            ],
            "location_world": [
                1.8148763179779053,
                -0.8029696941375732,
                0.043103743344545364
            ],
            "name": "google_2_of_Jenga_Classic_Game_2",
            "projected_cuboid": [
                [
                    542.5633192062378,
                    317.59965419769287
                ],
                [
                    508.6597800254822,
                    319.9104368686676
                ],
                [
                    500.2788305282593,
                    230.69436848163605
                ],
                [
                    531.1892032623291,
                    226.69510543346405
                ],
                [
                    544.8086261749268,
                    329.5254707336426
                ],
                [
                    512.0152831077576,
                    331.4984142780304
                ],
                [
                    503.63385677337646,
                    244.1786825656891
                ],
                [
                    533.6194634437561,
                    240.58301746845245
                ],
                [
                    521.7423439025879,
                    278.33130955696106
                ]
            ],
            "provenance": "nvisii",
            "quaternion_xyzw": [
                -0.21355408430099487,
                0.4507084786891937,
                -0.7187973260879517,
                -0.48434171080589294
            ],
            "quaternion_xyzw_world": [
                0.23580500483512878,
                0.9337007999420166,
                0.00134937628172338,
                -0.269438236951828
            ],
            "segmentation_id": 3,
            "visibility": -1
        },
        {
            "bounding_box_minx_maxx_miny_maxy": [
                -1,
                -1,
                -1,
                -1
            ],
            "class": "2",
            "local_cuboid": null,
            "local_to_world_matrix": [
                [
                    -0.9433892965316772,
                    0.19425609707832336,
                    -0.268852561712265,
                    0.0
                ],
                [
                    -0.2529144287109375,
                    0.10312741994857788,
                    0.9619767665863037,
                    0.0
                ],
                [
                    0.21459592878818512,
                    0.9755150079727173,
                    -0.04815936088562012,
                    0.0
                ],
                [
                    1.5826053619384766,
                    -0.4004438817501068,
                    -0.7451565265655518,
                    1.0
                ]
            ],
            "location": [
                0.4004438817501068,
                -0.7451565265655518,
                -1.5826053619384766
            ],
            "location_world": [
                1.5826053619384766,
                -0.4004438817501068,
                -0.7451565265655518
            ],
            "name": "google_2_of_Jenga_Classic_Game_3",
            "projected_cuboid": [
                [
                    291.83122515678406,
                    552.1783828735352
                ],
                [
                    289.1003489494324,
                    525.528073310852
                ],
                [
                    402.75517106056213,
                    531.2492847442627
                ],
                [
                    404.036283493042,
                    558.8946342468262
                ],
                [
                    295.45506834983826,
                    531.3366651535034
                ],
                [
                    292.8920388221741,
                    505.606472492218
                ],
                [
                    401.43823623657227,
                    510.2871060371399
                ],
                [
                    402.67810225486755,
                    536.9451642036438
                ],
                [
                    346.4714288711548,
                    531.2951803207397
                ]
            ],
            "provenance": "nvisii",
            "quaternion_xyzw": [
                -0.12079240381717682,
                0.7698748111724854,
                0.06648976355791092,
                -0.6231221556663513
            ],
            "quaternion_xyzw_world": [
                -0.020264754071831703,
                0.723649799823761,
                0.6693471670150757,
                0.16701741516590118
            ],
            "segmentation_id": 4,
            "visibility": -1
        },
        {
            "bounding_box_minx_maxx_miny_maxy": [
                -1,
                -1,
                -1,
                -1
            ],
            "class": "2",
            "local_cuboid": null,
            "local_to_world_matrix": [
                [
                    -0.7154897451400757,
                    0.19653375446796417,
                    0.6704096794128418,
                    0.0
                ],
                [
                    -0.6572129726409912,
                    0.13612347841262817,
                    -0.7413107752799988,
                    0.0
                ],
                [
                    -0.2369510978460312,
                    -0.9710020422935486,
                    0.03176945447921753,
                    0.0
                ],
                [
                    1.30955970287323,
                    0.07277290523052216,
                    0.5264927744865417,
                    1.0
                ]
            ],
            "location": [
                -0.07277290523052216,
                0.5264927744865417,
                -1.30955970287323
            ],
            "location_world": [
                1.30955970287323,
                0.07277290523052216,
                0.5264927744865417
            ],
            "name": "google_2_of_Jenga_Classic_Game_4",
            "projected_cuboid": [
                [
                    351.66752338409424,
                    -38.9118492603302
                ],
                [
                    350.573867559433,
                    -20.551323890686035
                ],
                [
                    208.46974849700928,
                    -1.1463165283203125
                ],
                [
                    215.52938222885132,
                    -19.358813762664795
                ],
                [
                    354.4592559337616,
                    -1.7098486423492432
                ],
                [
                    353.54021191596985,
                    17.479360103607178
                ],
                [
                    217.40174293518066,
                    34.039050340652466
                ],
                [
                    223.80661964416504,
                    15.149533748626709
                ],
                [
                    282.6874852180481,
                    -1.4328360557556152
                ]
            ],
            "provenance": "nvisii",
            "quaternion_xyzw": [
                -0.5718010663986206,
                -0.23359790444374084,
                -0.7373594045639038,
                -0.2734532356262207
            ],
            "quaternion_xyzw_world": [
                -0.17074640095233917,
                0.6745079159736633,
                -0.6346526145935059,
                -0.3363047242164612
            ],
            "segmentation_id": 5,
            "visibility": -1
        },
        {
            "bounding_box_minx_maxx_miny_maxy": [
                -1,
                -1,
                -1,
                -1
            ],
            "class": "2",
            "local_cuboid": null,
            "local_to_world_matrix": [
                [
                    -0.15122270584106445,
                    0.960293173789978,
                    -0.23445409536361694,
                    0.0
                ],
                [
                    -0.674044132232666,
                    -0.273662805557251,
                    -0.686129093170166,
                    0.0
                ],
                [
                    -0.7230464816093445,
                    0.05427411198616028,
                    0.6886639595031738,
                    0.0
                ],
                [
                    1.3208673000335693,
                    -0.22493399679660797,
                    -0.026904692873358727,
                    1.0
                ]
            ],
            "location": [
                0.22493399679660797,
                -0.026904692873358727,
                -1.3208673000335693
            ],
            "location_world": [
                1.3208673000335693,
                -0.22493399679660797,
                -0.026904692873358727
            ],
            "name": "google_2_of_Jenga_Classic_Game_5",
            "projected_cuboid": [
                [
                    335.11239290237427,
                    146.58021926879883
                ],
                [
                    352.58784890174866,
                    173.62555861473083
                ],
                [
                    343.18360686302185,
                    280.53802251815796
                ],
                [
                    328.8539946079254,
                    253.21510434150696
                ],
                [
                    374.18773770332336,
                    137.9016935825348
                ],
                [
                    393.51707696914673,
                    164.1959249973297
                ],
                [
                    377.54160165786743,
                    271.6599404811859
                ],
                [
                    361.89529299736023,
                    244.9503242969513
                ],
                [
                    357.7777147293091,
                    213.39689195156097
                ]
            ],
            "provenance": "nvisii",
            "quaternion_xyzw": [
                0.026407703757286072,
                0.3711864650249481,
                0.9178056716918945,
                -0.13840538263320923
            ],
            "quaternion_xyzw_world": [
                -0.329308420419693,
                -0.21731075644493103,
                0.7269026041030884,
                0.5620895028114319
            ],
            "segmentation_id": 6,
            "visibility": -1
        },
        {
            "bounding_box_minx_maxx_miny_maxy": [
                -1,
                -1,
                -1,
                -1
            ],
            "class": "2",
            "local_cuboid": null,
            "local_to_world_matrix": [
                [
                    0.19137465953826904,
                    -0.9741669297218323,
                    -0.11989352107048035,
                    0.0
                ],
                [
                    -0.7202855944633484,
                    -0.056409597396850586,
                    -0.6913802027702332,
                    0.0
                ],
                [
                    0.6667566299438477,
                    0.21867020428180695,
                    -0.7124737501144409,
                    0.0
                ],
                [
                    1.5179883241653442,
                    0.16876457631587982,
                    -0.13029499351978302,
                    1.0
                ]
            ],
            "location": [
                -0.16876457631587982,
                -0.13029499351978302,
                -1.5179883241653442
            ],
            "location_world": [
                1.5179883241653442,
                0.16876457631587982,
                -0.13029499351978302
            ],
            "name": "google_2_of_Jenga_Classic_Game_6",
            "projected_cuboid": [
                [
                    182.21767246723175,
                    358.2233190536499
                ],
                [
                    181.47936463356018,
                    382.96836614608765
                ],
                [
                    198.33782315254211,
                    316.27920269966125
                ],
                [
                    198.5095739364624,
                    291.04360938072205
                ],
                [
                    154.9043357372284,
                    355.8756709098816
                ],
                [
                    153.1674861907959,
                    380.75852394104004
                ],
                [
                    166.47237539291382,
                    313.09834122657776
                ],
                [
                    167.9035723209381,
                    287.7410650253296
                ],
                [
                    175.00460147857666,
                    337.5511169433594
                ]
            ],
            "provenance": "nvisii",
            "quaternion_xyzw": [
                0.9127299785614014,
                -0.017388492822647095,
                -0.11231274902820587,
                0.3924379050731659
            ],
            "quaternion_xyzw_world": [
                0.7000460624694824,
                -0.6051217913627625,
                0.19529539346694946,
                -0.32499662041664124
            ],
            "segmentation_id": 7,
            "visibility": -1
        },
        {
            "bounding_box_minx_maxx_miny_maxy": [
                -1,
                -1,
                -1,
                -1
            ],
            "class": "2",
            "local_cuboid": null,
            "local_to_world_matrix": [
                [
                    0.1457042694091797,
                    -0.9880567193031311,
                    -0.05014197528362274,
                    0.0
                ],
                [
                    -0.8871622681617737,
                    -0.15292072296142578,
                    0.4353831708431244,
                    0.0
                ],
                [
                    -0.4378510117530823,
                    -0.018953144550323486,
                    -0.8988478183746338,
                    0.0
                ],
                [
                    1.6287310123443604,
                    -0.6403695940971375,
                    -0.5327891111373901,
                    1.0
                ]
            ],
            "location": [
                0.6403695940971375,
                -0.5327891111373901,
                -1.6287310123443604
            ],
            "location_world": [
                1.6287310123443604,
                -0.6403695940971375,
                -0.5327891111373901
            ],
            "name": "google_2_of_Jenga_Classic_Game_7",
            "projected_cuboid": [
                [
                    515.17653465271,
                    568.8520073890686
                ],
                [
                    534.0021848678589,
                    570.0070261955261
                ],
                [
                    509.1663599014282,
                    445.15711069107056
                ],
                [
                    492.8935766220093,
                    449.684202671051
                ],
                [
                    486.4692687988281,
                    569.6856379508972
                ],
                [
                    503.9680600166321,
                    570.8926320075989
                ],
                [
                    481.3748598098755,
                    445.0661540031433
                ],
                [
                    466.2431478500366,
                    449.62871074676514
                ],
                [
                    498.05164337158203,
                    506.13856315612793
                ]
            ],
            "provenance": "nvisii",
            "quaternion_xyzw": [
                0.5279257893562317,
                0.04867101460695267,
                -0.06002318859100342,
                0.8457675576210022
            ],
            "quaternion_xyzw_world": [
                0.7411937713623047,
                -0.6324995756149292,
                -0.16459695994853973,
                0.1532447785139084
            ],
            "segmentation_id": 8,
            "visibility": -1
        },
        {
            "bounding_box_minx_maxx_miny_maxy": [
                -1,
                -1,
                -1,
                -1
            ],
            "class": "2",
            "local_cuboid": null,
            "local_to_world_matrix": [
                [
                    0.14238804578781128,
                    0.7357717752456665,
                    0.662091851234436,
                    0.0
                ],
                [
                    0.1095781922340393,
                    0.6530781984329224,
                    -0.7493207454681396,
                    0.0
                ],
                [
                    -0.9837267398834229,
                    0.17924514412879944,
                    0.012365996837615967,
                    0.0
                ],
                [
                    1.6979899406433105,
                    -0.5593558549880981,
                    -0.730868935585022,
                    1.0
                ]
            ],
            "location": [
                0.5593558549880981,
                -0.730868935585022,
                -1.6979899406433105
            ],
            "location_world": [
                1.6979899406433105,
                -0.5593558549880981,
                -0.730868935585022
            ],
            "name": "google_2_of_Jenga_Classic_Game_8",
            "projected_cuboid": [
                [
                    466.1673307418823,
                    536.2481474876404
                ],
                [
                    441.33567810058594,
                    561.2601041793823
                ],
                [
                    427.6495575904846,
                    510.17850637435913
                ],
                [
                    448.20699095726013,
                    489.11863565444946
                ],
                [
                    492.917001247406,
                    561.0548257827759
                ],
                [
                    467.7118957042694,
                    586.1033201217651
                ],
                [
                    449.46902990341187,
                    530.4770469665527
                ],
                [
                    470.2828526496887,
                    509.38814878463745
                ],
                [
                    457.05175399780273,
                    533.0976247787476
                ]
            ],
            "provenance": "nvisii",
            "quaternion_xyzw": [
                -0.08634555339813232,
                -0.026097558438777924,
                0.9312382936477661,
                0.3530702292919159
            ],
            "quaternion_xyzw_world": [
                -0.3453056216239929,
                -0.6120302677154541,
                0.23286248743534088,
                0.6722782850265503
            ],
            "segmentation_id": 9,
            "visibility": -1
        },
        {
            "bounding_box_minx_maxx_miny_maxy": [
                -1,
                -1,
                -1,
                -1
            ],
            "class": "2",
            "local_cuboid": null,
            "local_to_world_matrix": [
                [
                    0.4158799648284912,
                    -0.8960391879081726,
                    -0.15542730689048767,
                    0.0
                ],
                [
                    -0.5193195939064026,
                    -0.37429380416870117,
                    0.7682521343231201,
                    0.0
                ],
                [
                    -0.7465595006942749,
                    -0.23878422379493713,
                    -0.6209919452667236,
                    0.0
                ],
                [
                    1.933173656463623,
                    -0.598118007183075,
                    0.5522872805595398,
                    1.0
                ]
            ],
            "location": [
                0.598118007183075,
                0.5522872805595398,
                -1.933173656463623
            ],
            "location_world": [
                1.933173656463623,
                -0.598118007183075,
                0.5522872805595398
            ],
            "name": "google_2_of_Jenga_Classic_Game_9",
            "projected_cuboid": [
                [
                    486.6028428077698,
                    135.61612367630005
                ],
                [
                    503.8292407989502,
                    109.78062450885773
                ],
                [
                    453.2761573791504,
                    68.84945929050446
                ],
                [
                    439.07955288887024,
                    92.73764491081238
                ],
                [
                    466.31941199302673,
                    129.13423776626587
                ],
                [
                    483.3524525165558,
                    102.62377560138702
                ],
                [
                    434.280663728714,
                    61.80749833583832
                ],
                [
                    420.27345299720764,
                    86.25923097133636
                ],
                [
                    459.42771434783936,
                    97.28138148784637
                ]
            ],
            "provenance": "nvisii",
            "quaternion_xyzw": [
                0.30871814489364624,
                0.17723813652992249,
                -0.14341215789318085,
                0.923424482345581
            ],
            "quaternion_xyzw_world": [
                0.7763964533805847,
                -0.4557461440563202,
                -0.2904401421546936,
                0.32426613569259644
            ],
            "segmentation_id": 10,
            "visibility": -1
        },
        {
            "bounding_box_minx_maxx_miny_maxy": [
                -1,
                -1,
                -1,
                -1
            ],
            "class": "2",
            "local_cuboid": null,
            "local_to_world_matrix": [
                [
                    0.9119920134544373,
                    0.20448212325572968,
                    -0.35560888051986694,
                    0.0
                ],
                [
                    0.21709011495113373,
                    0.4949601888656616,
                    0.8413599133491516,
                    0.0
                ],
                [
                    0.34805530309677124,
                    -0.8445126414299011,
                    0.40700870752334595,
                    0.0
                ],
                [
                    1.8143168687820435,
                    0.22194381058216095,
                    0.369319885969162,
                    1.0
                ]
            ],
            "location": [
                -0.22194381058216095,
                0.369319885969162,
                -1.8143168687820435
            ],
            "location_world": [
                1.8143168687820435,
                0.22194381058216095,
                0.369319885969162
            ],
            "name": "google_2_of_Jenga_Classic_Game_10",
            "projected_cuboid": [
                [
                    261.67795062065125,
                    113.72938752174377
                ],
                [
                    248.70629608631134,
                    93.13879907131195
                ],
                [
                    168.56540739536285,
                    123.15167486667633
                ],
                [
                    181.45543336868286,
                    145.17813920974731
                ],
                [
                    267.3311233520508,
                    99.43869709968567
                ],
                [
                    253.81061434745789,
                    78.20263504981995
                ],
                [
                    170.7344651222229,
                    108.57395827770233
                ],
                [
                    184.1711699962616,
                    131.34509325027466
                ],
                [
                    218.09905767440796,
                    111.25896871089935
                ]
            ],
            "provenance": "nvisii",
            "quaternion_xyzw": [
                -0.27486974000930786,
                0.773611307144165,
                0.06137409806251526,
                0.5676316022872925
            ],
            "quaternion_xyzw_world": [
                0.502499520778656,
                0.209737628698349,
                -0.0037579962518066168,
                0.8387433886528015
            ],
            "segmentation_id": 11,
            "visibility": -1
        },
        {
            "bounding_box_minx_maxx_miny_maxy": [
                -1,
                -1,
                -1,
                -1
            ],
            "class": "2",
            "local_cuboid": null,
            "local_to_world_matrix": [
                [
                    -0.08376705646514893,
                    0.6757797002792358,
                    -0.7323285341262817,
                    0.0
                ],
                [
                    0.21244072914123535,
                    -0.7059056758880615,
                    -0.6756969690322876,
                    0.0
                ],
                [
                    -0.9735770225524902,
                    -0.21217750012874603,
                    -0.08443164825439453,
                    0.0
                ],
                [
                    1.7529758214950562,
                    -0.6777425408363342,
                    0.12794847786426544,
                    1.0
                ]
            ],
            "location": [
                0.6777425408363342,
                0.12794847786426544,
                -1.7529758214950562
            ],
            "location_world": [
                1.7529758214950562,
                -0.6777425408363342,
                0.12794847786426544
            ],
            "name": "google_2_of_Jenga_Classic_Game_11",
            "projected_cuboid": [
                [
                    533.1659317016602,
                    207.32760429382324
                ],
                [
                    554.1226863861084,
                    231.20471835136414
                ],
                [
                    483.67446660995483,
                    225.78004002571106
                ],
                [
                    465.41547775268555,
                    205.74787259101868
                ],
                [
                    553.8809299468994,
                    183.68589878082275
                ],
                [
                    574.4932293891907,
                    207.742840051651
                ],
                [
                    501.02704763412476,
                    206.11818134784698
                ],
                [
                    483.015239238739,
                    185.95990538597107
                ],
                [
                    515.5555009841919,
                    206.66491985321045
                ]
            ],
            "provenance": "nvisii",
            "quaternion_xyzw": [
                -0.08114857971668243,
                0.08140295743942261,
                -0.9117364883422852,
                0.3943667411804199
            ],
            "quaternion_xyzw_world": [
                0.6531788110733032,
                0.33996066451072693,
                -0.6529244184494019,
                -0.1774091124534607
            ],
            "segmentation_id": 12,
            "visibility": -1
        },
        {
            "bounding_box_minx_maxx_miny_maxy": [
                -1,
                -1,
                -1,
                -1
            ],
            "class": "2",
            "local_cuboid": null,
            "local_to_world_matrix": [
                [
                    -0.2066735029220581,
                    -0.606440544128418,
                    -0.767799437046051,
                    0.0
                ],
                [
                    -0.21531139314174652,
                    -0.7373144626617432,
                    0.6403189897537231,
                    0.0
                ],
                [
                    -0.954425036907196,
                    0.2976529002189636,
                    0.021809756755828857,
                    0.0
                ],
                [
                    1.8759231567382812,
                    -0.7762984037399292,
                    -0.7556827068328857,
                    1.0
                ]
            ],
            "location": [
                0.7762984037399292,
                -0.7556827068328857,
                -1.8759231567382812
            ],
            "location_world": [
                1.8759231567382812,
                -0.7762984037399292,
                -0.7556827068328857
            ],
            "name": "google_2_of_Jenga_Classic_Game_12",
            "projected_cuboid": [
                [
                    507.61425495147705,
                    554.6448230743408
                ],
                [
                    534.3621969223022,
                    537.4957323074341
                ],
                [
                    519.9428796768188,
                    496.4427947998047
                ],
                [
                    497.30777740478516,
                    511.44224405288696
                ],
                [
                    487.1270954608917,
                    528.923749923706
                ],
                [
                    513.3684873580933,
                    511.6569399833679
                ],
                [
                    502.1960735321045,
                    474.8028516769409
                ],
                [
                    479.92628812789917,
                    489.8809492588043
                ],
                [
                    504.68915700912476,
                    511.54088973999023
                ]
            ],
            "provenance": "nvisii",
            "quaternion_xyzw": [
                -0.05407533049583435,
                0.1409374177455902,
                0.4206142723560333,
                -0.8945927619934082
            ],
            "quaternion_xyzw_world": [
                -0.6141724586486816,
                0.3344956040382385,
                0.7010345458984375,
                -0.13948284089565277
            ],
            "segmentation_id": 13,
            "visibility": -1
        },
        {
            "bounding_box_minx_maxx_miny_maxy": [
                -1,
                -1,
                -1,
                -1
            ],
            "class": "2",
            "local_cuboid": null,
            "local_to_world_matrix": [
                [
                    -0.6465303897857666,
                    -0.6612842082977295,
                    -0.38039708137512207,
