{
    "camera_data": {
        "camera_look_at": {
            "at": [
                1.0,
                0.0,
                0.0
            ],
            "eye": [
                0.0,
                0.0,
                0.0
            ],
            "up": [
                0.0,
                0.0,
                1.0
            ]
        },
        "camera_view_matrix": [
            [
                0.0,
                0.0,
                -1.0,
                0.0
            ],
            [
                -1.0,
                0.0,
                0.0,
                0.0
            ],
            [
                0.0,
                1.0,
                0.0,
                0.0
            ],
            [
                0.0,
                0.0,
                0.0,
                1.0
            ]
        ],
        "height": 500,
        "intrinsics": {
            "cx": 250.0,
            "cy": 250.0,
            "fx": 603.5535278320312,
            "fy": 603.5535278320312
        },
        "location_world": [
            0.0,
            0.0,
            0.0
        ],
        "quaternion_world_xyzw": [
            0.5,
            -0.5,
            -0.5,
            0.5
        ],
        "width": 500
    },
    "objects": [
        {
            "bounding_box_minx_maxx_miny_maxy": [
                -1,
                -1,
                -1,
                -1
            ],
            "class": "2",
            "local_cuboid": null,
            "local_to_world_matrix": [
                [
                    -0.46832871437072754,
                    -0.5656197667121887,
                    -0.678780198097229,
                    0.0
                ],
                [
                    0.34373775124549866,
                    0.5910801887512207,
                    -0.7297044992446899,
                    0.0
                ],
                [
                    0.8139487504959106,
                    -0.575063943862915,
                    -0.08239507675170898,
                    0.0
                ],
                [
                    1.6147863864898682,
                    -0.3387969732284546,
                    -0.7503305077552795,
                    1.0
                ]
            ],
            "location": [
                0.3387969732284546,
                -0.7503305077552795,
                -1.6147863864898682
            ],
            "location_world": [
                1.6147863864898682,
                -0.3387969732284546,
                -0.7503305077552795
            ],
            "name": "google_2_of_Jenga_Classic_Game_0",
            "projected_cuboid": [
                [
                    433.7794780731201,
                    505.5205821990967
                ],
                [
                    414.59864377975464,
                    521.6256380081177
                ],
                [
                    375.9550154209137,
                    552.6990294456482
                ],
                [
                    397.30972051620483,
                    534.7434878349304
                ],
                [
                    415.61606526374817,
                    483.0273687839508
                ],
                [
                    397.0906734466553,
                    499.16309118270874
                ],
                [
                    356.7873239517212,
                    526.2987613677979
                ],
                [
                    377.31099128723145,
                    508.27956199645996
                ],
                [
                    397.1906304359436,
                    515.3949856758118
                ]
            ],
            "provenance": "nvisii",
            "quaternion_xyzw": [
                -0.8816565275192261,
                0.36007797718048096,
                -0.2958614230155945,
                0.07410559058189392
            ],
            "quaternion_xyzw_world": [
                -0.07580576092004776,
                0.731745183467865,
                -0.44577279686927795,
                0.509989321231842
            ],
            "segmentation_id": 1,
            "visibility": -1
        },
        {
            "bounding_box_minx_maxx_miny_maxy": [
                -1,
                -1,
                -1,
                -1
            ],
            "class": "2",
            "local_cuboid": null,
            "local_to_world_matrix": [
                [
                    -0.14014089107513428,
                    0.39366447925567627,
                    -0.9085091352462769,
                    0.0
                ],
                [
                    0.9648027420043945,
                    0.2605065107345581,
                    -0.03594478964805603,
                    0.0
                ],
                [
                    0.22252240777015686,
                    -0.8815693855285645,
                    -0.41631627082824707,
                    0.0
                ],
                [
                    1.8875685930252075,
                    0.798932671546936,
                    0.6860911846160889,
                    1.0
                ]
            ],
            "location": [
                -0.798932671546936,
                0.6860911846160889,
                -1.8875685930252075
            ],
            "location_world": [
                1.8875685930252075,
                0.798932671546936,
                0.6860911846160889
            ],
            "name": "google_2_of_Jenga_Classic_Game_1",
            "projected_cuboid": [
                [
                    77.1481990814209,
                    82.13557302951813
                ],
                [
                    77.55336165428162,
                    89.93694186210632
                ],
                [
                    -9.107410907745361,
                    46.353936195373535
                ],
                [
                    -13.361126184463501,
                    36.34887933731079
                ],
                [
                    87.92059123516083,
                    60.54277718067169
                ],
                [
                    87.88448572158813,
                    69.18108463287354
                ],
                [
                    2.06640362739563,
                    25.149568915367126
                ],
                [
                    -1.670539379119873,
                    14.271646738052368
                ],
                [
                    39.33821618556976,
                    53.438350558280945
                ]
            ],
            "provenance": "nvisii",
            "quaternion_xyzw": [
                -0.4649738371372223,
                0.6285384297370911,
                -0.5493375062942505,
                0.2949018180370331
            ],
            "quaternion_xyzw_world": [
                0.5039019584655762,
                0.6739739775657654,
                -0.3403373956680298,
                0.4195382595062256
            ],
            "segmentation_id": 2,
            "visibility": -1
        },
        {
            "bounding_box_minx_maxx_miny_maxy": [
                -1,
                -1,
                -1,
                -1
            ],
            "class": "2",
            "local_cuboid": null,
            "local_to_world_matrix": [
                [
                    0.1880732774734497,
                    -0.4598959982395172,
                    0.8678272366523743,
                    0.0
                ],
                [
                    0.22476628422737122,
                    0.8802996873855591,
                    0.4177948832511902,
                    0.0
                ],
                [
                    -0.9560902714729309,
                    0.11648224294185638,
                    0.26892995834350586,
                    0.0
                ],
                [
                    1.8486571311950684,
                    -0.764424204826355,
                    0.04050935059785843,
                    1.0
                ]
            ],
            "location": [
                0.764424204826355,
                0.04050935059785843,
                -1.8486571311950684
            ],
            "location_world": [
                1.8486571311950684,
                -0.764424204826355,
                0.04050935059785843
            ],
            "name": "google_2_of_Jenga_Classic_Game_2",
            "projected_cuboid": [
                [
                    552.5756478309631,
                    197.77226448059082
                ],
                [
                    520.673930644989,
                    184.9745213985443
                ],
                [
                    491.16188287734985,
                    220.12299299240112
                ],
                [
                    517.9355144500732,
                    231.3464879989624
                ],
                [
                    541.3627624511719,
                    223.88853132724762
                ],
                [
                    509.2952251434326,
                    210.65455675125122
                ],
                [
                    481.2636375427246,
                    242.20970273017883
                ],
                [
                    508.151650428772,
                    253.7529170513153
                ],
                [
                    513.9632225036621,
                    221.83334827423096
                ]
            ],
            "provenance": "nvisii",
            "quaternion_xyzw": [
                -0.14663806557655334,
                0.021264053881168365,
                0.51923006772995,
                0.8416919708251953
            ],
            "quaternion_xyzw_world": [
                0.0985439270734787,
                -0.5965099334716797,
                -0.22391794621944427,
                0.7644120454788208
            ],
            "segmentation_id": 3,
            "visibility": -1
        },
        {
            "bounding_box_minx_maxx_miny_maxy": [
                -1,
                -1,
                -1,
                -1
            ],
            "class": "2",
            "local_cuboid": null,
            "local_to_world_matrix": [
                [
                    0.48247891664505005,
                    0.12060496211051941,
                    0.8675646781921387,
                    0.0
                ],
                [
                    0.8178601264953613,
                    0.2925407886505127,
                    -0.4955044388771057,
                    0.0
                ],
                [
                    -0.31355831027030945,
                    0.9486170411109924,
                    0.04250681400299072,
                    0.0
                ],
                [
                    1.3558868169784546,
                    -0.19499094784259796,
                    -0.7095420360565186,
                    1.0
                ]
            ],
            "location": [
                0.19499094784259796,
                -0.7095420360565186,
                -1.3558868169784546
            ],
            "location_world": [
                1.3558868169784546,
                -0.19499094784259796,
                -0.7095420360565186
            ],
            "name": "google_2_of_Jenga_Classic_Game_3",
            "projected_cuboid": [
                [
                    213.99518847465515,
                    560.2862238883972
                ],
                [
                    204.56881821155548,
                    563.1882548332214
                ],
                [
                    326.1793851852417,
                    548.1529235839844
                ],
                [
                    341.22735261917114,
                    544.6744561195374
                ],
                [
                    217.60626137256622,
                    604.1589975357056
                ],
                [
                    207.70466327667236,
                    604.7799587249756
                ],
                [
                    332.4810862541199,
                    586.5494608879089
                ],
                [
                    348.30302000045776,
                    585.0054025650024
                ],
                [
                    276.0099470615387,
                    574.032187461853
                ]
            ],
            "provenance": "nvisii",
            "quaternion_xyzw": [
                -0.5151070952415466,
                -0.2790798246860504,
                0.6945624351501465,
                0.41756704449653625
            ],
            "quaternion_xyzw_world": [
                -0.5355911254882812,
                -0.43805110454559326,
                -0.2585957646369934,
                0.6740783452987671
            ],
            "segmentation_id": 4,
            "visibility": -1
        },
        {
            "bounding_box_minx_maxx_miny_maxy": [
                -1,
                -1,
                -1,
                -1
            ],
            "class": "2",
            "local_cuboid": null,
            "local_to_world_matrix": [
                [
                    -0.07294809818267822,
                    -0.4410308003425598,
                    -0.8945224285125732,
                    0.0
                ],
                [
                    0.6354268193244934,
                    0.6707524061203003,
                    -0.38252323865890503,
                    0.0
                ],
                [
                    0.7687075138092041,
                    -0.5963078737258911,
                    0.23131269216537476,
                    0.0
                ],
                [
                    1.2121520042419434,
                    0.14726902544498444,
                    0.5152400135993958,
                    1.0
                ]
            ],
            "location": [
                -0.14726902544498444,
                0.5152400135993958,
                -1.2121520042419434
            ],
            "location_world": [
                1.2121520042419434,
                0.14726902544498444,
                0.5152400135993958
            ],
            "name": "google_2_of_Jenga_Classic_Game_4",
            "projected_cuboid": [
                [
                    281.1608910560608,
                    8.185550570487976
                ],
                [
                    256.6128671169281,
                    30.414998531341553
                ],
                [
                    172.76552319526672,
                    23.517847061157227
                ],
                [
                    198.17042350769043,
                    -3.245830535888672
                ],
                [
                    266.1700248718262,
                    -20.977258682250977
                ],
                [
                    242.26686358451843,
                    2.232000231742859
                ],
                [
                    156.21417760849,
                    -9.728968143463135
                ],
                [
                    180.7486116886139,
                    -37.86438703536987
                ],
                [
                    222.5821614265442,
                    -0.21332502365112305
                ]
            ],
            "provenance": "nvisii",
            "quaternion_xyzw": [
                -0.8050251007080078,
                0.48609498143196106,
                -0.20783700048923492,
                0.2691653370857239
            ],
            "quaternion_xyzw_world": [
                0.07903614640235901,
                0.6148958802223206,
                -0.397966206073761,
                0.6762242317199707
            ],
            "segmentation_id": 5,
            "visibility": -1
        },
        {
            "bounding_box_minx_maxx_miny_maxy": [
                -1,
                -1,
                -1,
                -1
            ],
            "class": "2",
            "local_cuboid": null,
            "local_to_world_matrix": [
                [
                    -0.6039853096008301,
                    -0.26335960626602173,
                    0.7522261738777161,
                    0.0
                ],
                [
                    0.22731134295463562,
                    -0.9615480899810791,
                    -0.15412941575050354,
                    0.0
                ],
                [
                    0.7638927102088928,
                    0.07789765298366547,
                    0.6406247615814209,
                    0.0
                ],
                [
                    1.2287774085998535,
                    -0.13590869307518005,
                    -0.073218934237957,
                    1.0
                ]
            ],
            "location": [
                0.13590869307518005,
                -0.073218934237957,
                -1.2287774085998535
            ],
            "location_world": [
                1.2287774085998535,
                -0.13590869307518005,
                -0.073218934237957
            ],
            "name": "google_2_of_Jenga_Classic_Game_5",
            "projected_cuboid": [
                [
                    285.2773070335388,
                    186.14457547664642
                ],
                [
                    318.8910782337189,
                    192.4605816602707
                ],
                [
                    342.85447001457214,
                    274.87847208976746
                ],
                [
                    303.3510148525238,
                    268.7068581581116
                ],
                [
                    275.5783200263977,
                    212.64807879924774
                ],
                [
                    308.2391619682312,
                    218.41901540756226
                ],
                [
                    329.4149339199066,
                    302.3146390914917
                ],
                [
                    291.2181615829468,
                    296.80323600769043
                ],
                [
                    306.05944991111755,
                    240.84310233592987
                ]
            ],
            "provenance": "nvisii",
            "quaternion_xyzw": [
                0.7384750843048096,
                0.5801732540130615,
                0.17809924483299255,
                -0.29382720589637756
            ],
            "quaternion_xyzw_world": [
                0.4233609437942505,
                -0.02128695137798786,
                0.8952873945236206,
                -0.13701492547988892
            ],
            "segmentation_id": 6,
            "visibility": -1
        },
        {
            "bounding_box_minx_maxx_miny_maxy": [
                -1,
                -1,
                -1,
                -1
            ],
            "class": "2",
            "local_cuboid": null,
            "local_to_world_matrix": [
                [
                    0.3201932907104492,
                    -0.203685462474823,
                    0.9251965880393982,
                    0.0
                ],
                [
                    0.9363909363746643,
                    -0.08008790016174316,
                    -0.3416992127895355,
                    0.0
                ],
                [
                    0.14369601011276245,
                    0.9757553339004517,
                    0.16508549451828003,
                    0.0
                ],
                [
                    1.6190448999404907,
                    -0.09483416378498077,
                    -0.5421239733695984,
                    1.0
                ]
            ],
            "location": [
                0.09483416378498077,
                -0.5421239733695984,
                -1.6190448999404907
            ],
            "location_world": [
                1.6190448999404907,
                -0.09483416378498077,
                -0.5421239733695984
            ],
            "name": "google_2_of_Jenga_Classic_Game_6",
            "projected_cuboid": [
                [
                    181.4708709716797,
                    413.620263338089
                ],
                [
                    187.01615929603577,
                    416.2335991859436
                ],
                [
                    288.3695363998413,
                    437.8241300582886
                ],
                [
                    287.7114713191986,
                    436.2141489982605
                ],
                [
                    174.36692118644714,
                    443.5701072216034
                ],
                [
                    180.32798171043396,
                    444.8195695877075
                ],
                [
                    283.0662131309509,
                    467.4704074859619
                ],
                [
                    282.1299135684967,
                    467.3305153846741
                ],
                [
                    232.45182633399963,
                    440.64247608184814
                ]
            ],
            "provenance": "nvisii",
            "quaternion_xyzw": [
                -0.6498231887817383,
                -0.38675299286842346,
                0.49857744574546814,
                0.4237600862979889
            ],
            "quaternion_xyzw_world": [
                -0.5556967854499817,
                -0.3296336531639099,
                -0.48087942600250244,
                0.5927038788795471
            ],
            "segmentation_id": 7,
            "visibility": -1
        },
        {
            "bounding_box_minx_maxx_miny_maxy": [
                -1,
                -1,
                -1,
                -1
            ],
            "class": "2",
            "local_cuboid": null,
            "local_to_world_matrix": [
                [
                    0.14828050136566162,
                    0.8361292481422424,
                    -0.5281105041503906,
                    0.0
                ],
                [
                    0.4971393942832947,
                    -0.5246570110321045,
                    -0.6910769939422607,
                    0.0
                ],
                [
                    -0.8549065589904785,
                    -0.16007134318351746,
                    -0.49346923828125,
                    0.0
                ],
                [
                    1.5646239519119263,
                    -0.663918673992157,
                    -0.4656209349632263,
                    1.0
                ]
            ],
            "location": [
                0.663918673992157,
                -0.4656209349632263,
                -1.5646239519119263
            ],
            "location_world": [
                1.5646239519119263,
                -0.663918673992157,
                -0.4656209349632263
            ],
            "name": "google_2_of_Jenga_Classic_Game_7",
            "projected_cuboid": [
                [
                    554.4101595878601,
                    529.2602777481079
                ],
                [
                    564.8143291473389,
                    546.7724800109863
                ],
                [
                    497.6837635040283,
                    445.539653301239
                ],
                [
                    487.1375858783722,
                    428.1071424484253
                ],
                [
                    588.0820751190186,
                    512.2748017311096
                ],
                [
                    597.5151062011719,
                    530.4771661758423
                ],
                [
                    524.718165397644,
                    431.07056617736816
                ],
                [
                    514.8298144340515,
                    413.11052441596985
                ],
                [
                    538.1205677986145,
                    475.3914773464203
                ]
            ],
            "provenance": "nvisii",
            "quaternion_xyzw": [
                -0.0032056868076324463,
                0.269325852394104,
                -0.9195261001586914,
                0.2862255871295929
            ],
            "quaternion_xyzw_world": [
                0.7359359264373779,
                0.4529160261154175,
                -0.469815731048584,
                -0.18038445711135864
            ],
            "segmentation_id": 8,
            "visibility": -1
        },
        {
            "bounding_box_minx_maxx_miny_maxy": [
                -1,
                -1,
                -1,
                -1
            ],
            "class": "2",
            "local_cuboid": null,
            "local_to_world_matrix": [
                [
                    0.9529638886451721,
                    -0.014797016978263855,
                    -0.3027224540710449,
                    0.0
                ],
                [
                    -0.19747835397720337,
                    0.7273755073547363,
                    -0.6572117805480957,
                    0.0
                ],
                [
                    0.22991769015789032,
                    0.6860802173614502,
                    0.6902405023574829,
                    0.0
                ],
                [
                    1.521841287612915,
                    -0.49632421135902405,
                    -0.5581403374671936,
                    1.0
                ]
            ],
            "location": [
                0.49632421135902405,
                -0.5581403374671936,
                -1.521841287612915
            ],
            "location_world": [
                1.521841287612915,
                -0.49632421135902405,
                -0.5581403374671936
            ],
            "name": "google_2_of_Jenga_Classic_Game_8",
            "projected_cuboid": [
                [
                    370.80445885658264,
                    375.76985359191895
                ],
                [
                    349.1421341896057,
                    397.7632522583008
                ],
                [
                    431.4150810241699,
                    482.6142489910126
                ],
                [
                    453.130304813385,
                    458.7763249874115
                ],
                [
                    376.17528438568115,
                    372.5908398628235
                ],
                [
                    353.5156846046448,
                    395.6213593482971
                ],
                [
                    440.1782751083374,
                    484.6969246864319
                ],
                [
                    462.88931369781494,
                    459.63501930236816
                ],
                [
                    403.71835231781006,
                    427.44946479797363
                ]
            ],
            "provenance": "nvisii",
            "quaternion_xyzw": [
                -0.6895517706871033,
                0.3734665513038635,
                0.5942426323890686,
                0.17865313589572906
            ],
            "quaternion_xyzw_world": [
                -0.36583736538887024,
                0.14506129920482635,
                0.04975214600563049,
                0.917957067489624
            ],
            "segmentation_id": 9,
            "visibility": -1
        },
        {
            "bounding_box_minx_maxx_miny_maxy": [
                -1,
                -1,
                -1,
                -1
            ],
            "class": "2",
            "local_cuboid": null,
            "local_to_world_matrix": [
                [
                    0.8052049875259399,
                    -0.20307967066764832,
                    0.5571387410163879,
                    0.0
                ],
                [
                    -0.4089920222759247,
                    0.4901183843612671,
                    0.7697463631629944,
                    0.0
                ],
                [
                    -0.4293838143348694,
                    -0.8476689457893372,
                    0.3115878105163574,
                    0.0
                ],
                [
                    1.793803095817566,
                    -0.38274818658828735,
                    0.530418872833252,
                    1.0
                ]
            ],
            "location": [
                0.38274818658828735,
                0.530418872833252,
                -1.793803095817566
            ],
            "location_world": [
                1.793803095817566,
                -0.38274818658828735,
                0.530418872833252
            ],
            "name": "google_2_of_Jenga_Classic_Game_9",
            "projected_cuboid": [
                [
                    481.61810636520386,
                    35.31809151172638
                ],
                [
                    471.5288281440735,
                    7.6021552085876465
                ],
                [
                    373.52150678634644,
                    54.79253828525543
                ],
                [
                    384.7607970237732,
                    79.73775267601013
                ],
                [
                    484.66747999191284,
                    43.11196506023407
                ],
                [
                    474.24742579460144,
                    14.475032687187195
                ],
                [
                    372.47663736343384,
                    62.88936734199524
                ],
                [
                    384.13745164871216,
                    88.56800198554993
                ],
                [
                    426.61601305007935,
                    49.21272397041321
                ]
            ],
            "provenance": "nvisii",
            "quaternion_xyzw": [
                0.03142259269952774,
                0.5332173109054565,
                0.3378452658653259,
                0.7749532461166382
            ],
            "quaternion_xyzw_world": [
                0.5008739233016968,
                -0.30550187826156616,
                0.06376601755619049,
                0.807296633720398
            ],
            "segmentation_id": 10,
            "visibility": -1
        },
        {
            "bounding_box_minx_maxx_miny_maxy": [
                -1,
                -1,
                -1,
                -1
            ],
            "class": "2",
            "local_cuboid": null,
            "local_to_world_matrix": [
                [
                    0.8668467998504639,
                    -0.15575599670410156,
                    0.47362086176872253,
                    0.0
                ],
                [
                    0.35670024156570435,
                    0.8574501872062683,
                    -0.37086939811706543,
                    0.0
                ],
                [
                    -0.3483411967754364,
                    0.4904276132583618,
                    0.7988361716270447,
                    0.0
                ],
                [
                    1.71024751663208,
                    0.3177284598350525,
                    0.42952221632003784,
                    1.0
                ]
            ],
            "location": [
                -0.3177284598350525,
                0.42952221632003784,
                -1.71024751663208
            ],
            "location_world": [
                1.71024751663208,
                0.3177284598350525,
                0.42952221632003784
            ],
            "name": "google_2_of_Jenga_Classic_Game_10",
            "projected_cuboid": [
                [
                    94.76824104785919,
                    -8.540183305740356
                ],
                [
                    71.2282657623291,
                    7.55879282951355
                ],
                [
                    130.70687651634216,
                    101.62156820297241
                ],
                [
                    153.8977324962616,
                    88.10804784297943
                ],
                [
                    83.20401608943939,
                    -5.41648268699646
                ],
                [
                    58.870360255241394,
                    11.31594181060791
                ],
                [
                    121.49770557880402,
                    108.95633697509766
                ],
                [
                    145.4763114452362,
                    95.01945972442627
                ],
                [
                    108.38858783245087,
                    51.33189260959625
                ]
            ],
            "provenance": "nvisii",
            "quaternion_xyzw": [
                -0.542743980884552,
                0.17680040001869202,
                0.6251909136772156,
                0.5322659015655518
            ],
            "quaternion_xyzw_world": [
                -0.2294343262910843,
                -0.21895618736743927,
                -0.13650929927825928,
                0.9385005831718445
            ],
            "segmentation_id": 11,
            "visibility": -1
        },
        {
            "bounding_box_minx_maxx_miny_maxy": [
                -1,
                -1,
                -1,
                -1
            ],
            "class": "2",
            "local_cuboid": null,
            "local_to_world_matrix": [
                [
                    -0.59837806224823,
                    0.6037783026695251,
                    -0.5266833901405334,
                    0.0
                ],
                [
                    -0.689379870891571,
                    -0.7229652404785156,
                    -0.04556988179683685,
                    0.0
                ],
                [
                    -0.408287912607193,
                    0.3358169198036194,
                    0.8488391637802124,
                    0.0
                ],
                [
                    1.9240554571151733,
                    -0.5632115602493286,
                    -0.07451535761356354,
                    1.0
                ]
            ],
            "location": [
                0.5632115602493286,
                -0.07451535761356354,
                -1.9240554571151733
            ],
            "location_world": [
                1.9240554571151733,
                -0.5632115602493286,
                -0.07451535761356354
            ],
            "name": "google_2_of_Jenga_Classic_Game_11",
            "projected_cuboid": [
                [
                    386.9480490684509,
                    198.4599381685257
                ],
                [
                    412.5262200832367,
                    198.0731338262558
                ],
                [
                    433.8048994541168,
                    281.34870529174805
                ],
                [
                    409.1656804084778,
                    279.1994512081146
                ],
                [
                    398.9439606666565,
                    186.26970052719116
                ],
                [
                    424.2391884326935,
                    185.4986697435379
                ],
                [
                    444.26625967025757,
                    267.50698685646057
                ],
                [
                    419.9073314666748,
                    265.8166289329529
                ],
                [
                    416.4391756057739,
                    233.98570716381073
                ]
            ],
            "provenance": "nvisii",
            "quaternion_xyzw": [
                0.0915200412273407,
                0.5361717343330383,
                0.7172231078147888,
                -0.43558573722839355
            ],
            "quaternion_xyzw_world": [
                -0.26255854964256287,
                0.08150714635848999,
                0.8902503252029419,
                0.36314454674720764
            ],
            "segmentation_id": 12,
            "visibility": -1
        },
        {
            "bounding_box_minx_maxx_miny_maxy": [
                -1,
                -1,
                -1,
                -1
            ],
            "class": "2",
            "local_cuboid": null,
            "local_to_world_matrix": [
                [
                    0.18921589851379395,
                    0.9506123065948486,
                    0.24603569507598877,
                    0.0
                ],
                [
                    0.47099149227142334,
                    0.13199383020401,
                    -0.8722068071365356,
                    0.0
                ],
                [
                    -0.8616056442260742,
                    0.28091612458229065,
                    -0.42275500297546387,
                    0.0
                ],
                [
                    1.8661530017852783,
                    -0.8007747530937195,
                    -0.6161718368530273,
                    1.0
                ]
            ],
            "location": [
                0.8007747530937195,
                -0.6161718368530273,
                -1.8661530017852783
            ],
            "location_world": [
                1.8661530017852783,
                -0.8007747530937195,
                -0.6161718368530273
            ],
            "name": "google_2_of_Jenga_Classic_Game_12",
            "projected_cuboid": [
                [
                    508.7531805038452,
                    511.1217498779297
                ],
                [
                    498.3881413936615,
                    531.8704843521118
                ],
                [
                    491.52880907058716,
                    455.0439715385437
                ],
                [
                    500.3393888473511,
                    435.46393513679504
                ],
                [
                    539.7046208381653,
                    520.9585428237915
                ],
                [
                    528.4878611564636,
                    541.6572093963623
                ],
                [
                    517.5415277481079,
                    462.9090428352356
                ],
                [
                    526.9861817359924,
                    443.3401823043823
                ],
                [
                    513.4963989257812,
                    485.10029911994934
                ]
            ],
            "provenance": "nvisii",
            "quaternion_xyzw": [
                0.12246301770210266,
                0.23280882835388184,
                -0.9597427845001221,
                -0.09847156703472137
            ],
            "quaternion_xyzw_world": [
                0.6082715392112732,
                0.5842800736427307,
                -0.2529996633529663,
                -0.47393426299095154
            ],
            "segmentation_id": 13,
            "visibility": -1
        },
        {
            "bounding_box_minx_maxx_miny_maxy": [
                -1,
                -1,
                -1,
                -1
            ],
            "class": "2",
            "local_cuboid": null,
            "local_to_world_matrix": [
                [
                    0.03953355550765991,
                    -0.3378481864929199,
                    0.9403699040412903,
                    0.0
                ],
