{
    "camera_data": {
        "camera_look_at": {
            "at": [
                1.0,
                0.0,
                0.0
            ],
            "eye": [
                0.0,
                0.0,
                0.0
            ],
            "up": [
                0.0,
                0.0,
                1.0
            ]
        },
        "camera_view_matrix": [
            [
                0.0,
                0.0,
                -1.0,
                0.0
            ],
            [
                -1.0,
                0.0,
                0.0,
                0.0
            ],
            [
                0.0,
                1.0,
                0.0,
                0.0
            ],
            [
                0.0,
                0.0,
                0.0,
                1.0
            ]
        ],
        "height": 500,
        "intrinsics": {
            "cx": 250.0,
            "cy": 250.0,
            "fx": 603.5535278320312,
            "fy": 603.5535278320312
        },
        "location_world": [
            0.0,
            0.0,
            0.0
        ],
        "quaternion_world_xyzw": [
            0.5,
            -0.5,
            -0.5,
            0.5
        ],
        "width": 500
    },
    "objects": [
        {
            "bounding_box_minx_maxx_miny_maxy": [
                -1,
                -1,
                -1,
                -1
            ],
            "class": "2",
            "local_cuboid": null,
            "local_to_world_matrix": [
                [
                    0.7012548446655273,
                    0.3671383261680603,
                    0.6111064553260803,
                    0.0
                ],
                [
                    -0.5428996086120605,
                    -0.280566930770874,
                    0.7915442585945129,
                    0.0
                ],
                [
                    0.46206241846084595,
                    -0.886843740940094,
                    0.00257033109664917,
                    0.0
                ],
                [
                    1.5899924039840698,
                    -0.2339678853750229,
                    -0.7166121006011963,
                    1.0
                ]
            ],
            "location": [
                0.2339678853750229,
                -0.7166121006011963,
                -1.5899924039840698
            ],
            "location_world": [
                1.5899924039840698,
                -0.2339678853750229,
                -0.7166121006011963
            ],
            "name": "google_2_of_Jenga_Classic_Game_0",
            "projected_cuboid": [
                [
                    408.63868594169617,
                    496.518611907959
                ],
                [
                    421.1094081401825,
                    479.7304570674896
                ],
                [
                    337.5511169433594,
                    499.45738911628723
                ],
                [
                    326.38928294181824,
                    517.0754790306091
                ],
                [
                    423.9019453525543,
                    521.3605165481567
                ],
                [
                    437.2025728225708,
                    504.6977996826172
                ],
                [
                    352.0525097846985,
                    527.3226499557495
                ],
                [
                    340.0818109512329,
                    544.7497963905334
                ],
                [
                    382.36093521118164,
                    510.82348823547363
                ]
            ],
            "provenance": "nvisii",
            "quaternion_xyzw": [
                0.2753996253013611,
                0.8094357848167419,
                0.1684722900390625,
                0.49049556255340576
            ],
            "quaternion_xyzw_world": [
                0.7034293413162231,
                -0.06246587261557579,
                0.3814060688018799,
                0.5965020060539246
            ],
            "segmentation_id": 1,
            "visibility": -1
        },
        {
            "bounding_box_minx_maxx_miny_maxy": [
                -1,
                -1,
                -1,
                -1
            ],
            "class": "2",
            "local_cuboid": null,
            "local_to_world_matrix": [
                [
                    -0.11609423160552979,
                    0.47552114725112915,
                    -0.872010350227356,
                    0.0
                ],
                [
                    0.9658127427101135,
                    -0.1508415937423706,
                    -0.21083855628967285,
                    0.0
                ],
                [
                    -0.2317933738231659,
                    -0.8666757345199585,
                    -0.44175267219543457,
                    0.0
                ],
                [
                    1.8699573278427124,
                    0.7994664907455444,
                    0.6920544505119324,
                    1.0
                ]
            ],
            "location": [
                -0.7994664907455444,
                0.6920544505119324,
                -1.8699573278427124
            ],
            "location_world": [
                1.8699573278427124,
                0.7994664907455444,
                0.6920544505119324
            ],
            "name": "google_2_of_Jenga_Classic_Game_1",
            "projected_cuboid": [
                [
                    53.69068682193756,
                    65.33059477806091
                ],
                [
                    66.5803849697113,
                    79.36707139015198
                ],
                [
                    -7.063060998916626,
                    44.5704460144043
                ],
                [
                    -22.766023874282837,
                    29.499530792236328
                ],
                [
                    67.52893328666687,
                    42.778581380844116
                ],
                [
                    79.743891954422,
                    57.74092674255371
                ],
                [
                    5.987271666526794,
                    23.8751620054245
                ],
                [
                    -9.056895971298218,
                    7.959187030792236
                ],
                [
                    28.810054063796997,
                    43.70872676372528
                ]
            ],
            "provenance": "nvisii",
            "quaternion_xyzw": [
                -0.3547971844673157,
                0.5081558227539062,
                -0.6924870610237122,
                0.36926746368408203
            ],
            "quaternion_xyzw_world": [
                0.6075565814971924,
                0.593086302280426,
                -0.4541979432106018,
                0.2698667049407959
            ],
            "segmentation_id": 2,
            "visibility": -1
        },
        {
            "bounding_box_minx_maxx_miny_maxy": [
                -1,
                -1,
                -1,
                -1
            ],
            "class": "2",
            "local_cuboid": null,
            "local_to_world_matrix": [
                [
                    -0.547183632850647,
                    -0.3024713695049286,
                    -0.780449390411377,
                    0.0
                ],
                [
                    0.2581661641597748,
                    -0.9479509592056274,
                    0.18638457357883453,
                    0.0
                ],
                [
                    -0.7962037324905396,
                    -0.09949906170368195,
                    0.5967910289764404,
                    0.0
                ],
                [
                    1.8623656034469604,
                    -0.7438215017318726,
                    0.03095601685345173,
                    1.0
                ]
            ],
            "location": [
                0.7438215017318726,
                0.03095601685345173,
                -1.8623656034469604
            ],
            "location_world": [
                1.8623656034469604,
                -0.7438215017318726,
                0.03095601685345173
            ],
            "name": "google_2_of_Jenga_Classic_Game_2",
            "projected_cuboid": [
                [
                    531.4103364944458,
                    187.03603744506836
                ],
                [
                    557.4591159820557,
                    182.01716244220734
                ],
                [
                    509.3693733215332,
                    247.37560749053955
                ],
                [
                    486.0583543777466,
                    252.53519415855408
                ],
                [
                    515.2268409729004,
                    166.04137420654297
                ],
                [
                    540.8114194869995,
                    161.42815351486206
                ],
                [
                    495.8604574203491,
                    227.82473266124725
                ],
                [
                    472.9294776916504,
                    232.63788223266602
                ],
                [
                    512.1209621429443,
                    209.1679722070694
                ]
            ],
            "provenance": "nvisii",
            "quaternion_xyzw": [
                0.28279101848602295,
                0.14807894825935364,
                0.5716965794563293,
                -0.755820631980896
            ],
            "quaternion_xyzw_world": [
                -0.44832363724708557,
                0.024706026539206505,
                0.8791936039924622,
                -0.15941810607910156
            ],
            "segmentation_id": 3,
            "visibility": -1
        },
        {
            "bounding_box_minx_maxx_miny_maxy": [
                -1,
                -1,
                -1,
                -1
            ],
            "class": "2",
            "local_cuboid": null,
            "local_to_world_matrix": [
                [
                    0.7141774296760559,
                    0.2656605839729309,
                    -0.6475917100906372,
                    0.0
                ],
                [
                    -0.6333078742027283,
                    -0.14878880977630615,
                    -0.7594623565673828,
                    0.0
                ],
                [
                    -0.2981135845184326,
                    0.9525158405303955,
                    0.06198328733444214,
                    0.0
                ],
                [
                    1.25523042678833,
                    -0.11551255732774734,
                    -0.6796723008155823,
                    1.0
                ]
            ],
            "location": [
                0.11551255732774734,
                -0.6796723008155823,
                -1.25523042678833
            ],
            "location_world": [
                1.25523042678833,
                -0.11551255732774734,
                -0.6796723008155823
            ],
            "name": "google_2_of_Jenga_Classic_Game_3",
            "projected_cuboid": [
                [
                    161.43223643302917,
                    573.2311010360718
                ],
                [
                    163.86599838733673,
                    621.1019158363342
                ],
                [
                    303.4619688987732,
                    604.0827035903931
                ],
                [
                    295.49217224121094,
                    560.0882768630981
                ],
                [
                    167.99670457839966,
                    562.4120831489563
                ],
                [
                    170.86896300315857,
                    612.1858358383179
                ],
                [
                    316.50906801223755,
                    595.0146913528442
                ],
                [
                    307.6246678829193,
                    549.4301319122314
                ],
                [
                    238.24317753314972,
                    584.0206742286682
                ]
            ],
            "provenance": "nvisii",
            "quaternion_xyzw": [
                -0.5467376708984375,
                0.22808149456977844,
                0.762108325958252,
                -0.261242538690567
            ],
            "quaternion_xyzw_world": [
                -0.671003520488739,
                0.13697665929794312,
                0.35234737396240234,
                0.6378424763679504
            ],
            "segmentation_id": 4,
            "visibility": -1
        },
        {
            "bounding_box_minx_maxx_miny_maxy": [
                -1,
                -1,
                -1,
                -1
            ],
            "class": "2",
            "local_cuboid": null,
            "local_to_world_matrix": [
                [
                    -0.3787834644317627,
                    0.08558434247970581,
                    0.9215195775032043,
                    0.0
                ],
                [
                    0.9244915843009949,
                    -0.011140108108520508,
                    0.38103964924812317,
                    0.0
                ],
                [
                    0.04287689924240112,
                    0.996268630027771,
                    -0.07490229606628418,
                    0.0
                ],
                [
                    1.1688815355300903,
                    0.16772210597991943,
                    0.5110819339752197,
                    1.0
                ]
            ],
            "location": [
                -0.16772210597991943,
                0.5110819339752197,
                -1.1688815355300903
            ],
            "location_world": [
                1.1688815355300903,
                0.16772210597991943,
                0.5110819339752197
            ],
            "name": "google_2_of_Jenga_Classic_Game_4",
            "projected_cuboid": [
                [
                    2.3618489503860474,
                    -22.72239327430725
                ],
                [
                    18.86899769306183,
                    -21.170735359191895
                ],
                [
                    163.67337107658386,
                    -35.086870193481445
                ],
                [
                    157.11970627307892,
                    -37.630319595336914
                ],
                [
                    12.276843190193176,
                    22.23178744316101
                ],
                [
                    27.758240699768066,
                    20.90524137020111
                ],
                [
                    169.11521553993225,
                    7.760077714920044
                ],
                [
                    163.10368478298187,
                    8.20477306842804
                ],
                [
                    89.12357687950134,
                    -6.862372159957886
                ]
            ],
            "provenance": "nvisii",
            "quaternion_xyzw": [
                0.3795566260814667,
                0.6143087148666382,
                -0.4067147970199585,
                -0.5595932602882385
            ],
            "quaternion_xyzw_world": [
                0.4204934537410736,
                0.6005300879478455,
                0.5733718872070312,
                -0.36577796936035156
            ],
            "segmentation_id": 5,
            "visibility": -1
        },
        {
            "bounding_box_minx_maxx_miny_maxy": [
                -1,
                -1,
                -1,
                -1
            ],
            "class": "2",
            "local_cuboid": null,
            "local_to_world_matrix": [
                [
                    0.8273100256919861,
                    0.5605397820472717,
                    -0.03678572177886963,
                    0.0
                ],
                [
                    -0.5500215888023376,
                    0.8216138482093811,
                    0.14975619316101074,
                    0.0
                ],
                [
                    0.11416797339916229,
                    -0.10366185754537582,
                    0.9880384206771851,
                    0.0
                ],
                [
                    1.1530593633651733,
                    -0.08034778386354446,
                    -0.06613215804100037,
                    1.0
                ]
            ],
            "location": [
                0.08034778386354446,
                -0.06613215804100037,
                -1.1530593633651733
            ],
            "location_world": [
                1.1530593633651733,
                -0.08034778386354446,
                -0.06613215804100037
            ],
            "name": "google_2_of_Jenga_Classic_Game_5",
            "projected_cuboid": [
                [
                    309.877872467041,
                    145.68988978862762
                ],
                [
                    277.188241481781,
                    135.25652885437012
                ],
                [
                    262.2472047805786,
                    281.807541847229
                ],
                [
                    296.41252756118774,
                    286.8987023830414
                ],
                [
                    335.8732759952545,
                    138.41789960861206
                ],
                [
                    302.3644685745239,
                    127.08348035812378
                ],
                [
                    287.29987144470215,
                    282.10321068763733
                ],
                [
                    322.39753007888794,
                    287.4729037284851
                ],
                [
                    299.288809299469,
                    209.66751873493195
                ]
            ],
            "provenance": "nvisii",
            "quaternion_xyzw": [
                -0.3177545666694641,
                0.6753636002540588,
                0.5693451762199402,
                0.3446187376976013
            ],
            "quaternion_xyzw_world": [
                0.06644130498170853,
                0.03957713767886162,
                0.2911677062511444,
                0.9535410404205322
            ],
            "segmentation_id": 6,
            "visibility": -1
        },
        {
            "bounding_box_minx_maxx_miny_maxy": [
                -1,
                -1,
                -1,
                -1
            ],
            "class": "2",
            "local_cuboid": null,
            "local_to_world_matrix": [
                [
                    -0.7192710638046265,
                    0.4113594591617584,
                    0.5598505139350891,
                    0.0
                ],
                [
                    0.2336018979549408,
                    -0.6157264709472656,
                    0.7525365352630615,
                    0.0
                ],
                [
                    0.6542777419090271,
                    0.6720598936080933,
                    0.3467797636985779,
                    0.0
                ],
                [
                    1.4422001838684082,
                    -0.04846177250146866,
                    -0.5845359563827515,
                    1.0
                ]
            ],
            "location": [
                0.04846177250146866,
                -0.5845359563827515,
                -1.4422001838684082
            ],
            "location_world": [
                1.4422001838684082,
                -0.04846177250146866,
                -0.5845359563827515
            ],
            "name": "google_2_of_Jenga_Classic_Game_6",
            "projected_cuboid": [
                [
                    178.07705700397491,
                    436.52981519699097
                ],
                [
                    198.38766753673553,
                    410.501629114151
                ],
                [
                    274.68055486679077,
                    474.9886691570282
                ],
                [
                    252.6770830154419,
                    505.46592473983765
                ],
                [
                    192.40471720695496,
                    446.25967741012573
                ],
                [
                    211.85679733753204,
                    421.0001826286316
                ],
                [
                    286.9643568992615,
                    484.3708872795105
                ],
                [
                    265.9814655780792,
                    513.7909054756165
                ],
                [
                    230.49119114875793,
                    459.5586359500885
                ]
            ],
            "provenance": "nvisii",
            "quaternion_xyzw": [
                0.35013633966445923,
                0.839370846748352,
                0.03370915353298187,
                -0.4143969416618347
            ],
            "quaternion_xyzw_world": [
                0.37070053815841675,
                0.4349611699581146,
                0.8188066482543945,
                0.05427335947751999
            ],
            "segmentation_id": 7,
            "visibility": -1
        },
        {
            "bounding_box_minx_maxx_miny_maxy": [
                -1,
                -1,
                -1,
                -1
            ],
            "class": "2",
            "local_cuboid": null,
            "local_to_world_matrix": [
                [
                    0.3293250799179077,
                    0.8360768556594849,
                    -0.43877163529396057,
                    0.0
                ],
                [
                    0.02112439274787903,
                    -0.4711015224456787,
                    -0.8818260431289673,
                    0.0
                ],
                [
                    -0.94398033618927,
                    0.2811386287212372,
                    -0.1728072166442871,
                    0.0
                ],
                [
                    1.5087711811065674,
                    -0.706956684589386,
                    -0.42509618401527405,
                    1.0
                ]
            ],
            "location": [
                0.706956684589386,
                -0.42509618401527405,
                -1.5087711811065674
            ],
            "location_world": [
                1.5087711811065674,
                -0.706956684589386,
                -0.42509618401527405
            ],
            "name": "google_2_of_Jenga_Classic_Game_7",
            "projected_cuboid": [
                [
                    527.2526741027832,
                    470.85040807724
                ],
                [
                    546.1106300354004,
                    506.57588243484497
                ],
                [
                    525.0391960144043,
                    440.10448455810547
                ],
                [
                    509.5755457878113,
                    410.7781648635864
                ],
                [
                    565.8129453659058,
                    458.42084288597107
                ],
                [
                    585.0157737731934,
                    494.9246644973755
                ],
                [
                    556.41108751297,
                    429.4459819793701
                ],
                [
                    540.7160520553589,
                    399.59725737571716
                ],
                [
                    543.169379234314,
                    448.2489228248596
                ]
            ],
            "provenance": "nvisii",
            "quaternion_xyzw": [
                0.15950626134872437,
                0.050671786069869995,
                -0.9568023681640625,
                0.2377379834651947
            ],
            "quaternion_xyzw_world": [
                0.7023591995239258,
                0.3051149845123291,
                -0.4921811819076538,
                -0.4139494299888611
            ],
            "segmentation_id": 8,
            "visibility": -1
        },
        {
            "bounding_box_minx_maxx_miny_maxy": [
                -1,
                -1,
                -1,
                -1
            ],
            "class": "2",
            "local_cuboid": null,
            "local_to_world_matrix": [
                [
                    0.9477455615997314,
                    -0.17913517355918884,
                    0.26398658752441406,
                    0.0
                ],
                [
                    0.3119792938232422,
                    0.6933774948120117,
                    -0.6495356559753418,
                    0.0
                ],
                [
                    -0.0666876882314682,
                    0.6979528665542603,
                    0.7130318880081177,
                    0.0
                ],
                [
                    1.395745038986206,
                    -0.3674877882003784,
                    -0.5076351165771484,
                    1.0
                ]
            ],
            "location": [
                0.3674877882003784,
                -0.5076351165771484,
                -1.395745038986206
            ],
            "location_world": [
                1.395745038986206,
                -0.3674877882003784,
                -0.5076351165771484
            ],
            "name": "google_2_of_Jenga_Classic_Game_8",
            "projected_cuboid": [
                [
                    336.1833989620209,
                    362.70207166671753
                ],
                [
                    309.82574820518494,
                    383.8217258453369
                ],
                [
                    394.09875869750977,
                    468.93617510795593
                ],
                [
                    421.6582775115967,
                    449.68536496162415
                ],
                [
                    334.6101939678192,
                    378.53938341140747
                ],
                [
                    306.8256676197052,
                    400.5182981491089
                ],
                [
                    395.7352042198181,
                    490.0354743003845
                ],
                [
                    424.85857009887695,
                    470.1278805732727
                ],
                [
                    365.64841866493225,
                    425.7040023803711
                ]
            ],
            "provenance": "nvisii",
            "quaternion_xyzw": [
                -0.6636985540390015,
                0.16174167394638062,
                0.6198968291282654,
                0.3860982060432434
            ],
            "quaternion_xyzw_world": [
                -0.3678777515888214,
                -0.09027736634016037,
                -0.13407912850379944,
                0.915717601776123
            ],
            "segmentation_id": 9,
            "visibility": -1
        },
        {
            "bounding_box_minx_maxx_miny_maxy": [
                -1,
                -1,
                -1,
                -1
            ],
            "class": "2",
            "local_cuboid": null,
            "local_to_world_matrix": [
                [
                    0.6673896312713623,
                    0.3976086378097534,
                    -0.6296811699867249,
                    0.0
                ],
                [
                    0.3249925971031189,
                    0.6052743196487427,
                    0.7266517281532288,
                    0.0
                ],
                [
                    0.6700528264045715,
                    -0.6896016001701355,
                    0.2747339606285095,
                    0.0
                ],
                [
                    1.7501071691513062,
                    -0.29859766364097595,
                    0.528594970703125,
                    1.0
                ]
            ],
            "location": [
                0.29859766364097595,
                0.528594970703125,
                -1.7501071691513062
            ],
            "location_world": [
                1.7501071691513062,
                -0.29859766364097595,
                0.528594970703125
            ],
            "name": "google_2_of_Jenga_Classic_Game_9",
            "projected_cuboid": [
                [
                    407.15277194976807,
                    79.47540283203125
                ],
                [
                    389.44798707962036,
                    63.1837397813797
                ],
                [
                    336.78051829338074,
                    69.81503963470459
                ],
                [
                    355.6312322616577,
                    88.01881968975067
                ],
                [
                    421.4279353618622,
                    59.0328723192215
                ],
                [
                    403.0383229255676,
                    42.58774220943451
                ],
                [
                    350.30585527420044,
                    47.09984362125397
                ],
                [
                    369.953989982605,
                    65.49961864948273
                ],
                [
                    380.42840361595154,
                    64.25526738166809
                ]
            ],
            "provenance": "nvisii",
            "quaternion_xyzw": [
                -0.3693888187408447,
                0.8358099460601807,
                -0.015032917261123657,
                0.4058910608291626
            ],
            "quaternion_xyzw_world": [
                0.4436725676059723,
                0.4071703255176544,
                0.022748569026589394,
                0.7980284690856934
            ],
            "segmentation_id": 10,
            "visibility": -1
        },
        {
            "bounding_box_minx_maxx_miny_maxy": [
                -1,
                -1,
                -1,
                -1
            ],
            "class": "2",
            "local_cuboid": null,
            "local_to_world_matrix": [
                [
                    -0.9771668910980225,
                    -0.18959540128707886,
                    0.09590905159711838,
                    0.0
                ],
                [
                    0.14663606882095337,
                    -0.2751035690307617,
                    0.9501662850379944,
                    0.0
                ],
                [
                    -0.15376225113868713,
                    0.9425347447395325,
                    0.29662346839904785,
                    0.0
                ],
                [
                    1.6614224910736084,
                    0.3648528456687927,
                    0.4556596279144287,
                    1.0
                ]
            ],
            "location": [
                -0.3648528456687927,
                0.4556596279144287,
                -1.6614224910736084
            ],
            "location_world": [
                1.6614224910736084,
                0.3648528456687927,
                0.4556596279144287
            ],
            "name": "google_2_of_Jenga_Classic_Game_10",
            "projected_cuboid": [
                [
                    2.588048577308655,
                    55.72409927845001
                ],
                [
                    13.371884822845459,
                    26.67561173439026
                ],
                [
                    121.8952089548111,
                    64.93276357650757
                ],
                [
                    112.24211752414703,
                    93.46723556518555
                ],
                [
                    8.679986000061035,
                    67.57603585720062
                ],
                [
                    18.918007612228394,
                    39.787113666534424
                ],
                [
                    122.3922073841095,
                    75.97066462039948
                ],
                [
                    113.18205296993256,
                    103.28720510005951
                ],
                [
                    64.94581699371338,
                    66.2623792886734
                ]
            ],
            "provenance": "nvisii",
            "quaternion_xyzw": [
                0.14634451270103455,
                0.6337997913360596,
                0.05916197597980499,
                -0.7572192549705505
            ],
            "quaternion_xyzw_world": [
                -0.018118470907211304,
                0.5927562713623047,
                0.7982627749443054,
                -0.10530100017786026
            ],
            "segmentation_id": 11,
            "visibility": -1
        },
        {
            "bounding_box_minx_maxx_miny_maxy": [
                -1,
                -1,
                -1,
                -1
            ],
            "class": "2",
            "local_cuboid": null,
            "local_to_world_matrix": [
                [
                    0.3044067621231079,
                    0.7744323015213013,
                    0.554608941078186,
                    0.0
                ],
                [
                    -0.8937721252441406,
                    0.43356698751449585,
                    -0.11485208570957184,
                    0.0
                ],
                [
                    -0.329405277967453,
                    -0.4607323408126831,
                    0.8241467475891113,
                    0.0
                ],
                [
                    1.95795738697052,
                    -0.5503670573234558,
                    -0.0754423588514328,
                    1.0
                ]
            ],
            "location": [
                0.5503670573234558,
                -0.0754423588514328,
                -1.95795738697052
            ],
            "location_world": [
                1.95795738697052,
                -0.5503670573234558,
                -0.0754423588514328
            ],
            "name": "google_2_of_Jenga_Classic_Game_11",
            "projected_cuboid": [
                [
                    462.41480112075806,
                    189.3736571073532
                ],
                [
                    459.11139249801636,
                    190.06963074207306
                ],
                [
                    406.6617488861084,
                    268.24823021888733
                ],
                [
                    411.77836060523987,
                    264.646977186203
                ],
                [
                    484.652578830719,
                    202.59250700473785
                ],
                [
                    482.2315573692322,
                    203.84825766086578
                ],
                [
                    427.9560446739197,
                    282.3159098625183
                ],
                [
                    432.32449889183044,
                    278.13586592674255
                ],
                [
                    445.2001452445984,
                    235.80506443977356
                ]
            ],
            "provenance": "nvisii",
            "quaternion_xyzw": [
                0.05247493088245392,
                0.5766660571098328,
                0.7447633147239685,
                0.33170801401138306
            ],
            "quaternion_xyzw_world": [
                0.10804283618927002,
                -0.27614012360572815,
                0.5210981369018555,
                0.8003312349319458
            ],
            "segmentation_id": 12,
            "visibility": -1
        },
        {
            "bounding_box_minx_maxx_miny_maxy": [
                -1,
                -1,
                -1,
                -1
            ],
            "class": "2",
            "local_cuboid": null,
            "local_to_world_matrix": [
                [
                    0.6647051572799683,
                    0.7467297911643982,
                    0.023700974881649017,
                    0.0
                ],
                [
                    0.7236078381538391,
                    -0.6355810165405273,
                    -0.2691252529621124,
                    0.0
                ],
                [
                    -0.18589994311332703,
                    0.1960391402244568,
                    -0.9628134965896606,
                    0.0
                ],
                [
                    1.8646366596221924,
                    -0.8174453377723694,
                    -0.5573748350143433,
                    1.0
                ]
            ],
            "location": [
                0.8174453377723694,
                -0.5573748350143433,
                -1.8646366596221924
            ],
            "location_world": [
                1.8646366596221924,
                -0.8174453377723694,
                -0.5573748350143433
            ],
            "name": "google_2_of_Jenga_Classic_Game_12",
            "projected_cuboid": [
                [
                    485.2393865585327,
                    526.1515974998474
                ],
                [
                    494.8897957801819,
                    524.4604349136353
                ],
                [
                    505.9565305709839,
                    428.3599853515625
                ],
                [
                    496.9513416290283,
                    426.8453121185303
                ],
                [
                    512.5494003295898,
                    535.053014755249
                ],
                [
                    521.5590000152588,
                    533.0132842063904
                ],
                [
                    532.1614742279053,
                    433.9680075645447
                ],
                [
                    523.7807035446167,
                    432.5990080833435
                ],
                [
                    509.10240411758423,
                    479.2701005935669
                ]
            ],
            "provenance": "nvisii",
            "quaternion_xyzw": [
                0.2900411784648895,
                0.5682659149169922,
                -0.7419155836105347,
                0.20618249475955963
            ],
            "quaternion_xyzw_world": [
                0.9032025933265686,
                0.40697890520095825,
                -0.044895511120557785,
                -0.1287541687488556
            ],
            "segmentation_id": 13,
            "visibility": -1
        },
        {
            "bounding_box_minx_maxx_miny_maxy": [
                -1,
                -1,
                -1,
                -1
            ],
            "class": "2",
            "local_cuboid": null,
            "local_to_world_matrix": [
                [
                    -0.4882526397705078,
                    -0.47911739349365234,
                    -0.7294216156005859,
                    0.0
                ],
                [
