{
    "camera_data": {
        "camera_look_at": {
            "at": [
                1.0,
                0.0,
                0.0
            ],
            "eye": [
                0.0,
                0.0,
                0.0
            ],
            "up": [
                0.0,
                0.0,
                1.0
            ]
        },
        "camera_view_matrix": [
            [
                0.0,
                0.0,
                -1.0,
                0.0
            ],
            [
                -1.0,
                0.0,
                0.0,
                0.0
            ],
            [
                0.0,
                1.0,
                0.0,
                0.0
            ],
            [
                0.0,
                0.0,
                0.0,
                1.0
            ]
        ],
        "height": 500,
        "intrinsics": {
            "cx": 250.0,
            "cy": 250.0,
            "fx": 603.5535278320312,
            "fy": 603.5535278320312
        },
        "location_world": [
            0.0,
            0.0,
            0.0
        ],
        "quaternion_world_xyzw": [
            0.5,
            -0.5,
            -0.5,
            0.5
        ],
        "width": 500
    },
    "objects": [
        {
            "bounding_box_minx_maxx_miny_maxy": [
                -1,
                -1,
                -1,
                -1
            ],
            "class": "2",
            "local_cuboid": null,
            "local_to_world_matrix": [
                [
                    0.937411904335022,
                    0.23503176867961884,
                    -0.25694170594215393,
                    0.0
                ],
                [
                    -0.14235399663448334,
                    0.9320440888404846,
                    0.33321040868759155,
                    0.0
                ],
                [
                    0.3177960216999054,
                    -0.27577871084213257,
                    0.9071668982505798,
                    0.0
                ],
                [
                    1.8348010778427124,
                    0.5948585271835327,
                    -0.5735146999359131,
                    1.0
                ]
            ],
            "location": [
                -0.5948585271835327,
                -0.5735146999359131,
                -1.8348010778427124
            ],
            "location_world": [
                1.8348010778427124,
                0.5948585271835327,
                -0.5735146999359131
            ],
            "name": "google_2_of_Jenga_Classic_Game_0",
            "projected_cuboid": [
                [
                    101.70318186283112,
                    351.91118717193604
                ],
                [
                    76.5409916639328,
                    343.86640787124634
                ],
                [
                    41.85222089290619,
                    434.2556595802307
                ],
                [
                    68.48037242889404,
                    442.1195089817047
                ],
                [
                    101.82127356529236,
                    349.4345247745514
                ],
                [
                    75.67249238491058,
                    341.05828404426575
                ],
                [
                    39.50709104537964,
                    435.03251671791077
                ],
                [
                    67.24251806735992,
                    443.2135820388794
                ],
                [
                    72.0829963684082,
                    391.49683713912964
                ]
            ],
            "provenance": "nvisii",
            "quaternion_xyzw": [
                -0.4328839182853699,
                0.6866655349731445,
                0.3821077346801758,
                0.4416963756084442
            ],
            "quaternion_xyzw_world": [
                0.15668511390686035,
                0.147872656583786,
                0.0970965251326561,
                0.971676766872406
            ],
            "segmentation_id": 1,
            "visibility": -1
        },
        {
            "bounding_box_minx_maxx_miny_maxy": [
                -1,
                -1,
                -1,
                -1
            ],
            "class": "2",
            "local_cuboid": null,
            "local_to_world_matrix": [
                [
                    -0.24707388877868652,
                    -0.6215870380401611,
                    -0.7433599829673767,
                    0.0
                ],
                [
                    0.034648627042770386,
                    -0.7723206281661987,
                    0.6342871785163879,
                    0.0
                ],
                [
                    -0.9683769345283508,
                    0.1309593915939331,
                    0.21235740184783936,
                    0.0
                ],
                [
                    1.6649525165557861,
                    -0.676189124584198,
                    0.614617645740509,
                    1.0
                ]
            ],
            "location": [
                0.676189124584198,
                0.614617645740509,
                -1.6649525165557861
            ],
            "location_world": [
                1.6649525165557861,
                -0.676189124584198,
                0.614617645740509
            ],
            "name": "google_2_of_Jenga_Classic_Game_1",
            "projected_cuboid": [
                [
                    527.2833704948425,
                    -23.20292592048645
                ],
                [
                    555.3428530693054,
                    -46.15059494972229
                ],
                [
                    517.1446800231934,
                    27.012556791305542
                ],
                [
                    493.81697177886963,
                    46.164676547050476
                ],
                [
                    502.11048126220703,
                    -44.82892155647278
                ],
                [
                    529.8302173614502,
                    -67.4101710319519
                ],
                [
                    496.38164043426514,
                    8.489921689033508
                ],
                [
                    473.2893705368042,
                    27.38654613494873
                ],
                [
                    510.28454303741455,
                    -5.768865346908569
                ]
            ],
            "provenance": "nvisii",
            "quaternion_xyzw": [
                0.06878016889095306,
                0.10526540875434875,
                0.4220494031906128,
                -0.8978099822998047
            ],
            "quaternion_xyzw_world": [
                -0.5729069113731384,
                0.2561229169368744,
                0.746952474117279,
                -0.2196376770734787
            ],
            "segmentation_id": 2,
            "visibility": -1
        },
        {
            "bounding_box_minx_maxx_miny_maxy": [
                -1,
                -1,
                -1,
                -1
            ],
            "class": "2",
            "local_cuboid": null,
            "local_to_world_matrix": [
                [
                    0.788103461265564,
                    0.40622231364250183,
                    -0.462467759847641,
                    0.0
                ],
                [
                    0.6086594462394714,
                    -0.4022408723831177,
                    0.6839123964309692,
                    0.0
                ],
                [
                    0.09179708361625671,
                    -0.8204790353775024,
                    -0.564258337020874,
                    0.0
                ],
                [
                    1.911016821861267,
                    0.6814252734184265,
                    0.003698840504512191,
                    1.0
                ]
            ],
            "location": [
                -0.6814252734184265,
                0.003698840504512191,
                -1.911016821861267
            ],
            "location_world": [
                1.911016821861267,
                0.6814252734184265,
                0.003698840504512191
            ],
            "name": "google_2_of_Jenga_Classic_Game_2",
            "projected_cuboid": [
                [
                    102.5351732969284,
                    314.6825432777405
                ],
                [
                    116.61240458488464,
                    295.5414056777954
                ],
                [
                    41.28605127334595,
                    245.60870230197906
                ],
                [
                    24.991735816001892,
                    263.67852091789246
                ],
                [
                    107.94354975223541,
                    305.1143288612366
                ],
                [
                    122.32984602451324,
                    285.6118679046631
                ],
                [
                    44.62637007236481,
                    233.91035199165344
                ],
                [
                    27.87826955318451,
                    252.26178765296936
                ],
                [
                    73.86358082294464,
                    274.6908664703369
                ]
            ],
            "provenance": "nvisii",
            "quaternion_xyzw": [
                -0.020386412739753723,
                0.7385681867599487,
                -0.3970242142677307,
                0.544493556022644
            ],
            "quaternion_xyzw_world": [
                0.8298497796058655,
                0.3057425916194916,
                -0.11166800558567047,
                0.4532119929790497
            ],
            "segmentation_id": 3,
            "visibility": -1
        },
        {
            "bounding_box_minx_maxx_miny_maxy": [
                -1,
                -1,
                -1,
                -1
            ],
            "class": "2",
            "local_cuboid": null,
            "local_to_world_matrix": [
                [
                    -0.9438601732254028,
                    -0.22754979133605957,
                    0.23947814106941223,
                    0.0
                ],
                [
                    -0.23154735565185547,
                    0.9727532863616943,
                    0.011698691174387932,
                    0.0
                ],
                [
                    -0.23561519384384155,
                    -0.04440859705209732,
                    -0.9708317518234253,
                    0.0
                ],
                [
                    1.8685574531555176,
                    -0.6367076635360718,
                    -0.451908141374588,
                    1.0
                ]
            ],
            "location": [
                0.6367076635360718,
                -0.451908141374588,
                -1.8685574531555176
            ],
            "location_world": [
                1.8685574531555176,
                -0.6367076635360718,
                -0.451908141374588
            ],
            "name": "google_2_of_Jenga_Classic_Game_3",
            "projected_cuboid": [
                [
                    488.29805850982666,
                    497.42138385772705
                ],
                [
                    462.67253160476685,
                    499.8410940170288
                ],
                [
                    450.3393769264221,
                    396.44211530685425
                ],
                [
                    475.13797879219055,
                    395.210862159729
                ],
                [
                    472.8236794471741,
                    493.6198890209198
                ],
                [
                    448.07684421539307,
                    495.90033292770386
                ],
                [
                    436.75780296325684,
                    396.7049717903137
                ],
                [
                    460.7310891151428,
                    395.51883935928345
                ],
                [
                    461.6587162017822,
                    445.3645944595337
                ]
            ],
            "provenance": "nvisii",
            "quaternion_xyzw": [
                -0.4950343668460846,
                0.3703153729438782,
                -0.49909090995788574,
                -0.6072198152542114
            ],
            "quaternion_xyzw_world": [
                -0.11642398685216904,
                0.9858302474021912,
                -0.008295014500617981,
                -0.12048051506280899
            ],
            "segmentation_id": 4,
            "visibility": -1
        },
        {
            "bounding_box_minx_maxx_miny_maxy": [
                -1,
                -1,
                -1,
                -1
            ],
            "class": "2",
            "local_cuboid": null,
            "local_to_world_matrix": [
                [
                    0.4193223714828491,
                    0.4366550147533417,
                    -0.795927882194519,
                    0.0
                ],
                [
                    -0.7732205390930176,
                    0.6311885118484497,
                    -0.061082273721694946,
                    0.0
                ],
                [
                    0.47570860385894775,
                    0.6410409212112427,
                    0.602302074432373,
                    0.0
                ],
                [
                    1.6556423902511597,
                    -0.3747137784957886,
                    -0.11835025995969772,
                    1.0
                ]
            ],
            "location": [
                0.3747137784957886,
                -0.11835025995969772,
                -1.6556423902511597
            ],
            "location_world": [
                1.6556423902511597,
                -0.3747137784957886,
                -0.11835025995969772
            ],
            "name": "google_2_of_Jenga_Classic_Game_4",
            "projected_cuboid": [
                [
                    314.4603371620178,
                    240.57766795158386
                ],
                [
                    298.74011874198914,
                    241.98205769062042
                ],
                [
                    371.80018424987793,
                    306.0663938522339
                ],
                [
                    386.0037326812744,
                    302.0933270454407
                ],
                [
                    327.1196484565735,
                    219.47677433490753
                ],
                [
                    311.5750253200531,
                    220.1184630393982
                ],
                [
                    387.2496485710144,
                    283.63126516342163
                ],
                [
                    401.13091468811035,
                    280.4557681083679
                ],
                [
                    348.3516573905945,
                    260.6237828731537
                ]
            ],
            "provenance": "nvisii",
            "quaternion_xyzw": [
                -0.5244367718696594,
                0.680308997631073,
                0.5054771900177002,
                -0.08147716522216797
            ],
            "quaternion_xyzw_world": [
                -0.2155410647392273,
                0.3903729021549225,
                0.3714132606983185,
                0.8143728971481323
            ],
            "segmentation_id": 5,
            "visibility": -1
        },
        {
            "bounding_box_minx_maxx_miny_maxy": [
                -1,
                -1,
                -1,
                -1
            ],
            "class": "2",
            "local_cuboid": null,
            "local_to_world_matrix": [
                [
                    0.09763020277023315,
                    0.41113489866256714,
                    -0.9063313007354736,
                    0.0
                ],
                [
                    -0.8553234934806824,
                    -0.43092799186706543,
                    -0.287615567445755,
                    0.0
                ],
                [
                    -0.508812427520752,
                    0.8032864332199097,
                    0.3095817565917969,
                    0.0
                ],
                [
                    1.9673017263412476,
                    -0.8605341911315918,
                    0.548527181148529,
                    1.0
                ]
            ],
            "location": [
                0.8605341911315918,
                0.548527181148529,
                -1.9673017263412476
            ],
            "location_world": [
                1.9673017263412476,
                -0.8605341911315918,
                0.548527181148529
            ],
            "name": "google_2_of_Jenga_Classic_Game_5",
            "projected_cuboid": [
                [
                    442.0671761035919,
                    50.17220973968506
                ],
                [
                    462.1253311634064,
                    50.29863119125366
                ],
                [
                    519.0174579620361,
                    93.8415378332138
                ],
                [
                    498.39746952056885,
                    92.15784072875977
                ],
                [
                    453.4420073032379,
                    26.027098298072815
                ],
                [
                    474.048912525177,
                    25.173664093017578
                ],
                [
                    530.2488803863525,
                    70.82806527614594
                ],
                [
                    509.1438293457031,
                    69.9690580368042
                ],
                [
                    486.9580864906311,
                    60.687556862831116
                ]
            ],
            "provenance": "nvisii",
            "quaternion_xyzw": [
                -0.3031782805919647,
                0.3920162320137024,
                0.7428934574127197,
                -0.45001721382141113
            ],
            "quaternion_xyzw_world": [
                -0.5520363450050354,
                0.20115911960601807,
                0.6408743262290955,
                0.49403539299964905
            ],
            "segmentation_id": 6,
            "visibility": -1
        },
        {
            "bounding_box_minx_maxx_miny_maxy": [
                -1,
                -1,
                -1,
                -1
            ],
            "class": "2",
            "local_cuboid": null,
            "local_to_world_matrix": [
                [
                    0.38901287317276,
                    -0.7870482206344604,
                    0.47877347469329834,
                    0.0
                ],
                [
                    0.768878698348999,
                    -0.00888371467590332,
                    -0.6393330097198486,
                    0.0
                ],
                [
                    0.5074391961097717,
                    0.6168274879455566,
                    0.6016887426376343,
                    0.0
                ],
                [
                    1.1716262102127075,
                    0.08696534484624863,
                    -0.2064666599035263,
                    1.0
                ]
            ],
            "location": [
                -0.08696534484624863,
                -0.2064666599035263,
                -1.1716262102127075
            ],
            "location_world": [
                1.1716262102127075,
                0.08696534484624863,
                -0.2064666599035263
            ],
            "name": "google_2_of_Jenga_Classic_Game_6",
            "projected_cuboid": [
                [
                    140.43301343917847,
                    242.9693192243576
                ],
                [
                    145.9653079509735,
                    267.1270966529846
                ],
                [
                    222.49843180179596,
                    356.19914531707764
                ],
                [
                    220.5597311258316,
                    333.9487910270691
                ],
                [
                    108.32969844341278,
                    260.7206702232361
                ],
                [
                    115.54795503616333,
                    284.57093238830566
                ],
                [
                    190.26410579681396,
                    378.11756134033203
                ],
                [
                    186.41024827957153,
                    356.52586817741394
                ],
                [
                    164.20859098434448,
                    307.4517548084259
                ]
            ],
            "provenance": "nvisii",
            "quaternion_xyzw": [
                -0.8564199209213257,
                -0.14235343039035797,
                0.29361772537231445,
                0.40008628368377686
            ],
            "quaternion_xyzw_world": [
                -0.4461524188518524,
                0.010181243531405926,
                -0.5526209473609924,
                0.7038852572441101
            ],
            "segmentation_id": 7,
            "visibility": -1
        },
        {
            "bounding_box_minx_maxx_miny_maxy": [
                -1,
                -1,
                -1,
                -1
            ],
            "class": "2",
            "local_cuboid": null,
            "local_to_world_matrix": [
                [
                    0.4070841670036316,
                    0.589754045009613,
                    0.6974759101867676,
                    0.0
                ],
                [
                    0.6826273798942566,
                    0.31092435121536255,
                    -0.6613214015960693,
                    0.0
                ],
                [
                    -0.6068792343139648,
                    0.7453296184539795,
                    -0.2760099172592163,
                    0.0
                ],
                [
                    1.294600009918213,
                    0.20399214327335358,
                    -0.49932631850242615,
                    1.0
                ]
            ],
            "location": [
                -0.20399214327335358,
                -0.49932631850242615,
                -1.294600009918213
            ],
            "location_world": [
                1.294600009918213,
                0.20399214327335358,
                -0.49932631850242615
            ],
            "name": "google_2_of_Jenga_Classic_Game_7",
            "projected_cuboid": [
                [
                    14.042183756828308,
                    536.6083383560181
                ],
                [
                    12.110412120819092,
                    551.3932704925537
                ],
                [
                    141.69354736804962,
                    475.1773476600647
                ],
                [
                    149.1852104663849,
                    459.0098261833191
                ],
                [
                    33.159852027893066,
                    576.1566758155823
                ],
                [
                    30.198052525520325,
                    589.3446207046509
                ],
                [
                    160.51167249679565,
                    506.1104893684387
                ],
                [
                    169.06383633613586,
                    490.95419049263
                ],
                [
                    93.4346467256546,
                    520.0772285461426
                ]
            ],
            "provenance": "nvisii",
            "quaternion_xyzw": [
                -0.340840220451355,
                -0.2835284471511841,
                0.8452743291854858,
                0.29824644327163696
            ],
            "quaternion_xyzw_world": [
                -0.5856982469558716,
                -0.5431045293807983,
                -0.0386703759431839,
                0.6004162430763245
            ],
            "segmentation_id": 8,
            "visibility": -1
        },
        {
            "bounding_box_minx_maxx_miny_maxy": [
                -1,
                -1,
                -1,
                -1
            ],
            "class": "2",
            "local_cuboid": null,
            "local_to_world_matrix": [
                [
                    -0.7340806722640991,
                    0.6684115529060364,
                    -0.11979809403419495,
                    0.0
                ],
                [
                    -0.08419924974441528,
                    -0.2646491527557373,
                    -0.9606619477272034,
                    0.0
                ],
                [
                    -0.6738219261169434,
                    -0.6951164603233337,
                    0.25055354833602905,
                    0.0
                ],
                [
                    1.810577154159546,
                    0.6850878000259399,
                    -0.8029288649559021,
                    1.0
                ]
            ],
            "location": [
                -0.6850878000259399,
                -0.8029288649559021,
                -1.810577154159546
            ],
            "location_world": [
                1.810577154159546,
                0.6850878000259399,
                -0.8029288649559021
            ],
            "name": "google_2_of_Jenga_Classic_Game_8",
            "projected_cuboid": [
                [
                    52.56946384906769,
                    513.6606097221375
                ],
                [
                    60.21122634410858,
                    545.8074808120728
                ],
                [
                    12.298837304115295,
                    537.9058718681335
                ],
                [
                    5.690425634384155,
                    509.3348026275635
                ],
                [
                    78.84557545185089,
                    500.92142820358276
                ],
                [
                    86.331307888031,
                    531.8772792816162
                ],
                [
                    37.13002800941467,
                    525.7183313369751
                ],
                [
                    30.633479356765747,
                    498.0918765068054
                ],
                [
                    44.29154098033905,
                    520.1253890991211
                ]
            ],
            "provenance": "nvisii",
            "quaternion_xyzw": [
                0.3932011127471924,
                0.09209728240966797,
                0.9086935520172119,
                -0.10576921701431274
            ],
            "quaternion_xyzw_world": [
                -0.26458215713500977,
                -0.5520140528678894,
                0.7498805522918701,
                0.250910222530365
            ],
            "segmentation_id": 9,
            "visibility": -1
        },
        {
            "bounding_box_minx_maxx_miny_maxy": [
                -1,
                -1,
                -1,
                -1
            ],
            "class": "2",
            "local_cuboid": null,
            "local_to_world_matrix": [
                [
                    -0.6134692430496216,
                    0.7108947038650513,
                    0.3439246118068695,
                    0.0
                ],
                [
                    0.548843264579773,
                    0.07066047191619873,
                    0.8329334259033203,
                    0.0
                ],
                [
                    0.5678261518478394,
                    0.6997398138046265,
                    -0.4335176944732666,
                    0.0
                ],
                [
                    1.7923474311828613,
                    -0.8150113224983215,
                    -0.32893502712249756,
                    1.0
                ]
            ],
            "location": [
                0.8150113224983215,
                -0.32893502712249756,
                -1.7923474311828613
            ],
            "location_world": [
                1.7923474311828613,
                -0.8150113224983215,
                -0.32893502712249756
            ],
            "name": "google_2_of_Jenga_Classic_Game_9",
            "projected_cuboid": [
                [
                    434.95941162109375,
                    400.72768926620483
                ],
                [
                    428.73990535736084,
                    375.4699230194092
                ],
                [
                    514.1563415527344,
                    344.42171454429626
                ],
                [
                    523.2354998588562,
                    371.25563621520996
                ],
                [
                    447.6667046546936,
                    405.3625464439392
                ],
                [
                    441.30367040634155,
                    380.6071877479553
                ],
                [
                    525.6057977676392,
                    350.8387804031372
                ],
                [
                    534.7357988357544,
                    377.1144151687622
                ],
                [
                    479.4231057167053,
                    376.2562870979309
                ]
            ],
            "provenance": "nvisii",
            "quaternion_xyzw": [
                0.07745632529258728,
                0.8819941282272339,
                -0.2784488797187805,
                -0.372227281332016
            ],
            "quaternion_xyzw_world": [
                0.43283599615097046,
                0.7276069521903992,
                0.5266144275665283,
                0.07693079113960266
            ],
            "segmentation_id": 10,
            "visibility": -1
        },
        {
            "bounding_box_minx_maxx_miny_maxy": [
                -1,
                -1,
                -1,
                -1
            ],
            "class": "2",
            "local_cuboid": null,
            "local_to_world_matrix": [
                [
                    -0.9321403503417969,
                    -0.3393849730491638,
                    0.12622258067131042,
                    0.0
                ],
                [
                    -0.015453770756721497,
                    0.3855571150779724,
                    0.9225545525550842,
                    0.0
                ],
                [
                    -0.36176714301109314,
                    0.8579997420310974,
                    -0.364638090133667,
                    0.0
                ],
                [
                    1.627874732017517,
                    -0.6083692312240601,
                    0.5357313752174377,
                    1.0
                ]
            ],
            "location": [
                0.6083692312240601,
                0.5357313752174377,
                -1.627874732017517
            ],
            "location_world": [
                1.627874732017517,
                -0.6083692312240601,
                0.5357313752174377
            ],
            "name": "google_2_of_Jenga_Classic_Game_10",
            "projected_cuboid": [
                [
                    407.3423147201538,
                    89.49027955532074
                ],
                [
                    394.2470848560333,
                    57.68442153930664
                ],
                [
                    479.76863384246826,
                    30.043423175811768
                ],
                [
                    491.9244647026062,
                    59.760481119155884
                ],
                [
                    389.56326246261597,
                    100.91128945350647
                ],
                [
                    377.0710825920105,
                    70.61579823493958
                ],
                [
                    459.90413427352905,
                    43.37507486343384
                ],
                [
                    471.5387225151062,
                    71.76952064037323
                ],
                [
                    435.10740995407104,
                    65.13051688671112
                ]
            ],
            "provenance": "nvisii",
            "quaternion_xyzw": [
                -0.11732780933380127,
                0.5525853633880615,
                -0.15797756612300873,
                -0.809893012046814
            ],
            "quaternion_xyzw_world": [
                -0.1083289310336113,
                0.8188918828964233,
                0.5435864925384521,
                -0.14897868037223816
            ],
            "segmentation_id": 11,
            "visibility": -1
        },
        {
            "bounding_box_minx_maxx_miny_maxy": [
                -1,
                -1,
                -1,
                -1
            ],
            "class": "2",
            "local_cuboid": null,
            "local_to_world_matrix": [
                [
                    -0.7678539752960205,
                    -0.578567385673523,
                    -0.27506381273269653,
                    0.0
                ],
                [
                    0.16872833669185638,
                    0.23156064748764038,
                    -0.9580764174461365,
                    0.0
                ],
                [
                    0.6180057525634766,
                    -0.7820737957954407,
                    -0.08018410205841064,
                    0.0
                ],
                [
                    1.6458351612091064,
                    0.07693395018577576,
                    0.784637451171875,
                    1.0
                ]
            ],
            "location": [
                -0.07693395018577576,
                0.784637451171875,
                -1.6458351612091064
            ],
            "location_world": [
                1.6458351612091064,
                0.07693395018577576,
                0.784637451171875
            ],
            "name": "google_2_of_Jenga_Classic_Game_11",
            "projected_cuboid": [
                [
                    312.112420797348,
                    -16.81610941886902
                ],
                [
                    305.0771653652191,
                    12.369588017463684
                ],
                [
                    226.23568773269653,
                    -22.777646780014038
                ],
                [
                    233.3621382713318,
                    -55.55024743080139
                ],
                [
                    295.18404603004456,
                    -15.158623456954956
                ],
                [
                    288.5068655014038,
                    13.06585967540741
                ],
                [
                    210.7255458831787,
                    -20.741909742355347
                ],
                [
                    217.46091544628143,
                    -52.307695150375366
                ],
                [
                    262.96210289001465,
                    -18.719255924224854
                ]
            ],
            "provenance": "nvisii",
            "quaternion_xyzw": [
                -0.8880666494369507,
                0.1426200568675995,
                -0.43632078170776367,
                0.02492615580558777
            ],
            "quaternion_xyzw_world": [
                -0.14209984242916107,
                0.721040666103363,
                -0.6033467650413513,
                0.30964604020118713
            ],
            "segmentation_id": 12,
            "visibility": -1
        },
        {
            "bounding_box_minx_maxx_miny_maxy": [
                -1,
                -1,
                -1,
                -1
            ],
            "class": "2",
            "local_cuboid": null,
            "local_to_world_matrix": [
                [
                    0.26173537969589233,
                    -0.17689356207847595,
                    0.9487905502319336,
                    0.0
                ],
                [
                    -0.907904863357544,
                    0.2883719801902771,
                    0.30422118306159973,
                    0.0
                ],
                [
                    -0.3274195194244385,
                    -0.9410369396209717,
                    -0.08512544631958008,
                    0.0
                ],
                [
                    1.1166640520095825,
                    0.656856119632721,
                    -0.619706392288208,
                    1.0
                ]
            ],
            "location": [
                -0.656856119632721,
                -0.619706392288208,
                -1.1166640520095825
            ],
            "location_world": [
                1.1166640520095825,
                0.656856119632721,
                -0.619706392288208
            ],
            "name": "google_2_of_Jenga_Classic_Game_12",
            "projected_cuboid": [
                [
                    45.287445187568665,
                    599.8307466506958
                ],
                [
                    14.684662222862244,
                    611.2246513366699
                ],
                [
                    -117.03121662139893,
                    565.7069087028503
                ],
                [
                    -80.27508854866028,
                    558.2424402236938
                ],
                [
                    33.22979807853699,
                    649.7779488563538
                ],
                [
                    1.0266005992889404,
                    665.3515100479126
                ],
                [
                    -132.01257586479187,
                    614.1068935394287
                ],
                [
                    -93.59008073806763,
                    603.2664775848389
                ],
                [
                    -43.29335689544678,
                    606.9632768630981
                ]
            ],
            "provenance": "nvisii",
            "quaternion_xyzw": [
                0.3692062497138977,
                0.44718796014785767,
                0.45997416973114014,
                0.6724088191986084
            ],
            "quaternion_xyzw_world": [
                0.5144144296646118,
                -0.5272006392478943,
                0.30197978019714355,
                0.6051823496818542
            ],
            "segmentation_id": 13,
            "visibility": -1
        },
        {
            "bounding_box_minx_maxx_miny_maxy": [
                -1,
                -1,
                -1,
                -1
            ],
            "class": "2",
            "local_cuboid": null,
            "local_to_world_matrix": [
                [
                    -0.5682886838912964,
                    -0.8125390410423279,
                    0.12972354888916016,
                    0.0
                ],
