{
    "camera_data": {
        "camera_look_at": {
            "at": [
                1.0,
                0.0,
                0.0
            ],
            "eye": [
                0.0,
                0.0,
                0.0
            ],
            "up": [
                0.0,
                0.0,
                1.0
            ]
        },
        "camera_view_matrix": [
            [
                0.0,
                0.0,
                -1.0,
                0.0
            ],
            [
                -1.0,
                0.0,
                0.0,
                0.0
            ],
            [
                0.0,
                1.0,
                0.0,
                0.0
            ],
            [
                0.0,
                0.0,
                0.0,
                1.0
            ]
        ],
        "height": 500,
        "intrinsics": {
            "cx": 250.0,
            "cy": 250.0,
            "fx": 603.5535278320312,
            "fy": 603.5535278320312
        },
        "location_world": [
            0.0,
            0.0,
            0.0
        ],
        "quaternion_world_xyzw": [
            0.5,
            -0.5,
            -0.5,
            0.5
        ],
        "width": 500
    },
    "objects": [
        {
            "bounding_box_minx_maxx_miny_maxy": [
                -1,
                -1,
                -1,
                -1
            ],
            "class": "2",
            "local_cuboid": null,
            "local_to_world_matrix": [
                [
                    -0.3871452808380127,
                    -0.9072353839874268,
                    0.16444632411003113,
                    0.0
                ],
                [
                    0.9216883182525635,
                    -0.37602663040161133,
                    0.09536606818437576,
                    0.0
                ],
                [
                    -0.024683266878128052,
                    0.18848878145217896,
                    0.98176509141922,
                    0.0
                ],
                [
                    1.9280599355697632,
                    0.587032675743103,
                    -0.5891093611717224,
                    1.0
                ]
            ],
            "location": [
                -0.587032675743103,
                -0.5891093611717224,
                -1.9280599355697632
            ],
            "location_world": [
                1.9280599355697632,
                0.587032675743103,
                -0.5891093611717224
            ],
            "name": "google_2_of_Jenga_Classic_Game_0",
            "projected_cuboid": [
                [
                    48.81659150123596,
                    346.96269035339355
                ],
                [
                    66.72406196594238,
                    340.582400560379
                ],
                [
                    84.42744612693787,
                    428.93147468566895
                ],
                [
                    67.32413172721863,
                    438.95649909973145
                ],
                [
                    29.286861419677734,
                    349.52881932258606
                ],
                [
                    47.687023878097534,
                    343.14605593681335
                ],
                [
                    65.18691778182983,
                    430.12455105781555
                ],
                [
                    47.571584582328796,
                    440.0376081466675
                ],
                [
                    57.24750459194183,
                    389.79223370552063
                ]
            ],
            "provenance": "nvisii",
            "quaternion_xyzw": [
                -0.668428361415863,
                -0.20214316248893738,
                -0.07429983466863632,
                0.7119137048721313
            ],
            "quaternion_xyzw_world": [
                -0.04217899218201637,
                -0.08566434681415558,
                -0.8283925652503967,
                0.5519495606422424
            ],
            "segmentation_id": 1,
            "visibility": -1
        },
        {
            "bounding_box_minx_maxx_miny_maxy": [
                -1,
                -1,
                -1,
                -1
            ],
            "class": "2",
            "local_cuboid": null,
            "local_to_world_matrix": [
                [
                    0.040322840213775635,
                    0.9864459037780762,
                    0.15905553102493286,
                    0.0
                ],
                [
                    -0.17590954899787903,
                    0.16370701789855957,
                    -0.9706986546516418,
                    0.0
                ],
                [
                    -0.9835801720619202,
                    0.011161983013153076,
                    0.1801263689994812,
                    0.0
                ],
                [
                    1.397061824798584,
                    -0.6366320848464966,
                    0.5924152135848999,
                    1.0
                ]
            ],
            "location": [
                0.6366320848464966,
                0.5924152135848999,
                -1.397061824798584
            ],
            "location_world": [
                1.397061824798584,
                -0.6366320848464966,
                0.5924152135848999
            ],
            "name": "google_2_of_Jenga_Classic_Game_1",
            "projected_cuboid": [
                [
                    574.439525604248,
                    -123.48619103431702
                ],
                [
                    571.247398853302,
                    -83.69919657707214
                ],
                [
                    506.3211917877197,
                    8.038491010665894
                ],
                [
                    509.54699516296387,
                    -24.588078260421753
                ],
                [
                    617.4649596214294,
                    -117.76283383369446
                ],
                [
                    614.8442029953003,
                    -77.78361439704895
                ],
                [
                    540.7454371452332,
                    12.939885258674622
                ],
                [
                    543.6140894889832,
                    -19.812583923339844
                ],
                [
                    555.7828545570374,
                    -47.94612526893616
                ]
            ],
            "provenance": "nvisii",
            "quaternion_xyzw": [
                -0.012967661023139954,
                0.0896759182214737,
                0.9925629496574402,
                0.08129522204399109
            ],
            "quaternion_xyzw_world": [
                -0.4172797203063965,
                -0.4856072962284088,
                0.4939879775047302,
                0.5882508754730225
            ],
            "segmentation_id": 2,
            "visibility": -1
        },
        {
            "bounding_box_minx_maxx_miny_maxy": [
                -1,
                -1,
                -1,
                -1
            ],
            "class": "2",
            "local_cuboid": null,
            "local_to_world_matrix": [
                [
                    0.7508746385574341,
                    -0.19463230669498444,
                    -0.6311144828796387,
                    0.0
                ],
                [
                    0.4073250889778137,
                    -0.6157320737838745,
                    0.6745074987411499,
                    0.0
                ],
                [
                    -0.5198783874511719,
                    -0.7635393142700195,
                    -0.383059024810791,
                    0.0
                ],
                [
                    1.9402436017990112,
                    0.6337326169013977,
                    -0.12277338653802872,
                    1.0
                ]
            ],
            "location": [
                -0.6337326169013977,
                -0.12277338653802872,
                -1.9402436017990112
            ],
            "location_world": [
                1.9402436017990112,
                0.6337326169013977,
                -0.12277338653802872
            ],
            "name": "google_2_of_Jenga_Classic_Game_2",
            "projected_cuboid": [
                [
                    106.20006918907166,
                    346.54197096824646
                ],
                [
                    125.99396705627441,
                    326.00152492523193
                ],
                [
                    67.72679090499878,
                    286.20678186416626
                ],
                [
                    48.44591021537781,
                    304.44884300231934
                ],
                [
                    95.9879457950592,
                    332.5713872909546
                ],
                [
                    116.63985252380371,
                    311.6164207458496
                ],
                [
                    57.319194078445435,
                    271.7320919036865
                ],
                [
                    37.24607825279236,
                    290.28189182281494
                ],
                [
                    80.92702925205231,
                    307.862788438797
                ]
            ],
            "provenance": "nvisii",
            "quaternion_xyzw": [
                -0.007849834859371185,
                0.48989713191986084,
                -0.4033418595790863,
                0.7728224992752075
            ],
            "quaternion_xyzw_world": [
                0.829105794429779,
                0.0641331821680069,
                -0.34705850481987,
                0.43361377716064453
            ],
            "segmentation_id": 3,
            "visibility": -1
        },
        {
            "bounding_box_minx_maxx_miny_maxy": [
                -1,
                -1,
                -1,
                -1
            ],
            "class": "2",
            "local_cuboid": null,
            "local_to_world_matrix": [
                [
                    -0.03226363658905029,
                    0.20409230887889862,
                    0.9784198999404907,
                    0.0
                ],
                [
                    -0.2700955271720886,
                    -0.9442880153656006,
                    0.18806611001491547,
                    0.0
                ],
                [
                    0.9622929096221924,
                    -0.2581990957260132,
                    0.08559048175811768,
                    0.0
                ],
                [
                    1.6925374269485474,
                    -0.20355062186717987,
                    -0.7274147272109985,
                    1.0
                ]
            ],
            "location": [
                0.20355062186717987,
                -0.7274147272109985,
                -1.6925374269485474
            ],
            "location_world": [
                1.6925374269485474,
                -0.20355062186717987,
                -0.7274147272109985
            ],
            "name": "google_2_of_Jenga_Classic_Game_3",
            "projected_cuboid": [
                [
                    320.2890157699585,
                    454.38891649246216
                ],
                [
                    345.6473648548126,
                    451.8783986568451
                ],
                [
                    334.55443382263184,
                    494.6399927139282
                ],
                [
                    305.15843629837036,
                    496.99223041534424
                ],
                [
                    325.0911235809326,
                    477.58007049560547
                ],
                [
                    350.4723906517029,
                    475.3422141075134
                ],
                [
                    340.20233154296875,
                    521.9592452049255
                ],
                [
                    310.77468395233154,
                    523.9425897598267
                ],
                [
                    329.4273018836975,
                    485.3971004486084
                ]
            ],
            "provenance": "nvisii",
            "quaternion_xyzw": [
                0.6265250444412231,
                0.7672110795974731,
                0.11590230464935303,
                0.07362234592437744
            ],
            "quaternion_xyzw_world": [
                0.6757280826568604,
                -0.02441929467022419,
                0.7180080413818359,
                0.16510532796382904
            ],
            "segmentation_id": 4,
            "visibility": -1
        },
        {
            "bounding_box_minx_maxx_miny_maxy": [
                -1,
                -1,
                -1,
                -1
            ],
            "class": "2",
            "local_cuboid": null,
            "local_to_world_matrix": [
                [
                    0.6054891347885132,
                    0.04404154419898987,
                    0.7946339845657349,
                    0.0
                ],
                [
                    0.7859779596328735,
                    0.1237151026725769,
                    -0.6057502031326294,
                    0.0
                ],
                [
                    -0.12498638033866882,
                    0.991339921951294,
                    0.040292441844940186,
                    0.0
                ],
                [
                    1.5615626573562622,
                    -0.3750503659248352,
                    -0.10434277355670929,
                    1.0
                ]
            ],
            "location": [
                0.3750503659248352,
                -0.10434277355670929,
                -1.5615626573562622
            ],
            "location_world": [
                1.5615626573562622,
                -0.3750503659248352,
                -0.10434277355670929
            ],
            "name": "google_2_of_Jenga_Classic_Game_4",
            "projected_cuboid": [
                [
                    285.42792797088623,
                    264.19636607170105
                ],
                [
                    279.956579208374,
                    283.11359882354736
                ],
                [
                    387.25754618644714,
                    286.75535321235657
                ],
                [
                    397.1879482269287,
                    268.43875646591187
                ],
                [
                    288.0091667175293,
                    290.43200612068176
                ],
                [
                    282.2558581829071,
                    308.80334973335266
                ],
                [
                    392.76617765426636,
                    311.95878982543945
                ],
                [
                    403.25483679771423,
                    294.1724359989166
                ],
                [
                    340.05528688430786,
                    288.5039448738098
                ]
            ],
            "provenance": "nvisii",
            "quaternion_xyzw": [
                -0.5993167161941528,
                -0.2798682749271393,
                0.6661039590835571,
                0.3446718156337738
            ],
            "quaternion_xyzw_world": [
                -0.6003085970878601,
                -0.3456636667251587,
                -0.2788764238357544,
                0.6651121377944946
            ],
            "segmentation_id": 5,
            "visibility": -1
        },
        {
            "bounding_box_minx_maxx_miny_maxy": [
                -1,
                -1,
                -1,
                -1
            ],
            "class": "2",
            "local_cuboid": null,
            "local_to_world_matrix": [
                [
                    0.0008488297462463379,
                    0.5634221434593201,
                    -0.8261687755584717,
                    0.0
                ],
                [
                    -0.9954430460929871,
                    0.07925522327423096,
                    0.05302691459655762,
                    0.0
                ],
                [
                    0.09535476565361023,
                    0.8223589062690735,
                    0.560921847820282,
                    0.0
                ],
                [
                    1.9238280057907104,
                    -0.8430250287055969,
                    0.44280701875686646,
                    1.0
                ]
            ],
            "location": [
                0.8430250287055969,
                0.44280701875686646,
                -1.9238280057907104
            ],
            "location_world": [
                1.9238280057907104,
                -0.8430250287055969,
                0.44280701875686646
            ],
            "name": "google_2_of_Jenga_Classic_Game_5",
            "projected_cuboid": [
                [
                    426.77295207977295,
                    76.89280807971954
                ],
                [
                    432.43831396102905,
                    67.8587406873703
                ],
                [
                    512.1785998344421,
                    117.71106719970703
                ],
                [
                    503.02374362945557,
                    124.74168837070465
                ],
                [
                    440.23415446281433,
                    57.15693533420563
                ],
                [
                    446.4922547340393,
                    47.25383222103119
                ],
                [
                    526.443362236023,
                    96.8029797077179
                ],
                [
                    516.6782140731812,
                    104.7278344631195
                ],
                [
                    475.1683175563812,
                    86.56030893325806
                ]
            ],
            "provenance": "nvisii",
            "quaternion_xyzw": [
                -0.3460150957107544,
                0.654179573059082,
                0.5947773456573486,
                -0.3139466643333435
            ],
            "quaternion_xyzw_world": [
                -0.30027976632118225,
                0.35968199372291565,
                0.6084442734718323,
                0.6405127048492432
            ],
            "segmentation_id": 6,
            "visibility": -1
        },
        {
            "bounding_box_minx_maxx_miny_maxy": [
                -1,
                -1,
                -1,
                -1
            ],
            "class": "2",
            "local_cuboid": null,
            "local_to_world_matrix": [
                [
                    0.7739132642745972,
                    -0.6018050312995911,
                    0.1972028911113739,
                    0.0
                ],
                [
                    0.6314225792884827,
                    0.7093584537506104,
                    -0.3132348954677582,
                    0.0
                ],
                [
                    0.048618778586387634,
                    0.36693498492240906,
                    0.9289752244949341,
                    0.0
                ],
                [
                    1.3057496547698975,
                    0.25681373476982117,
                    0.026643997058272362,
                    1.0
                ]
            ],
            "location": [
                -0.25681373476982117,
                0.026643997058272362,
                -1.3057496547698975
            ],
            "location_world": [
                1.3057496547698975,
                0.25681373476982117,
                0.026643997058272362
            ],
            "name": "google_2_of_Jenga_Classic_Game_6",
            "projected_cuboid": [
                [
                    108.5256040096283,
                    104.55484688282013
                ],
                [
                    87.75141835212708,
                    121.77793681621552
                ],
                [
                    133.52538645267487,
                    240.60887098312378
                ],
                [
                    156.38840198516846,
                    228.03688049316406
                ],
                [
                    78.99384200572968,
                    104.95847463607788
                ],
                [
                    58.452337980270386,
                    122.96420335769653
                ],
                [
                    106.05330765247345,
                    247.38077819347382
                ],
                [
                    128.8611739873886,
                    234.48321223258972
                ],
                [
                    107.2998195886612,
                    175.3711700439453
                ]
            ],
            "provenance": "nvisii",
            "quaternion_xyzw": [
                -0.700653076171875,
                0.18274220824241638,
                0.4070660471916199,
                0.5567655563354492
            ],
            "quaternion_xyzw_world": [
                -0.18410566449165344,
                -0.040218155831098557,
                -0.3338051438331604,
                0.923613429069519
            ],
            "segmentation_id": 7,
            "visibility": -1
        },
        {
            "bounding_box_minx_maxx_miny_maxy": [
                -1,
                -1,
                -1,
                -1
            ],
            "class": "2",
            "local_cuboid": null,
            "local_to_world_matrix": [
                [
                    -0.6954061985015869,
                    -0.6513869762420654,
                    -0.30348891019821167,
                    0.0
                ],
                [
                    -0.3297799527645111,
                    -0.08595526218414307,
                    0.9401367902755737,
                    0.0
                ],
                [
                    -0.6384792327880859,
                    0.7538613080978394,
                    -0.15504074096679688,
                    0.0
                ],
                [
                    1.184686541557312,
                    0.03838958218693733,
                    -0.5131620764732361,
                    1.0
                ]
            ],
            "location": [
                -0.03838958218693733,
                -0.5131620764732361,
                -1.184686541557312
            ],
            "location_world": [
                1.184686541557312,
                0.03838958218693733,
                -0.5131620764732361
            ],
            "name": "google_2_of_Jenga_Classic_Game_7",
            "projected_cuboid": [
                [
                    105.01550137996674,
                    623.9701509475708
                ],
                [
                    105.37424683570862,
                    584.7810506820679
                ],
                [
                    245.20434439182281,
                    506.2671899795532
                ],
                [
                    241.57819151878357,
                    541.0827398300171
                ],
                [
                    82.83258974552155,
                    590.335488319397
                ],
                [
                    82.56132900714874,
                    552.3456335067749
                ],
                [
                    219.54026818275452,
                    482.4749231338501
                ],
                [
                    216.65923297405243,
                    516.273021697998
                ],
                [
                    167.87871718406677,
                    546.3026762008667
                ]
            ],
            "provenance": "nvisii",
            "quaternion_xyzw": [
                -0.13488063216209412,
                0.4031968116760254,
                0.10834617912769318,
                -0.8986104726791382
            ],
            "quaternion_xyzw_world": [
                -0.36932024359703064,
                0.6641708612442017,
                0.6376364231109619,
                -0.12609343230724335
            ],
            "segmentation_id": 8,
            "visibility": -1
        },
        {
            "bounding_box_minx_maxx_miny_maxy": [
                -1,
                -1,
                -1,
                -1
            ],
            "class": "2",
            "local_cuboid": null,
            "local_to_world_matrix": [
                [
                    -0.5214898586273193,
                    0.6766170859336853,
                    0.5198438167572021,
                    0.0
                ],
                [
                    -0.4981018900871277,
                    0.2532554268836975,
                    -0.8293106555938721,
                    0.0
                ],
                [
                    -0.6927790641784668,
                    -0.6914123296737671,
                    0.20495402812957764,
                    0.0
                ],
                [
                    1.7410783767700195,
                    0.5957834124565125,
                    -0.7498629093170166,
                    1.0
                ]
            ],
            "location": [
                -0.5957834124565125,
                -0.7498629093170166,
                -1.7410783767700195
            ],
            "location_world": [
                1.7410783767700195,
                0.5957834124565125,
                -0.7498629093170166
            ],
            "name": "google_2_of_Jenga_Classic_Game_8",
            "projected_cuboid": [
                [
                    89.31048214435577,
                    498.7853765487671
                ],
                [
                    76.17546617984772,
                    534.0041518211365
                ],
                [
                    25.149598717689514,
                    521.4486122131348
                ],
                [
                    37.99067437648773,
                    490.625262260437
                ],
                [
                    113.87860774993896,
                    507.970929145813
                ],
                [
                    101.76658630371094,
                    542.4990653991699
                ],
                [
                    48.97153377532959,
                    529.2526483535767
                ],
                [
                    60.954272747039795,
                    498.95647168159485
                ],
                [
                    67.90225207805634,
                    514.954686164856
                ]
            ],
            "provenance": "nvisii",
            "quaternion_xyzw": [
                -0.33908501267433167,
                -0.19654981791973114,
                -0.8942463994026184,
                -0.21613147854804993
            ],
            "quaternion_xyzw_world": [
                0.07124006003141403,
                0.6264565587043762,
                -0.6068748831748962,
                -0.4839213788509369
            ],
            "segmentation_id": 9,
            "visibility": -1
        },
        {
            "bounding_box_minx_maxx_miny_maxy": [
                -1,
                -1,
                -1,
                -1
            ],
            "class": "2",
            "local_cuboid": null,
            "local_to_world_matrix": [
                [
                    0.7072300314903259,
                    0.34435322880744934,
                    0.6174517273902893,
                    0.0
                ],
                [
                    -0.05861338973045349,
                    0.8989130854606628,
                    -0.4341886639595032,
                    0.0
                ],
                [
                    -0.7045497298240662,
                    0.2708803415298462,
                    0.6559220552444458,
                    0.0
                ],
                [
                    1.913580298423767,
                    -0.7583045959472656,
                    -0.4294990301132202,
                    1.0
                ]
            ],
            "location": [
                0.7583045959472656,
                -0.4294990301132202,
                -1.913580298423767
            ],
            "location_world": [
                1.913580298423767,
                -0.7583045959472656,
                -0.4294990301132202
            ],
            "name": "google_2_of_Jenga_Classic_Game_9",
            "projected_cuboid": [
                [
                    494.3138360977173,
                    317.7871108055115
                ],
                [
                    468.5797691345215,
                    330.7475745677948
                ],
                [
                    470.009446144104,
                    381.8151354789734
                ],
                [
                    493.0155277252197,
                    370.09671330451965
                ],
                [
                    512.1615529060364,
                    337.50972151756287
                ],
                [
                    485.6242537498474,
                    350.95953941345215
                ],
                [
                    485.2336347103119,
                    401.33118629455566
                ],
                [
                    508.87954235076904,
                    389.215350151062
                ],
                [
                    489.5918369293213,
                    361.2323999404907
                ]
            ],
            "provenance": "nvisii",
            "quaternion_xyzw": [
                -0.3103570342063904,
                0.2267240285873413,
                0.7878915071487427,
                0.48114657402038574
            ],
            "quaternion_xyzw_world": [
                -0.1951889544725418,
                -0.365978479385376,
                0.11155594140291214,
                0.9030595421791077
            ],
            "segmentation_id": 10,
            "visibility": -1
        },
        {
            "bounding_box_minx_maxx_miny_maxy": [
                -1,
                -1,
                -1,
                -1
            ],
            "class": "2",
            "local_cuboid": null,
            "local_to_world_matrix": [
                [
                    0.7779890894889832,
                    0.3188301920890808,
                    -0.5413689017295837,
                    0.0
                ],
                [
                    -0.5535036325454712,
                    -0.05987751483917236,
                    -0.8306915163993835,
                    0.0
                ],
                [
                    -0.29726535081863403,
                    0.945918619632721,
                    0.1298896074295044,
                    0.0
                ],
                [
                    1.3645117282867432,
                    -0.5732728838920593,
                    0.5494280457496643,
                    1.0
                ]
            ],
            "location": [
                0.5732728838920593,
                0.5494280457496643,
                -1.3645117282867432
            ],
            "location_world": [
                1.3645117282867432,
                -0.5732728838920593,
                0.5494280457496643
            ],
            "name": "google_2_of_Jenga_Classic_Game_10",
            "projected_cuboid": [
                [
                    377.74574756622314,
                    -22.433876991271973
                ],
                [
                    384.76675748825073,
                    0.6024539470672607
                ],
                [
                    497.7983832359314,
                    33.08054804801941
                ],
                [
                    487.4832034111023,
                    10.384246706962585
                ],
                [
                    395.86690068244934,
                    -55.88570237159729
                ],
                [
                    403.9321541786194,
                    -32.97165036201477
                ],
                [
                    520.9876298904419,
                    3.252074122428894
                ],
                [
                    509.4074010848999,
                    -19.443362951278687
                ],
                [
                    448.7898349761963,
                    -9.69424843788147
                ]
            ],
            "provenance": "nvisii",
            "quaternion_xyzw": [
                -0.5510435104370117,
                0.21844524145126343,
                0.7821104526519775,
                -0.19218719005584717
            ],
            "quaternion_xyzw_world": [
                -0.6534479856491089,
                0.08978276699781418,
                0.3208496570587158,
                0.6797060370445251
            ],
            "segmentation_id": 11,
            "visibility": -1
        },
        {
            "bounding_box_minx_maxx_miny_maxy": [
                -1,
                -1,
                -1,
                -1
            ],
            "class": "2",
            "local_cuboid": null,
            "local_to_world_matrix": [
                [
                    -0.4803788661956787,
                    -0.8587345480918884,
                    -0.17835694551467896,
                    0.0
                ],
                [
                    0.020734727382659912,
                    0.19218122959136963,
                    -0.9811403751373291,
                    0.0
                ],
                [
                    0.8768159747123718,
                    -0.4750172197818756,
                    -0.07451415061950684,
                    0.0
                ],
                [
                    1.4802873134613037,
                    -0.007732609286904335,
                    0.643369197845459,
                    1.0
                ]
            ],
            "location": [
                0.007732609286904335,
                0.643369197845459,
                -1.4802873134613037
            ],
            "location_world": [
                1.4802873134613037,
                -0.007732609286904335,
                0.643369197845459
            ],
            "name": "google_2_of_Jenga_Classic_Game_11",
            "projected_cuboid": [
                [
                    316.26248359680176,
                    19.340723752975464
                ],
                [
                    310.4952275753021,
                    48.6745685338974
                ],
                [
                    263.81969451904297,
                    4.427433013916016
                ],
                [
                    270.54235339164734,
                    -30.103623867034912
                ],
                [
                    291.52730107307434,
                    19.482627511024475
                ],
                [
                    285.90914607048035,
                    48.18335175514221
                ],
                [
                    236.21509969234467,
                    4.97010350227356
                ],
                [
                    242.73550510406494,
                    -28.686970472335815
                ],
                [
                    278.9321839809418,
                    12.63892650604248
                ]
            ],
            "provenance": "nvisii",
            "quaternion_xyzw": [
                -0.9639360904693604,
                0.0961003303527832,
                -0.24778512120246887,
                -0.013947874307632446
            ],
            "quaternion_xyzw_world": [
                -0.31699925661087036,
                0.6608846783638,
                -0.5508365035057068,
                0.39915168285369873
            ],
            "segmentation_id": 12,
            "visibility": -1
        },
        {
            "bounding_box_minx_maxx_miny_maxy": [
                -1,
                -1,
                -1,
                -1
            ],
            "class": "2",
            "local_cuboid": null,
            "local_to_world_matrix": [
                [
                    0.42560243606567383,
                    0.059273719787597656,
                    -0.9029669165611267,
                    0.0
                ],
                [
                    0.7559534907341003,
                    0.5251874327659607,
                    0.39078447222709656,
                    0.0
                ],
                [
                    0.49739009141921997,
                    -0.8489197492599487,
                    0.1787128448486328,
                    0.0
                ],
                [
                    1.1916629076004028,
                    0.7061682343482971,
                    -0.5451958775520325,
                    1.0
                ]
            ],
            "location": [
                -0.7061682343482971,
                -0.5451958775520325,
                -1.1916629076004028
            ],
            "location_world": [
                1.1916629076004028,
                0.7061682343482971,
                -0.5451958775520325
            ],
            "name": "google_2_of_Jenga_Classic_Game_12",
            "projected_cuboid": [
                [
                    49.84332621097565,
                    498.90464544296265
                ],
                [
                    39.74762558937073,
                    473.0653762817383
                ],
                [
                    -105.54289817810059,
                    524.5957374572754
                ],
                [
                    -102.08326578140259,
                    556.4217567443848
                ],
                [
                    46.81745171546936,
                    472.0180034637451
                ],
                [
                    36.613911390304565,
                    446.8064606189728
                ],
                [
                    -113.09614777565002,
                    496.6091513633728
                ],
                [
                    -109.95671153068542,
                    527.8069972991943
                ],
                [
                    -27.920186519622803,
                    497.8090822696686
                ]
            ],
            "provenance": "nvisii",
            "quaternion_xyzw": [
                -0.5116962194442749,
                0.697754979133606,
                -0.20682065188884735,
                0.4566510319709778
            ],
            "quaternion_xyzw_world": [
                0.4247652590274811,
                0.4798104166984558,
                -0.23870642483234406,
                0.729640781879425
            ],
            "segmentation_id": 13,
            "visibility": -1
        },
        {
            "bounding_box_minx_maxx_miny_maxy": [
                -1,
                -1,
                -1,
                -1
            ],
            "class": "2",
            "local_cuboid": null,
            "local_to_world_matrix": [
                [
                    0.05272567272186279,
                    0.11349213123321533,
                    0.9921389818191528,
