{
    "camera_data": {
        "camera_look_at": {
            "at": [
                1.0,
                0.0,
                0.0
            ],
            "eye": [
                0.0,
                0.0,
                0.0
            ],
            "up": [
                0.0,
                0.0,
                1.0
            ]
        },
        "camera_view_matrix": [
            [
                0.0,
                0.0,
                -1.0,
                0.0
            ],
            [
                -1.0,
                0.0,
                0.0,
                0.0
            ],
            [
                0.0,
                1.0,
                0.0,
                0.0
            ],
            [
                0.0,
                0.0,
                0.0,
                1.0
            ]
        ],
        "height": 500,
        "intrinsics": {
            "cx": 250.0,
            "cy": 250.0,
            "fx": 603.5535278320312,
            "fy": 603.5535278320312
        },
        "location_world": [
            0.0,
            0.0,
            0.0
        ],
        "quaternion_world_xyzw": [
            0.5,
            -0.5,
            -0.5,
            0.5
        ],
        "width": 500
    },
    "objects": [
        {
            "bounding_box_minx_maxx_miny_maxy": [
                -1,
                -1,
                -1,
                -1
            ],
            "class": "2",
            "local_cuboid": null,
            "local_to_world_matrix": [
                [
                    -0.30222511291503906,
                    0.2879400849342346,
                    0.9087081551551819,
                    0.0
                ],
                [
                    -0.7453345656394958,
                    -0.6656651496887207,
                    -0.03696143627166748,
                    0.0
                ],
                [
                    0.5942527651786804,
                    -0.6884622573852539,
                    0.41579246520996094,
                    0.0
                ],
                [
                    1.6647701263427734,
                    0.534939169883728,
                    -0.5372739434242249,
                    1.0
                ]
            ],
            "location": [
                -0.534939169883728,
                -0.5372739434242249,
                -1.6647701263427734
            ],
            "location_world": [
                1.6647701263427734,
                0.534939169883728,
                -0.5372739434242249
            ],
            "name": "google_2_of_Jenga_Classic_Game_0",
            "projected_cuboid": [
                [
                    128.72689962387085,
                    372.9355037212372
                ],
                [
                    143.37429404258728,
                    378.2951533794403
                ],
                [
                    57.10279941558838,
                    437.23902106285095
                ],
                [
                    44.16942596435547,
                    429.1246235370636
                ],
                [
                    137.54886388778687,
                    394.37004923820496
                ],
                [
                    152.30950713157654,
                    400.40111541748047
                ],
                [
                    68.23086738586426,
                    460.82305908203125
                ],
                [
                    55.06804585456848,
                    451.9529938697815
                ],
                [
                    100.31522810459137,
                    414.2115116119385
                ]
            ],
            "provenance": "nvisii",
            "quaternion_xyzw": [
                0.5794985294342041,
                0.6791964769363403,
                0.4273899793624878,
                0.14216694235801697
            ],
            "quaternion_xyzw_world": [
                0.4867359697818756,
                -0.23492947220802307,
                0.7719590067863464,
                0.3346274197101593
            ],
            "segmentation_id": 1,
            "visibility": -1
        },
        {
            "bounding_box_minx_maxx_miny_maxy": [
                -1,
                -1,
                -1,
                -1
            ],
            "class": "2",
            "local_cuboid": null,
            "local_to_world_matrix": [
                [
                    0.40506511926651,
                    0.11006531119346619,
                    0.9076387286186218,
                    0.0
                ],
                [
                    0.8991726636886597,
                    -0.22772371768951416,
                    -0.3736720383167267,
                    0.0
                ],
                [
                    0.16556233167648315,
                    0.9674854278564453,
                    -0.19121074676513672,
                    0.0
                ],
                [
                    1.7155792713165283,
                    -0.6471244096755981,
                    0.6172678470611572,
                    1.0
                ]
            ],
            "location": [
                0.6471244096755981,
                0.6172678470611572,
                -1.7155792713165283
            ],
            "location_world": [
                1.7155792713165283,
                -0.6471244096755981,
                0.6172678470611572
            ],
            "name": "google_2_of_Jenga_Classic_Game_1",
            "projected_cuboid": [
                [
                    371.46514654159546,
                    37.60753571987152
                ],
                [
                    372.77618050575256,
                    56.95420503616333
                ],
                [
                    472.52410650253296,
                    32.62758255004883
                ],
                [
                    475.6474494934082,
                    11.637866497039795
                ],
                [
                    376.79964303970337,
                    58.911025524139404
                ],
                [
                    377.907395362854,
                    77.69815623760223
                ],
                [
                    479.63255643844604,
                    53.50148677825928
                ],
                [
                    483.140766620636,
                    33.06195139884949
                ],
                [
                    425.48060417175293,
                    45.54446041584015
                ]
            ],
            "provenance": "nvisii",
            "quaternion_xyzw": [
                0.5977393388748169,
                0.47485679388046265,
                -0.5740590691566467,
                -0.29609984159469604
            ],
            "quaternion_xyzw_world": [
                0.6752776503562927,
                0.37363818287849426,
                0.39731845259666443,
                -0.4965207278728485
            ],
            "segmentation_id": 2,
            "visibility": -1
        },
        {
            "bounding_box_minx_maxx_miny_maxy": [
                -1,
                -1,
                -1,
                -1
            ],
            "class": "2",
            "local_cuboid": null,
            "local_to_world_matrix": [
                [
                    -0.6119465827941895,
                    -0.3459208607673645,
                    0.711238443851471,
                    0.0
                ],
                [
                    -0.7879922986030579,
                    0.1896378993988037,
                    -0.5857521891593933,
                    0.0
                ],
                [
                    0.06774622201919556,
                    -0.9188994765281677,
                    -0.3886312246322632,
                    0.0
                ],
                [
                    1.8167119026184082,
                    0.7368053197860718,
                    0.24743549525737762,
                    1.0
                ]
            ],
            "location": [
                -0.7368053197860718,
                0.24743549525737762,
                -1.8167119026184082
            ],
            "location_world": [
                1.8167119026184082,
                0.7368053197860718,
                0.24743549525737762
            ],
            "name": "google_2_of_Jenga_Classic_Game_2",
            "projected_cuboid": [
                [
                    103.90977561473846,
                    188.94535303115845
                ],
                [
                    93.01416575908661,
                    203.44075560569763
                ],
                [
                    -0.8307397365570068,
                    163.97392749786377
                ],
                [
                    13.60274851322174,
                    150.75966715812683
                ],
                [
                    98.93724322319031,
                    208.38166773319244
                ],
                [
                    88.14837038516998,
                    223.20182621479034
                ],
                [
                    -3.243565559387207,
                    185.0053369998932
                ],
                [
                    10.903820395469666,
                    171.3847815990448
                ],
                [
                    50.89113116264343,
                    186.99584901332855
                ]
            ],
            "provenance": "nvisii",
            "quaternion_xyzw": [
                -0.7070040702819824,
                -0.1844404637813568,
                -0.541314423084259,
                -0.41605961322784424
            ],
            "quaternion_xyzw_world": [
                -0.3830949068069458,
                0.7399688363075256,
                -0.5083496570587158,
                -0.21740518510341644
            ],
            "segmentation_id": 3,
            "visibility": -1
        },
        {
            "bounding_box_minx_maxx_miny_maxy": [
                -1,
                -1,
                -1,
                -1
            ],
            "class": "2",
            "local_cuboid": null,
            "local_to_world_matrix": [
                [
                    -0.14171302318572998,
                    0.3405763506889343,
                    -0.9294759035110474,
                    0.0
                ],
                [
                    0.047655463218688965,
                    -0.9355162382125854,
                    -0.35005539655685425,
                    0.0
                ],
                [
                    -0.9887601137161255,
                    -0.09390193223953247,
                    0.11634421348571777,
                    0.0
                ],
                [
                    1.641109824180603,
                    -0.697515606880188,
                    -0.47579261660575867,
                    1.0
                ]
            ],
            "location": [
                0.697515606880188,
                -0.47579261660575867,
                -1.641109824180603
            ],
            "location_world": [
                1.641109824180603,
                -0.697515606880188,
                -0.47579261660575867
            ],
            "name": "google_2_of_Jenga_Classic_Game_3",
            "projected_cuboid": [
                [
                    551.6168475151062,
                    458.1104516983032
                ],
                [
                    586.0666036605835,
                    470.71677446365356
                ],
                [
                    516.6842937469482,
                    444.314181804657
                ],
                [
                    488.15464973449707,
                    433.87165665626526
                ],
                [
                    561.0896348953247,
                    423.7552583217621
                ],
                [
                    595.2281355857849,
                    436.3596439361572
                ],
                [
                    524.7113704681396,
                    416.15456342697144
                ],
                [
                    496.3952898979187,
                    405.71415424346924
                ],
                [
                    536.7978811264038,
                    435.0019693374634
                ]
            ],
            "provenance": "nvisii",
            "quaternion_xyzw": [
                0.07197048515081406,
                0.020981580018997192,
                0.8184424638748169,
                -0.5696772336959839
            ],
            "quaternion_xyzw_world": [
                -0.6475837826728821,
                -0.14987705647945404,
                0.7405358552932739,
                0.09888815134763718
            ],
            "segmentation_id": 4,
            "visibility": -1
        },
        {
            "bounding_box_minx_maxx_miny_maxy": [
                -1,
                -1,
                -1,
                -1
            ],
            "class": "2",
            "local_cuboid": null,
            "local_to_world_matrix": [
                [
                    0.41871362924575806,
                    -0.9066590070724487,
                    -0.05146127939224243,
                    0.0
                ],
                [
                    0.3964531421661377,
                    0.23348486423492432,
                    -0.8878680467605591,
                    0.0
                ],
                [
                    0.8170090317726135,
                    0.3513604700565338,
                    0.45721113681793213,
                    0.0
                ],
                [
                    1.7131515741348267,
                    -0.37831252813339233,
                    -0.10489588975906372,
                    1.0
                ]
            ],
            "location": [
                0.37831252813339233,
                -0.10489588975906372,
                -1.7131515741348267
            ],
            "location_world": [
                1.7131515741348267,
                -0.37831252813339233,
                -0.10489588975906372
            ],
            "name": "google_2_of_Jenga_Classic_Game_4",
            "projected_cuboid": [
                [
                    349.3644595146179,
                    230.16327619552612
                ],
                [
                    341.6944146156311,
                    253.29256057739258
                ],
                [
                    389.69430327415466,
                    299.8977303504944
                ],
                [
                    399.37102794647217,
                    274.45682883262634
                ],
                [
                    328.57444882392883,
                    228.54462265968323
                ],
                [
                    321.1311399936676,
                    252.09304690361023
                ],
                [
                    367.19220876693726,
                    299.42965507507324
                ],
                [
                    376.61081552505493,
                    273.479163646698
                ],
                [
                    357.6990067958832,
                    262.5454366207123
                ]
            ],
            "provenance": "nvisii",
            "quaternion_xyzw": [
                -0.9502021074295044,
                0.07496987283229828,
                0.20260797441005707,
                0.22460071742534637
            ],
            "quaternion_xyzw_world": [
                -0.4266197383403778,
                0.298981636762619,
                -0.4486124813556671,
                0.7261903285980225
            ],
            "segmentation_id": 5,
            "visibility": -1
        },
        {
            "bounding_box_minx_maxx_miny_maxy": [
                -1,
                -1,
                -1,
                -1
            ],
            "class": "2",
            "local_cuboid": null,
            "local_to_world_matrix": [
                [
                    0.799476146697998,
                    0.4380335211753845,
                    -0.4110529124736786,
                    0.0
                ],
                [
                    0.47781306505203247,
                    -0.0490109920501709,
                    0.8770933151245117,
                    0.0
                ],
                [
                    0.3640501797199249,
                    -0.8976216316223145,
                    -0.24848127365112305,
                    0.0
                ],
                [
                    1.8200348615646362,
                    -0.39617636799812317,
                    0.658798098564148,
                    1.0
                ]
            ],
            "location": [
                0.39617636799812317,
                0.658798098564148,
                -1.8200348615646362
            ],
            "location_world": [
                1.8200348615646362,
                -0.39617636799812317,
                0.658798098564148
            ],
            "name": "google_2_of_Jenga_Classic_Game_5",
            "projected_cuboid": [
                [
                    449.0448236465454,
                    83.99662375450134
                ],
                [
                    446.2476968765259,
                    64.7849589586258
                ],
                [
                    372.85006046295166,
                    30.85772693157196
                ],
                [
                    374.19262528419495,
                    50.437554717063904
                ],
                [
                    466.86655282974243,
                    67.97175109386444
                ],
                [
                    463.60182762145996,
                    48.46496880054474
                ],
                [
                    388.6651396751404,
                    12.39517331123352
                ],
                [
                    390.4164433479309,
                    32.252103090286255
                ],
                [
                    419.8949635028839,
                    49.429312348365784
                ]
            ],
            "provenance": "nvisii",
            "quaternion_xyzw": [
                -0.11059315502643585,
                0.8184096217155457,
                -0.22186149656772614,
                0.5184133648872375
            ],
            "quaternion_xyzw_world": [
                0.7240456342697144,
                0.31622543931007385,
                -0.016229210421442986,
                0.6127772927284241
            ],
            "segmentation_id": 6,
            "visibility": -1
        },
        {
            "bounding_box_minx_maxx_miny_maxy": [
                -1,
                -1,
                -1,
                -1
            ],
            "class": "2",
            "local_cuboid": null,
            "local_to_world_matrix": [
                [
                    -0.2695661783218384,
                    0.9254908561706543,
                    -0.2660839557647705,
                    0.0
                ],
                [
                    -0.09251245856285095,
                    -0.2999231815338135,
                    -0.9494669437408447,
                    0.0
                ],
                [
                    -0.9585278034210205,
                    -0.2313280999660492,
                    0.16646862030029297,
                    0.0
                ],
                [
                    0.8174137473106384,
                    0.06232290714979172,
                    -0.6076103448867798,
                    1.0
                ]
            ],
            "location": [
                -0.06232290714979172,
                -0.6076103448867798,
                -0.8174137473106384
            ],
            "location_world": [
                0.8174137473106384,
                0.06232290714979172,
                -0.6076103448867798
            ],
            "name": "google_2_of_Jenga_Classic_Game_6",
            "projected_cuboid": [
                [
                    200.06200671195984,
                    852.0169854164124
                ],
                [
                    228.54721546173096,
                    953.5478353500366
                ],
                [
                    185.23329496383667,
                    744.7570562362671
                ],
                [
                    167.00321435928345,
                    680.3030371665955
                ],
                [
                    281.81740641593933,
                    805.8717250823975
                ],
                [
                    310.3630542755127,
                    902.7724266052246
                ],
                [
                    240.37179350852966,
                    716.6187763214111
                ],
                [
                    222.089946269989,
                    654.0764570236206
                ],
                [
                    224.58207607269287,
                    769.6555256843567
                ]
            ],
            "provenance": "nvisii",
            "quaternion_xyzw": [
                0.12791432440280914,
                0.06613647937774658,
                0.9789644479751587,
                -0.14454229176044464
            ],
            "quaternion_xyzw_world": [
                -0.4647279679775238,
                -0.4481000006198883,
                0.6587787866592407,
                0.38632217049598694
            ],
            "segmentation_id": 7,
            "visibility": -1
        },
        {
            "bounding_box_minx_maxx_miny_maxy": [
                -1,
                -1,
                -1,
                -1
            ],
            "class": "2",
            "local_cuboid": null,
            "local_to_world_matrix": [
                [
                    0.2138400673866272,
                    -0.04869630187749863,
                    -0.9756541848182678,
                    0.0
                ],
                [
                    0.21479380130767822,
                    -0.9719703197479248,
                    0.09559010714292526,
                    0.0
                ],
                [
                    -0.9529617428779602,
                    -0.23000547289848328,
                    -0.19738662242889404,
                    0.0
                ],
                [
                    1.4681650400161743,
                    0.4937850832939148,
                    -0.46711593866348267,
                    1.0
                ]
            ],
            "location": [
                -0.4937850832939148,
                -0.46711593866348267,
                -1.4681650400161743
            ],
            "location_world": [
                1.4681650400161743,
                0.4937850832939148,
                -0.46711593866348267
            ],
            "name": "google_2_of_Jenga_Classic_Game_7",
            "projected_cuboid": [
                [
                    13.611182570457458,
                    537.9185676574707
                ],
                [
                    58.191582560539246,
                    529.5581817626953
                ],
                [
                    66.83570146560669,
                    453.7559747695923
                ],
                [
                    30.81817924976349,
                    459.59368348121643
                ],
                [
                    8.231818675994873,
                    502.435564994812
                ],
                [
                    53.52586507797241,
                    494.49729919433594
                ],
                [
                    63.15352022647858,
                    424.4690537452698
                ],
                [
                    26.671066880226135,
                    430.00856041908264
                ],
                [
                    40.98837077617645,
                    475.22616386413574
                ]
            ],
            "provenance": "nvisii",
            "quaternion_xyzw": [
                -0.006010016426444054,
                0.15324172377586365,
                -0.6724350452423096,
                0.7240939140319824
            ],
            "quaternion_xyzw_world": [
                0.7718803286552429,
                0.05379639193415642,
                -0.6246486306190491,
                0.10545533150434494
            ],
            "segmentation_id": 8,
            "visibility": -1
        },
        {
            "bounding_box_minx_maxx_miny_maxy": [
                -1,
                -1,
                -1,
                -1
            ],
            "class": "2",
            "local_cuboid": null,
            "local_to_world_matrix": [
                [
                    -0.3188443183898926,
                    0.9462471008300781,
                    0.054356127977371216,
                    0.0
                ],
                [
                    -0.12641498446464539,
                    0.014380693435668945,
                    -0.9918732047080994,
                    0.0
                ],
                [
                    -0.9393388032913208,
                    -0.32312458753585815,
                    0.11503469944000244,
                    0.0
                ],
                [
                    1.7811917066574097,
                    0.5114212036132812,
                    -0.7497140169143677,
                    1.0
                ]
            ],
            "location": [
                -0.5114212036132812,
                -0.7497140169143677,
                -1.7811917066574097
            ],
            "location_world": [
                1.7811917066574097,
                0.5114212036132812,
                -0.7497140169143677
            ],
            "name": "google_2_of_Jenga_Classic_Game_8",
            "projected_cuboid": [
                [
                    67.38071143627167,
                    520.4918384552002
                ],
                [
                    65.57923555374146,
                    556.3812255859375
                ],
                [
                    61.96971237659454,
                    520.2076435089111
                ],
                [
                    63.51424753665924,
                    490.08694291114807
                ],
                [
                    99.94150698184967,
                    517.7270770072937
                ],
                [
                    98.39953482151031,
                    553.0007481575012
                ],
                [
                    89.80555832386017,
                    517.8545117378235
                ],
                [
                    91.16335213184357,
                    488.1688952445984
                ],
                [
                    79.57814633846283,
                    519.0573930740356
                ]
            ],
            "provenance": "nvisii",
            "quaternion_xyzw": [
                0.16300857067108154,
                0.06130881607532501,
                0.9845632314682007,
                0.01745361089706421
            ],
            "quaternion_xyzw_world": [
                -0.37139612436294556,
                -0.5518583059310913,
                0.5957134962081909,
                0.45015856623649597
            ],
            "segmentation_id": 9,
            "visibility": -1
        },
        {
            "bounding_box_minx_maxx_miny_maxy": [
                -1,
                -1,
                -1,
                -1
            ],
            "class": "2",
            "local_cuboid": null,
            "local_to_world_matrix": [
                [
                    0.24464762210845947,
                    0.6734245419502258,
                    -0.6976008415222168,
                    0.0
                ],
                [
                    0.5657809376716614,
                    0.4851319193840027,
                    0.6667375564575195,
                    0.0
                ],
                [
                    0.7874258756637573,
                    -0.5578049421310425,
                    -0.26232433319091797,
                    0.0
                ],
                [
                    1.3869075775146484,
                    -0.6023447513580322,
                    -0.2845277488231659,
                    1.0
                ]
            ],
            "location": [
                0.6023447513580322,
                -0.2845277488231659,
                -1.3869075775146484
            ],
            "location_world": [
                1.3869075775146484,
                -0.6023447513580322,
                -0.2845277488231659
            ],
            "name": "google_2_of_Jenga_Classic_Game_9",
            "projected_cuboid": [
                [
                    535.9225273132324,
                    406.97506070137024
                ],
                [
                    512.6659870147705,
                    381.84332847595215
                ],
                [
                    485.9664738178253,
                    370.6338405609131
                ],
                [
                    512.1906995773315,
                    399.58655834198
                ],
                [
                    559.6579313278198,
                    387.9111409187317
                ],
                [
                    535.4310870170593,
                    363.04038763046265
                ],
                [
                    512.100875377655,
                    348.58983755111694
                ],
                [
                    539.6215915679932,
                    377.17729806900024
                ],
                [
                    524.8108506202698,
                    379.7410726547241
                ]
            ],
            "provenance": "nvisii",
            "quaternion_xyzw": [
                -0.3343889117240906,
                0.8842494487762451,
                -0.23412662744522095,
                0.22687393426895142
            ],
            "quaternion_xyzw_world": [
                0.5054305195808411,
                0.6129454970359802,
                0.044429972767829895,
                0.6056928038597107
            ],
            "segmentation_id": 10,
            "visibility": -1
        },
        {
            "bounding_box_minx_maxx_miny_maxy": [
                -1,
                -1,
                -1,
                -1
            ],
            "class": "2",
            "local_cuboid": null,
            "local_to_world_matrix": [
                [
                    -0.574713945388794,
                    0.39803868532180786,
                    -0.7150309681892395,
                    0.0
                ],
                [
                    0.7869982123374939,
                    0.5083701014518738,
                    -0.3495621979236603,
                    0.0
                ],
                [
                    0.2243611216545105,
                    -0.7636263370513916,
                    -0.6054232120513916,
                    0.0
                ],
                [
                    1.8823250532150269,
                    -0.6267045140266418,
                    0.43439802527427673,
                    1.0
                ]
            ],
            "location": [
                0.6267045140266418,
                0.43439802527427673,
                -1.8823250532150269
            ],
            "location_world": [
                1.8823250532150269,
                -0.6267045140266418,
                0.43439802527427673
            ],
            "name": "google_2_of_Jenga_Classic_Game_10",
            "projected_cuboid": [
                [
                    522.9291319847107,
                    172.11845517158508
                ],
                [
                    500.438928604126,
                    183.85767936706543
                ],
                [
                    437.9875957965851,
                    125.18014013767242
                ],
                [
                    459.012508392334,
                    110.88480055332184
                ],
                [
                    526.3243913650513,
                    156.36786818504333
                ],
                [
                    504.2304992675781,
                    168.36382448673248
                ],
                [
                    443.368136882782,
                    110.53493618965149
                ],
                [
                    464.07485008239746,
                    96.06586396694183
                ],
                [
                    482.6682209968567,
                    140.954852104187
                ]
            ],
            "provenance": "nvisii",
            "quaternion_xyzw": [
                -0.5421910881996155,
                0.5641005635261536,
                -0.6170980334281921,
                0.08372284471988678
            ],
            "quaternion_xyzw_world": [
                0.3613651692867279,
                0.8198333978652954,
                -0.3394556939601898,
                0.28645822405815125
            ],
            "segmentation_id": 11,
            "visibility": -1
        },
        {
            "bounding_box_minx_maxx_miny_maxy": [
                -1,
                -1,
                -1,
                -1
            ],
            "class": "2",
            "local_cuboid": null,
            "local_to_world_matrix": [
                [
                    0.6277831196784973,
                    0.775695264339447,
                    0.06469307839870453,
                    0.0
                ],
                [
                    0.7766990065574646,
                    -0.6187807321548462,
                    -0.11768214404582977,
                    0.0
                ],
                [
                    -0.051254648715257645,
                    0.12412591278553009,
                    -0.9909417629241943,
                    0.0
                ],
                [
                    1.9412906169891357,
                    0.2856282889842987,
                    0.7414618134498596,
                    1.0
                ]
            ],
            "location": [
                -0.2856282889842987,
                0.7414618134498596,
                -1.9412906169891357
            ],
            "location_world": [
                1.9412906169891357,
                0.2856282889842987,
                0.7414618134498596
            ],
            "name": "google_2_of_Jenga_Classic_Game_11",
            "projected_cuboid": [
                [
                    130.87481260299683,
                    105.41458427906036
                ],
                [
                    150.708869099617,
                    113.21753263473511
                ],
                [
                    162.40057349205017,
                    26.83994174003601
                ],
                [
                    143.1167721748352,
                    16.167134046554565
                ],
                [
                    147.48142659664154,
                    103.23113203048706
                ],
                [
                    167.26024448871613,
                    111.30788922309875
                ],
                [
                    179.12191152572632,
                    22.750452160835266
                ],
                [
                    159.9133014678955,
                    11.654675006866455
                ],
                [
                    155.19194304943085,
                    63.75090777873993
                ]
            ],
            "provenance": "nvisii",
            "quaternion_xyzw": [
                0.26959794759750366,
                0.6337898969650269,
                -0.6972503066062927,
                0.19866883754730225
            ],
            "quaternion_xyzw_world": [
                0.8996534943580627,
                0.43138670921325684,
                0.0037343353033065796,
                -0.06719477474689484
            ],
            "segmentation_id": 12,
            "visibility": -1
        },
        {
            "bounding_box_minx_maxx_miny_maxy": [
                -1,
                -1,
                -1,
                -1
            ],
            "class": "2",
            "local_cuboid": null,
            "local_to_world_matrix": [
                [
                    -0.6732288599014282,
                    -0.317330926656723,
                    -0.6678802967071533,
                    0.0
                ],
                [
                    0.5601520538330078,
                    -0.808485746383667,
                    -0.18050087988376617,
                    0.0
                ],
                [
                    -0.4826931655406952,
                    -0.49563294649124146,
                    0.7220494151115417,
                    0.0
                ],
                [
                    1.07049560546875,
                    0.5229402780532837,
                    -0.6499391198158264,
                    1.0
                ]
            ],
            "location": [
                -0.5229402780532837,
                -0.6499391198158264,
                -1.07049560546875
            ],
            "location_world": [
                1.07049560546875,
                0.5229402780532837,
                -0.6499391198158264
            ],
            "name": "google_2_of_Jenga_Classic_Game_12",
            "projected_cuboid": [
                [
                    -24.43680167198181,
                    564.191460609436
                ],
                [
                    34.03899073600769,
                    558.0810904502869
                ],
                [
                    -19.286394119262695,
                    636.6298198699951
                ],
                [
                    -72.15344905853271,
                    645.5371975898743
                ],
                [
                    -25.009334087371826,
                    512.1903419494629
                ],
                [
                    30.324101448059082,
                    508.92174243927
                ],
                [
                    -20.00686526298523,
                    589.932918548584
                ],
                [
                    -70.28988003730774,
                    596.3418483734131
                ],
                [
                    -21.954476833343506,
                    578.615665435791
                ]
            ],
            "provenance": "nvisii",
            "quaternion_xyzw": [
                0.5037704706192017,
                0.0697765052318573,
                0.5800567269325256,
                -0.6363024711608887
            ],
            "quaternion_xyzw_world": [
                -0.3214060962200165,
                -0.18887409567832947,
                0.8949530720710754,
                -0.2451198399066925
            ],
            "segmentation_id": 13,
            "visibility": -1
        },
        {
            "bounding_box_minx_maxx_miny_maxy": [
                -1,
                -1,
                -1,
                -1
            ],
            "class": "2",
            "local_cuboid": null,
            "local_to_world_matrix": [
                [
                    0.5827610492706299,
                    0.7238316535949707,
                    -0.3694011867046356,
