{
    "camera_data": {
        "camera_look_at": {
            "at": [
                1.0,
                0.0,
                0.0
            ],
            "eye": [
                0.0,
                0.0,
                0.0
            ],
            "up": [
                0.0,
                0.0,
                1.0
            ]
        },
        "camera_view_matrix": [
            [
                0.0,
                0.0,
                -1.0,
                0.0
            ],
            [
                -1.0,
                0.0,
                0.0,
                0.0
            ],
            [
                0.0,
                1.0,
                0.0,
                0.0
            ],
            [
                0.0,
                0.0,
                0.0,
                1.0
            ]
        ],
        "height": 500,
        "intrinsics": {
            "cx": 250.0,
            "cy": 250.0,
            "fx": 603.5535278320312,
            "fy": 603.5535278320312
        },
        "location_world": [
            0.0,
            0.0,
            0.0
        ],
        "quaternion_world_xyzw": [
            0.5,
            -0.5,
            -0.5,
            0.5
        ],
        "width": 500
    },
    "objects": [
        {
            "bounding_box_minx_maxx_miny_maxy": [
                -1,
                -1,
                -1,
                -1
            ],
            "class": "2",
            "local_cuboid": null,
            "local_to_world_matrix": [
                [
                    0.35423994064331055,
                    0.0521124005317688,
                    -0.9337015151977539,
                    0.0
                ],
                [
                    -0.8371888399124146,
                    -0.42721736431121826,
                    -0.3414679169654846,
                    0.0
                ],
                [
                    -0.41668811440467834,
                    0.902646005153656,
                    -0.10770952701568604,
                    0.0
                ],
                [
                    1.1349798440933228,
                    0.41965559124946594,
                    -0.5578504204750061,
                    1.0
                ]
            ],
            "location": [
                -0.41965559124946594,
                -0.5578504204750061,
                -1.1349798440933228
            ],
            "location_world": [
                1.1349798440933228,
                0.41965559124946594,
                -0.5578504204750061
            ],
            "name": "google_2_of_Jenga_Classic_Game_0",
            "projected_cuboid": [
                [
                    -149.54113960266113,
                    597.4396467208862
                ],
                [
                    -156.065434217453,
                    639.7446393966675
                ],
                [
                    31.21212124824524,
                    580.0961256027222
                ],
                [
                    25.887519121170044,
                    545.6992387771606
                ],
                [
                    -157.93415904045105,
                    563.856840133667
                ],
                [
                    -165.2631163597107,
                    604.9255728721619
                ],
                [
                    27.86599099636078,
                    547.6452708244324
                ],
                [
                    22.617295384407043,
                    514.4009590148926
                ],
                [
                    -59.88463759422302,
                    572.2750425338745
                ]
            ],
            "provenance": "nvisii",
            "quaternion_xyzw": [
                0.46708330512046814,
                -0.27108877897262573,
                -0.6727311015129089,
                0.5057439804077148
            ],
            "quaternion_xyzw_world": [
                0.6872348189353943,
                -0.2855924963951111,
                -0.4912402331829071,
                -0.4525796175003052
            ],
            "segmentation_id": 1,
            "visibility": -1
        },
        {
            "bounding_box_minx_maxx_miny_maxy": [
                -1,
                -1,
                -1,
                -1
            ],
            "class": "2",
            "local_cuboid": null,
            "local_to_world_matrix": [
                [
                    0.3340568542480469,
                    0.4749453663825989,
                    -0.8141455054283142,
                    0.0
                ],
                [
                    0.5803801417350769,
                    0.5769461393356323,
                    0.5747103691101074,
                    0.0
                ],
                [
                    0.7426741719245911,
                    -0.6644998788833618,
                    -0.0829160213470459,
                    0.0
                ],
                [
                    0.5346983671188354,
                    -0.17428462207317352,
                    0.2718132734298706,
                    1.0
                ]
            ],
            "location": [
                0.17428462207317352,
                0.2718132734298706,
                -0.5346983671188354
            ],
            "location_world": [
                0.5346983671188354,
                -0.17428462207317352,
                0.2718132734298706
            ],
            "name": "google_2_of_Jenga_Classic_Game_1",
            "projected_cuboid": [
                [
                    554.9542307853699,
                    94.10268068313599
                ],
                [
                    498.7674951553345,
                    66.67420268058777
                ],
                [
                    388.37581872940063,
                    -28.34990620613098
                ],
                [
                    457.5154781341553,
                    1.5500038862228394
                ],
                [
                    597.8853702545166,
                    34.05202925205231
                ],
                [
                    537.000298500061,
                    9.533420205116272
                ],
                [
                    436.47080659866333,
                    -112.77979612350464
                ],
                [
                    514.0190124511719,
                    -89.61975574493408
                ],
                [
                    504.6604871749878,
                    6.28526508808136
                ]
            ],
            "provenance": "nvisii",
            "quaternion_xyzw": [
                -0.4162386655807495,
                0.8355132341384888,
                -0.19846965372562408,
                0.29878538846969604
            ],
            "quaternion_xyzw_world": [
                0.45826485753059387,
                0.575718104839325,
                -0.03899020329117775,
                0.6760338544845581
            ],
            "segmentation_id": 2,
            "visibility": -1
        },
        {
            "bounding_box_minx_maxx_miny_maxy": [
                -1,
                -1,
                -1,
                -1
            ],
            "class": "2",
            "local_cuboid": null,
            "local_to_world_matrix": [
                [
                    0.757964015007019,
                    0.3047846555709839,
                    0.5767120718955994,
                    0.0
                ],
                [
                    0.5625304579734802,
                    -0.75301194190979,
                    -0.34136849641799927,
                    0.0
                ],
                [
                    0.33022719621658325,
                    0.5831631422042847,
                    -0.7422066926956177,
                    0.0
                ],
                [
                    1.5416425466537476,
                    0.273851215839386,
                    -0.5748873353004456,
                    1.0
                ]
            ],
            "location": [
                -0.273851215839386,
                -0.5748873353004456,
                -1.5416425466537476
            ],
            "location_world": [
                1.5416425466537476,
                0.273851215839386,
                -0.5748873353004456
            ],
            "name": "google_2_of_Jenga_Classic_Game_2",
            "projected_cuboid": [
                [
                    70.8572268486023,
                    526.9689559936523
                ],
                [
                    98.57159852981567,
                    529.4761061668396
                ],
                [
                    153.86253595352173,
                    464.3513262271881
                ],
                [
                    126.11779570579529,
                    459.68934893608093
                ],
                [
                    73.25558364391327,
                    554.7517538070679
                ],
                [
                    101.91556811332703,
                    556.542158126831
                ],
                [
                    159.56971049308777,
                    490.58157205581665
                ],
                [
                    130.89224696159363,
                    486.5695834159851
                ],
                [
                    113.69636654853821,
                    509.39762592315674
                ]
            ],
            "provenance": "nvisii",
            "quaternion_xyzw": [
                0.5845534801483154,
                0.5686922073364258,
                -0.5735690593719482,
                0.07684336602687836
            ],
            "quaternion_xyzw_world": [
                0.9018290638923645,
                0.2404322326183319,
                0.2514166235923767,
                -0.25629347562789917
            ],
            "segmentation_id": 3,
            "visibility": -1
        },
        {
            "bounding_box_minx_maxx_miny_maxy": [
                -1,
                -1,
                -1,
                -1
            ],
            "class": "2",
            "local_cuboid": null,
            "local_to_world_matrix": [
                [
                    0.8990609049797058,
                    0.26773905754089355,
                    0.34641778469085693,
                    0.0
                ],
                [
                    -0.2734552025794983,
                    0.961309015750885,
                    -0.03327510505914688,
                    0.0
                ],
                [
                    -0.3419235944747925,
                    -0.06481337547302246,
                    0.9374899864196777,
                    0.0
                ],
                [
                    1.393162727355957,
                    -0.5734052062034607,
                    0.20893561840057373,
                    1.0
                ]
            ],
            "location": [
                0.5734052062034607,
                0.20893561840057373,
                -1.393162727355957
            ],
            "location_world": [
                1.393162727355957,
                -0.5734052062034607,
                0.20893561840057373
            ],
            "name": "google_2_of_Jenga_Classic_Game_3",
            "projected_cuboid": [
                [
                    530.2769541740417,
                    25.814294815063477
                ],
                [
                    497.99662828445435,
                    23.171856999397278
                ],
                [
                    472.4544882774353,
                    155.79117834568024
                ],
                [
                    502.9056668281555,
                    156.12412989139557
                ],
                [
                    555.97984790802,
                    26.281967759132385
                ],
                [
                    522.3386287689209,
                    23.497790098190308
                ],
                [
                    493.64471435546875,
                    163.08023035526276
                ],
                [
                    525.3158807754517,
                    163.30751776695251
                ],
                [
                    511.9209289550781,
                    94.5969969034195
                ]
            ],
            "provenance": "nvisii",
            "quaternion_xyzw": [
                -0.3254276514053345,
                0.47237181663513184,
                0.6408857107162476,
                0.510124921798706
            ],
            "quaternion_xyzw_world": [
                0.008091672323644161,
                -0.17660555243492126,
                0.13885249197483063,
                0.97440505027771
            ],
            "segmentation_id": 4,
            "visibility": -1
        },
        {
            "bounding_box_minx_maxx_miny_maxy": [
                -1,
                -1,
                -1,
                -1
            ],
            "class": "2",
            "local_cuboid": null,
            "local_to_world_matrix": [
                [
                    -0.5113136768341064,
                    -0.18518100678920746,
                    -0.8392057418823242,
                    0.0
                ],
                [
                    0.2941933870315552,
                    0.8797923922538757,
                    -0.37338390946388245,
                    0.0
                ],
                [
                    0.807470440864563,
                    -0.43780508637428284,
                    -0.39537084102630615,
                    0.0
                ],
                [
                    1.202772855758667,
                    -0.3878452181816101,
                    -0.05817677080631256,
                    1.0
                ]
            ],
            "location": [
                0.3878452181816101,
                -0.05817677080631256,
                -1.202772855758667
            ],
            "location_world": [
                1.202772855758667,
                -0.3878452181816101,
                -0.05817677080631256
            ],
            "name": "google_2_of_Jenga_Classic_Game_4",
            "projected_cuboid": [
                [
                    490.46972393989563,
                    331.97635412216187
                ],
                [
                    454.9601376056671,
                    343.8517153263092
                ],
                [
                    430.8253824710846,
                    304.0478527545929
                ],
                [
                    472.97990322113037,
                    288.9339327812195
                ],
                [
                    477.66780853271484,
                    302.0649552345276
                ],
                [
                    443.34787130355835,
                    314.1197860240936
                ],
                [
                    417.7841544151306,
                    269.93903517723083
                ],
                [
                    458.2664370536804,
                    254.62877750396729
                ],
                [
                    456.4753472805023,
                    302.962064743042
                ]
            ],
            "provenance": "nvisii",
            "quaternion_xyzw": [
                -0.7690961360931396,
                0.5587722063064575,
                -0.30851757526397705,
                -0.03288841247558594
            ],
            "quaternion_xyzw_world": [
                0.032652631402015686,
                0.8346371650695801,
                -0.24297654628753662,
                0.4932311475276947
            ],
            "segmentation_id": 5,
            "visibility": -1
        },
        {
            "bounding_box_minx_maxx_miny_maxy": [
                -1,
                -1,
                -1,
                -1
            ],
            "class": "2",
            "local_cuboid": null,
            "local_to_world_matrix": [
                [
                    0.39543527364730835,
                    0.7483320832252502,
                    0.532569408416748,
                    0.0
                ],
                [
                    -0.8719810843467712,
                    0.12368375062942505,
                    0.47365763783454895,
                    0.0
                ],
                [
                    0.2885828912258148,
                    -0.6516914367675781,
                    0.7014402151107788,
                    0.0
                ],
                [
                    1.4305108785629272,
                    -0.4285346567630768,
                    -0.07241839915513992,
                    1.0
                ]
            ],
            "location": [
                0.4285346567630768,
                -0.07241839915513992,
                -1.4305108785629272
            ],
            "location_world": [
                1.4305108785629272,
                -0.4285346567630768,
                -0.07241839915513992
            ],
            "name": "google_2_of_Jenga_Classic_Game_5",
            "projected_cuboid": [
                [
                    478.99097204208374,
                    198.6054927110672
                ],
                [
                    486.0590100288391,
                    179.91051077842712
                ],
                [
                    418.6556339263916,
                    263.46418261528015
                ],
                [
                    414.5323932170868,
                    279.0733873844147
                ],
                [
                    506.83730840682983,
                    214.06973898410797
                ],
                [
                    515.4581069946289,
                    195.75455784797668
                ],
                [
                    448.32733273506165,
                    282.1686267852783
                ],
                [
                    442.61062145233154,
                    297.1646189689636
                ],
                [
                    464.64353799819946,
                    237.7043217420578
                ]
            ],
            "provenance": "nvisii",
            "quaternion_xyzw": [
                0.12902842462062836,
                0.7922393083572388,
                0.4965108036994934,
                0.33043256402015686
            ],
            "quaternion_xyzw_world": [
                0.37759479880332947,
                -0.08186620473861694,
                0.5436729788780212,
                0.7450771331787109
            ],
            "segmentation_id": 6,
            "visibility": -1
        },
        {
            "bounding_box_minx_maxx_miny_maxy": [
                -1,
                -1,
                -1,
                -1
            ],
            "class": "2",
            "local_cuboid": null,
            "local_to_world_matrix": [
                [
                    0.273274302482605,
                    -0.4642499089241028,
                    -0.8424921631813049,
                    0.0
                ],
                [
                    0.5165054798126221,
                    0.8096820712089539,
                    -0.2786341905593872,
                    0.0
                ],
                [
                    0.8115066885948181,
                    -0.3590083122253418,
                    0.46105295419692993,
                    0.0
                ],
                [
                    1.6350966691970825,
                    0.7045080661773682,
                    0.5327304601669312,
                    1.0
                ]
            ],
            "location": [
                -0.7045080661773682,
                0.5327304601669312,
                -1.6350966691970825
            ],
            "location_world": [
                1.6350966691970825,
                0.7045080661773682,
                0.5327304601669312
            ],
            "name": "google_2_of_Jenga_Classic_Game_6",
            "projected_cuboid": [
                [
                    72.5654661655426,
                    40.51347076892853
                ],
                [
                    54.9640953540802,
                    52.765414118766785
                ],
                [
                    -10.710656642913818,
                    73.47086071968079
                ],
                [
                    7.696107029914856,
                    59.98674035072327
                ],
                [
                    58.46986174583435,
                    16.25223457813263
                ],
                [
                    40.99342226982117,
                    29.2062908411026
                ],
                [
                    -27.553141117095947,
                    46.79049551486969
                ],
                [
                    -9.357184171676636,
                    32.398805022239685
                ],
                [
                    25.574713945388794,
                    43.45957934856415
                ]
            ],
            "provenance": "nvisii",
            "quaternion_xyzw": [
                -0.7991230487823486,
                0.5168709754943848,
                -0.02682129293680191,
                0.3058222234249115
            ],
            "quaternion_xyzw_world": [
                0.025195730850100517,
                0.518496572971344,
                -0.30744779109954834,
                0.7974975109100342
            ],
            "segmentation_id": 7,
            "visibility": -1
        },
        {
            "bounding_box_minx_maxx_miny_maxy": [
                -1,
                -1,
                -1,
                -1
            ],
            "class": "2",
            "local_cuboid": null,
            "local_to_world_matrix": [
                [
                    -0.5867693424224854,
                    0.3765886425971985,
                    0.7168562412261963,
                    0.0
                ],
                [
                    0.42512208223342896,
                    -0.6101943254470825,
                    0.6685312986373901,
                    0.0
                ],
                [
                    0.6891828775405884,
                    0.6970250606536865,
                    0.19794714450836182,
                    0.0
                ],
                [
                    0.6351853609085083,
                    -0.6011728048324585,
                    -0.5272713899612427,
                    1.0
                ]
            ],
            "location": [
                0.6011728048324585,
                -0.5272713899612427,
                -0.6351853609085083
            ],
            "location_world": [
                0.6351853609085083,
                -0.6011728048324585,
                -0.5272713899612427
            ],
            "name": "google_2_of_Jenga_Classic_Game_7",
            "projected_cuboid": [
                [
                    520.8501815795898,
                    606.210470199585
                ],
                [
                    546.5625524520874,
                    549.8443841934204
                ],
                [
                    836.3838791847229,
                    701.051652431488
                ],
                [
                    819.470465183258,
                    785.6537699699402
                ],
                [
                    527.2576212882996,
                    627.1718144416809
                ],
                [
                    551.35178565979,
                    572.9213953018188
                ],
                [
                    822.761595249176,
                    720.6485271453857
                ],
                [
                    806.3070774078369,
                    800.2339005470276
                ],
                [
                    659.5867872238159,
                    658.7979197502136
                ]
            ],
            "provenance": "nvisii",
            "quaternion_xyzw": [
                0.4012677073478699,
                0.8267863988876343,
                -0.06869213283061981,
                -0.38818806409835815
            ],
            "quaternion_xyzw_world": [
                0.4542790651321411,
                0.4411994516849518,
                0.7737749814987183,
                -0.015680735930800438
            ],
            "segmentation_id": 8,
            "visibility": -1
        },
        {
            "bounding_box_minx_maxx_miny_maxy": [
                -1,
                -1,
                -1,
                -1
            ],
            "class": "2",
            "local_cuboid": null,
            "local_to_world_matrix": [
                [
                    0.7798701524734497,
                    0.13323134183883667,
                    -0.6115978360176086,
                    0.0
                ],
                [
                    -0.2727469205856323,
                    -0.8071174621582031,
                    -0.523612916469574,
                    0.0
                ],
                [
                    -0.5633929371833801,
                    0.5751615166664124,
                    -0.5931084156036377,
                    0.0
                ],
                [
                    1.5172799825668335,
                    0.5753099918365479,
                    0.08829629421234131,
                    1.0
                ]
            ],
            "location": [
                -0.5753099918365479,
                0.08829629421234131,
                -1.5172799825668335
            ],
            "location_world": [
                1.5172799825668335,
                0.5753099918365479,
                0.08829629421234131
            ],
            "name": "google_2_of_Jenga_Classic_Game_8",
            "projected_cuboid": [
                [
                    -88.63002061843872,
                    287.6149117946625
                ],
                [
                    -64.3329918384552,
                    307.6965808868408
                ],
                [
                    35.32581031322479,
                    233.46510529518127
                ],
                [
                    12.120991945266724,
                    216.59870445728302
                ],
                [
                    -99.49615597724915,
                    267.51264929771423
                ],
                [
                    -74.24944639205933,
                    288.1837785243988
                ],
                [
                    30.67249059677124,
                    213.03319931030273
                ],
                [
                    6.586238741874695,
                    195.78823447227478
                ],
                [
                    -27.31567621231079,
                    249.28441643714905
                ]
            ],
            "provenance": "nvisii",
            "quaternion_xyzw": [
                0.45469459891319275,
                0.10750055313110352,
                -0.7450230121612549,
                0.4760642349720001
            ],
            "quaternion_xyzw_world": [
                0.8916411995887756,
                -0.039117638021707535,
                -0.32944607734680176,
                -0.308076411485672
            ],
            "segmentation_id": 9,
            "visibility": -1
        },
        {
            "bounding_box_minx_maxx_miny_maxy": [
                -1,
                -1,
                -1,
                -1
            ],
            "class": "2",
            "local_cuboid": null,
            "local_to_world_matrix": [
                [
                    0.28859639167785645,
                    0.7307835817337036,
                    0.6186015009880066,
                    0.0
                ],
                [
                    0.9073770046234131,
                    -0.002547025680541992,
                    -0.420310378074646,
                    0.0
                ],
                [
                    -0.30558037757873535,
                    0.6826047897338867,
                    -0.6638312339782715,
                    0.0
                ],
                [
                    1.3764833211898804,
                    -0.028691675513982773,
                    -0.1445014625787735,
                    1.0
                ]
            ],
            "location": [
                0.028691675513982773,
                -0.1445014625787735,
                -1.3764833211898804
            ],
            "location_world": [
                1.3764833211898804,
                -0.028691675513982773,
                -0.1445014625787735
            ],
            "name": "google_2_of_Jenga_Classic_Game_9",
            "projected_cuboid": [
                [
                    154.40204739570618,
                    391.882061958313
                ],
                [
                    159.97791290283203,
                    399.77332949638367
                ],
                [
                    249.9946653842926,
                    308.33762884140015
                ],
                [
                    249.89818036556244,
                    295.77720165252686
                ],
                [
                    180.76014518737793,
                    418.29293966293335
                ],
                [
                    184.8958432674408,
                    424.78108406066895
                ],
                [
                    274.7880220413208,
                    330.271452665329
                ],
                [
                    276.1216461658478,
                    318.7621235847473
                ],
                [
                    217.82903373241425,
                    359.42167043685913
                ]
            ],
            "provenance": "nvisii",
            "quaternion_xyzw": [
                0.3098171651363373,
                0.5012217164039612,
                -0.7836891412734985,
                -0.19652393460273743
            ],
            "quaternion_xyzw_world": [
                0.6991020441055298,
                0.5858088135719299,
                0.11193685233592987,
                -0.39440423250198364
            ],
            "segmentation_id": 10,
            "visibility": -1
        },
        {
            "bounding_box_minx_maxx_miny_maxy": [
                -1,
                -1,
                -1,
                -1
            ],
            "class": "2",
            "local_cuboid": null,
            "local_to_world_matrix": [
                [
                    0.5523291826248169,
                    -0.8115572929382324,
                    0.19054493308067322,
                    0.0
                ],
                [
                    -0.06625327467918396,
                    -0.27058541774749756,
                    -0.9604135751724243,
                    0.0
                ],
                [
                    0.8309892416000366,
                    0.5178402662277222,
                    -0.20322060585021973,
                    0.0
                ],
                [
                    0.6478527784347534,
                    0.10134222358465195,
                    -0.005050908774137497,
                    1.0
                ]
            ],
            "location": [
                -0.10134222358465195,
                -0.005050908774137497,
                -0.6478527784347534
            ],
            "location_world": [
                0.6478527784347534,
                0.10134222358465195,
                -0.005050908774137497
            ],
            "name": "google_2_of_Jenga_Classic_Game_10",
            "projected_cuboid": [
                [
                    96.9671905040741,
                    260.7632875442505
                ],
                [
                    111.18684709072113,
                    314.6413564682007
                ],
                [
                    197.56421446800232,
                    284.4439446926117
                ],
                [
                    177.49300599098206,
                    211.3683819770813
                ],
                [
                    44.983670115470886,
                    271.7103064060211
                ],
                [
                    59.58296358585358,
                    328.36994528770447
                ],
                [
                    131.90168142318726,
                    301.408052444458
                ],
                [
                    111.0239177942276,
                    223.118394613266
                ],
                [
                    111.12022399902344,
                    277.22975611686707
                ]
            ],
            "provenance": "nvisii",
            "quaternion_xyzw": [
                -0.949073314666748,
                -0.12146855890750885,
                0.281898558139801,
                -0.0709833949804306
            ],
            "quaternion_xyzw_world": [
                -0.7117118835449219,
                0.3083447813987732,
                -0.35882994532585144,
                0.5192599296569824
            ],
            "segmentation_id": 11,
            "visibility": -1
        },
        {
            "bounding_box_minx_maxx_miny_maxy": [
                -1,
                -1,
                -1,
                -1
            ],
            "class": "2",
            "local_cuboid": null,
            "local_to_world_matrix": [
                [
                    0.2733299136161804,
                    -0.9607771635055542,
                    0.04688543081283569,
                    0.0
                ],
                [
                    0.20419251918792725,
                    0.010321557521820068,
                    -0.9788765907287598,
                    0.0
                ],
                [
                    0.9399980902671814,
                    0.27713003754615784,
                    0.19900453090667725,
                    0.0
                ],
                [
                    0.9774348735809326,
                    -0.2895381450653076,
                    0.09972009807825089,
                    1.0
                ]
            ],
            "location": [
                0.2895381450653076,
                0.09972009807825089,
                -0.9774348735809326
            ],
            "location_world": [
                0.9774348735809326,
                -0.2895381450653076,
                0.09972009807825089
            ],
            "name": "google_2_of_Jenga_Classic_Game_11",
            "projected_cuboid": [
                [
                    368.81986260414124,
                    153.24266254901886
                ],
                [
                    366.79476499557495,
                    193.7921941280365
                ],
                [
                    447.97807931900024,
                    213.5055959224701
                ],
                [
                    451.999694108963,
                    161.93726658821106
                ],
                [
                    333.78562331199646,
                    153.36111187934875
                ],
                [
                    332.20890164375305,
                    194.60859894752502
                ],
                [
                    405.4499864578247,
                    214.98766541481018
                ],
                [
                    408.79666805267334,
                    162.28535771369934
                ],
                [
                    384.84373688697815,
                    180.25314807891846
                ]
            ],
            "provenance": "nvisii",
            "quaternion_xyzw": [
                -0.9848415851593018,
                -0.00928160548210144,
                0.13973316550254822,
                0.10235080122947693
            ],
            "quaternion_xyzw_world": [
                -0.5157527923583984,
                0.3667380213737488,
                -0.47837042808532715,
                0.6088219881057739
            ],
            "segmentation_id": 12,
            "visibility": -1
        },
        {
            "bounding_box_minx_maxx_miny_maxy": [
                -1,
                -1,
                -1,
                -1
            ],
            "class": "2",
            "local_cuboid": null,
            "local_to_world_matrix": [
                [
                    -0.14270782470703125,
                    -0.23079967498779297,
                    0.9624791145324707,
                    0.0
                ],
                [
                    -0.9288662672042847,
                    0.3670656681060791,
                    -0.04970267415046692,
                    0.0
                ],
                [
                    -0.34182167053222656,
                    -0.9011073112487793,
                    -0.26676511764526367,
                    0.0
                ],
                [
                    1.7559361457824707,
                    -0.42696288228034973,
                    -0.30181822180747986,
                    1.0
                ]
            ],
            "location": [
                0.42696288228034973,
                -0.30181822180747986,
                -1.7559361457824707
            ],
            "location_world": [
                1.7559361457824707,
                -0.42696288228034973,
                -0.30181822180747986
            ],
            "name": "google_2_of_Jenga_Classic_Game_12",
            "projected_cuboid": [
                [
                    505.3163766860962,
                    371.33699655532837
                ],
                [
                    506.1344504356384,
                    378.81529331207275
                ],
                [
                    398.3479142189026,
                    343.81407499313354
                ],
                [
                    402.29952335357666,
                    338.28702569007874
                ],
                [
                    497.1661865711212,
                    397.47512340545654
                ],
                [
                    497.58461117744446,
                    406.1650037765503
                ],
                [
                    390.9982442855835,
                    369.80709433555603
                ],
                [
                    395.24519443511963,
                    363.1824851036072
                ],
                [
                    447.6100206375122,
                    370.564728975296
                ]
            ],
            "provenance": "nvisii",
            "quaternion_xyzw": [
                -0.48442769050598145,
                -0.30727672576904297,
                -0.5386847257614136,
                -0.6170330047607422
            ],
            "quaternion_xyzw_world": [
                -0.4350263476371765,
                0.6664342880249023,
                -0.3566780686378479,
                -0.48928335309028625
            ],
            "segmentation_id": 13,
            "visibility": -1
        },
        {
            "bounding_box_minx_maxx_miny_maxy": [
                -1,
                -1,
                -1,
                -1
            ],
            "class": "2",
            "local_cuboid": null,
            "local_to_world_matrix": [
                [
                    -0.586998462677002,
                    -0.763500988483429,
                    -0.2692576050758362,
