{
    "camera_data": {
        "camera_look_at": {
            "at": [
                1.0,
                0.0,
                0.0
            ],
            "eye": [
                0.0,
                0.0,
                0.0
            ],
            "up": [
                0.0,
                0.0,
                1.0
            ]
        },
        "camera_view_matrix": [
            [
                0.0,
                0.0,
                -1.0,
                0.0
            ],
            [
                -1.0,
                0.0,
                0.0,
                0.0
            ],
            [
                0.0,
                1.0,
                0.0,
                0.0
            ],
            [
                0.0,
                0.0,
                0.0,
                1.0
            ]
        ],
        "height": 500,
        "intrinsics": {
            "cx": 250.0,
            "cy": 250.0,
            "fx": 603.5535278320312,
            "fy": 603.5535278320312
        },
        "location_world": [
            0.0,
            0.0,
            0.0
        ],
        "quaternion_world_xyzw": [
            0.5,
            -0.5,
            -0.5,
            0.5
        ],
        "width": 500
    },
    "objects": [
        {
            "bounding_box_minx_maxx_miny_maxy": [
                -1,
                -1,
                -1,
                -1
            ],
            "class": "2",
            "local_cuboid": null,
            "local_to_world_matrix": [
                [
                    -0.5361385345458984,
                    -0.2421751320362091,
                    -0.8086449503898621,
                    0.0
                ],
                [
                    -0.23392322659492493,
                    -0.8778202533721924,
                    0.4179850220680237,
                    0.0
                ],
                [
                    -0.8110705018043518,
                    0.41325873136520386,
                    0.4139828681945801,
                    0.0
                ],
                [
                    1.9833704233169556,
                    0.5708782076835632,
                    -0.5894452333450317,
                    1.0
                ]
            ],
            "location": [
                -0.5708782076835632,
                -0.5894452333450317,
                -1.9833704233169556
            ],
            "location_world": [
                1.9833704233169556,
                0.5708782076835632,
                -0.5894452333450317
            ],
            "name": "google_2_of_Jenga_Classic_Game_0",
            "projected_cuboid": [
                [
                    -0.13512372970581055,
                    430.1966428756714
                ],
                [
                    23.063138127326965,
                    419.85389590263367
                ],
                [
                    87.9179984331131,
                    436.62506341934204
                ],
                [
                    66.85695052146912,
                    445.5573558807373
                ],
                [
                    -0.670313835144043,
                    404.2484164237976
                ],
                [
                    21.96379005908966,
                    393.8629627227783
                ],
                [
                    85.57404577732086,
                    413.36551308631897
                ],
                [
                    64.97819721698761,
                    422.3383367061615
                ],
                [
                    45.70050537586212,
                    421.19571566581726
                ]
            ],
            "provenance": "nvisii",
            "quaternion_xyzw": [
                0.05727033317089081,
                0.3019682765007019,
                0.5364024639129639,
                -0.7860074043273926
            ],
            "quaternion_xyzw_world": [
                -0.48158562183380127,
                0.2471514642238617,
                0.8408242464065552,
                -0.0024535187985748053
            ],
            "segmentation_id": 1,
            "visibility": -1
        },
        {
            "bounding_box_minx_maxx_miny_maxy": [
                -1,
                -1,
                -1,
                -1
            ],
            "class": "2",
            "local_cuboid": null,
            "local_to_world_matrix": [
                [
                    -0.14539217948913574,
                    -0.9346705675125122,
                    -0.32442644238471985,
                    0.0
                ],
                [
                    -0.03709268569946289,
                    -0.32253098487854004,
                    0.9458321332931519,
                    0.0
                ],
                [
                    -0.9886788129806519,
                    0.149550199508667,
                    0.01222372055053711,
                    0.0
                ],
                [
                    1.1209144592285156,
                    -0.6181535720825195,
                    0.6011782884597778,
                    1.0
                ]
            ],
            "location": [
                0.6181535720825195,
                0.6011782884597778,
                -1.1209144592285156
            ],
            "location_world": [
                1.1209144592285156,
                -0.6181535720825195,
                0.6011782884597778
            ],
            "name": "google_2_of_Jenga_Classic_Game_1",
            "projected_cuboid": [
                [
                    685.6973171234131,
                    -152.38669514656067
                ],
                [
                    707.2796821594238,
                    -212.3541533946991
                ],
                [
                    612.3697757720947,
                    -90.51787853240967
                ],
                [
                    596.6347455978394,
                    -46.399712562561035
                ],
                [
                    626.7292499542236,
                    -165.2902066707611
                ],
                [
                    647.7948427200317,
                    -224.483460187912
                ],
                [
                    569.121241569519,
                    -100.7758378982544
                ],
                [
                    553.666353225708,
                    -57.0777952671051
                ],
                [
                    618.5415983200073,
                    -122.65536189079285
                ]
            ],
            "provenance": "nvisii",
            "quaternion_xyzw": [
                -0.006321430206298828,
                0.07497167587280273,
                0.16445079445838928,
                -0.9835118055343628
            ],
            "quaternion_xyzw_world": [
                -0.5396561622619629,
                0.45017704367637634,
                0.6083064079284668,
                -0.3688839375972748
            ],
            "segmentation_id": 2,
            "visibility": -1
        },
        {
            "bounding_box_minx_maxx_miny_maxy": [
                -1,
                -1,
                -1,
                -1
            ],
            "class": "2",
            "local_cuboid": null,
            "local_to_world_matrix": [
                [
                    0.2777070999145508,
                    0.44572120904922485,
                    -0.8510060906410217,
                    0.0
                ],
                [
                    0.883213460445404,
                    -0.4669349193572998,
                    0.04365646839141846,
                    0.0
                ],
                [
                    -0.37790578603744507,
                    -0.7637436985969543,
                    -0.5233380794525146,
                    0.0
                ],
                [
                    1.9493496417999268,
                    0.5683879852294922,
                    -0.2583997845649719,
                    1.0
                ]
            ],
            "location": [
                -0.5683879852294922,
                -0.2583997845649719,
                -1.9493496417999268
            ],
            "location_world": [
                1.9493496417999268,
                0.5683879852294922,
                -0.2583997845649719
            ],
            "name": "google_2_of_Jenga_Classic_Game_2",
            "projected_cuboid": [
                [
                    122.60286509990692,
                    398.72831106185913
                ],
                [
                    140.24683833122253,
                    391.67195558547974
                ],
                [
                    78.90672981739044,
                    337.65530586242676
                ],
                [
                    59.896692633628845,
                    342.2117233276367
                ],
                [
                    132.89552927017212,
                    377.9205083847046
                ],
                [
                    150.33520758152008,
                    371.61320447921753
                ],
                [
                    87.75125443935394,
                    318.1183338165283
                ],
                [
                    68.86912882328033,
                    321.96083664894104
                ],
                [
                    104.42699491977692,
                    356.688529253006
                ]
            ],
            "provenance": "nvisii",
            "quaternion_xyzw": [
                -0.1821514070034027,
                0.5271317958831787,
                -0.6670776605606079,
                0.4939233660697937
            ],
            "quaternion_xyzw_world": [
                0.75299072265625,
                0.4412187933921814,
                -0.4080103039741516,
                0.2680644392967224
            ],
            "segmentation_id": 3,
            "visibility": -1
        },
        {
            "bounding_box_minx_maxx_miny_maxy": [
                -1,
                -1,
                -1,
                -1
            ],
            "class": "2",
            "local_cuboid": null,
            "local_to_world_matrix": [
                [
                    0.29275965690612793,
                    -0.1987391710281372,
                    -0.9353044629096985,
                    0.0
                ],
                [
                    0.04722175747156143,
                    -0.9739630222320557,
                    0.22173446416854858,
                    0.0
                ],
                [
                    -0.9550192952156067,
                    -0.10908162593841553,
                    -0.27575230598449707,
                    0.0
                ],
                [
                    1.787363052368164,
                    -0.3661450445652008,
                    -0.5197827219963074,
                    1.0
                ]
            ],
            "location": [
                0.3661450445652008,
                -0.5197827219963074,
                -1.787363052368164
            ],
            "location_world": [
                1.787363052368164,
                -0.3661450445652008,
                -0.5197827219963074
            ],
            "name": "google_2_of_Jenga_Classic_Game_3",
            "projected_cuboid": [
                [
                    395.0052857398987,
                    507.0844292640686
                ],
                [
                    427.2390604019165,
                    498.98600578308105
                ],
                [
                    389.10624384880066,
                    433.4234595298767
                ],
                [
                    361.7919683456421,
                    440.119206905365
                ],
                [
                    390.91551303863525,
                    481.2658727169037
                ],
                [
                    423.6568808555603,
                    473.11142086982727
                ],
                [
                    385.5907917022705,
                    410.75724363327026
                ],
                [
                    357.91295766830444,
                    417.4891710281372
                ],
                [
                    389.92685079574585,
                    455.1234245300293
                ]
            ],
            "provenance": "nvisii",
            "quaternion_xyzw": [
                0.07413741201162338,
                0.13036102056503296,
                -0.6193838715553284,
                0.7706316709518433
            ],
            "quaternion_xyzw_world": [
                0.7972570061683655,
                -0.047512102872133255,
                -0.5927585959434509,
                0.10373570770025253
            ],
            "segmentation_id": 4,
            "visibility": -1
        },
        {
            "bounding_box_minx_maxx_miny_maxy": [
                -1,
                -1,
                -1,
                -1
            ],
            "class": "2",
            "local_cuboid": null,
            "local_to_world_matrix": [
                [
                    0.5247479677200317,
                    0.7144352197647095,
                    0.4628410339355469,
                    0.0
                ],
                [
                    0.7437108755111694,
                    -0.12022924423217773,
                    -0.657600998878479,
                    0.0
                ],
                [
                    -0.41416627168655396,
                    0.689294695854187,
                    -0.5944232940673828,
                    0.0
                ],
                [
                    1.4665296077728271,
                    -0.37523770332336426,
                    -0.08755318075418472,
                    1.0
                ]
            ],
            "location": [
                0.37523770332336426,
                -0.08755318075418472,
                -1.4665296077728271
            ],
            "location_world": [
                1.4665296077728271,
                -0.37523770332336426,
                -0.08755318075418472
            ],
            "name": "google_2_of_Jenga_Classic_Game_4",
            "projected_cuboid": [
                [
                    313.59612941741943,
                    347.2837209701538
                ],
                [
                    315.12266397476196,
                    366.891473531723
                ],
                [
                    389.95659351348877,
                    288.57141733169556
                ],
                [
                    391.7849361896515,
                    267.21465587615967
                ],
                [
                    341.9308066368103,
                    367.4350678920746
                ],
                [
                    342.19199419021606,
                    386.70825958251953
                ],
                [
                    416.90611839294434,
                    304.5704662799835
                ],
                [
                    419.98448967933655,
                    283.2989692687988
                ],
                [
                    367.86654591560364,
                    324.8458206653595
                ]
            ],
            "provenance": "nvisii",
            "quaternion_xyzw": [
                0.3636617064476013,
                0.400832861661911,
                -0.8345960378646851,
                -0.10262800753116608
            ],
            "quaternion_xyzw_world": [
                0.7482313513755798,
                0.487197607755661,
                0.016263268887996674,
                -0.4500264823436737
            ],
            "segmentation_id": 5,
            "visibility": -1
        },
        {
            "bounding_box_minx_maxx_miny_maxy": [
                -1,
                -1,
                -1,
                -1
            ],
            "class": "2",
            "local_cuboid": null,
            "local_to_world_matrix": [
                [
                    0.2933134436607361,
                    0.7477619051933289,
                    -0.5956671237945557,
                    0.0
                ],
                [
                    -0.8580997586250305,
                    0.4806060791015625,
                    0.18078340590000153,
                    0.0
                ],
                [
                    0.421464204788208,
                    0.4581156373023987,
                    0.7826225161552429,
                    0.0
                ],
                [
                    1.782401204109192,
                    -0.8106197714805603,
                    0.3094692826271057,
                    1.0
                ]
            ],
            "location": [
                0.8106197714805603,
                0.3094692826271057,
                -1.782401204109192
            ],
            "location_world": [
                1.782401204109192,
                -0.8106197714805603,
                0.3094692826271057
            ],
            "name": "google_2_of_Jenga_Classic_Game_5",
            "projected_cuboid": [
                [
                    456.2891721725464,
                    93.35877001285553
                ],
                [
                    451.2137770652771,
                    82.42614567279816
                ],
                [
                    511.25335693359375,
                    149.18358623981476
                ],
                [
                    514.2931938171387,
                    158.20874273777008
                ],
                [
                    477.20733284950256,
                    76.78753137588501
                ],
                [
                    472.8845953941345,
                    65.07240235805511
                ],
                [
                    535.2630615234375,
                    131.48874044418335
                ],
                [
                    537.3792052268982,
                    141.33895933628082
                ],
                [
                    493.4344291687012,
                    111.29318177700043
                ]
            ],
            "provenance": "nvisii",
            "quaternion_xyzw": [
                -0.35104092955589294,
                0.7664870619773865,
                0.5351434946060181,
                -0.05375245213508606
            ],
            "quaternion_xyzw_world": [
                -0.0867249071598053,
                0.3180684447288513,
                0.5021710395812988,
                0.7994595170021057
            ],
            "segmentation_id": 6,
            "visibility": -1
        },
        {
            "bounding_box_minx_maxx_miny_maxy": [
                -1,
                -1,
                -1,
                -1
            ],
            "class": "2",
            "local_cuboid": null,
            "local_to_world_matrix": [
                [
                    -0.27445244789123535,
                    -0.9541760683059692,
                    -0.11926504969596863,
                    0.0
                ],
                [
                    0.49503910541534424,
                    -0.24652886390686035,
                    0.8331626653671265,
                    0.0
                ],
                [
                    -0.8243861198425293,
                    0.16962262988090515,
                    0.5400146842002869,
                    0.0
                ],
                [
                    1.401865005493164,
                    0.4373176097869873,
                    0.19598989188671112,
                    1.0
                ]
            ],
            "location": [
                -0.4373176097869873,
                0.19598989188671112,
                -1.401865005493164
            ],
            "location_world": [
                1.401865005493164,
                0.4373176097869873,
                0.19598989188671112
            ],
            "name": "google_2_of_Jenga_Classic_Game_6",
            "projected_cuboid": [
                [
                    4.33880090713501,
                    82.28102326393127
                ],
                [
                    23.834973573684692,
                    52.01129615306854
                ],
                [
                    83.58651399612427,
                    153.2055139541626
                ],
                [
                    69.33970749378204,
                    181.24255537986755
                ],
                [
                    -30.51161766052246,
                    80.50231635570526
                ],
                [
                    -10.148018598556519,
                    50.84431171417236
                ],
                [
                    54.40932512283325,
                    150.7062315940857
                ],
                [
                    39.50788080692291,
                    178.2321184873581
                ],
                [
                    32.346129417419434,
                    120.55514752864838
                ]
            ],
            "provenance": "nvisii",
            "quaternion_xyzw": [
                -0.2723175585269928,
                -0.11683394014835358,
                -0.09623853862285614,
                0.950226902961731
            ],
            "quaternion_xyzw_world": [
                0.32865700125694275,
                -0.3492524027824402,
                -0.7178084850311279,
                0.5047360062599182
            ],
            "segmentation_id": 7,
            "visibility": -1
        },
        {
            "bounding_box_minx_maxx_miny_maxy": [
                -1,
                -1,
                -1,
                -1
            ],
            "class": "2",
            "local_cuboid": null,
            "local_to_world_matrix": [
                [
                    0.10508805513381958,
                    0.5506483912467957,
                    0.8280958533287048,
                    0.0
                ],
                [
                    -0.24469654262065887,
                    0.821422815322876,
                    -0.5151582956314087,
                    0.0
                ],
                [
                    -0.9638879895210266,
                    -0.14849522709846497,
                    0.221063494682312,
                    0.0
                ],
                [
                    1.01828134059906,
                    -0.16864602267742157,
                    -0.5257668495178223,
                    1.0
                ]
            ],
            "location": [
                0.16864602267742157,
                -0.5257668495178223,
                -1.01828134059906
            ],
            "location_world": [
                1.01828134059906,
                -0.16864602267742157,
                -0.5257668495178223
            ],
            "name": "google_2_of_Jenga_Classic_Game_7",
            "projected_cuboid": [
                [
                    430.7897090911865,
                    576.8240690231323
                ],
                [
                    378.60071659088135,
                    622.0046281814575
                ],
                [
                    316.95982813835144,
                    557.0259094238281
                ],
                [
                    356.15435242652893,
                    525.46226978302
                ],
                [
                    468.0972099304199,
                    633.5422992706299
                ],
                [
                    416.3764715194702,
                    680.8640360832214
                ],
                [
                    343.6310887336731,
                    598.839521408081
                ],
                [
                    382.6048672199249,
                    566.1773681640625
                ],
                [
                    380.9380829334259,
                    589.4161462783813
                ]
            ],
            "provenance": "nvisii",
            "quaternion_xyzw": [
                0.01246902346611023,
                0.13379278779029846,
                0.8703008890151978,
                0.47383570671081543
            ],
            "quaternion_xyzw_world": [
                -0.12510167062282562,
                -0.6114064455032349,
                0.2713634967803955,
                0.7327302098274231
            ],
            "segmentation_id": 8,
            "visibility": -1
        },
        {
            "bounding_box_minx_maxx_miny_maxy": [
                -1,
                -1,
                -1,
                -1
            ],
            "class": "2",
            "local_cuboid": null,
            "local_to_world_matrix": [
                [
                    0.6585699319839478,
                    0.668177604675293,
                    0.3461565375328064,
                    0.0
                ],
                [
                    -0.6194970607757568,
                    0.7425339221954346,
                    -0.2546895444393158,
                    0.0
                ],
                [
                    -0.42721086740493774,
                    -0.04671206325292587,
                    0.9029445648193359,
                    0.0
                ],
                [
                    1.674131155014038,
                    0.5080796480178833,
                    -0.5969115495681763,
                    1.0
                ]
            ],
            "location": [
                -0.5080796480178833,
                -0.5969115495681763,
                -1.674131155014038
            ],
            "location_world": [
                1.674131155014038,
                0.5080796480178833,
                -0.5969115495681763
            ],
            "name": "google_2_of_Jenga_Classic_Game_8",
            "projected_cuboid": [
                [
                    65.55746495723724,
                    366.3605749607086
                ],
                [
                    34.902557730674744,
                    378.66806983947754
                ],
                [
                    46.01770639419556,
                    464.1718864440918
                ],
                [
                    74.11980628967285,
                    450.16318559646606
                ],
                [
                    79.90466058254242,
                    380.89829683303833
                ],
                [
                    48.68733882904053,
                    394.1407799720764
                ],
                [
                    59.09796059131622,
                    481.1928868293762
                ],
                [
                    87.66339719295502,
                    466.2177562713623
                ],
                [
                    62.30713427066803,
                    424.1423308849335
                ]
            ],
            "provenance": "nvisii",
            "quaternion_xyzw": [
                -0.19956272840499878,
                0.49655747413635254,
                0.7664982080459595,
                0.3550857901573181
            ],
            "quaternion_xyzw_world": [
                -0.0572088360786438,
                -0.21273191273212433,
                0.35420358180999756,
                0.9088521003723145
            ],
            "segmentation_id": 9,
            "visibility": -1
        },
        {
            "bounding_box_minx_maxx_miny_maxy": [
                -1,
                -1,
                -1,
                -1
            ],
            "class": "2",
            "local_cuboid": null,
            "local_to_world_matrix": [
                [
                    -0.1094505786895752,
                    -0.9464824199676514,
                    0.3036309778690338,
                    0.0
                ],
                [
                    -0.38713088631629944,
                    0.3219364881515503,
                    0.8639945983886719,
                    0.0
                ],
                [
                    -0.9155055284500122,
                    -0.02298027276992798,
                    -0.40164875984191895,
                    0.0
                ],
                [
                    1.980829119682312,
                    -0.7883360385894775,
                    -0.6608384847640991,
                    1.0
                ]
            ],
            "location": [
                0.7883360385894775,
                -0.6608384847640991,
                -1.980829119682312
            ],
            "location_world": [
                1.980829119682312,
                -0.7883360385894775,
                -0.6608384847640991
            ],
            "name": "google_2_of_Jenga_Classic_Game_9",
            "projected_cuboid": [
                [
                    545.9139347076416,
                    530.7784080505371
                ],
                [
                    541.935920715332,
                    510.1886987686157
                ],
                [
                    500.0418424606323,
                    438.5686218738556
                ],
                [
                    504.1731595993042,
                    457.5701653957367
                ],
                [
                    518.4531211853027,
                    537.7171039581299
                ],
                [
                    513.9676928520203,
                    517.3652172088623
                ],
                [
                    476.05615854263306,
                    445.08448243141174
                ],
                [
                    480.56140542030334,
                    463.89758586883545
                ],
                [
                    508.68403911590576,
                    485.1088523864746
                ]
            ],
            "provenance": "nvisii",
            "quaternion_xyzw": [
                -0.2043173462152481,
                0.022398367524147034,
                -0.1620405614376068,
                -0.9651402235031128
            ],
            "quaternion_xyzw_world": [
                -0.49250930547714233,
                0.6769482493400574,
                0.31059032678604126,
                -0.45023253560066223
            ],
            "segmentation_id": 10,
            "visibility": -1
        },
        {
            "bounding_box_minx_maxx_miny_maxy": [
                -1,
                -1,
                -1,
                -1
            ],
            "class": "2",
            "local_cuboid": null,
            "local_to_world_matrix": [
                [
                    0.2348126769065857,
                    0.846036434173584,
                    0.4786287248134613,
                    0.0
                ],
                [
                    0.02101743221282959,
                    0.48786163330078125,
                    -0.8726679086685181,
                    0.0
                ],
                [
                    -0.971813440322876,
                    0.2149730622768402,
                    0.09677457809448242,
                    0.0
                ],
                [
                    1.112380027770996,
                    -0.45289739966392517,
                    0.481594055891037,
                    1.0
                ]
            ],
            "location": [
                0.45289739966392517,
                0.481594055891037,
                -1.112380027770996
            ],
            "location_world": [
                1.112380027770996,
                -0.45289739966392517,
                0.481594055891037
            ],
            "name": "google_2_of_Jenga_Classic_Game_10",
            "projected_cuboid": [
                [
                    522.1512317657471,
                    -157.90897607803345
                ],
                [
                    491.92938208580017,
                    -104.01618480682373
                ],
                [
                    464.5123779773712,
                    0.7067173719406128
                ],
                [
                    487.03619837760925,
                    -39.370179176330566
                ],
                [
                    577.5343179702759,
                    -139.29525017738342
                ],
                [
                    546.509861946106,
                    -84.22544598579407
                ],
                [
                    504.5989751815796,
                    17.16586947441101
                ],
                [
                    527.5658965110779,
                    -23.558050394058228
                ],
                [
                    512.1672749519348,
                    -58.32403898239136
                ]
            ],
            "provenance": "nvisii",
            "quaternion_xyzw": [
                -0.11706635355949402,
                0.019717425107955933,
                0.9605360627174377,
                0.25154975056648254
            ],
            "quaternion_xyzw_world": [
                -0.40316760540008545,
                -0.537651002407074,
                0.30581867694854736,
                0.6744347810745239
            ],
            "segmentation_id": 11,
            "visibility": -1
        },
        {
            "bounding_box_minx_maxx_miny_maxy": [
                -1,
                -1,
                -1,
                -1
            ],
            "class": "2",
            "local_cuboid": null,
            "local_to_world_matrix": [
                [
                    -0.1468508243560791,
                    -0.8806383609771729,
                    0.4504567086696625,
                    0.0
                ],
                [
                    -0.9848748445510864,
                    0.17251044511795044,
                    0.01618334650993347,
                    0.0
                ],
                [
                    -0.09196022152900696,
                    -0.44126689434051514,
                    -0.8926519155502319,
                    0.0
                ],
                [
                    1.3236308097839355,
                    -0.08463063836097717,
                    0.4591251313686371,
                    1.0
                ]
            ],
            "location": [
                0.08463063836097717,
                0.4591251313686371,
                -1.3236308097839355
            ],
            "location_world": [
                1.3236308097839355,
                -0.08463063836097717,
                0.4591251313686371
            ],
            "name": "google_2_of_Jenga_Classic_Game_11",
            "projected_cuboid": [
                [
                    365.73463678359985,
                    152.41611003875732
                ],
                [
                    366.401344537735,
                    145.26088535785675
                ],
                [
                    302.99848318099976,
                    24.161607027053833
                ],
                [
                    306.22348189353943,
                    38.58335316181183
                ],
                [
                    333.5438370704651,
                    169.21287775039673
                ],
                [
                    332.08149671554565,
                    163.23111951351166
                ],
                [
                    269.9647843837738,
                    42.846351861953735
                ],
                [
                    275.16618371009827,
                    56.01288378238678
                ],
                [
                    318.66681575775146,
                    98.56607019901276
                ]
            ],
            "provenance": "nvisii",
            "quaternion_xyzw": [
                -0.6656754016876221,
                -0.10438501089811325,
                -0.22087249159812927,
                -0.7051209211349487
            ],
            "quaternion_xyzw_world": [
                -0.6271544098854065,
                0.7436419129371643,
                -0.14290599524974823,
                -0.1823515146970749
            ],
            "segmentation_id": 12,
            "visibility": -1
        },
        {
            "bounding_box_minx_maxx_miny_maxy": [
                -1,
                -1,
                -1,
                -1
            ],
            "class": "2",
            "local_cuboid": null,
            "local_to_world_matrix": [
                [
                    -0.4620983600616455,
                    -0.1963837742805481,
                    -0.8648112416267395,
                    0.0
                ],
                [
                    0.8367070555686951,
                    0.22664910554885864,
                    -0.4985494017601013,
                    0.0
                ],
                [
                    0.29391568899154663,
                    -0.9539725184440613,
                    0.05958151817321777,
                    0.0
                ],
                [
                    1.382531762123108,
                    0.3814064562320709,
                    -0.49140632152557373,
                    1.0
                ]
            ],
            "location": [
                -0.3814064562320709,
                -0.49140632152557373,
                -1.382531762123108
            ],
            "location_world": [
                1.382531762123108,
                0.3814064562320709,
                -0.49140632152557373
            ],
            "name": "google_2_of_Jenga_Classic_Game_12",
            "projected_cuboid": [
                [
                    213.55490386486053,
                    457.76575803756714
                ],
                [
                    207.51243829727173,
                    464.9883508682251
                ],
                [
                    84.7427248954773,
                    485.6806695461273
                ],
                [
                    84.64890718460083,
                    479.0915846824646
                ],
                [
                    208.02746713161469,
                    424.1747260093689
                ],
                [
                    202.38634943962097,
                    432.7836036682129
                ],
                [
                    82.42660760879517,
                    451.0253667831421
                ],
                [
                    82.21542835235596,
                    442.8190588951111
                ],
                [
                    147.50202000141144,
                    454.37049865722656
                ]
            ],
            "provenance": "nvisii",
            "quaternion_xyzw": [
                -0.7051327228546143,
                0.38696977496147156,
                -0.502058207988739,
                0.3177729845046997
            ],
            "quaternion_xyzw_world": [
                0.2508341372013092,
                0.6381939053535461,
                -0.5689970850944519,
                0.45390865206718445
            ],
            "segmentation_id": 13,
            "visibility": -1
        },
        {
            "bounding_box_minx_maxx_miny_maxy": [
                -1,
                -1,
                -1,
                -1
            ],
            "class": "2",
            "local_cuboid": null,
            "local_to_world_matrix": [
                [
                    -0.1414114236831665,
                    -0.8475795984268188,
                    -0.5114797949790955,
                    0.0
