{
    "camera_data": {
        "camera_look_at": {
            "at": [
                1.0,
                0.0,
                0.0
            ],
            "eye": [
                0.0,
                0.0,
                0.0
            ],
            "up": [
                0.0,
                0.0,
                1.0
            ]
        },
        "camera_view_matrix": [
            [
                0.0,
                0.0,
                -1.0,
                0.0
            ],
            [
                -1.0,
                0.0,
                0.0,
                0.0
            ],
            [
                0.0,
                1.0,
                0.0,
                0.0
            ],
            [
                0.0,
                0.0,
                0.0,
                1.0
            ]
        ],
        "height": 500,
        "intrinsics": {
            "cx": 250.0,
            "cy": 250.0,
            "fx": 603.5535278320312,
            "fy": 603.5535278320312
        },
        "location_world": [
            0.0,
            0.0,
            0.0
        ],
        "quaternion_world_xyzw": [
            0.5,
            -0.5,
            -0.5,
            0.5
        ],
        "width": 500
    },
    "objects": [
        {
            "bounding_box_minx_maxx_miny_maxy": [
                -1,
                -1,
                -1,
                -1
            ],
            "class": "2",
            "local_cuboid": null,
            "local_to_world_matrix": [
                [
                    0.031218528747558594,
                    -0.651538610458374,
                    0.7579728960990906,
                    0.0
                ],
                [
                    0.36645805835723877,
                    0.7129957675933838,
                    0.5977838635444641,
                    0.0
                ],
                [
                    -0.9299107193946838,
                    0.25910329818725586,
                    0.2610202431678772,
                    0.0
                ],
                [
                    1.7662444114685059,
                    0.5193507671356201,
                    -0.6027857065200806,
                    1.0
                ]
            ],
            "location": [
                -0.5193507671356201,
                -0.6027857065200806,
                -1.7662444114685059
            ],
            "location_world": [
                1.7662444114685059,
                0.5193507671356201,
                -0.6027857065200806
            ],
            "name": "google_2_of_Jenga_Classic_Game_0",
            "projected_cuboid": [
                [
                    30.155479907989502,
                    462.7886414527893
                ],
                [
                    10.613694787025452,
                    438.274085521698
                ],
                [
                    72.70373404026031,
                    435.4007840156555
                ],
                [
                    90.3124213218689,
                    456.0639560222626
                ],
                [
                    8.798986673355103,
                    487.562358379364
                ],
                [
                    -10.336726903915405,
                    462.4996781349182
                ],
                [
                    55.03535270690918,
                    455.9265971183777
                ],
                [
                    72.35634326934814,
                    476.98187828063965
                ],
                [
                    43.74031722545624,
                    459.04186367988586
                ]
            ],
            "provenance": "nvisii",
            "quaternion_xyzw": [
                -0.17595738172531128,
                -0.06390340626239777,
                0.4124888777732849,
                0.8915202021598816
            ],
            "quaternion_xyzw_world": [
                0.11958528310060501,
                -0.5959775447845459,
                -0.35944607853889465,
                0.7080315351486206
            ],
            "segmentation_id": 1,
            "visibility": -1
        },
        {
            "bounding_box_minx_maxx_miny_maxy": [
                -1,
                -1,
                -1,
                -1
            ],
            "class": "2",
            "local_cuboid": null,
            "local_to_world_matrix": [
                [
                    0.9246116280555725,
                    0.3792263865470886,
                    -0.03578593581914902,
                    0.0
                ],
                [
                    0.3398553729057312,
                    -0.863733172416687,
                    -0.372106671333313,
                    0.0
                ],
                [
                    -0.17202216386795044,
                    0.33189213275909424,
                    -0.9274998903274536,
                    0.0
                ],
                [
                    0.8328660726547241,
                    -0.6151785850524902,
                    0.629931628704071,
                    1.0
                ]
            ],
            "location": [
                0.6151785850524902,
                0.629931628704071,
                -0.8328660726547241
            ],
            "location_world": [
                0.8328660726547241,
                -0.6151785850524902,
                0.629931628704071
            ],
            "name": "google_2_of_Jenga_Classic_Game_1",
            "projected_cuboid": [
                [
                    600.1027226448059,
                    -29.99982237815857
                ],
                [
                    640.8649682998657,
                    2.395749092102051
                ],
                [
                    684.8546266555786,
                    -168.56902837753296
                ],
                [
                    647.9644775390625,
                    -204.79905605316162
                ],
                [
                    659.6737504005432,
                    -60.23740768432617
                ],
                [
                    702.0976543426514,
                    -23.593604564666748
                ],
                [
                    746.2499141693115,
                    -208.3292305469513
                ],
                [
                    708.172082901001,
                    -249.39760565757751
                ],
                [
                    673.4479069709778,
                    -119.49586868286133
                ]
            ],
            "provenance": "nvisii",
            "quaternion_xyzw": [
                0.4530060291290283,
                0.4569183588027954,
                -0.6934254169464111,
                0.3243027329444885
            ],
            "quaternion_xyzw_world": [
                0.9638262987136841,
                0.18651746213436127,
                -0.053901854902505875,
                -0.18260520696640015
            ],
            "segmentation_id": 2,
            "visibility": -1
        },
        {
            "bounding_box_minx_maxx_miny_maxy": [
                -1,
                -1,
                -1,
                -1
            ],
            "class": "2",
            "local_cuboid": null,
            "local_to_world_matrix": [
                [
                    0.597197413444519,
                    0.7786985635757446,
                    0.19231218099594116,
                    0.0
                ],
                [
                    0.5194380283355713,
                    -0.5581599473953247,
                    0.6470258831977844,
                    0.0
                ],
                [
                    0.6111788749694824,
                    -0.2865080237388611,
                    -0.7378172874450684,
                    0.0
                ],
                [
                    1.779233694076538,
                    0.44949519634246826,
                    -0.4083237648010254,
                    1.0
                ]
            ],
            "location": [
                -0.44949519634246826,
                -0.4083237648010254,
                -1.779233694076538
            ],
            "location_world": [
                1.779233694076538,
                0.44949519634246826,
                -0.4083237648010254
            ],
            "name": "google_2_of_Jenga_Classic_Game_2",
            "projected_cuboid": [
                [
                    120.59715390205383,
                    448.2513964176178
                ],
                [
                    137.63031363487244,
                    427.4500012397766
                ],
                [
                    98.95463287830353,
                    373.5255002975464
                ],
                [
                    79.26143705844879,
                    395.084023475647
                ],
                [
                    136.7977410554886,
                    457.9240083694458
                ],
                [
                    153.8778841495514,
                    436.4047050476074
                ],
                [
                    115.80893397331238,
                    381.95037841796875
                ],
                [
                    96.00695967674255,
                    404.30790185928345
                ],
                [
                    118.31952631473541,
                    416.7134761810303
                ]
            ],
            "provenance": "nvisii",
            "quaternion_xyzw": [
                0.21532224118709564,
                0.8713357448577881,
                -0.36072635650634766,
                0.25354912877082825
            ],
            "quaternion_xyzw_world": [
                0.8504667282104492,
                0.38159534335136414,
                0.23619121313095093,
                0.2744181156158447
            ],
            "segmentation_id": 3,
            "visibility": -1
        },
        {
            "bounding_box_minx_maxx_miny_maxy": [
                -1,
                -1,
                -1,
                -1
            ],
            "class": "2",
            "local_cuboid": null,
            "local_to_world_matrix": [
                [
                    -0.5582908391952515,
                    -0.5257895588874817,
                    0.6417604684829712,
                    0.0
                ],
                [
                    -0.17233824729919434,
                    -0.6831660270690918,
                    -0.7096361517906189,
                    0.0
                ],
                [
                    0.8115483522415161,
                    -0.5067833065986633,
                    0.29079174995422363,
                    0.0
                ],
                [
                    1.4309723377227783,
                    -0.4859239161014557,
                    -0.09675800800323486,
                    1.0
                ]
            ],
            "location": [
                0.4859239161014557,
                -0.09675800800323486,
                -1.4309723377227783
            ],
            "location_world": [
                1.4309723377227783,
                -0.4859239161014557,
                -0.09675800800323486
            ],
            "name": "google_2_of_Jenga_Classic_Game_3",
            "projected_cuboid": [
                [
                    478.4618020057678,
                    234.1320514678955
                ],
                [
                    501.736044883728,
                    256.0599148273468
                ],
                [
                    480.56894540786743,
                    293.6588525772095
                ],
                [
                    453.61649990081787,
                    267.67435669898987
                ],
                [
                    457.78465270996094,
                    252.5460124015808
                ],
                [
                    480.27104139328003,
                    274.0592062473297
                ],
                [
                    456.22915029525757,
                    313.4639859199524
                ],
                [
                    430.33212423324585,
                    288.0658209323883
                ],
                [
                    468.0900275707245,
                    271.14138007164
                ]
            ],
            "provenance": "nvisii",
            "quaternion_xyzw": [
                0.872779130935669,
                0.379513680934906,
                0.30508124828338623,
                -0.0339299738407135
            ],
            "quaternion_xyzw_world": [
                0.4566408395767212,
                -0.38220837712287903,
                0.7956520318984985,
                -0.11105712503194809
            ],
            "segmentation_id": 4,
            "visibility": -1
        },
        {
            "bounding_box_minx_maxx_miny_maxy": [
                -1,
                -1,
                -1,
                -1
            ],
            "class": "2",
            "local_cuboid": null,
            "local_to_world_matrix": [
                [
                    -0.19515061378479004,
                    -0.9807122945785522,
                    0.010941281914710999,
                    0.0
                ],
                [
                    -0.9291788339614868,
                    0.1884436011314392,
                    0.31798702478408813,
                    0.0
                ],
                [
                    -0.31391555070877075,
                    0.05188895761966705,
                    -0.9480319023132324,
                    0.0
                ],
                [
                    1.3512216806411743,
                    -0.37427449226379395,
                    -0.06661374866962433,
                    1.0
                ]
            ],
            "location": [
                0.37427449226379395,
                -0.06661374866962433,
                -1.3512216806411743
            ],
            "location_world": [
                1.3512216806411743,
                -0.37427449226379395,
                -0.06661374866962433
            ],
            "name": "google_2_of_Jenga_Classic_Game_4",
            "projected_cuboid": [
                [
                    439.67488408088684,
                    416.67261719703674
                ],
                [
                    444.02724504470825,
                    414.092481136322
                ],
                [
                    437.4006390571594,
                    274.4181752204895
                ],
                [
                    433.71284008026123,
                    284.7521901130676
                ],
                [
                    401.69960260391235,
                    415.1073694229126
                ],
                [
                    403.5712480545044,
                    412.4596118927002
                ],
                [
                    399.8327851295471,
                    274.52805638313293
                ],
                [
                    398.293673992157,
                    284.7420871257782
                ],
                [
                    419.53539848327637,
                    344.82094645500183
                ]
            ],
            "provenance": "nvisii",
            "quaternion_xyzw": [
                -0.5806913375854492,
                0.07641853392124176,
                -0.06167718768119812,
                -0.8081792593002319
            ],
            "quaternion_xyzw_world": [
                -0.62538743019104,
                0.7634831666946411,
                0.12111464142799377,
                -0.10637328028678894
            ],
            "segmentation_id": 5,
            "visibility": -1
        },
        {
            "bounding_box_minx_maxx_miny_maxy": [
                -1,
                -1,
                -1,
                -1
            ],
            "class": "2",
            "local_cuboid": null,
            "local_to_world_matrix": [
                [
                    -0.24406802654266357,
                    0.9272785186767578,
                    0.28387555480003357,
                    0.0
                ],
                [
                    -0.9683390855789185,
                    -0.21720528602600098,
                    -0.12304989248514175,
                    0.0
                ],
                [
                    -0.05244225263595581,
                    -0.30492034554481506,
                    0.9509329199790955,
                    0.0
                ],
                [
                    1.5701520442962646,
                    -0.6673412322998047,
                    0.13650985062122345,
                    1.0
                ]
            ],
            "location": [
                0.6673412322998047,
                0.13650985062122345,
                -1.5701520442962646
            ],
            "location_world": [
                1.5701520442962646,
                -0.6673412322998047,
                0.13650985062122345
            ],
            "name": "google_2_of_Jenga_Classic_Game_5",
            "projected_cuboid": [
                [
                    520.4260945320129,
                    86.12199127674103
                ],
                [
                    542.4824953079224,
                    81.38348162174225
                ],
                [
                    504.16070222854614,
                    193.4000551700592
                ],
                [
                    484.2718839645386,
                    192.37403571605682
                ],
                [
                    544.6840524673462,
                    96.50665521621704
                ],
                [
                    567.7635669708252,
                    92.38529205322266
                ],
                [
                    529.6696424484253,
                    202.89090275764465
                ],
                [
                    508.73011350631714,
                    201.39828324317932
                ],
                [
                    524.9780416488647,
                    143.62475275993347
                ]
            ],
            "provenance": "nvisii",
            "quaternion_xyzw": [
                0.18929417431354523,
                0.6617753505706787,
                0.7250466346740723,
                0.02298828959465027
            ],
            "quaternion_xyzw_world": [
                0.07450555264949799,
                -0.13777688145637512,
                0.7765639424324036,
                0.6102580428123474
            ],
            "segmentation_id": 6,
            "visibility": -1
        },
        {
            "bounding_box_minx_maxx_miny_maxy": [
                -1,
                -1,
                -1,
                -1
            ],
            "class": "2",
            "local_cuboid": null,
            "local_to_world_matrix": [
                [
                    -0.6937568187713623,
                    0.5535179972648621,
                    -0.46078112721443176,
                    0.0
                ],
                [
                    0.5921614766120911,
                    0.8025505542755127,
                    0.07250754535198212,
                    0.0
                ],
                [
                    0.4099343717098236,
                    -0.22255422174930573,
                    -0.8845469951629639,
                    0.0
                ],
                [
                    1.5092425346374512,
                    0.6207808256149292,
                    0.3565889000892639,
                    1.0
                ]
            ],
            "location": [
                -0.6207808256149292,
                0.3565889000892639,
                -1.5092425346374512
            ],
            "location_world": [
                1.5092425346374512,
                0.6207808256149292,
                0.3565889000892639
            ],
            "name": "google_2_of_Jenga_Classic_Game_6",
            "projected_cuboid": [
                [
                    41.86840355396271,
                    220.5294966697693
                ],
                [
                    23.121818900108337,
                    219.163715839386
                ],
                [
                    -20.944416522979736,
                    113.22569847106934
                ],
                [
                    -2.1694302558898926,
                    111.06787621974945
                ],
                [
                    65.0058388710022,
                    208.0697864294052
                ],
                [
                    46.18138074874878,
                    207.11898803710938
                ],
                [
                    5.427718162536621,
                    103.97015511989594
                ],
                [
                    24.395257234573364,
                    101.5843152999878
                ],
                [
                    23.735150694847107,
                    162.5286042690277
                ]
            ],
            "provenance": "nvisii",
            "quaternion_xyzw": [
                -0.4426931142807007,
                0.7134353518486023,
                -0.5174640417098999,
                -0.16511748731136322
            ],
            "quaternion_xyzw_world": [
                0.31154435873031616,
                0.9193549752235413,
                -0.040802162140607834,
                0.23677347600460052
            ],
            "segmentation_id": 7,
            "visibility": -1
        },
        {
            "bounding_box_minx_maxx_miny_maxy": [
                -1,
                -1,
                -1,
                -1
            ],
            "class": "2",
            "local_cuboid": null,
            "local_to_world_matrix": [
                [
                    -0.9524228572845459,
                    0.1600974202156067,
                    0.2593442499637604,
                    0.0
                ],
                [
                    -0.30047303438186646,
                    -0.6357693672180176,
                    -0.71099454164505,
                    0.0
                ],
                [
                    0.05105474591255188,
                    -0.7550933957099915,
                    0.6536263227462769,
                    0.0
                ],
                [
                    0.8470873236656189,
                    -0.38181760907173157,
                    -0.5371754169464111,
                    1.0
                ]
            ],
            "location": [
                0.38181760907173157,
                -0.5371754169464111,
                -0.8470873236656189
            ],
            "location_world": [
                0.8470873236656189,
                -0.38181760907173157,
                -0.5371754169464111
            ],
            "name": "google_2_of_Jenga_Classic_Game_7",
            "projected_cuboid": [
                [
                    660.3772640228271,
                    470.6048369407654
                ],
                [
                    713.1165266036987,
                    522.1354961395264
                ],
                [
                    554.7279119491577,
                    671.8355417251587
                ],
                [
                    505.9194564819336,
                    614.7511601448059
                ],
                [
                    634.9349021911621,
                    465.97161889076233
                ],
                [
                    682.4785470962524,
                    513.0043029785156
                ],
                [
                    537.2132062911987,
                    649.6497392654419
                ],
                [
                    492.9865598678589,
                    597.9719161987305
                ],
                [
                    597.5396037101746,
                    561.9525909423828
                ]
            ],
            "provenance": "nvisii",
            "quaternion_xyzw": [
                0.632841169834137,
                0.3536090850830078,
                0.6745437383651733,
                -0.13951101899147034
            ],
            "quaternion_xyzw_world": [
                0.08619775623083115,
                -0.40713241696357727,
                0.9002525210380554,
                0.12790034711360931
            ],
            "segmentation_id": 8,
            "visibility": -1
        },
        {
            "bounding_box_minx_maxx_miny_maxy": [
                -1,
                -1,
                -1,
                -1
            ],
            "class": "2",
            "local_cuboid": null,
            "local_to_world_matrix": [
                [
                    0.0225563645362854,
                    -0.7569819688796997,
                    0.6530463099479675,
                    0.0
                ],
                [
                    0.9513653516769409,
                    -0.18449020385742188,
                    -0.24671314656734467,
                    0.0
                ],
                [
                    0.3072381019592285,
                    0.6268505454063416,
                    0.7160049676895142,
                    0.0
                ],
                [
                    1.7089035511016846,
                    0.43740522861480713,
                    -0.41804811358451843,
                    1.0
                ]
            ],
            "location": [
                -0.43740522861480713,
                -0.41804811358451843,
                -1.7089035511016846
            ],
            "location_world": [
                1.7089035511016846,
                0.43740522861480713,
                -0.41804811358451843
            ],
            "name": "google_2_of_Jenga_Classic_Game_8",
            "projected_cuboid": [
                [
                    44.6942001581192,
                    309.2573285102844
                ],
                [
                    58.76988172531128,
                    313.50427865982056
                ],
                [
                    112.11498081684113,
                    388.89509439468384
                ],
                [
                    99.84935820102692,
                    388.0472183227539
                ],
                [
                    23.979604244232178,
                    327.0084261894226
                ],
                [
                    38.9743447303772,
                    330.483615398407
                ],
                [
                    91.3575142621994,
                    406.8228006362915
                ],
                [
                    78.07904481887817,
                    406.837522983551
                ],
                [
                    67.95141100883484,
                    357.88440704345703
                ]
            ],
            "provenance": "nvisii",
            "quaternion_xyzw": [
                -0.7600877285003662,
                -0.2754736542701721,
                0.21359604597091675,
                0.5484137535095215
            ],
            "quaternion_xyzw_world": [
                -0.3503718078136444,
                -0.13869790732860565,
                -0.6851895451545715,
                0.6233119368553162
            ],
            "segmentation_id": 9,
            "visibility": -1
        },
        {
            "bounding_box_minx_maxx_miny_maxy": [
                -1,
                -1,
                -1,
                -1
            ],
            "class": "2",
            "local_cuboid": null,
            "local_to_world_matrix": [
                [
                    0.8837943077087402,
                    -0.002708226442337036,
                    0.4678679406642914,
                    0.0
                ],
                [
                    -0.06538362056016922,
                    0.9894559383392334,
                    0.12923595309257507,
                    0.0
                ],
                [
                    -0.4632847011089325,
                    -0.14480888843536377,
                    0.8742984533309937,
                    0.0
                ],
                [
                    1.7268849611282349,
                    -0.7166339755058289,
                    -0.8012033700942993,
                    1.0
                ]
            ],
            "location": [
                0.7166339755058289,
                -0.8012033700942993,
                -1.7268849611282349
            ],
            "location_world": [
                1.7268849611282349,
                -0.7166339755058289,
                -0.8012033700942993
            ],
            "name": "google_2_of_Jenga_Classic_Game_9",
            "projected_cuboid": [
                [
                    546.6877818107605,
                    447.3987817764282
                ],
                [
                    516.6396498680115,
                    444.0135061740875
                ],
                [
                    481.6121459007263,
                    516.7158842086792
                ],
                [
                    509.46545600891113,
                    519.614040851593
                ],
                [
                    559.8694682121277,
                    470.508873462677
                ],
                [
                    528.5199880599976,
                    467.0538306236267
                ],
                [
                    491.0951256752014,
                    540.9111380577087
                ],
                [
                    520.0633406639099,
                    543.8497066497803
                ],
                [
                    518.3881521224976,
                    495.0014352798462
                ]
            ],
            "provenance": "nvisii",
            "quaternion_xyzw": [
                -0.32022953033447266,
                0.4071987271308899,
                0.5769187211990356,
                0.6315118670463562
            ],
            "quaternion_xyzw_world": [
                0.07078120112419128,
                -0.24050116539001465,
                0.016188006848096848,
                0.9679294228553772
            ],
            "segmentation_id": 10,
            "visibility": -1
        },
        {
            "bounding_box_minx_maxx_miny_maxy": [
                -1,
                -1,
                -1,
                -1
            ],
            "class": "2",
            "local_cuboid": null,
            "local_to_world_matrix": [
                [
                    0.8823292255401611,
                    0.36141127347946167,
                    0.30145812034606934,
                    0.0
                ],
                [
                    0.4679211378097534,
                    -0.7423194646835327,
                    -0.47959524393081665,
                    0.0
                ],
                [
                    0.050447121262550354,
                    0.5642195343971252,
                    -0.8240821361541748,
                    0.0
                ],
                [
                    0.90326988697052,
                    -0.21666046977043152,
                    0.255266010761261,
                    1.0
                ]
            ],
            "location": [
                0.21666046977043152,
                0.255266010761261,
                -0.90326988697052
            ],
            "location_world": [
                0.90326988697052,
                -0.21666046977043152,
                0.255266010761261
            ],
            "name": "google_2_of_Jenga_Classic_Game_10",
            "projected_cuboid": [
                [
                    254.0360391139984,
                    219.79054808616638
                ],
                [
                    292.7713394165039,
                    246.14976346492767
                ],
                [
                    397.2826302051544,
                    94.40557658672333
                ],
                [
                    362.42249608039856,
                    61.09440326690674
                ],
                [
                    274.29118752479553,
                    233.97892713546753
                ],
                [
                    315.1261806488037,
                    261.7492377758026
                ],
                [
                    428.19851636886597,
                    98.3722060918808
                ],
                [
                    391.9185996055603,
                    62.51370906829834
                ],
                [
                    338.9737904071808,
                    160.5757772922516
                ]
            ],
            "provenance": "nvisii",
            "quaternion_xyzw": [
                0.540516197681427,
                0.48276886343955994,
                -0.6690589189529419,
                0.16473188996315002
            ],
            "quaternion_xyzw_world": [
                0.9285379648208618,
                0.2232898473739624,
                0.09474712610244751,
                -0.28103718161582947
            ],
            "segmentation_id": 11,
            "visibility": -1
        },
        {
            "bounding_box_minx_maxx_miny_maxy": [
                -1,
                -1,
                -1,
                -1
            ],
            "class": "2",
            "local_cuboid": null,
            "local_to_world_matrix": [
                [
                    -0.9175280332565308,
                    0.2002587914466858,
                    -0.34356755018234253,
                    0.0
                ],
                [
                    0.1327303946018219,
                    -0.6601883172988892,
                    -0.7392793893814087,
                    0.0
                ],
                [
                    -0.3748664855957031,
                    -0.7239114046096802,
                    0.5791609287261963,
                    0.0
                ],
                [
                    1.1533808708190918,
                    -0.1848175823688507,
                    0.28129103779792786,
                    1.0
                ]
            ],
            "location": [
                0.1848175823688507,
                0.28129103779792786,
                -1.1533808708190918
            ],
            "location_world": [
                1.1533808708190918,
                -0.1848175823688507,
                0.28129103779792786
            ],
            "name": "google_2_of_Jenga_Classic_Game_11",
            "projected_cuboid": [
                [
                    467.1143591403961,
                    -31.96406364440918
                ],
                [
                    497.91616201400757,
                    8.335471153259277
                ],
                [
                    360.07457971572876,
                    122.83949553966522
                ],
                [
                    330.9171199798584,
                    87.66412734985352
                ],
                [
                    461.36265993118286,
                    -28.19409966468811
                ],
                [
                    490.1703894138336,
                    9.37981903553009
                ],
                [
                    361.38612031936646,
                    116.853728890419
                ],
                [
                    334.0235650539398,
                    83.77209305763245
                ],
                [
                    409.6047878265381,
                    48.98349940776825
                ]
            ],
            "provenance": "nvisii",
            "quaternion_xyzw": [
                0.5394798517227173,
                0.14672502875328064,
                0.760658323764801,
                -0.32989707589149475
            ],
            "quaternion_xyzw_world": [
                -0.20217527449131012,
                -0.41175806522369385,
                0.8883801698684692,
                0.019003238528966904
            ],
            "segmentation_id": 12,
            "visibility": -1
        },
        {
            "bounding_box_minx_maxx_miny_maxy": [
                -1,
                -1,
                -1,
                -1
            ],
            "class": "2",
            "local_cuboid": null,
            "local_to_world_matrix": [
                [
                    -0.9701474905014038,
                    -0.006448723375797272,
                    -0.2424318939447403,
                    0.0
                ],
                [
                    0.2073478400707245,
                    0.49642086029052734,
                    -0.8429551720619202,
                    0.0
                ],
                [
                    0.1257842630147934,
                    -0.8680581450462341,
                    -0.4802645444869995,
                    0.0
                ],
                [
                    1.5855371952056885,
                    0.020800422877073288,
                    -0.40561044216156006,
                    1.0
                ]
            ],
            "location": [
                -0.020800422877073288,
                -0.40561044216156006,
                -1.5855371952056885
            ],
            "location_world": [
                1.5855371952056885,
                0.020800422877073288,
                -0.40561044216156006
            ],
            "name": "google_2_of_Jenga_Classic_Game_12",
            "projected_cuboid": [
                [
                    347.313791513443,
                    449.17169213294983
                ],
                [
                    330.3605318069458,
                    473.9537239074707
                ],
                [
                    233.9082807302475,
                    424.82849955558777
                ],
                [
                    250.1688301563263,
                    398.89559149742126
                ],
                [
                    342.6191508769989,
                    432.95562267303467
                ],
                [
                    326.4923691749573,
                    456.771582365036
                ],
                [
                    234.4745695590973,
                    409.56252813339233
                ],
                [
                    249.9707192182541,
                    384.6930265426636
                ],
                [
                    289.8864150047302,
                    429.01337146759033
                ]
            ],
            "provenance": "nvisii",
            "quaternion_xyzw": [
                -0.7027069330215454,
                0.2628595530986786,
                -0.6539729237556458,
                -0.09709468483924866
            ],
            "quaternion_xyzw_world": [
                0.05851541459560394,
                0.8583170771598816,
                -0.49836283922195435,
                0.10724945366382599
            ],
            "segmentation_id": 13,
            "visibility": -1
        },
        {
            "bounding_box_minx_maxx_miny_maxy": [
                -1,
                -1,
                -1,
                -1
            ],
            "class": "2",
            "local_cuboid": null,
            "local_to_world_matrix": [
                [
                    0.7960273623466492,
                    0.5106625556945801,
                    0.32490646839141846,
                    0.0
