{
    "camera_data": {
        "camera_look_at": {
            "at": [
                1.0,
                0.0,
                0.0
            ],
            "eye": [
                0.0,
                0.0,
                0.0
            ],
            "up": [
                0.0,
                0.0,
                1.0
            ]
        },
        "camera_view_matrix": [
            [
                0.0,
                0.0,
                -1.0,
                0.0
            ],
            [
                -1.0,
                0.0,
                0.0,
                0.0
            ],
            [
                0.0,
                1.0,
                0.0,
                0.0
            ],
            [
                0.0,
                0.0,
                0.0,
                1.0
            ]
        ],
        "height": 500,
        "intrinsics": {
            "cx": 250.0,
            "cy": 250.0,
            "fx": 603.5535278320312,
            "fy": 603.5535278320312
        },
        "location_world": [
            0.0,
            0.0,
            0.0
        ],
        "quaternion_world_xyzw": [
            0.5,
            -0.5,
            -0.5,
            0.5
        ],
        "width": 500
    },
    "objects": [
        {
            "bounding_box_minx_maxx_miny_maxy": [
                -1,
                -1,
                -1,
                -1
            ],
            "class": "2",
            "local_cuboid": null,
            "local_to_world_matrix": [
                [
                    0.09576725959777832,
                    -0.38120967149734497,
                    -0.9195150136947632,
                    0.0
                ],
                [
                    0.2718937397003174,
                    0.8986497521400452,
                    -0.344241738319397,
                    0.0
                ],
                [
                    0.9575502872467041,
                    -0.21704328060150146,
                    0.18970972299575806,
                    0.0
                ],
                [
                    1.6701397895812988,
                    0.5425764322280884,
                    -0.5498233437538147,
                    1.0
                ]
            ],
            "location": [
                -0.5425764322280884,
                -0.5498233437538147,
                -1.6701397895812988
            ],
            "location_world": [
                1.6701397895812988,
                0.5425764322280884,
                -0.5498233437538147
            ],
            "name": "google_2_of_Jenga_Classic_Game_0",
            "projected_cuboid": [
                [
                    117.55652725696564,
                    410.392701625824
                ],
                [
                    95.79810500144958,
                    417.446494102478
                ],
                [
                    47.50412702560425,
                    465.07930755615234
                ],
                [
                    72.25640118122101,
                    457.4965536594391
                ],
                [
                    107.65720903873444,
                    388.3885443210602
                ],
                [
                    85.93092858791351,
                    395.72757482528687
                ],
                [
                    35.77464818954468,
                    439.9542510509491
                ],
                [
                    60.477182269096375,
                    431.988388299942
                ],
                [
                    79.65102791786194,
                    424.09437894821167
                ]
            ],
            "provenance": "nvisii",
            "quaternion_xyzw": [
                -0.8189935684204102,
                0.5549997687339783,
                -0.03701982647180557,
                0.1409057080745697
            ],
            "quaternion_xyzw_world": [
                -0.04303411766886711,
                0.6350536942481995,
                -0.22095967829227448,
                0.7389395833015442
            ],
            "segmentation_id": 1,
            "visibility": -1
        },
        {
            "bounding_box_minx_maxx_miny_maxy": [
                -1,
                -1,
                -1,
                -1
            ],
            "class": "2",
            "local_cuboid": null,
            "local_to_world_matrix": [
                [
                    0.8435131311416626,
                    0.5158704519271851,
                    -0.14954358339309692,
                    0.0
                ],
                [
                    -0.36328116059303284,
                    0.3428853154182434,
                    -0.8662890791893005,
                    0.0
                ],
                [
                    -0.3956165313720703,
                    0.7850525975227356,
                    0.4766342043876648,
                    0.0
                ],
                [
                    1.6373839378356934,
                    -0.5901963710784912,
                    0.6266275644302368,
                    1.0
                ]
            ],
            "location": [
                0.5901963710784912,
                0.6266275644302368,
                -1.6373839378356934
            ],
            "location_world": [
                1.6373839378356934,
                -0.5901963710784912,
                0.6266275644302368
            ],
            "name": "google_2_of_Jenga_Classic_Game_1",
            "projected_cuboid": [
                [
                    386.44760847091675,
                    -56.137025356292725
                ],
                [
                    377.81697511672974,
                    -33.56337547302246
                ],
                [
                    452.5049328804016,
                    36.99573874473572
                ],
                [
                    459.1851234436035,
                    14.685556292533875
                ],
                [
                    408.81726145744324,
                    -74.4171142578125
                ],
                [
                    400.26259422302246,
                    -51.20447278022766
                ],
                [
                    476.44615173339844,
                    23.592934012413025
                ],
                [
                    482.94728994369507,
                    0.6199181079864502
                ],
                [
                    431.70809745788574,
                    -16.04059338569641
                ]
            ],
            "provenance": "nvisii",
            "quaternion_xyzw": [
                -0.48856988549232483,
                0.25197476148605347,
                0.8333330750465393,
                0.05800260603427887
            ],
            "quaternion_xyzw_world": [
                -0.5059628486633301,
                -0.07539551705121994,
                0.26936766505241394,
                0.8159402012825012
            ],
            "segmentation_id": 2,
            "visibility": -1
        },
        {
            "bounding_box_minx_maxx_miny_maxy": [
                -1,
                -1,
                -1,
                -1
            ],
            "class": "2",
            "local_cuboid": null,
            "local_to_world_matrix": [
                [
                    -0.7966904640197754,
                    -0.1138230711221695,
                    -0.593572735786438,
                    0.0
                ],
                [
                    0.433463454246521,
                    0.5767961740493774,
                    -0.6923984289169312,
                    0.0
                ],
                [
                    0.42118141055107117,
                    -0.8089193105697632,
                    -0.4101898670196533,
                    0.0
                ],
                [
                    1.7756694555282593,
                    0.7651666402816772,
                    0.3621163070201874,
                    1.0
                ]
            ],
            "location": [
                -0.7651666402816772,
                0.3621163070201874,
                -1.7756694555282593
            ],
            "location_world": [
                1.7756694555282593,
                0.7651666402816772,
                0.3621163070201874
            ],
            "name": "google_2_of_Jenga_Classic_Game_2",
            "projected_cuboid": [
                [
                    86.77926659584045,
                    168.99600625038147
                ],
                [
                    74.3580311536789,
                    189.2823576927185
                ],
                [
                    -18.81307363510132,
                    144.01546120643616
                ],
                [
                    -7.482200860977173,
                    121.32316827774048
                ],
                [
                    89.31022882461548,
                    156.87640011310577
                ],
                [
                    77.24212110042572,
                    176.73607170581818
                ],
                [
                    -12.52669095993042,
                    132.18216598033905
                ],
                [
                    -1.4653503894805908,
                    110.04498600959778
                ],
                [
                    37.44487464427948,
                    150.7072001695633
                ]
            ],
            "provenance": "nvisii",
            "quaternion_xyzw": [
                -0.7462243437767029,
                0.3920968770980835,
                -0.5379112362861633,
                0.007797107100486755
            ],
            "quaternion_xyzw_world": [
                0.09579045325517654,
                0.8342176675796509,
                -0.44991788268089294,
                0.3041035532951355
            ],
            "segmentation_id": 3,
            "visibility": -1
        },
        {
            "bounding_box_minx_maxx_miny_maxy": [
                -1,
                -1,
                -1,
                -1
            ],
            "class": "2",
            "local_cuboid": null,
            "local_to_world_matrix": [
                [
                    -0.613689661026001,
                    -0.33590608835220337,
                    0.714529275894165,
                    0.0
                ],
                [
                    -0.7894092202186584,
                    0.27796846628189087,
                    -0.5473268032073975,
                    0.0
                ],
                [
                    -0.014766186475753784,
                    -0.8999447822570801,
                    -0.4357537031173706,
                    0.0
                ],
                [
                    1.6512744426727295,
                    -0.5317736268043518,
                    -0.43741950392723083,
                    1.0
                ]
            ],
            "location": [
                0.5317736268043518,
                -0.43741950392723083,
                -1.6512744426727295
            ],
            "location_world": [
                1.6512744426727295,
                -0.5317736268043518,
                -0.43741950392723083
            ],
            "name": "google_2_of_Jenga_Classic_Game_3",
            "projected_cuboid": [
                [
                    548.7061142921448,
                    437.10535764694214
                ],
                [
                    552.3203015327454,
                    462.50075101852417
                ],
                [
                    451.9541263580322,
                    413.72448205947876
                ],
                [
                    452.37845182418823,
                    390.35314321517944
                ],
                [
                    530.8394432067871,
                    451.7500698566437
                ],
                [
                    533.6196422576904,
                    476.99081897735596
                ],
                [
                    436.26147508621216,
                    429.61442470550537
                ],
                [
                    437.2858703136444,
                    406.2853753566742
                ],
                [
                    492.7212595939636,
                    433.3757162094116
                ]
            ],
            "provenance": "nvisii",
            "quaternion_xyzw": [
                -0.6834593415260315,
                -0.15968792140483856,
                -0.5536665916442871,
                -0.4481477737426758
            ],
            "quaternion_xyzw_world": [
                -0.3688141703605652,
                0.7627928853034973,
                -0.4743330776691437,
                -0.2390214502811432
            ],
            "segmentation_id": 4,
            "visibility": -1
        },
        {
            "bounding_box_minx_maxx_miny_maxy": [
                -1,
                -1,
                -1,
                -1
            ],
            "class": "2",
            "local_cuboid": null,
            "local_to_world_matrix": [
                [
                    0.21111297607421875,
                    0.8761916756629944,
                    -0.43326616287231445,
                    0.0
                ],
                [
                    -0.43481630086898804,
                    0.4811666011810303,
                    0.7611922025680542,
                    0.0
                ],
                [
                    0.8754234313964844,
                    0.027693599462509155,
                    0.4825628995895386,
                    0.0
                ],
                [
                    1.7161202430725098,
                    -0.3475883901119232,
                    -0.10193943232297897,
                    1.0
                ]
            ],
            "location": [
                0.3475883901119232,
                -0.10193943232297897,
                -1.7161202430725098
            ],
            "location_world": [
                1.7161202430725098,
                -0.3475883901119232,
                -0.10193943232297897
            ],
            "name": "google_2_of_Jenga_Classic_Game_4",
            "projected_cuboid": [
                [
                    348.2362627983093,
                    253.08820605278015
                ],
                [
                    337.5752568244934,
                    233.37215185165405
                ],
                [
                    353.5626530647278,
                    280.7447016239166
                ],
                [
                    365.45106768608093,
                    302.35555768013
                ],
                [
                    370.1114058494568,
                    242.7053451538086
                ],
                [
                    359.7720265388489,
                    222.6245254278183
                ],
                [
                    379.2766332626343,
                    268.8373327255249
                ],
                [
                    390.7328248023987,
                    290.90994596481323
                ],
                [
                    362.45572566986084,
                    260.3027820587158
                ]
            ],
            "provenance": "nvisii",
            "quaternion_xyzw": [
                -0.24394655227661133,
                0.9371242523193359,
                0.24473252892494202,
                0.048931464552879333
            ],
            "quaternion_xyzw_world": [
                0.24868829548358917,
                0.44370338320732117,
                0.44448938965797424,
                0.7373673915863037
            ],
            "segmentation_id": 5,
            "visibility": -1
        },
        {
            "bounding_box_minx_maxx_miny_maxy": [
                -1,
                -1,
                -1,
                -1
            ],
            "class": "2",
            "local_cuboid": null,
            "local_to_world_matrix": [
                [
                    -0.19569242000579834,
                    0.7322553992271423,
                    0.6523085236549377,
                    0.0
                ],
                [
                    -0.5739290118217468,
                    -0.6248742341995239,
                    0.5292802453041077,
                    0.0
                ],
                [
                    0.7951791882514954,
                    -0.27080267667770386,
                    0.5425457954406738,
                    0.0
                ],
                [
                    1.6845110654830933,
                    -0.23855695128440857,
                    0.6646775007247925,
                    1.0
                ]
            ],
            "location": [
                0.23855695128440857,
                0.6646775007247925,
                -1.6845110654830933
            ],
            "location_world": [
                1.6845110654830933,
                -0.23855695128440857,
                0.6646775007247925
            ],
            "name": "google_2_of_Jenga_Classic_Game_5",
            "projected_cuboid": [
                [
                    331.91362023353577,
                    -8.023947477340698
                ],
                [
                    350.9151041507721,
                    -28.968721628189087
                ],
                [
                    336.20962500572205,
                    -10.299205780029297
                ],
                [
                    315.0325417518616,
                    12.973636388778687
                ],
                [
                    349.1554260253906,
                    9.957462549209595
                ],
                [
                    368.44220757484436,
                    -10.358542203903198
                ],
                [
                    356.31346702575684,
                    10.729581117630005
                ],
                [
                    334.7592353820801,
                    33.19935500621796
                ],
                [
                    343.21480989456177,
                    0.6621330976486206
                ]
            ],
            "provenance": "nvisii",
            "quaternion_xyzw": [
                0.3652545213699341,
                0.8741731643676758,
                0.3192944824695587,
                0.02148038148880005
            ],
            "quaternion_xyzw_world": [
                0.4708067774772644,
                0.08407186716794968,
                0.7686209082603455,
                0.4248467683792114
            ],
            "segmentation_id": 6,
            "visibility": -1
        },
        {
            "bounding_box_minx_maxx_miny_maxy": [
                -1,
                -1,
                -1,
                -1
            ],
            "class": "2",
            "local_cuboid": null,
            "local_to_world_matrix": [
                [
                    -0.09229922294616699,
                    -0.9927991032600403,
                    0.07636082172393799,
                    0.0
                ],
                [
                    -0.57942134141922,
                    -0.008816003799438477,
                    -0.8149805665016174,
                    0.0
                ],
                [
                    0.8097851276397705,
                    -0.11946707963943481,
                    -0.5744352340698242,
                    0.0
                ],
                [
                    0.7819145321846008,
                    0.03160369396209717,
                    -0.46254605054855347,
                    1.0
                ]
            ],
            "location": [
                -0.03160369396209717,
                -0.46254605054855347,
                -0.7819145321846008
            ],
            "location_world": [
                0.7819145321846008,
                0.03160369396209717,
                -0.46254605054855347
            ],
            "name": "google_2_of_Jenga_Classic_Game_6",
            "projected_cuboid": [
                [
                    274.42580461502075,
                    594.3129658699036
                ],
                [
                    276.08612179756165,
                    653.2598733901978
                ],
                [
                    256.3319504261017,
                    645.452618598938
                ],
                [
                    255.3863823413849,
                    569.6126222610474
                ],
                [
                    229.0898710489273,
                    595.3915119171143
                ],
                [
                    228.51479053497314,
                    653.9610624313354
                ],
                [
                    194.16558742523193,
                    646.4464664459229
                ],
                [
                    196.9832479953766,
                    571.22802734375
                ],
                [
                    240.4961735010147,
                    616.3522005081177
                ]
            ],
            "provenance": "nvisii",
            "quaternion_xyzw": [
                -0.9509948492050171,
                -0.02239149808883667,
                -0.05566966533660889,
                -0.30332881212234497
            ],
            "quaternion_xyzw_world": [
                -0.6105227470397949,
                0.6438009142875671,
                -0.36286360025405884,
                0.2848024368286133
            ],
            "segmentation_id": 7,
            "visibility": -1
        },
        {
            "bounding_box_minx_maxx_miny_maxy": [
                -1,
                -1,
                -1,
                -1
            ],
            "class": "2",
            "local_cuboid": null,
            "local_to_world_matrix": [
                [
                    -0.6481260061264038,
                    0.7457551956176758,
                    -0.154213547706604,
                    0.0
                ],
                [
                    0.11911723017692566,
                    -0.10073351860046387,
                    -0.9877569675445557,
                    0.0
                ],
                [
                    -0.7521593570709229,
                    -0.6585605144500732,
                    -0.0235443115234375,
                    0.0
                ],
                [
                    1.5517396926879883,
                    0.6334104537963867,
                    -0.4502582848072052,
                    1.0
                ]
            ],
            "location": [
                -0.6334104537963867,
                -0.4502582848072052,
                -1.5517396926879883
            ],
            "location_world": [
                1.5517396926879883,
                0.6334104537963867,
                -0.4502582848072052
            ],
            "name": "google_2_of_Jenga_Classic_Game_7",
            "projected_cuboid": [
                [
                    29.854685068130493,
                    445.46371698379517
                ],
                [
                    35.457298159599304,
                    482.3472201824188
                ],
                [
                    -9.582877159118652,
                    446.2983012199402
                ],
                [
                    -14.674097299575806,
                    414.50363397598267
                ],
                [
                    64.42800164222717,
                    432.6464831829071
                ],
                [
                    69.56519186496735,
                    468.2406187057495
                ],
                [
                    21.244525909423828,
                    435.31522154808044
                ],
                [
                    16.51601493358612,
                    404.48424220085144
                ],
                [
                    25.130316615104675,
                    439.8952126502991
                ]
            ],
            "provenance": "nvisii",
            "quaternion_xyzw": [
                0.34994372725486755,
                -0.03820616006851196,
                0.9334976077079773,
                -0.06827735900878906
            ],
            "quaternion_xyzw_world": [
                -0.34501874446868896,
                -0.6266850829124451,
                0.6567562818527222,
                0.23853519558906555
            ],
            "segmentation_id": 8,
            "visibility": -1
        },
        {
            "bounding_box_minx_maxx_miny_maxy": [
                -1,
                -1,
                -1,
                -1
            ],
            "class": "2",
            "local_cuboid": null,
            "local_to_world_matrix": [
                [
                    -0.8393973112106323,
                    -0.506658673286438,
                    -0.19674651324748993,
                    0.0
                ],
                [
                    -0.3523862361907959,
                    0.2317119836807251,
                    0.9067157506942749,
                    0.0
                ],
                [
                    -0.41380685567855835,
                    0.830425500869751,
                    -0.37303805351257324,
                    0.0
                ],
                [
                    1.7261569499969482,
                    0.38975128531455994,
                    -0.6286329627037048,
                    1.0
                ]
            ],
            "location": [
                -0.38975128531455994,
                -0.6286329627037048,
                -1.7261569499969482
            ],
            "location_world": [
                1.7261569499969482,
                0.38975128531455994,
                -0.6286329627037048
            ],
            "name": "google_2_of_Jenga_Classic_Game_8",
            "projected_cuboid": [
                [
                    20.853787660598755,
                    548.0210781097412
                ],
                [
                    8.8929682970047,
                    524.0432024002075
                ],
                [
                    113.49594593048096,
                    465.1171863079071
                ],
                [
                    122.7879673242569,
                    488.4245991706848
                ],
                [
                    15.44053852558136,
                    530.4188132286072
                ],
                [
                    3.8683265447616577,
                    507.0962905883789
                ],
                [
                    104.84875738620758,
                    451.58135890960693
                ],
                [
                    113.93900215625763,
                    474.24593567848206
                ],
                [
                    64.83465433120728,
                    497.5239634513855
                ]
            ],
            "provenance": "nvisii",
            "quaternion_xyzw": [
                -0.21571743488311768,
                0.49655067920684814,
                -0.010397598147392273,
                -0.840711236000061
            ],
            "quaternion_xyzw_world": [
                -0.27474018931388855,
                0.7816884517669678,
                0.5555734038352966,
                -0.06942035257816315
            ],
            "segmentation_id": 9,
            "visibility": -1
        },
        {
            "bounding_box_minx_maxx_miny_maxy": [
                -1,
                -1,
                -1,
                -1
            ],
            "class": "2",
            "local_cuboid": null,
            "local_to_world_matrix": [
                [
                    -0.7354270219802856,
                    -0.1193428635597229,
                    -0.6670116782188416,
                    0.0
                ],
                [
                    0.5051493644714355,
                    0.5595325231552124,
                    -0.6570749282836914,
                    0.0
                ],
                [
                    0.45163196325302124,
                    -0.8201711177825928,
                    -0.3512094020843506,
                    0.0
                ],
                [
                    1.2216746807098389,
                    -0.5026344060897827,
                    -0.3472801744937897,
                    1.0
                ]
            ],
            "location": [
                0.5026344060897827,
                -0.3472801744937897,
                -1.2216746807098389
            ],
            "location_world": [
                1.2216746807098389,
                -0.5026344060897827,
                -0.3472801744937897
            ],
            "name": "google_2_of_Jenga_Classic_Game_9",
            "projected_cuboid": [
                [
                    606.85133934021,
                    457.6598107814789
                ],
                [
                    574.3556022644043,
                    475.9588837623596
                ],
                [
                    490.4964864253998,
                    449.51027631759644
                ],
                [
                    523.598313331604,
                    428.18719148635864
                ],
                [
                    587.4686241149902,
                    425.4798889160156
                ],
                [
                    556.9046139717102,
                    444.0004825592041
                ],
                [
                    475.0604033470154,
                    415.4437482357025
                ],
                [
                    506.0645341873169,
                    393.94497871398926
                ],
                [
                    541.7555570602417,
                    436.80793046951294
                ]
            ],
            "provenance": "nvisii",
            "quaternion_xyzw": [
                -0.7463326454162598,
                0.41085705161094666,
                -0.5210806131362915,
                0.051565468311309814
            ],
            "quaternion_xyzw_world": [
                0.11858527362346649,
                0.8133524656295776,
                -0.4540608525276184,
                0.34383729100227356
            ],
            "segmentation_id": 10,
            "visibility": -1
        },
        {
            "bounding_box_minx_maxx_miny_maxy": [
                -1,
                -1,
                -1,
                -1
            ],
            "class": "2",
            "local_cuboid": null,
            "local_to_world_matrix": [
                [
                    -0.29907119274139404,
                    -0.24522103369235992,
                    -0.9221838116645813,
                    0.0
                ],
                [
                    0.5223689675331116,
                    0.7666773796081543,
                    -0.3732779622077942,
                    0.0
                ],
                [
                    0.7985530495643616,
                    -0.5933569073677063,
                    -0.10119521617889404,
                    0.0
                ],
                [
                    1.7338848114013672,
                    -0.6293351054191589,
                    0.39565300941467285,
                    1.0
                ]
            ],
            "location": [
                0.6293351054191589,
                0.39565300941467285,
                -1.7338848114013672
            ],
            "location_world": [
                1.7338848114013672,
                -0.6293351054191589,
                0.39565300941467285
            ],
            "name": "google_2_of_Jenga_Classic_Game_10",
            "projected_cuboid": [
                [
                    513.713002204895,
                    142.13496446609497
                ],
                [
                    488.0712628364563,
                    154.16140854358673
                ],
                [
                    459.9337577819824,
                    131.1153918504715
                ],
                [
                    488.3638024330139,
                    116.84088408946991
                ],
                [
                    504.56714630126953,
                    120.99781632423401
                ],
                [
                    479.42930459976196,
                    133.34840536117554
                ],
                [
                    450.52704215049744,
                    107.86363482475281
                ],
                [
                    478.3272445201874,
                    93.18947792053223
                ],
                [
                    483.53326320648193,
                    125.76581537723541
                ]
            ],
            "provenance": "nvisii",
            "quaternion_xyzw": [
                -0.7773435711860657,
                0.5431514978408813,
                -0.28701213002204895,
                0.13545289635658264
            ],
            "quaternion_xyzw_world": [
                0.09413645416498184,
                0.7360271215438843,
                -0.32832854986190796,
                0.584467887878418
            ],
            "segmentation_id": 11,
            "visibility": -1
        },
        {
            "bounding_box_minx_maxx_miny_maxy": [
                -1,
                -1,
                -1,
                -1
            ],
            "class": "2",
            "local_cuboid": null,
            "local_to_world_matrix": [
                [
                    0.7326934933662415,
                    0.6615223288536072,
                    -0.15983879566192627,
                    0.0
                ],
                [
                    0.5504873394966125,
                    -0.7141754627227783,
                    -0.43233901262283325,
                    0.0
                ],
                [
                    -0.40015488862991333,
                    0.2287827581167221,
                    -0.8874313831329346,
                    0.0
                ],
                [
                    1.9481183290481567,
                    0.3274190127849579,
                    0.7329527735710144,
                    1.0
                ]
            ],
            "location": [
                -0.3274190127849579,
                0.7329527735710144,
                -1.9481183290481567
            ],
            "location_world": [
                1.9481183290481567,
                0.3274190127849579,
                0.7329527735710144
            ],
            "name": "google_2_of_Jenga_Classic_Game_11",
            "projected_cuboid": [
                [
                    101.97460651397705,
                    90.4092937707901
                ],
                [
                    124.95340406894684,
                    106.04709386825562
                ],
                [
                    152.4251103401184,
                    36.242276430130005
                ],
                [
                    131.47464394569397,
                    19.879266619682312
                ],
                [
                    114.86953496932983,
                    80.94660937786102
                ],
                [
                    138.247549533844,
                    97.32045233249664
                ],
                [
                    165.73676466941833,
                    25.963589549064636
                ],
                [
                    144.47395503520966,
                    8.84978473186493
                ],
                [
                    134.7462236881256,
                    57.28644132614136
                ]
            ],
            "provenance": "nvisii",
            "quaternion_xyzw": [
                0.30441004037857056,
                0.4552549719810486,
                -0.7896227240562439,
                0.2767189145088196
            ],
            "quaternion_xyzw_world": [
                0.9130033254623413,
                0.33187437057495117,
                -0.15333834290504456,
                -0.18102940917015076
            ],
            "segmentation_id": 12,
            "visibility": -1
        },
        {
            "bounding_box_minx_maxx_miny_maxy": [
                -1,
                -1,
                -1,
                -1
            ],
            "class": "2",
            "local_cuboid": null,
            "local_to_world_matrix": [
                [
                    -0.798271894454956,
                    -0.39301133155822754,
                    -0.45640331506729126,
                    0.0
                ],
                [
                    0.533722996711731,
                    -0.8127396106719971,
                    -0.23365333676338196,
                    0.0
                ],
                [
                    -0.2791087031364441,
                    -0.4301118552684784,
                    0.8585464954376221,
                    0.0
                ],
                [
                    1.0593072175979614,
                    0.46142464876174927,
                    -0.6352601051330566,
                    1.0
                ]
            ],
            "location": [
                -0.46142464876174927,
                -0.6352601051330566,
                -1.0593072175979614
            ],
            "location_world": [
                1.0593072175979614,
                0.46142464876174927,
                -0.6352601051330566
            ],
            "name": "google_2_of_Jenga_Classic_Game_12",
            "projected_cuboid": [
                [
                    18.29303801059723,
                    506.511926651001
                ],
                [
                    71.82365655899048,
                    506.8706274032593
                ],
                [
                    13.4611576795578,
                    631.0358047485352
                ],
                [
                    -38.34459185600281,
                    636.2724304199219
                ],
                [
                    14.116674661636353,
                    468.1185781955719
                ],
                [
                    64.56261873245239,
                    470.13235092163086
                ],
                [
                    10.033011436462402,
                    589.9645686149597
                ],
                [
                    -38.86348009109497,
                    593.1599140167236
                ],
                [
                    13.778641819953918,
                    552.1212816238403
                ]
            ],
            "provenance": "nvisii",
            "quaternion_xyzw": [
                0.5804213881492615,
                0.15348175168037415,
                0.5290913581848145,
                -0.5996804237365723
            ],
            "quaternion_xyzw_world": [
                -0.19743435084819794,
                -0.17817525565624237,
                0.9313374757766724,
                -0.24876436591148376
            ],
            "segmentation_id": 13,
            "visibility": -1
        },
        {
            "bounding_box_minx_maxx_miny_maxy": [
                -1,
                -1,
                -1,
                -1
            ],
            "class": "2",
            "local_cuboid": null,
            "local_to_world_matrix": [
                [
                    -0.25835204124450684,
                    0.8159825801849365,
