{
    "camera_data": {
        "camera_look_at": {
            "at": [
                1.0,
                0.0,
                0.0
            ],
            "eye": [
                0.0,
                0.0,
                0.0
            ],
            "up": [
                0.0,
                0.0,
                1.0
            ]
        },
        "camera_view_matrix": [
            [
                0.0,
                0.0,
                -1.0,
                0.0
            ],
            [
                -1.0,
                0.0,
                0.0,
                0.0
            ],
            [
                0.0,
                1.0,
                0.0,
                0.0
            ],
            [
                0.0,
                0.0,
                0.0,
                1.0
            ]
        ],
        "height": 500,
        "intrinsics": {
            "cx": 250.0,
            "cy": 250.0,
            "fx": 603.5535278320312,
            "fy": 603.5535278320312
        },
        "location_world": [
            0.0,
            0.0,
            0.0
        ],
        "quaternion_world_xyzw": [
            0.5,
            -0.5,
            -0.5,
            0.5
        ],
        "width": 500
    },
    "objects": [
        {
            "bounding_box_minx_maxx_miny_maxy": [
                -1,
                -1,
                -1,
                -1
            ],
            "class": "2",
            "local_cuboid": null,
            "local_to_world_matrix": [
                [
                    -0.7946426868438721,
                    -0.5779026746749878,
                    0.1859350949525833,
                    0.0
                ],
                [
                    -0.13503368198871613,
                    -0.130346417427063,
                    -0.9822301268577576,
                    0.0
                ],
                [
                    0.5918692946434021,
                    -0.805629312992096,
                    0.025542378425598145,
                    0.0
                ],
                [
                    0.5064713358879089,
                    0.38218772411346436,
                    0.49150198698043823,
                    1.0
                ]
            ],
            "location": [
                -0.38218772411346436,
                0.49150198698043823,
                -0.5064713358879089
            ],
            "location_world": [
                0.5064713358879089,
                0.38218772411346436,
                0.49150198698043823
            ],
            "name": "google_2_of_Jenga_Classic_Game_0",
            "projected_cuboid": [
                [
                    130.35951554775238,
                    -255.74594736099243
                ],
                [
                    138.57750594615936,
                    -186.79293990135193
                ],
                [
                    -205.0025463104248,
                    -338.0586504936218
                ],
                [
                    -208.02828669548035,
                    -428.2160997390747
                ],
                [
                    102.42131352424622,
                    -199.13610816001892
                ],
                [
                    109.45677757263184,
                    -135.39844751358032
                ],
                [
                    -203.10962200164795,
                    -252.14731693267822
                ],
                [
                    -205.8260440826416,
                    -333.7090015411377
                ],
                [
                    -19.278109073638916,
                    -254.13113832473755
                ]
            ],
            "provenance": "nvisii",
            "quaternion_xyzw": [
                0.8876939415931702,
                0.08907389640808105,
                0.45068231225013733,
                0.030835866928100586
            ],
            "quaternion_xyzw_world": [
                0.27846068143844604,
                -0.6400691270828247,
                0.6983071565628052,
                -0.1585509181022644
            ],
            "segmentation_id": 1,
            "visibility": -1
        },
        {
            "bounding_box_minx_maxx_miny_maxy": [
                -1,
                -1,
                -1,
                -1
            ],
            "class": "2",
            "local_cuboid": null,
            "local_to_world_matrix": [
                [
                    -0.787704348564148,
                    -0.41735967993736267,
                    -0.4531366229057312,
                    0.0
                ],
                [
                    0.434019535779953,
                    0.14604538679122925,
                    -0.8889869451522827,
                    0.0
                ],
                [
                    0.43720585107803345,
                    -0.8969290256500244,
                    0.06610161066055298,
                    0.0
                ],
                [
                    1.838168978691101,
                    -0.29975077509880066,
                    -0.2907152473926544,
                    1.0
                ]
            ],
            "location": [
                0.29975077509880066,
                -0.2907152473926544,
                -1.838168978691101
            ],
            "location_world": [
                1.838168978691101,
                -0.29975077509880066,
                -0.2907152473926544
            ],
            "name": "google_2_of_Jenga_Classic_Game_1",
            "projected_cuboid": [
                [
                    434.03375148773193,
                    329.2703926563263
                ],
                [
                    426.76985263824463,
                    350.9792387485504
                ],
                [
                    352.5126278400421,
                    364.42774534225464
                ],
                [
                    358.77376794815063,
                    341.44455194473267
                ],
                [
                    418.2109236717224,
                    315.876841545105
                ],
                [
                    411.4587903022766,
                    337.1598720550537
                ],
                [
                    338.61029148101807,
                    349.23070669174194
                ],
                [
                    344.38595175743103,
                    326.71818137168884
                ],
                [
                    386.68474555015564,
                    339.17468786239624
                ]
            ],
            "provenance": "nvisii",
            "quaternion_xyzw": [
                -0.828183650970459,
                0.1808723509311676,
                -0.5085325837135315,
                0.15096929669380188
            ],
            "quaternion_xyzw_world": [
                0.006095278076827526,
                0.6833096146583557,
                -0.65340656042099,
                0.3257463574409485
            ],
            "segmentation_id": 2,
            "visibility": -1
        },
        {
            "bounding_box_minx_maxx_miny_maxy": [
                -1,
                -1,
                -1,
                -1
            ],
            "class": "2",
            "local_cuboid": null,
            "local_to_world_matrix": [
                [
                    0.501047670841217,
                    -0.41888219118118286,
                    -0.7572905421257019,
                    0.0
                ],
                [
                    -0.8565815091133118,
                    -0.11530089378356934,
                    -0.502964973449707,
                    0.0
                ],
                [
                    0.12336671352386475,
                    0.9006905555725098,
                    -0.41657793521881104,
                    0.0
                ],
                [
                    1.5707550048828125,
                    -0.6067686676979065,
                    -0.1342340111732483,
                    1.0
                ]
            ],
            "location": [
                0.6067686676979065,
                -0.1342340111732483,
                -1.5707550048828125
            ],
            "location_world": [
                1.5707550048828125,
                -0.6067686676979065,
                -0.1342340111732483
            ],
            "name": "google_2_of_Jenga_Classic_Game_2",
            "projected_cuboid": [
                [
                    378.9766728878021,
                    346.01783752441406
                ],
                [
                    388.5369300842285,
                    366.50148034095764
                ],
                [
                    493.90488862991333,
                    321.9541013240814
                ],
                [
                    479.4479012489319,
                    302.9974400997162
                ],
                [
                    369.83054876327515,
                    326.1428475379944
                ],
                [
                    379.20790910720825,
                    346.2216258049011
                ],
                [
                    487.10328340530396,
                    300.029456615448
                ],
                [
                    472.5961685180664,
                    281.59981966018677
                ],
                [
                    430.52375316619873,
                    324.0938186645508
                ]
            ],
            "provenance": "nvisii",
            "quaternion_xyzw": [
                0.7150548696517944,
                -0.22445464134216309,
                -0.49008065462112427,
                0.4451265037059784
            ],
            "quaternion_xyzw_world": [
                0.7129036784172058,
                -0.447277694940567,
                -0.22230346500873566,
                -0.4922318160533905
            ],
            "segmentation_id": 3,
            "visibility": -1
        },
        {
            "bounding_box_minx_maxx_miny_maxy": [
                -1,
                -1,
                -1,
                -1
            ],
            "class": "2",
            "local_cuboid": null,
            "local_to_world_matrix": [
                [
                    -0.10276377201080322,
                    0.1824004352092743,
                    0.9778393507003784,
                    0.0
                ],
                [
                    0.6855169534683228,
                    -0.6993308067321777,
                    0.20249183475971222,
                    0.0
                ],
                [
                    0.7207677364349365,
                    0.6911342740058899,
                    -0.05317282676696777,
                    0.0
                ],
                [
                    1.1393169164657593,
                    0.5335089564323425,
                    0.17729586362838745,
                    1.0
                ]
            ],
            "location": [
                -0.5335089564323425,
                0.17729586362838745,
                -1.1393169164657593
            ],
            "location_world": [
                1.1393169164657593,
                0.5335089564323425,
                0.17729586362838745
            ],
            "name": "google_2_of_Jenga_Classic_Game_3",
            "projected_cuboid": [
                [
                    -103.89390587806702,
                    162.1101200580597
                ],
                [
                    -63.06779384613037,
                    158.3041548728943
                ],
                [
                    -15.022993087768555,
                    133.66946578025818
                ],
                [
                    -61.10483407974243,
                    136.9107961654663
                ],
                [
                    -95.17395496368408,
                    197.78701663017273
                ],
                [
                    -54.952144622802734,
                    192.5099492073059
                ],
                [
                    -5.7821571826934814,
                    174.18871819972992
                ],
                [
                    -51.048725843429565,
                    179.51112985610962
                ],
                [
                    -57.686686515808105,
                    167.7987277507782
                ]
            ],
            "provenance": "nvisii",
            "quaternion_xyzw": [
                0.5779004096984863,
                0.7255446314811707,
                -0.2545294165611267,
                -0.27355241775512695
            ],
            "quaternion_xyzw_world": [
                0.6422110199928284,
                0.337863028049469,
                0.6612340211868286,
                -0.19021879136562347
            ],
            "segmentation_id": 4,
            "visibility": -1
        },
        {
            "bounding_box_minx_maxx_miny_maxy": [
                -1,
                -1,
                -1,
                -1
            ],
            "class": "2",
            "local_cuboid": null,
            "local_to_world_matrix": [
                [
                    -0.40487194061279297,
                    -0.697957456111908,
                    0.590706467628479,
                    0.0
                ],
                [
                    -0.7477326989173889,
                    -0.11910653114318848,
                    -0.6532300114631653,
                    0.0
                ],
                [
                    0.5262837409973145,
                    -0.7061650156974792,
                    -0.47366273403167725,
                    0.0
                ],
                [
                    0.6556451916694641,
                    0.6167879104614258,
                    -0.24589411914348602,
                    1.0
                ]
            ],
            "location": [
                -0.6167879104614258,
                -0.24589411914348602,
                -0.6556451916694641
            ],
            "location_world": [
                0.6556451916694641,
                0.6167879104614258,
                -0.24589411914348602
            ],
            "name": "google_2_of_Jenga_Classic_Game_4",
            "projected_cuboid": [
                [
                    -33.87606143951416,
                    493.8803017139435
                ],
                [
                    -49.43394660949707,
                    557.7869415283203
                ],
                [
                    -329.8386335372925,
                    498.2772767543793
                ],
                [
                    -284.34449434280396,
                    425.33284425735474
                ],
                [
                    -62.07478046417236,
                    517.6107883453369
                ],
                [
                    -79.24968004226685,
                    580.8335542678833
                ],
                [
                    -352.82325744628906,
                    529.8284292221069
                ],
                [
                    -307.33174085617065,
                    457.3642909526825
                ],
                [
                    -173.22075366973877,
                    509.5856785774231
                ]
            ],
            "provenance": "nvisii",
            "quaternion_xyzw": [
                -0.8481555581092834,
                -0.20922252535820007,
                -0.32748618721961975,
                -0.3600151836872101
            ],
            "quaternion_xyzw_world": [
                -0.5449535250663757,
                0.6632171869277954,
                -0.5124245285987854,
                -0.024284176528453827
            ],
            "segmentation_id": 5,
            "visibility": -1
        },
        {
            "bounding_box_minx_maxx_miny_maxy": [
                -1,
                -1,
                -1,
                -1
            ],
            "class": "2",
            "local_cuboid": null,
            "local_to_world_matrix": [
                [
                    0.21343928575515747,
                    -0.830384373664856,
                    0.5146896839141846,
                    0.0
                ],
                [
                    -0.7975479364395142,
                    0.1561654806137085,
                    0.5826917290687561,
                    0.0
                ],
                [
                    -0.5642348527908325,
                    -0.5348590016365051,
                    -0.6289393901824951,
                    0.0
                ],
                [
                    0.4951077997684479,
                    0.12424486130475998,
                    -0.35490450263023376,
                    1.0
                ]
            ],
            "location": [
                -0.12424486130475998,
                -0.35490450263023376,
                -0.4951077997684479
            ],
            "location_world": [
                0.4951077997684479,
                0.12424486130475998,
                -0.35490450263023376
            ],
            "name": "google_2_of_Jenga_Classic_Game_5",
            "projected_cuboid": [
                [
                    365.59152603149414,
                    1129.9428939819336
                ],
                [
                    365.02012610435486,
                    1226.8493175506592
                ],
                [
                    123.997762799263,
                    648.2362151145935
                ],
                [
                    154.60732579231262,
                    653.5917520523071
                ],
                [
                    259.872704744339,
                    1240.5309677124023
                ],
                [
                    234.56703126430511,
                    1368.9370155334473
                ],
                [
                    32.04470872879028,
                    717.1288728713989
                ],
                [
                    75.54441690444946,
                    713.742196559906
                ],
                [
                    182.52742290496826,
                    903.3737778663635
                ]
            ],
            "provenance": "nvisii",
            "quaternion_xyzw": [
                0.41335752606391907,
                0.21683663129806519,
                0.19439572095870972,
                0.8627442717552185
            ],
            "quaternion_xyzw_world": [
                0.6492713689804077,
                -0.6268304586410522,
                -0.019077207893133163,
                0.43030956387519836
            ],
            "segmentation_id": 6,
            "visibility": -1
        },
        {
            "bounding_box_minx_maxx_miny_maxy": [
                -1,
                -1,
                -1,
                -1
            ],
            "class": "2",
            "local_cuboid": null,
            "local_to_world_matrix": [
                [
                    -0.8707609176635742,
                    -0.0022576451301574707,
                    -0.49170151352882385,
                    0.0
                ],
                [
                    0.3422923982143402,
                    0.7151238322257996,
                    -0.6094536781311035,
                    0.0
                ],
                [
                    0.3530034124851227,
                    -0.6989941596984863,
                    -0.6219290494918823,
                    0.0
                ],
                [
                    1.5735703706741333,
                    0.4722975492477417,
                    0.5504764318466187,
                    1.0
                ]
            ],
            "location": [
                -0.4722975492477417,
                0.5504764318466187,
                -1.5735703706741333
            ],
            "location_world": [
                1.5735703706741333,
                0.4722975492477417,
                0.5504764318466187
            ],
            "name": "google_2_of_Jenga_Classic_Game_6",
            "projected_cuboid": [
                [
                    161.8274450302124,
                    110.90028285980225
                ],
                [
                    141.36844873428345,
                    132.07358121871948
                ],
                [
                    54.84393239021301,
                    53.67681384086609
                ],
                [
                    75.0463604927063,
                    29.585644602775574
                ],
                [
                    165.3340458869934,
                    102.73319482803345
                ],
                [
                    145.63077688217163,
                    123.20040166378021
                ],
                [
                    63.04062902927399,
                    47.55900800228119
                ],
                [
                    82.52084255218506,
                    24.395421147346497
                ],
                [
                    112.51792311668396,
                    79.28341627120972
                ]
            ],
            "provenance": "nvisii",
            "quaternion_xyzw": [
                -0.7008414268493652,
                0.43049156665802,
                -0.5599536895751953,
                -0.09975035488605499
            ],
            "quaternion_xyzw_world": [
                0.09492677450180054,
                0.8955185413360596,
                -0.36527660489082336,
                0.23581446707248688
            ],
            "segmentation_id": 7,
            "visibility": -1
        },
        {
            "bounding_box_minx_maxx_miny_maxy": [
                -1,
                -1,
                -1,
                -1
            ],
            "class": "2",
            "local_cuboid": null,
            "local_to_world_matrix": [
                [
                    0.036557555198669434,
                    -0.9098016619682312,
                    -0.41343051195144653,
                    0.0
                ],
                [
                    0.9892978072166443,
                    -0.025529980659484863,
                    0.1436602771282196,
                    0.0
                ],
                [
                    -0.1412571221590042,
                    -0.4142577350139618,
                    0.8991312384605408,
                    0.0
                ],
                [
                    0.860329270362854,
                    -0.4962754547595978,
                    -0.6468114852905273,
                    1.0
                ]
            ],
            "location": [
                0.4962754547595978,
                -0.6468114852905273,
                -0.860329270362854
            ],
            "location_world": [
                0.860329270362854,
                -0.4962754547595978,
                -0.6468114852905273
            ],
            "name": "google_2_of_Jenga_Classic_Game_7",
            "projected_cuboid": [
                [
                    755.3987503051758,
                    565.099835395813
                ],
                [
                    707.9445123672485,
                    526.081919670105
                ],
                [
                    606.1990261077881,
                    688.9172792434692
                ],
                [
                    640.9001350402832,
                    742.5607442855835
                ],
                [
                    701.4428377151489,
                    540.8989191055298
                ],
                [
                    659.0741276741028,
                    504.1024088859558
                ],
                [
                    559.241771697998,
                    668.4662103652954
                ],
                [
                    589.2646908760071,
                    720.2081680297852
                ],
                [
                    650.2003073692322,
                    620.5349564552307
                ]
            ],
            "provenance": "nvisii",
            "quaternion_xyzw": [
                -0.6373547315597534,
                0.15215259790420532,
                -0.14815139770507812,
                0.7407292127609253
            ],
            "quaternion_xyzw_world": [
                0.20183922350406647,
                0.09846475720405579,
                -0.6870414018630981,
                0.6910426020622253
            ],
            "segmentation_id": 8,
            "visibility": -1
        },
        {
            "bounding_box_minx_maxx_miny_maxy": [
                -1,
                -1,
                -1,
                -1
            ],
            "class": "2",
            "local_cuboid": null,
            "local_to_world_matrix": [
                [
                    -0.49630022048950195,
                    -0.7714306116104126,
                    -0.3982221782207489,
                    0.0
                ],
                [
                    -0.8422632217407227,
                    0.5390385985374451,
                    0.005485624074935913,
                    0.0
                ],
                [
                    0.21042534708976746,
                    0.338130384683609,
                    -0.9172725677490234,
                    0.0
                ],
                [
                    1.4197359085083008,
                    -0.6974309086799622,
                    0.6966984868049622,
                    1.0
                ]
            ],
            "location": [
                0.6974309086799622,
                0.6966984868049622,
                -1.4197359085083008
            ],
            "location_world": [
                1.4197359085083008,
                -0.6974309086799622,
                0.6966984868049622
            ],
            "name": "google_2_of_Jenga_Classic_Game_8",
            "projected_cuboid": [
                [
                    512.7713680267334,
                    83.58107507228851
                ],
                [
                    506.61271810531616,
                    75.08580386638641
                ],
                [
                    561.8536472320557,
                    -51.294416189193726
                ],
                [
                    565.5396580696106,
                    -36.17531061172485
                ],
                [
                    482.16837644577026,
                    75.48096776008606
                ],
                [
                    474.6888279914856,
                    66.81953370571136
                ],
                [
                    526.9913673400879,
                    -56.39788508415222
                ],
                [
                    532.260537147522,
                    -41.434019804000854
                ],
                [
                    519.6524262428284,
                    15.84574580192566
                ]
            ],
            "provenance": "nvisii",
            "quaternion_xyzw": [
                -0.702917218208313,
                0.33334675431251526,
                -0.056254759430885315,
                -0.625797688961029
            ],
            "quaternion_xyzw_world": [
                -0.46955665946006775,
                0.8591582179069519,
                0.0999862402677536,
                0.17710576951503754
            ],
            "segmentation_id": 9,
            "visibility": -1
        },
        {
            "bounding_box_minx_maxx_miny_maxy": [
                -1,
                -1,
                -1,
                -1
            ],
            "class": "2",
            "local_cuboid": null,
            "local_to_world_matrix": [
                [
                    0.9318288564682007,
                    0.36252811551094055,
                    -0.01638232171535492,
                    0.0
                ],
                [
                    0.22604313492774963,
                    -0.5445128679275513,
                    0.8077191710472107,
                    0.0
                ],
                [
                    0.28390049934387207,
                    -0.7563591599464417,
                    -0.5893397331237793,
                    0.0
                ],
                [
                    0.6179332733154297,
                    0.12748201191425323,
                    -0.09773654490709305,
                    1.0
                ]
            ],
            "location": [
                -0.12748201191425323,
                -0.09773654490709305,
                -0.6179332733154297
            ],
            "location_world": [
                0.6179332733154297,
                0.12748201191425323,
                -0.09773654490709305
            ],
            "name": "google_2_of_Jenga_Classic_Game_9",
            "projected_cuboid": [
                [
                    296.54979705810547,
                    502.56139039993286
                ],
                [
                    332.50248432159424,
                    441.0138130187988
                ],
                [
                    142.0465111732483,
                    308.43669176101685
                ],
                [
                    95.83742916584015,
                    373.97342920303345
                ],
                [
                    328.148752450943,
                    529.7341346740723
                ],
                [
                    367.12944507598877,
                    460.70027351379395
                ],
                [
                    157.83345699310303,
                    314.38833475112915
                ],
                [
                    106.20899498462677,
                    388.55183124542236
                ],
                [
                    234.41541194915771,
                    418.2741641998291
                ]
            ],
            "provenance": "nvisii",
            "quaternion_xyzw": [
                0.16856247186660767,
                0.7832859754562378,
                -0.26024430990219116,
                0.538815975189209
            ],
            "quaternion_xyzw_world": [
                0.8754543662071228,
                0.16807593405246735,
                0.07639410346746445,
                0.446647584438324
            ],
            "segmentation_id": 10,
            "visibility": -1
        },
        {
            "bounding_box_minx_maxx_miny_maxy": [
                -1,
                -1,
                -1,
                -1
            ],
            "class": "2",
            "local_cuboid": null,
            "local_to_world_matrix": [
                [
                    0.7593548893928528,
                    0.6502448320388794,
                    -0.023701831698417664,
                    0.0
                ],
                [
                    0.49903807044029236,
                    -0.6053776741027832,
                    -0.6200637817382812,
                    0.0
                ],
                [
                    -0.4175418019294739,
                    0.45902037620544434,
                    -0.7841933965682983,
                    0.0
                ],
                [
                    0.4050200581550598,
                    0.33133479952812195,
                    0.14283183217048645,
                    1.0
                ]
            ],
            "location": [
                -0.33133479952812195,
                0.14283183217048645,
                -0.4050200581550598
            ],
            "location_world": [
                0.4050200581550598,
                0.33133479952812195,
                0.14283183217048645
            ],
            "name": "google_2_of_Jenga_Classic_Game_10",
            "projected_cuboid": [
                [
                    -818.1909322738647,
                    376.05568766593933
                ],
                [
                    -591.0869836807251,
                    454.75322008132935
                ],
                [
                    -188.6700689792633,
                    96.81424498558044
                ],
                [
                    -307.8773021697998,
                    4.864916205406189
                ],
                [
                    -960.551381111145,
                    403.73891592025757
                ],
                [
                    -661.9407534599304,
                    495.37765979766846
                ],
                [
                    -176.84990167617798,
                    70.79891860485077
                ],
                [
                    -314.82380628585815,
                    -39.80836272239685
                ],
                [
                    -448.9556550979614,
                    200.31213760375977
                ]
            ],
            "provenance": "nvisii",
            "quaternion_xyzw": [
                0.3715767562389374,
                0.3913564085960388,
                -0.8197332620620728,
                0.19185490906238556
            ],
            "quaternion_xyzw_world": [
                0.8872606754302979,
                0.3238289952278137,
                -0.12432751059532166,
                -0.3040493428707123
            ],
            "segmentation_id": 11,
            "visibility": -1
        },
        {
            "bounding_box_minx_maxx_miny_maxy": [
                -1,
                -1,
                -1,
                -1
            ],
            "class": "2",
            "local_cuboid": null,
            "local_to_world_matrix": [
                [
                    -0.15904581546783447,
                    0.24475106596946716,
                    -0.956452488899231,
                    0.0
                ],
                [
                    -0.0572395846247673,
                    0.9648683667182922,
                    0.25642284750938416,
                    0.0
                ],
                [
                    0.9856104850769043,
                    0.09552990645170212,
                    -0.13944876194000244,
                    0.0
                ],
                [
                    0.9090394377708435,
                    -0.06340182572603226,
                    0.3944721817970276,
                    1.0
                ]
            ],
            "location": [
                0.06340182572603226,
                0.3944721817970276,
                -0.9090394377708435
            ],
            "location_world": [
                0.9090394377708435,
                -0.06340182572603226,
                0.3944721817970276
            ],
            "name": "google_2_of_Jenga_Classic_Game_11",
            "projected_cuboid": [
                [
                    283.69951248168945,
                    95.6076830625534
                ],
                [
                    242.454394698143,
                    83.98199081420898
                ],
                [
                    258.7471306324005,
                    3.591477870941162
                ],
                [
                    313.02323937416077,
                    19.343942403793335
                ],
                [
                    293.0144667625427,
                    59.44238603115082
                ],
                [
                    252.23779678344727,
                    47.79262840747833
                ],
                [
                    271.39192819595337,
                    -42.90580749511719
                ],
                [
                    324.8594105243683,
                    -27.12380886077881
                ],
                [
                    278.3644199371338,
                    35.56489944458008
                ]
            ],
            "provenance": "nvisii",
            "quaternion_xyzw": [
                -0.6091873049736023,
                0.7884770631790161,
                -0.026065800338983536,
                -0.08071751892566681
            ],
            "quaternion_xyzw_world": [
                0.06231904774904251,
                0.7522238492965698,
                0.11697075515985489,
                0.6454405188560486
            ],
            "segmentation_id": 12,
            "visibility": -1
        },
        {
            "bounding_box_minx_maxx_miny_maxy": [
                -1,
                -1,
                -1,
                -1
            ],
            "class": "2",
            "local_cuboid": null,
            "local_to_world_matrix": [
                [
                    -0.4697854518890381,
                    -0.381710410118103,
                    -0.7959892749786377,
                    0.0
                ],
                [
                    -0.8736209869384766,
                    0.07147079706192017,
                    0.4813297390937805,
                    0.0
                ],
                [
                    -0.1268385350704193,
                    0.9215145707130432,
                    -0.3670462369918823,
                    0.0
                ],
                [
                    1.8405801057815552,
                    0.2358069121837616,
                    -0.45474809408187866,
                    1.0
                ]
            ],
            "location": [
                -0.2358069121837616,
                -0.45474809408187866,
                -1.8405801057815552
            ],
            "location_world": [
                1.8405801057815552,
                0.2358069121837616,
                -0.45474809408187866
            ],
            "name": "google_2_of_Jenga_Classic_Game_12",
            "projected_cuboid": [
                [
                    88.6988639831543,
                    453.29582691192627
                ],
                [
                    79.80893552303314,
                    447.8423595428467
                ],
                [
                    174.34459924697876,
                    407.48900175094604
                ],
                [
                    179.3060600757599,
                    414.4350290298462
                ],
                [
                    82.13810622692108,
                    428.8559556007385
                ],
                [
                    73.16157221794128,
                    422.50585556030273
                ],
                [
                    165.9097969532013,
                    383.4882974624634
                ],
                [
                    171.10246419906616,
                    391.23234152793884
                ],
                [
                    127.3079663515091,
                    418.3887839317322
                ]
            ],
            "provenance": "nvisii",
            "quaternion_xyzw": [
                -0.43975621461868286,
                0.4931482672691345,
                0.25680655241012573,
                -0.7053152918815613
            ],
            "quaternion_xyzw_world": [
                -0.45436492562294006,
                0.6907066106796265,
                0.5077569484710693,
                0.24219787120819092
            ],
            "segmentation_id": 13,
            "visibility": -1
        },
        {
            "bounding_box_minx_maxx_miny_maxy": [
                -1,
                -1,
                -1,
                -1
            ],
            "class": "2",
            "local_cuboid": null,
            "local_to_world_matrix": [
                [
                    0.36478447914123535,
