{
    "camera_data": {
        "camera_look_at": {
            "at": [
                1.0,
                0.0,
                0.0
            ],
            "eye": [
                0.0,
                0.0,
                0.0
            ],
            "up": [
                0.0,
                0.0,
                1.0
            ]
        },
        "camera_view_matrix": [
            [
                0.0,
                0.0,
                -1.0,
                0.0
            ],
            [
                -1.0,
                0.0,
                0.0,
                0.0
            ],
            [
                0.0,
                1.0,
                0.0,
                0.0
            ],
            [
                0.0,
                0.0,
                0.0,
                1.0
            ]
        ],
        "height": 500,
        "intrinsics": {
            "cx": 250.0,
            "cy": 250.0,
            "fx": 603.5535278320312,
            "fy": 603.5535278320312
        },
        "location_world": [
            0.0,
            0.0,
            0.0
        ],
        "quaternion_world_xyzw": [
            0.5,
            -0.5,
            -0.5,
            0.5
        ],
        "width": 500
    },
    "objects": [
        {
            "bounding_box_minx_maxx_miny_maxy": [
                -1,
                -1,
                -1,
                -1
            ],
            "class": "2",
            "local_cuboid": null,
            "local_to_world_matrix": [
                [
                    -0.8213729858398438,
                    -0.5701671838760376,
                    0.016021475195884705,
                    0.0
                ],
                [
                    0.3496229648590088,
                    -0.5254567861557007,
                    -0.7756671905517578,
                    0.0
                ],
                [
                    0.4506784677505493,
                    -0.6315102577209473,
                    0.6309388875961304,
                    0.0
                ],
                [
                    0.5984752178192139,
                    0.5700833201408386,
                    0.4205567538738251,
                    1.0
                ]
            ],
            "location": [
                -0.5700833201408386,
                0.4205567538738251,
                -0.5984752178192139
            ],
            "location_world": [
                0.5984752178192139,
                0.5700833201408386,
                0.4205567538738251
            ],
            "name": "google_2_of_Jenga_Classic_Game_0",
            "projected_cuboid": [
                [
                    -90.53725004196167,
                    -314.04632329940796
                ],
                [
                    -38.842350244522095,
                    -235.19325256347656
                ],
                [
                    -295.9805727005005,
                    -153.6557674407959
                ],
                [
                    -373.78787994384766,
                    -246.97095155715942
                ],
                [
                    -97.33331203460693,
                    -264.1499638557434
                ],
                [
                    -49.68959093093872,
                    -193.76525282859802
                ],
                [
                    -283.2333445549011,
                    -111.96380853652954
                ],
                [
                    -352.24711894989014,
                    -193.4676170349121
                ],
                [
                    -184.17862057685852,
                    -215.84370732307434
                ]
            ],
            "provenance": "nvisii",
            "quaternion_xyzw": [
                0.836138904094696,
                0.16189834475517273,
                0.43440237641334534,
                -0.29318156838417053
            ],
            "quaternion_xyzw_world": [
                0.13522665202617645,
                -0.40773069858551025,
                0.8628106117248535,
                -0.26650986075401306
            ],
            "segmentation_id": 1,
            "visibility": -1
        },
        {
            "bounding_box_minx_maxx_miny_maxy": [
                -1,
                -1,
                -1,
                -1
            ],
            "class": "2",
            "local_cuboid": null,
            "local_to_world_matrix": [
                [
                    -0.597327470779419,
                    -0.3995620906352997,
                    0.6953777074813843,
                    0.0
                ],
                [
                    -0.33510228991508484,
                    -0.6633965969085693,
                    -0.6690377593040466,
                    0.0
                ],
                [
                    0.7286332845687866,
                    -0.6326572299003601,
                    0.262370765209198,
                    0.0
                ],
                [
                    1.7222912311553955,
                    0.10360042005777359,
                    -0.49904435873031616,
                    1.0
                ]
            ],
            "location": [
                -0.10360042005777359,
                -0.49904435873031616,
                -1.7222912311553955
            ],
            "location_world": [
                1.7222912311553955,
                0.10360042005777359,
                -0.49904435873031616
            ],
            "name": "google_2_of_Jenga_Classic_Game_1",
            "projected_cuboid": [
                [
                    271.6009318828583,
                    364.93638157844543
                ],
                [
                    289.74106907844543,
                    384.61989164352417
                ],
                [
                    228.55335474014282,
                    429.08522486686707
                ],
                [
                    209.17001366615295,
                    406.221479177475
                ],
                [
                    261.44206523895264,
                    378.9733052253723
                ],
                [
                    278.9947986602783,
                    398.38409423828125
                ],
                [
                    218.1512862443924,
                    443.3310627937317
                ],
                [
                    199.4541436433792,
                    420.8504259586334
                ],
                [
                    246.29369378089905,
                    402.0545482635498
                ]
            ],
            "provenance": "nvisii",
            "quaternion_xyzw": [
                0.8362464904785156,
                0.4062122404575348,
                0.3677099347114563,
                0.021743446588516235
            ],
            "quaternion_xyzw_world": [
                0.44824615120887756,
                -0.4097438454627991,
                0.7942126393318176,
                -0.020290471613407135
            ],
            "segmentation_id": 2,
            "visibility": -1
        },
        {
            "bounding_box_minx_maxx_miny_maxy": [
                -1,
                -1,
                -1,
                -1
            ],
            "class": "2",
            "local_cuboid": null,
            "local_to_world_matrix": [
                [
                    -0.9094579219818115,
                    -0.3758275508880615,
                    -0.17787590622901917,
                    0.0
                ],
                [
                    -0.3389652967453003,
                    0.917899489402771,
                    -0.2063080072402954,
                    0.0
                ],
                [
                    0.2408084273338318,
                    -0.12733471393585205,
                    -0.9621834754943848,
                    0.0
                ],
                [
                    1.2958593368530273,
                    -0.6439010500907898,
                    0.006728305947035551,
                    1.0
                ]
            ],
            "location": [
                0.6439010500907898,
                0.006728305947035551,
                -1.2958593368530273
            ],
            "location_world": [
                1.2958593368530273,
                -0.6439010500907898,
                0.006728305947035551
            ],
            "name": "google_2_of_Jenga_Classic_Game_2",
            "projected_cuboid": [
                [
                    579.7678232192993,
                    372.3659813404083
                ],
                [
                    551.3947010040283,
                    383.01628828048706
                ],
                [
                    550.3923296928406,
                    254.35549020767212
                ],
                [
                    580.3539752960205,
                    246.0070252418518
                ],
                [
                    550.4308938980103,
                    360.1885735988617
                ],
                [
                    522.9195952415466,
                    370.0371980667114
                ],
                [
                    520.4514861106873,
                    247.689887881279
                ],
                [
                    549.4529008865356,
                    239.92809653282166
                ],
                [
                    550.4127740859985,
                    310.6652498245239
                ]
            ],
            "provenance": "nvisii",
            "quaternion_xyzw": [
                -0.6750822067260742,
                0.40579330921173096,
                -0.38395053148269653,
                -0.48184826970100403
            ],
            "quaternion_xyzw_world": [
                -0.18359333276748657,
                0.9733371734619141,
                -0.08569556474685669,
                0.10753835737705231
            ],
            "segmentation_id": 3,
            "visibility": -1
        },
        {
            "bounding_box_minx_maxx_miny_maxy": [
                -1,
                -1,
                -1,
                -1
            ],
            "class": "2",
            "local_cuboid": null,
            "local_to_world_matrix": [
                [
                    -0.12034809589385986,
                    -0.9927176833152771,
                    0.005282357335090637,
                    0.0
                ],
                [
                    -0.9693345427513123,
                    0.11865842342376709,
                    0.21519918739795685,
                    0.0
                ],
                [
                    -0.2142588496208191,
                    0.020778432488441467,
                    -0.9765558242797852,
                    0.0
                ],
                [
                    1.6092969179153442,
                    0.7558282017707825,
                    0.489717036485672,
                    1.0
                ]
            ],
            "location": [
                -0.7558282017707825,
                0.489717036485672,
                -1.6092969179153442
            ],
            "location_world": [
                1.6092969179153442,
                0.7558282017707825,
                0.489717036485672
            ],
            "name": "google_2_of_Jenga_Classic_Game_3",
            "projected_cuboid": [
                [
                    -23.670107126235962,
                    175.42700469493866
                ],
                [
                    -42.62098670005798,
                    164.05454277992249
                ],
                [
                    -28.566330671310425,
                    57.39143490791321
                ],
                [
                    -11.035293340682983,
                    73.63685965538025
                ],
                [
                    -51.72032117843628,
                    176.02954804897308
                ],
                [
                    -72.07193970680237,
                    164.76121544837952
                ],
                [
                    -56.93045258522034,
                    58.71368944644928
                ],
                [
                    -38.09723258018494,
                    74.8005211353302
                ],
                [
                    -40.248751640319824,
                    117.25102365016937
                ]
            ],
            "provenance": "nvisii",
            "quaternion_xyzw": [
                -0.6251518726348877,
                0.04533941298723221,
                -0.0398181676864624,
                -0.7781670689582825
            ],
            "quaternion_xyzw_world": [
                -0.6590806841850281,
                0.7442382574081421,
                0.07926817238330841,
                -0.0737469494342804
            ],
            "segmentation_id": 4,
            "visibility": -1
        },
        {
            "bounding_box_minx_maxx_miny_maxy": [
                -1,
                -1,
                -1,
                -1
            ],
            "class": "2",
            "local_cuboid": null,
            "local_to_world_matrix": [
                [
                    -0.0737917423248291,
                    0.8433652520179749,
                    0.5322496891021729,
                    0.0
                ],
                [
                    0.8440541625022888,
                    -0.23143982887268066,
                    0.48374396562576294,
                    0.0
                ],
                [
                    0.5311566591262817,
                    0.4849439263343811,
                    -0.6947675943374634,
                    0.0
                ],
                [
                    1.3431310653686523,
                    0.611788809299469,
                    -0.23832406103610992,
                    1.0
                ]
            ],
            "location": [
                -0.611788809299469,
                -0.23832406103610992,
                -1.3431310653686523
            ],
            "location_world": [
                1.3431310653686523,
                0.611788809299469,
                -0.23832406103610992
            ],
            "name": "google_2_of_Jenga_Classic_Game_4",
            "projected_cuboid": [
                [
                    -79.31980490684509,
                    432.22731351852417
                ],
                [
                    -56.28517270088196,
                    407.64153003692627
                ],
                [
                    -28.68446707725525,
                    336.39198541641235
                ],
                [
                    -52.95062065124512,
                    360.00925302505493
                ],
                [
                    -50.61224102973938,
                    448.795348405838
                ],
                [
                    -28.996199369430542,
                    423.5343039035797
                ],
                [
                    1.5525668859481812,
                    354.3696403503418
                ],
                [
                    -20.961254835128784,
                    378.8597881793976
                ],
                [
                    -39.99447822570801,
                    394.36790347099304
                ]
            ],
            "provenance": "nvisii",
            "quaternion_xyzw": [
                0.22585800290107727,
                0.8453203439712524,
                -0.4551001787185669,
                -0.16524378955364227
            ],
            "quaternion_xyzw_world": [
                0.6805173754692078,
                0.6199031472206116,
                0.39066097140312195,
                -0.0004408275708556175
            ],
            "segmentation_id": 5,
            "visibility": -1
        },
        {
            "bounding_box_minx_maxx_miny_maxy": [
                -1,
                -1,
                -1,
                -1
            ],
            "class": "2",
            "local_cuboid": null,
            "local_to_world_matrix": [
                [
                    -0.5043625831604004,
                    0.6910322904586792,
                    -0.5177766680717468,
                    0.0
                ],
                [
                    0.8252884149551392,
                    0.20938575267791748,
                    -0.5244584679603577,
                    0.0
                ],
                [
                    -0.2540026903152466,
                    -0.6918323636054993,
                    -0.6759072542190552,
                    0.0
                ],
                [
                    0.6401584148406982,
                    -0.15927161276340485,
                    -0.3655042052268982,
                    1.0
                ]
            ],
            "location": [
                0.15927161276340485,
                -0.3655042052268982,
                -0.6401584148406982
            ],
            "location_world": [
                0.6401584148406982,
                -0.15927161276340485,
                -0.3655042052268982
            ],
            "name": "google_2_of_Jenga_Classic_Game_5",
            "projected_cuboid": [
                [
                    654.9108028411865,
                    912.5617742538452
                ],
                [
                    587.9669189453125,
                    879.0907859802246
                ],
                [
                    363.50470781326294,
                    625.9423494338989
                ],
                [
                    395.2444791793823,
                    625.036895275116
                ],
                [
                    685.3852272033691,
                    819.976270198822
                ],
                [
                    619.3112134933472,
                    799.0455627441406
                ],
                [
                    404.35469150543213,
                    568.9387321472168
                ],
                [
                    438.62777948379517,
                    561.737060546875
                ],
                [
                    510.5549693107605,
                    714.5862579345703
                ]
            ],
            "provenance": "nvisii",
            "quaternion_xyzw": [
                -0.38059934973716736,
                0.4776429235935211,
                -0.7857310771942139,
                0.09812229871749878
            ],
            "quaternion_xyzw_world": [
                0.4904485046863556,
                0.7729255557060242,
                -0.39340490102767944,
                0.0853167399764061
            ],
            "segmentation_id": 6,
            "visibility": -1
        },
        {
            "bounding_box_minx_maxx_miny_maxy": [
                -1,
                -1,
                -1,
                -1
            ],
            "class": "2",
            "local_cuboid": null,
            "local_to_world_matrix": [
                [
                    0.06344598531723022,
                    -0.5278132557868958,
                    0.8469876050949097,
                    0.0
                ],
                [
                    -0.01908731460571289,
                    -0.8491842746734619,
                    -0.5277522206306458,
                    0.0
                ],
                [
                    0.9978028535842896,
                    0.017317116260528564,
                    -0.06395208835601807,
                    0.0
                ],
                [
                    1.574351191520691,
                    0.4666330814361572,
                    0.5478706955909729,
                    1.0
                ]
            ],
            "location": [
                -0.4666330814361572,
                0.5478706955909729,
                -1.574351191520691
            ],
            "location_world": [
                1.574351191520691,
                0.4666330814361572,
                0.5478706955909729
            ],
            "name": "google_2_of_Jenga_Classic_Game_6",
            "projected_cuboid": [
                [
                    92.82030165195465,
                    61.13721430301666
                ],
                [
                    115.85827171802521,
                    75.37618279457092
                ],
                [
                    92.9887443780899,
                    35.9296053647995
                ],
                [
                    65.71809947490692,
                    19.10039782524109
                ],
                [
                    78.91705632209778,
                    82.26361870765686
                ],
                [
                    102.00487077236176,
                    96.55909240245819
                ],
                [
                    76.49247348308563,
                    60.91666221618652
                ],
                [
                    49.1519421339035,
                    44.00832951068878
                ],
                [
                    85.36374568939209,
                    61.03648245334625
                ]
            ],
            "provenance": "nvisii",
            "quaternion_xyzw": [
                0.8736944794654846,
                0.4853445887565613,
                -0.02310967445373535,
                0.023760944604873657
            ],
            "quaternion_xyzw_world": [
                0.702954888343811,
                -0.19450059533119202,
                0.6560842394828796,
                -0.1938493251800537
            ],
            "segmentation_id": 7,
            "visibility": -1
        },
        {
            "bounding_box_minx_maxx_miny_maxy": [
                -1,
                -1,
                -1,
                -1
            ],
            "class": "2",
            "local_cuboid": null,
            "local_to_world_matrix": [
                [
                    0.9956667423248291,
                    0.02890346199274063,
                    0.08838710188865662,
                    0.0
                ],
                [
                    0.08209945261478424,
                    -0.7195963859558105,
                    -0.6895223259925842,
                    0.0
                ],
                [
                    0.04367344081401825,
                    0.6937909722328186,
                    -0.7188510894775391,
                    0.0
                ],
                [
                    1.3587514162063599,
                    -0.47424057126045227,
                    -0.3961409032344818,
                    1.0
                ]
            ],
            "location": [
                0.47424057126045227,
                -0.3961409032344818,
                -1.3587514162063599
            ],
            "location_world": [
                1.3587514162063599,
                -0.47424057126045227,
                -0.3961409032344818
            ],
            "name": "google_2_of_Jenga_Classic_Game_7",
            "projected_cuboid": [
                [
                    352.947473526001,
                    495.9597587585449
                ],
                [
                    378.3740997314453,
                    519.6017026901245
                ],
                [
                    466.81761741638184,
                    431.6282868385315
                ],
                [
                    441.5980577468872,
                    407.3328375816345
                ],
                [
                    360.0686192512512,
                    513.6661529541016
                ],
                [
                    386.95353269577026,
                    538.6064052581787
                ],
                [
                    480.73089122772217,
                    445.59311866760254
                ],
                [
                    454.0793299674988,
                    419.9211001396179
                ],
                [
                    414.86477851867676,
                    471.55460715293884
                ]
            ],
            "provenance": "nvisii",
            "quaternion_xyzw": [
                0.6527427434921265,
                0.30945706367492676,
                -0.6470611095428467,
                0.2438753992319107
            ],
            "quaternion_xyzw_world": [
                0.9265681505203247,
                0.029950013384222984,
                0.035631634294986725,
                -0.37323570251464844
            ],
            "segmentation_id": 8,
            "visibility": -1
        },
        {
            "bounding_box_minx_maxx_miny_maxy": [
                -1,
                -1,
                -1,
                -1
            ],
            "class": "2",
            "local_cuboid": null,
            "local_to_world_matrix": [
                [
                    -0.35190343856811523,
                    -0.8741679191589355,
                    -0.33465665578842163,
                    0.0
                ],
                [
                    -0.9300333261489868,
                    0.28610843420028687,
                    0.23060855269432068,
                    0.0
                ],
                [
                    -0.1058424562215805,
                    0.3923936188220978,
                    -0.9136878252029419,
                    0.0
                ],
                [
                    1.1413952112197876,
                    -0.6062114834785461,
                    0.7064626216888428,
                    1.0
                ]
            ],
            "location": [
                0.6062114834785461,
                0.7064626216888428,
                -1.1413952112197876
            ],
            "location_world": [
                1.1413952112197876,
                -0.6062114834785461,
                0.7064626216888428
            ],
            "name": "google_2_of_Jenga_Classic_Game_8",
            "projected_cuboid": [
                [
                    535.9398126602173,
                    28.6225825548172
                ],
                [
                    543.386697769165,
                    1.0662227869033813
                ],
                [
                    598.6177921295166,
                    -139.8746371269226
                ],
                [
                    587.6510739326477,
                    -103.56271266937256
                ],
                [
                    493.3508634567261,
                    20.210936665534973
                ],
                [
                    497.5249767303467,
                    -7.249176502227783
                ],
                [
                    552.6527166366577,
                    -144.45385336875916
                ],
                [
                    544.9625253677368,
                    -108.68474841117859
                ],
                [
                    544.2225933074951,
                    -57.15271830558777
                ]
            ],
            "provenance": "nvisii",
            "quaternion_xyzw": [
                -0.6200236082077026,
                0.25029903650283813,
                0.016326189041137695,
                -0.7434075474739075
            ],
            "quaternion_xyzw_world": [
                -0.5647291541099548,
                0.7987020015716553,
                0.19500458240509033,
                0.0716206356883049
            ],
            "segmentation_id": 9,
            "visibility": -1
        },
        {
            "bounding_box_minx_maxx_miny_maxy": [
                -1,
                -1,
                -1,
                -1
            ],
            "class": "2",
            "local_cuboid": null,
            "local_to_world_matrix": [
                [
                    0.24239009618759155,
                    0.5825513601303101,
                    0.7758098840713501,
                    0.0
                ],
                [
                    -0.9058644771575928,
                    0.4222005605697632,
                    -0.034004390239715576,
                    0.0
                ],
                [
                    -0.3473566770553589,
                    -0.6945362687110901,
                    0.6300497651100159,
                    0.0
                ],
                [
                    0.9598206281661987,
                    0.46238937973976135,
                    -0.3065109848976135,
                    1.0
                ]
            ],
            "location": [
                -0.46238937973976135,
                -0.3065109848976135,
                -0.9598206281661987
            ],
            "location_world": [
                0.9598206281661987,
                0.46238937973976135,
                -0.3065109848976135
            ],
            "name": "google_2_of_Jenga_Classic_Game_9",
            "projected_cuboid": [
                [
                    73.73842597007751,
                    310.2436661720276
                ],
                [
                    31.556010246276855,
                    317.8861439228058
                ],
                [
                    -76.1381983757019,
                    429.7764301300049
                ],
                [
                    -30.028343200683594,
                    414.4100546836853
                ],
                [
                    101.20686888694763,
                    353.18318009376526
                ],
                [
                    60.62142550945282,
                    365.0578558444977
                ],
                [
                    -52.56408452987671,
                    474.0462303161621
                ],
                [
                    -7.386445999145508,
                    454.95718717575073
                ],
                [
                    10.38387417793274,
                    392.408549785614
                ]
            ],
            "provenance": "nvisii",
            "quaternion_xyzw": [
                0.16131983697414398,
                0.5479941368103027,
                0.7006983160972595,
                0.427434504032135
            ],
            "quaternion_xyzw_world": [
                0.2180250883102417,
                -0.3707292377948761,
                0.4912889003753662,
                0.757403552532196
            ],
            "segmentation_id": 10,
            "visibility": -1
        },
        {
            "bounding_box_minx_maxx_miny_maxy": [
                -1,
                -1,
                -1,
                -1
            ],
            "class": "2",
            "local_cuboid": null,
            "local_to_world_matrix": [
                [
                    -0.5596346855163574,
                    0.6085025668144226,
                    -0.5626133680343628,
                    0.0
                ],
                [
                    0.3208582401275635,
                    0.7850236296653748,
                    0.529894232749939,
                    0.0
                ],
                [
                    0.7641067504882812,
                    0.11602801084518433,
                    -0.634569525718689,
                    0.0
                ],
                [
                    0.40987008810043335,
                    0.4348149299621582,
                    0.5503518581390381,
                    1.0
                ]
            ],
            "location": [
                -0.4348149299621582,
                0.5503518581390381,
                -0.40987008810043335
            ],
            "location_world": [
                0.40987008810043335,
                0.4348149299621582,
                0.5503518581390381
            ],
            "name": "google_2_of_Jenga_Classic_Game_10",
            "projected_cuboid": [
                [
                    -214.22526240348816,
                    -73.70021939277649
                ],
                [
                    -258.1455707550049,
                    -102.89788246154785
                ],
                [
                    -489.7667169570923,
                    -577.894926071167
                ],
                [
                    -436.4205598831177,
                    -565.6701326370239
                ],
                [
                    -137.1251940727234,
                    -93.1779146194458
                ],
                [
                    -181.26961588859558,
                    -119.6587085723877
                ],
                [
                    -351.4220118522644,
                    -555.9812188148499
                ],
                [
                    -294.7465181350708,
                    -543.6273813247681
                ],
                [
                    -272.82899618148804,
                    -279.70707416534424
                ]
            ],
            "provenance": "nvisii",
            "quaternion_xyzw": [
                -0.39550918340682983,
                0.8518368005752563,
                -0.28040218353271484,
                -0.19829580187797546
            ],
            "quaternion_xyzw_world": [
                0.26921701431274414,
                0.863021969795227,
                0.18711060285568237,
                0.38432398438453674
            ],
            "segmentation_id": 11,
            "visibility": -1
        },
        {
            "bounding_box_minx_maxx_miny_maxy": [
                -1,
                -1,
                -1,
                -1
            ],
            "class": "2",
            "local_cuboid": null,
            "local_to_world_matrix": [
                [
                    0.3020251393318176,
                    -0.5650987029075623,
                    -0.7677527070045471,
                    0.0
                ],
                [
                    -0.238275408744812,
                    0.7350510358810425,
                    -0.6347635984420776,
                    0.0
                ],
                [
                    0.9230415225028992,
                    0.374651163816452,
                    0.08735477924346924,
                    0.0
                ],
                [
                    0.9138460755348206,
                    -0.04958636313676834,
                    0.41807103157043457,
                    1.0
                ]
            ],
            "location": [
                0.04958636313676834,
                0.41807103157043457,
                -0.9138460755348206
            ],
            "location_world": [
                0.9138460755348206,
                -0.04958636313676834,
                0.41807103157043457
            ],
            "name": "google_2_of_Jenga_Classic_Game_11",
            "projected_cuboid": [
                [
                    246.73877656459808,
                    29.62614595890045
                ],
                [
                    215.07994830608368,
                    53.17714810371399
                ],
                [
                    276.92827582359314,
                    12.04293966293335
                ],
                [
                    316.3785934448242,
                    -17.40899682044983
                ],
                [
                    223.90271723270416,
                    -5.753606557846069
                ],
                [
                    191.19887053966522,
                    17.66766607761383
                ],
                [
                    247.48007953166962,
                    -35.300105810165405
                ],
                [
                    288.61069679260254,
                    -64.47702646255493
                ],
                [
                    247.05404043197632,
                    2.0164698362350464
                ]
            ],
            "provenance": "nvisii",
            "quaternion_xyzw": [
                -0.8835869431495667,
                0.4251996576786041,
                0.19145719707012177,
                -0.0427011139690876
            ],
            "quaternion_xyzw_world": [
                -0.3462727963924408,
                0.5800153017044067,
                -0.11211448162794113,
                0.7287713885307312
            ],
            "segmentation_id": 12,
            "visibility": -1
        },
        {
            "bounding_box_minx_maxx_miny_maxy": [
                -1,
                -1,
                -1,
                -1
            ],
            "class": "2",
            "local_cuboid": null,
            "local_to_world_matrix": [
                [
                    -0.6847414970397949,
                    0.2293456494808197,
                    -0.691758930683136,
                    0.0
                ],
                [
                    -0.6664412021636963,
                    -0.5811814069747925,
                    0.4669957756996155,
                    0.0
                ],
                [
                    -0.2949336767196655,
                    0.7807877659797668,
                    0.5508037805557251,
                    0.0
                ],
                [
                    1.8583166599273682,
                    0.40053457021713257,
                    -0.3288063108921051,
                    1.0
                ]
            ],
            "location": [
                -0.40053457021713257,
                -0.3288063108921051,
                -1.8583166599273682
            ],
            "location_world": [
                1.8583166599273682,
                0.40053457021713257,
                -0.3288063108921051
            ],
            "name": "google_2_of_Jenga_Classic_Game_12",
            "projected_cuboid": [
                [
                    24.61978793144226,
                    323.14807176589966
                ],
                [
                    34.48314964771271,
                    311.6847276687622
                ],
                [
                    121.1160272359848,
                    362.5889718532562
                ],
                [
                    109.08795893192291,
                    371.9806969165802
                ],
                [
                    37.257879972457886,
                    302.9616177082062
                ],
                [
                    47.22191393375397,
                    291.2065088748932
                ],
                [
                    130.74421882629395,
                    341.5801525115967
                ],
                [
                    118.77253651618958,
                    351.324588060379
                ],
                [
                    78.90816032886505,
                    332.57707953453064
                ]
            ],
            "provenance": "nvisii",
            "quaternion_xyzw": [
                -0.04670417308807373,
                0.5919053554534912,
                0.5141215324401855,
                -0.6189879179000854
            ],
            "quaternion_xyzw_world": [
                -0.29395410418510437,
                0.3717379570007324,
                0.8391553163528442,
                0.2668716013431549
            ],
            "segmentation_id": 13,
            "visibility": -1
        },
        {
            "bounding_box_minx_maxx_miny_maxy": [
                -1,
                -1,
                -1,
                -1
            ],
            "class": "2",
            "local_cuboid": null,
            "local_to_world_matrix": [
                [
                    0.9844534993171692,
                    0.020656056702136993,
