{
    "camera_data": {
        "camera_look_at": {
            "at": [
                1.0,
                0.0,
                0.0
            ],
            "eye": [
                0.0,
                0.0,
                0.0
            ],
            "up": [
                0.0,
                0.0,
                1.0
            ]
        },
        "camera_view_matrix": [
            [
                0.0,
                0.0,
                -1.0,
                0.0
            ],
            [
                -1.0,
                0.0,
                0.0,
                0.0
            ],
            [
                0.0,
                1.0,
                0.0,
                0.0
            ],
            [
                0.0,
                0.0,
                0.0,
                1.0
            ]
        ],
        "height": 500,
        "intrinsics": {
            "cx": 250.0,
            "cy": 250.0,
            "fx": 603.5535278320312,
            "fy": 603.5535278320312
        },
        "location_world": [
            0.0,
            0.0,
            0.0
        ],
        "quaternion_world_xyzw": [
            0.5,
            -0.5,
            -0.5,
            0.5
        ],
        "width": 500
    },
    "objects": [
        {
            "bounding_box_minx_maxx_miny_maxy": [
                -1,
                -1,
                -1,
                -1
            ],
            "class": "2",
            "local_cuboid": null,
            "local_to_world_matrix": [
                [
                    -0.29420995712280273,
                    -0.9523434042930603,
                    0.08051431179046631,
                    0.0
                ],
                [
                    0.9542505145072937,
                    -0.29740965366363525,
                    -0.030877593904733658,
                    0.0
                ],
                [
                    0.05335180461406708,
                    0.06774632632732391,
                    0.9962750673294067,
                    0.0
                ],
                [
                    1.1282879114151,
                    0.4099879860877991,
                    0.2638591527938843,
                    1.0
                ]
            ],
            "location": [
                -0.4099879860877991,
                0.2638591527938843,
                -1.1282879114151
            ],
            "location_world": [
                1.1282879114151,
                0.4099879860877991,
                0.2638591527938843
            ],
            "name": "google_2_of_Jenga_Classic_Game_0",
            "projected_cuboid": [
                [
                    26.25700831413269,
                    -59.16836857795715
                ],
                [
                    54.558977484703064,
                    -36.5806519985199
                ],
                [
                    62.24969029426575,
                    111.3729178905487
                ],
                [
                    34.11364555358887,
                    99.53358769416809
                ],
                [
                    -9.747147560119629,
                    -49.29623007774353
                ],
                [
                    20.431622862815857,
                    -27.812063694000244
                ],
                [
                    27.52043306827545,
                    117.34749376773834
                ],
                [
                    -2.566605806350708,
                    106.19589686393738
                ],
                [
                    26.913225650787354,
                    32.515645027160645
                ]
            ],
            "provenance": "nvisii",
            "quaternion_xyzw": [
                -0.7135426998138428,
                -0.13241112232208252,
                -0.07934480905532837,
                0.6833948493003845
            ],
            "quaternion_xyzw_world": [
                -0.0416070930659771,
                -0.01145921740680933,
                -0.8043467402458191,
                0.5925908088684082
            ],
            "segmentation_id": 1,
            "visibility": -1
        },
        {
            "bounding_box_minx_maxx_miny_maxy": [
                -1,
                -1,
                -1,
                -1
            ],
            "class": "2",
            "local_cuboid": null,
            "local_to_world_matrix": [
                [
                    0.6955379843711853,
                    -0.5219362378120422,
                    -0.49377065896987915,
                    0.0
                ],
                [
                    0.5623709559440613,
                    -0.03224658966064453,
                    0.8262560963630676,
                    0.0
                ],
                [
                    -0.44717538356781006,
                    -0.8523747324943542,
                    0.27109313011169434,
                    0.0
                ],
                [
                    1.7931455373764038,
                    0.8048168420791626,
                    -0.7803318500518799,
                    1.0
                ]
            ],
            "location": [
                -0.8048168420791626,
                -0.7803318500518799,
                -1.7931455373764038
            ],
            "location_world": [
                1.7931455373764038,
                0.8048168420791626,
                -0.7803318500518799
            ],
            "name": "google_2_of_Jenga_Classic_Game_1",
            "projected_cuboid": [
                [
                    55.61511218547821,
                    523.678183555603
                ],
                [
                    61.960458755493164,
                    491.52258038520813
                ],
                [
                    -6.200939416885376,
                    500.3310441970825
                ],
                [
                    -13.886362314224243,
                    530.3819179534912
                ],
                [
                    33.57324004173279,
                    518.4071660041809
                ],
                [
                    40.75944423675537,
                    485.33886671066284
                ],
                [
                    -27.944415807724,
                    494.86881494522095
                ],
                [
                    -36.4646315574646,
                    525.7173180580139
                ],
                [
                    12.345388531684875,
                    508.7597966194153
                ]
            ],
            "provenance": "nvisii",
            "quaternion_xyzw": [
                -0.24925130605697632,
                0.4629104733467102,
                -0.15730786323547363,
                0.8359677195549011
            ],
            "quaternion_xyzw_world": [
                0.6034673452377319,
                0.016750985756516457,
                -0.38980817794799805,
                0.6954107880592346
            ],
            "segmentation_id": 2,
            "visibility": -1
        },
        {
            "bounding_box_minx_maxx_miny_maxy": [
                -1,
                -1,
                -1,
                -1
            ],
            "class": "2",
            "local_cuboid": null,
            "local_to_world_matrix": [
                [
                    0.14566528797149658,
                    0.6534320712089539,
                    0.7428379058837891,
                    0.0
                ],
                [
                    0.4110732674598694,
                    -0.7229381799697876,
                    0.5553188920021057,
                    0.0
                ],
                [
                    0.8998891115188599,
                    0.2244701236486435,
                    -0.373915433883667,
                    0.0
                ],
                [
                    0.4506779909133911,
                    0.5185086131095886,
                    -0.17849566042423248,
                    1.0
                ]
            ],
            "location": [
                -0.5185086131095886,
                -0.17849566042423248,
                -0.4506779909133911
            ],
            "location_world": [
                0.4506779909133911,
                0.5185086131095886,
                -0.17849566042423248
            ],
            "name": "google_2_of_Jenga_Classic_Game_2",
            "projected_cuboid": [
                [
                    -300.6483316421509,
                    492.39322543144226
                ],
                [
                    -224.68489408493042,
                    442.551851272583
                ],
                [
                    -404.5219421386719,
                    410.24312376976013
                ],
                [
                    -540.1809215545654,
                    487.3696565628052
                ],
                [
                    -264.7511959075928,
                    547.6549863815308
                ],
                [
                    -189.30229544639587,
                    494.37856674194336
                ],
                [
                    -353.4906506538391,
                    490.7361567020416
                ],
                [
                    -488.6528253555298,
                    576.470136642456
                ],
                [
                    -321.63095474243164,
                    491.73521995544434
                ]
            ],
            "provenance": "nvisii",
            "quaternion_xyzw": [
                0.4156735837459564,
                0.8815668225288391,
                -0.22261181473731995,
                -0.022347956895828247
            ],
            "quaternion_xyzw_world": [
                0.7487521171569824,
                0.35542649030685425,
                0.5484882593154907,
                0.11046672612428665
            ],
            "segmentation_id": 3,
            "visibility": -1
        },
        {
            "bounding_box_minx_maxx_miny_maxy": [
                -1,
                -1,
                -1,
                -1
            ],
            "class": "2",
            "local_cuboid": null,
            "local_to_world_matrix": [
                [
                    0.15141135454177856,
                    0.10986818373203278,
                    0.9823459386825562,
                    0.0
                ],
                [
                    0.5354003310203552,
                    0.8262830972671509,
                    -0.17493624985218048,
                    0.0
                ],
                [
                    -0.8309158086776733,
                    0.5524356961250305,
                    0.06628519296646118,
                    0.0
                ],
                [
                    1.9542114734649658,
                    0.19456897675991058,
                    0.7762166857719421,
                    1.0
                ]
            ],
            "location": [
                -0.19456897675991058,
                0.7762166857719421,
                -1.9542114734649658
            ],
            "location_world": [
                1.9542114734649658,
                0.19456897675991058,
                0.7762166857719421
            ],
            "name": "google_2_of_Jenga_Classic_Game_3",
            "projected_cuboid": [
                [
                    134.13771986961365,
                    -49.73757266998291
                ],
                [
                    112.94768750667572,
                    -36.826640367507935
                ],
                [
                    178.84375154972076,
                    4.177361726760864
                ],
                [
                    198.91691207885742,
                    -6.159573793411255
                ],
                [
                    136.4237666130066,
                    -24.07252788543701
                ],
                [
                    115.02747237682343,
                    -11.743754148483276
                ],
                [
                    181.06681108474731,
                    26.41977369785309
                ],
                [
                    201.3166844844818,
                    16.54087007045746
                ],
                [
                    159.36876833438873,
                    -8.792132139205933
                ]
            ],
            "provenance": "nvisii",
            "quaternion_xyzw": [
                -0.24194642901420593,
                -0.16125762462615967,
                0.7272757887840271,
                0.6217136979103088
            ],
            "quaternion_xyzw_world": [
                -0.2543830871582031,
                -0.6341503262519836,
                -0.14882095158100128,
                0.7148391008377075
            ],
            "segmentation_id": 4,
            "visibility": -1
        },
        {
            "bounding_box_minx_maxx_miny_maxy": [
                -1,
                -1,
                -1,
                -1
            ],
            "class": "2",
            "local_cuboid": null,
            "local_to_world_matrix": [
                [
                    0.24346548318862915,
                    -0.6177091598510742,
                    -0.7477701306343079,
                    0.0
                ],
                [
                    0.9041727781295776,
                    -0.1344527006149292,
                    0.4054555296897888,
                    0.0
                ],
                [
                    -0.35099321603775024,
                    -0.774827778339386,
                    0.5257810950279236,
                    0.0
                ],
                [
                    1.9393974542617798,
                    0.5847184062004089,
                    -0.42089951038360596,
                    1.0
                ]
            ],
            "location": [
                -0.5847184062004089,
                -0.42089951038360596,
                -1.9393974542617798
            ],
            "location_world": [
                1.9393974542617798,
                0.5847184062004089,
                -0.42089951038360596
            ],
            "name": "google_2_of_Jenga_Classic_Game_4",
            "projected_cuboid": [
                [
                    136.61029934883118,
                    354.7818660736084
                ],
                [
                    144.8395550251007,
                    339.5729660987854
                ],
                [
                    81.5233439207077,
                    381.5982937812805
                ],
                [
                    71.20583951473236,
                    397.6702690124512
                ],
                [
                    118.95385384559631,
                    336.0062539577484
                ],
                [
                    127.9904842376709,
                    321.4091956615448
                ],
                [
                    64.93410468101501,
                    364.79097604751587
                ],
                [
                    53.84229123592377,
                    380.3477883338928
                ],
                [
                    99.25690293312073,
                    359.99801754951477
                ]
            ],
            "provenance": "nvisii",
            "quaternion_xyzw": [
                -0.46402058005332947,
                0.3304365575313568,
                -0.28628161549568176,
                0.7704151272773743
            ],
            "quaternion_xyzw_world": [
                0.4615563452243805,
                0.1551618129014969,
                -0.5951403975486755,
                0.6392953395843506
            ],
            "segmentation_id": 5,
            "visibility": -1
        },
        {
            "bounding_box_minx_maxx_miny_maxy": [
                -1,
                -1,
                -1,
                -1
            ],
            "class": "2",
            "local_cuboid": null,
            "local_to_world_matrix": [
                [
                    -0.43529510498046875,
                    0.6326957941055298,
                    0.6404796838760376,
                    0.0
                ],
                [
                    0.8950182199478149,
                    0.22726166248321533,
                    0.38378971815109253,
                    0.0
                ],
                [
                    0.09726569056510925,
                    0.7403027415275574,
                    -0.6652002334594727,
                    0.0
                ],
                [
                    1.1138615608215332,
                    -0.6871441006660461,
                    -0.2598201632499695,
                    1.0
                ]
            ],
            "location": [
                0.6871441006660461,
                -0.2598201632499695,
                -1.1138615608215332
            ],
            "location_world": [
                1.1138615608215332,
                -0.6871441006660461,
                -0.2598201632499695
            ],
            "name": "google_2_of_Jenga_Classic_Game_5",
            "projected_cuboid": [
                [
                    502.8798580169678,
                    497.0681071281433
                ],
                [
                    476.4857590198517,
                    464.19182419776917
                ],
                [
                    597.2021818161011,
                    366.18271470069885
                ],
                [
                    632.9201459884644,
                    392.94612407684326
                ],
                [
                    521.9953060150146,
                    516.6919231414795
                ],
                [
                    495.1515793800354,
                    483.51985216140747
                ],
                [
                    612.7750873565674,
                    388.8601064682007
                ],
                [
                    648.4476923942566,
                    416.35051369667053
                ],
                [
                    559.8124265670776,
                    441.009521484375
                ]
            ],
            "provenance": "nvisii",
            "quaternion_xyzw": [
                0.1421092450618744,
                0.7269372940063477,
                -0.5365725755691528,
                -0.40429821610450745
            ],
            "quaternion_xyzw_world": [
                0.5006604194641113,
                0.7628493905067444,
                0.36838608980178833,
                -0.1780213713645935
            ],
            "segmentation_id": 6,
            "visibility": -1
        },
        {
            "bounding_box_minx_maxx_miny_maxy": [
                -1,
                -1,
                -1,
                -1
            ],
            "class": "2",
            "local_cuboid": null,
            "local_to_world_matrix": [
                [
                    -0.7234711647033691,
                    -0.44630947709083557,
                    0.5266854166984558,
                    0.0
                ],
                [
                    0.605109691619873,
                    -0.04272150993347168,
                    0.7949951887130737,
                    0.0
                ],
                [
                    -0.3323131203651428,
                    0.8938584327697754,
                    0.3009737730026245,
                    0.0
                ],
                [
                    1.804225206375122,
                    0.2847306728363037,
                    0.5832799673080444,
                    1.0
                ]
            ],
            "location": [
                -0.2847306728363037,
                0.5832799673080444,
                -1.804225206375122
            ],
            "location_world": [
                1.804225206375122,
                0.2847306728363037,
                0.5832799673080444
            ],
            "name": "google_2_of_Jenga_Classic_Game_6",
            "projected_cuboid": [
                [
                    56.47772550582886,
                    9.62221622467041
                ],
                [
                    63.557520508766174,
                    -6.9450438022613525
                ],
                [
                    161.09198331832886,
                    36.359772086143494
                ],
                [
                    157.25231170654297,
                    53.27241122722626
                ],
                [
                    50.51031708717346,
                    32.307952642440796
                ],
                [
                    57.533785700798035,
                    15.619397163391113
                ],
                [
                    152.38739550113678,
                    56.41560256481171
                ],
                [
                    148.42289686203003,
                    73.36117327213287
                ],
                [
                    107.23544657230377,
                    34.38645601272583
                ]
            ],
            "provenance": "nvisii",
            "quaternion_xyzw": [
                0.2824009954929352,
                0.5040765404701233,
                -0.15083809196949005,
                -0.8021249771118164
            ],
            "quaternion_xyzw_world": [
                0.06759533286094666,
                0.5873193144798279,
                0.7188822031021118,
                -0.3656437397003174
            ],
            "segmentation_id": 7,
            "visibility": -1
        },
        {
            "bounding_box_minx_maxx_miny_maxy": [
                -1,
                -1,
                -1,
                -1
            ],
            "class": "2",
            "local_cuboid": null,
            "local_to_world_matrix": [
                [
                    0.7493253350257874,
                    -0.5920575857162476,
                    -0.29661306738853455,
                    0.0
                ],
                [
                    -0.4403563439846039,
                    -0.11097979545593262,
                    -0.8909375667572021,
                    0.0
                ],
                [
                    0.4945683181285858,
                    0.7982175350189209,
                    -0.34387636184692383,
                    0.0
                ],
                [
                    1.816105842590332,
                    -0.482120543718338,
                    0.18651683628559113,
                    1.0
                ]
            ],
            "location": [
                0.482120543718338,
                0.18651683628559113,
                -1.816105842590332
            ],
            "location_world": [
                1.816105842590332,
                -0.482120543718338,
                0.18651683628559113
            ],
            "name": "google_2_of_Jenga_Classic_Game_7",
            "projected_cuboid": [
                [
                    330.4090201854706,
                    216.34140610694885
                ],
                [
                    334.794282913208,
                    238.73677849769592
                ],
                [
                    418.5199439525604,
                    204.66509461402893
                ],
                [
                    412.1249318122864,
                    181.2138706445694
                ],
                [
                    318.3880150318146,
                    208.07713270187378
                ],
                [
                    322.67510890960693,
                    231.0040295124054
                ],
                [
                    408.2098603248596,
                    195.16128301620483
                ],
                [
                    401.81785821914673,
                    171.13788425922394
                ],
                [
                    366.82963371276855,
                    206.4264416694641
                ]
            ],
            "provenance": "nvisii",
            "quaternion_xyzw": [
                -0.8627808690071106,
                0.053789228200912476,
                0.4484170973300934,
                -0.22723981738090515
            ],
            "quaternion_xyzw_world": [
                -0.7423242926597595,
                0.3476964235305786,
                -0.06666737794876099,
                0.5688737034797668
            ],
            "segmentation_id": 8,
            "visibility": -1
        },
        {
            "bounding_box_minx_maxx_miny_maxy": [
                -1,
                -1,
                -1,
                -1
            ],
            "class": "2",
            "local_cuboid": null,
            "local_to_world_matrix": [
                [
                    0.15681684017181396,
                    -0.24486008286476135,
                    0.9567925930023193,
                    0.0
                ],
                [
                    -0.9069544076919556,
                    0.34778571128845215,
                    0.2376529574394226,
                    0.0
                ],
                [
                    -0.390950471162796,
                    -0.9050351977348328,
                    -0.16753816604614258,
                    0.0
                ],
                [
                    0.355312705039978,
                    -0.25105345249176025,
                    0.3176857829093933,
                    1.0
                ]
            ],
            "location": [
                0.25105345249176025,
                0.3176857829093933,
                -0.355312705039978
            ],
            "location_world": [
                0.355312705039978,
                -0.25105345249176025,
                0.3176857829093933
            ],
            "name": "google_2_of_Jenga_Classic_Game_8",
            "projected_cuboid": [
                [
                    1390.5940055847168,
                    -376.3926029205322
                ],
                [
                    1723.6638069152832,
                    -663.811981678009
                ],
                [
                    709.409236907959,
                    -432.3474168777466
                ],
                [
                    665.743887424469,
                    -271.3565230369568
                ],
                [
                    1399.566411972046,
                    -238.0337417125702
                ],
                [
                    1757.0809125900269,
                    -489.6560311317444
                ],
                [
                    690.1881694793701,
                    -312.9567503929138
                ],
                [
                    648.9278078079224,
                    -170.42404413223267
                ],
                [
                    1025.570273399353,
                    -343.33235025405884
                ]
            ],
            "provenance": "nvisii",
            "quaternion_xyzw": [
                0.3925100862979889,
                0.3878925144672394,
                0.47655993700027466,
                0.6843726634979248
            ],
            "quaternion_xyzw_world": [
                0.4941076338291168,
                -0.5827750563621521,
                0.28629496693611145,
                0.5781574845314026
            ],
            "segmentation_id": 9,
            "visibility": -1
        },
        {
            "bounding_box_minx_maxx_miny_maxy": [
                -1,
                -1,
                -1,
                -1
            ],
            "class": "2",
            "local_cuboid": null,
            "local_to_world_matrix": [
                [
                    -0.6333591938018799,
                    -0.4358578324317932,
                    -0.6394411325454712,
                    0.0
                ],
                [
                    0.28717613220214844,
                    0.6349203586578369,
                    -0.7172211408615112,
                    0.0
                ],
                [
                    0.7186006307601929,
                    -0.6378904581069946,
                    -0.2769649028778076,
                    0.0
                ],
                [
                    1.6868219375610352,
                    0.5173349976539612,
                    -0.7322351932525635,
                    1.0
                ]
            ],
            "location": [
                -0.5173349976539612,
                -0.7322351932525635,
                -1.6868219375610352
            ],
            "location_world": [
                1.6868219375610352,
                0.5173349976539612,
                -0.7322351932525635
            ],
            "name": "google_2_of_Jenga_Classic_Game_9",
            "projected_cuboid": [
                [
                    156.85302019119263,
                    512.2557282447815
                ],
                [
                    140.87596535682678,
                    528.2824039459229
                ],
                [
                    60.01220643520355,
                    534.0077877044678
                ],
                [
                    76.83350145816803,
                    516.0261392593384
                ],
                [
                    148.4227329492569,
                    489.4504249095917
                ],
                [
                    132.96422362327576,
                    505.3490400314331
                ],
                [
                    53.48077416419983,
                    508.11612606048584
                ],
                [
                    69.71439719200134,
                    490.29362201690674
                ],
                [
                    107.12394118309021,
                    510.2642774581909
                ]
            ],
            "provenance": "nvisii",
            "quaternion_xyzw": [
                -0.8473016023635864,
                0.37600594758987427,
                -0.3750876486301422,
                0.0030129551887512207
            ],
            "quaternion_xyzw_world": [
                -0.04659752547740936,
                0.7976911067962646,
                -0.4246981143951416,
                0.42561641335487366
            ],
            "segmentation_id": 10,
            "visibility": -1
        },
        {
            "bounding_box_minx_maxx_miny_maxy": [
                -1,
                -1,
                -1,
                -1
            ],
            "class": "2",
            "local_cuboid": null,
            "local_to_world_matrix": [
                [
                    0.20900940895080566,
                    -0.4574648439884186,
                    0.8643154501914978,
                    0.0
                ],
                [
                    0.3956957161426544,
                    -0.7686874866485596,
                    -0.5025383234024048,
                    0.0
                ],
                [
                    0.8942819237709045,
                    0.44704118371009827,
                    0.020353734493255615,
                    0.0
                ],
                [
                    0.606948733329773,
                    0.45815861225128174,
                    0.28594711422920227,
                    1.0
                ]
            ],
            "location": [
                -0.45815861225128174,
                0.28594711422920227,
                -0.606948733329773
            ],
            "location_world": [
                0.606948733329773,
                0.45815861225128174,
                0.28594711422920227
            ],
            "name": "google_2_of_Jenga_Classic_Game_10",
            "projected_cuboid": [
                [
                    -173.47043752670288,
                    6.2445104122161865
                ],
                [
                    -113.7646734714508,
                    44.039830565452576
                ],
                [
                    -139.41797614097595,
                    -35.424500703811646
                ],
                [
                    -226.61614418029785,
                    -94.15295720100403
                ],
                [
                    -207.5824737548828,
                    50.28282105922699
                ],
                [
                    -145.45339345932007,
                    87.11054921150208
                ],
                [
                    -185.24512648582458,
                    23.79944920539856
                ],
                [
                    -277.54467725753784,
                    -33.19275379180908
                ],
                [
                    -178.38281393051147,
                    13.568282127380371
                ]
            ],
            "provenance": "nvisii",
            "quaternion_xyzw": [
                0.8447315692901611,
                0.48329049348831177,
                -0.19415955245494843,
                -0.12313072383403778
            ],
            "quaternion_xyzw_world": [
                0.6995254158973694,
                -0.022075362503528595,
                0.6284965872764587,
                -0.3393656313419342
            ],
            "segmentation_id": 11,
            "visibility": -1
        },
        {
            "bounding_box_minx_maxx_miny_maxy": [
                -1,
                -1,
                -1,
                -1
            ],
            "class": "2",
            "local_cuboid": null,
            "local_to_world_matrix": [
                [
                    0.1340661644935608,
                    -0.10059797763824463,
                    -0.9858530759811401,
                    0.0
                ],
                [
                    -0.8394606709480286,
                    0.5171465873718262,
                    -0.1669287383556366,
                    0.0
                ],
                [
                    0.5266232490539551,
                    0.8499643802642822,
                    -0.015116214752197266,
                    0.0
                ],
                [
                    0.9724544286727905,
                    0.10759618133306503,
                    0.6428730487823486,
                    1.0
                ]
            ],
            "location": [
                -0.10759618133306503,
                0.6428730487823486,
                -0.9724544286727905
            ],
            "location_world": [
                0.9724544286727905,
                0.10759618133306503,
                0.6428730487823486
            ],
            "name": "google_2_of_Jenga_Classic_Game_11",
            "projected_cuboid": [
                [
                    79.30643856525421,
                    -63.73715400695801
                ],
                [
                    44.22515630722046,
                    -76.26396417617798
                ],
                [
                    169.6513593196869,
                    -132.3513686656952
                ],
                [
                    201.28406584262848,
                    -113.99894952774048
                ],
                [
                    73.60368967056274,
                    -107.19487071037292
                ],
                [
                    37.80829906463623,
                    -122.68120050430298
                ],
                [
                    163.59876096248627,
                    -187.06843256950378
                ],
                [
                    195.99303603172302,
                    -164.6542251110077
                ],
                [
                    116.7277842760086,
                    -118.48980188369751
                ]
            ],
            "provenance": "nvisii",
            "quaternion_xyzw": [
                -0.6697294116020203,
                0.561047375202179,
                0.36732393503189087,
                -0.319000780582428
            ],
            "quaternion_xyzw_world": [
                -0.3975033760070801,
                0.5912268161773682,
                0.28882133960723877,
                0.639549970626831
            ],
            "segmentation_id": 12,
            "visibility": -1
        },
        {
            "bounding_box_minx_maxx_miny_maxy": [
                -1,
                -1,
                -1,
                -1
            ],
            "class": "2",
            "local_cuboid": null,
            "local_to_world_matrix": [
                [
                    -0.9723141193389893,
                    -0.035594142973423004,
                    0.23095104098320007,
                    0.0
                ],
                [
                    -0.23044121265411377,
                    -0.017872214317321777,
                    -0.972922146320343,
                    0.0
                ],
                [
                    0.03875795006752014,
                    -0.9992064833641052,
                    0.009175121784210205,
                    0.0
                ],
                [
                    1.9043503999710083,
                    0.8170332908630371,
                    -0.17281866073608398,
                    1.0
                ]
            ],
            "location": [
                -0.8170332908630371,
                -0.17281866073608398,
                -1.9043503999710083
            ],
            "location_world": [
                1.9043503999710083,
                0.8170332908630371,
                -0.17281866073608398
            ],
            "name": "google_2_of_Jenga_Classic_Game_12",
            "projected_cuboid": [
                [
                    82.24093914031982,
                    288.3565127849579
                ],
                [
                    80.9808224439621,
                    315.30484557151794
                ],
                [
                    -14.946907758712769,
                    316.5745139122009
                ],
                [
                    -12.684077024459839,
                    289.45034742355347
                ],
                [
                    87.93044090270996,
                    292.45781898498535
                ],
                [
                    86.7769718170166,
                    318.3841109275818
                ],
                [
                    -5.310356616973877,
                    319.62141394615173
                ],
                [
                    -3.2324492931365967,
                    293.53246092796326
                ],
                [
                    37.93904185295105,
                    304.17686700820923
                ]
            ],
            "provenance": "nvisii",
            "quaternion_xyzw": [
                0.7154149413108826,
                0.08695068955421448,
                0.6889430284500122,
                0.07732090353965759
            ],
            "quaternion_xyzw_world": [
                0.09537175297737122,
                -0.697364091873169,
                0.7069938778877258,
                0.06889984011650085
            ],
            "segmentation_id": 13,
            "visibility": -1
        },
        {
            "bounding_box_minx_maxx_miny_maxy": [
                -1,
                -1,
                -1,
                -1
            ],
            "class": "2",
            "local_cuboid": null,
            "local_to_world_matrix": [
                [
                    -0.14884710311889648,
                    0.03672114014625549,
