{
    "camera_data": {
        "camera_look_at": {
            "at": [
                1.0,
                0.0,
                0.0
            ],
            "eye": [
                0.0,
                0.0,
                0.0
            ],
            "up": [
                0.0,
                0.0,
                1.0
            ]
        },
        "camera_view_matrix": [
            [
                0.0,
                0.0,
                -1.0,
                0.0
            ],
            [
                -1.0,
                0.0,
                0.0,
                0.0
            ],
            [
                0.0,
                1.0,
                0.0,
                0.0
            ],
            [
                0.0,
                0.0,
                0.0,
                1.0
            ]
        ],
        "height": 500,
        "intrinsics": {
            "cx": 250.0,
            "cy": 250.0,
            "fx": 603.5535278320312,
            "fy": 603.5535278320312
        },
        "location_world": [
            0.0,
            0.0,
            0.0
        ],
        "quaternion_world_xyzw": [
            0.5,
            -0.5,
            -0.5,
            0.5
        ],
        "width": 500
    },
    "objects": [
        {
            "bounding_box_minx_maxx_miny_maxy": [
                -1,
                -1,
                -1,
                -1
            ],
            "class": "2",
            "local_cuboid": null,
            "local_to_world_matrix": [
                [
                    0.23596662282943726,
                    0.9043797254562378,
                    -0.3555522561073303,
                    0.0
                ],
                [
                    -0.688239574432373,
                    0.4138369560241699,
                    0.5958737134933472,
                    0.0
                ],
                [
                    0.6860366463661194,
                    0.10409870743751526,
                    0.7200814485549927,
                    0.0
                ],
                [
                    1.2597377300262451,
                    0.3464778661727905,
                    0.2254692167043686,
                    1.0
                ]
            ],
            "location": [
                -0.3464778661727905,
                0.2254692167043686,
                -1.2597377300262451
            ],
            "location_world": [
                1.2597377300262451,
                0.3464778661727905,
                0.2254692167043686
            ],
            "name": "google_2_of_Jenga_Classic_Game_0",
            "projected_cuboid": [
                [
                    90.88462591171265,
                    90.25751054286957
                ],
                [
                    69.82305645942688,
                    62.72999942302704
                ],
                [
                    55.50585687160492,
                    134.84328985214233
                ],
                [
                    80.45963943004608,
                    163.39188814163208
                ],
                [
                    117.97969043254852,
                    76.80906355381012
                ],
                [
                    97.74984419345856,
                    48.371464014053345
                ],
                [
                    87.79631555080414,
                    119.22800540924072
                ],
                [
                    111.64657771587372,
                    148.90119433403015
                ],
                [
                    89.49780464172363,
                    103.26693952083588
                ]
            ],
            "provenance": "nvisii",
            "quaternion_xyzw": [
                -0.21551303565502167,
                0.8925091624259949,
                0.39448368549346924,
                0.03693747520446777
            ],
            "quaternion_xyzw_world": [
                0.15972493588924408,
                0.338300496339798,
                0.5172711610794067,
                0.7697216868400574
            ],
            "segmentation_id": 1,
            "visibility": -1
        },
        {
            "bounding_box_minx_maxx_miny_maxy": [
                -1,
                -1,
                -1,
                -1
            ],
            "class": "2",
            "local_cuboid": null,
            "local_to_world_matrix": [
                [
                    0.1346503496170044,
                    -0.20214897394180298,
                    -0.9700543284416199,
                    0.0
                ],
                [
                    0.8694601655006409,
                    -0.44547581672668457,
                    0.21351972222328186,
                    0.0
                ],
                [
                    -0.47529834508895874,
                    -0.8721740245819092,
                    0.11577677726745605,
                    0.0
                ],
                [
                    1.8377479314804077,
                    0.8271817564964294,
                    -0.7299053072929382,
                    1.0
                ]
            ],
            "location": [
                -0.8271817564964294,
                -0.7299053072929382,
                -1.8377479314804077
            ],
            "location_world": [
                1.8377479314804077,
                0.8271817564964294,
                -0.7299053072929382
            ],
            "name": "google_2_of_Jenga_Classic_Game_1",
            "projected_cuboid": [
                [
                    38.88194262981415,
                    519.0595388412476
                ],
                [
                    60.82582473754883,
                    501.462459564209
                ],
                [
                    -7.001668214797974,
                    493.74836683273315
                ],
                [
                    -30.0157368183136,
                    509.6794366836548
                ],
                [
                    31.7193865776062,
                    492.9084777832031
                ],
                [
                    54.10186946392059,
                    476.3129651546478
                ],
                [
                    -13.61161470413208,
                    470.4231023788452
                ],
                [
                    -37.03200817108154,
                    485.4947626590729
                ],
                [
                    11.138826608657837,
                    493.354856967926
                ]
            ],
            "provenance": "nvisii",
            "quaternion_xyzw": [
                -0.3582356572151184,
                0.36608487367630005,
                -0.5146915912628174,
                0.6875622272491455
            ],
            "quaternion_xyzw_world": [
                0.6050515174865723,
                0.27572494745254517,
                -0.5972023010253906,
                0.4485955536365509
            ],
            "segmentation_id": 2,
            "visibility": -1
        },
        {
            "bounding_box_minx_maxx_miny_maxy": [
                -1,
                -1,
                -1,
                -1
            ],
            "class": "2",
            "local_cuboid": null,
            "local_to_world_matrix": [
                [
                    -0.4049806594848633,
                    -0.5440853834152222,
                    -0.7348209619522095,
                    0.0
                ],
                [
                    0.21417635679244995,
                    -0.8377664089202881,
                    0.5022708177566528,
                    0.0
                ],
                [
                    -0.8888864517211914,
                    0.046028703451156616,
                    0.4558093547821045,
                    0.0
                ],
                [
                    0.8623582720756531,
                    0.25361812114715576,
                    -0.4963611364364624,
                    1.0
                ]
            ],
            "location": [
                -0.25361812114715576,
                -0.4963611364364624,
                -0.8623582720756531
            ],
            "location_world": [
                0.8623582720756531,
                0.25361812114715576,
                -0.4963611364364624
            ],
            "name": "google_2_of_Jenga_Classic_Game_2",
            "projected_cuboid": [
                [
                    -43.586671352386475,
                    681.9124817848206
                ],
                [
                    36.98676824569702,
                    625.8382797241211
                ],
                [
                    111.12748086452484,
                    605.7013273239136
                ],
                [
                    57.13944137096405,
                    643.9533233642578
                ],
                [
                    -70.69391012191772,
                    601.8903255462646
                ],
                [
                    6.559789180755615,
                    550.9753227233887
                ],
                [
                    86.93407475948334,
                    553.4679889678955
                ],
                [
                    34.42680835723877,
                    589.2273783683777
                ],
                [
                    35.46781837940216,
                    604.1154861450195
                ]
            ],
            "provenance": "nvisii",
            "quaternion_xyzw": [
                0.19553005695343018,
                0.1316235363483429,
                0.45894724130630493,
                -0.8566274642944336
            ],
            "quaternion_xyzw_world": [
                -0.4942105710506439,
                0.16688686609268188,
                0.821364164352417,
                -0.23079340159893036
            ],
            "segmentation_id": 3,
            "visibility": -1
        },
        {
            "bounding_box_minx_maxx_miny_maxy": [
                -1,
                -1,
                -1,
                -1
            ],
            "class": "2",
            "local_cuboid": null,
            "local_to_world_matrix": [
                [
                    0.24807953834533691,
                    0.7924098372459412,
                    0.5572640299797058,
                    0.0
                ],
                [
                    0.03115326166152954,
                    0.5684231519699097,
                    -0.8221463561058044,
                    0.0
                ],
                [
                    -0.9682386517524719,
                    0.2213183045387268,
                    0.11632800102233887,
                    0.0
                ],
                [
                    1.9495245218276978,
                    0.11871101707220078,
                    0.7494804263114929,
                    1.0
                ]
            ],
            "location": [
                -0.11871101707220078,
                0.7494804263114929,
                -1.9495245218276978
            ],
            "location_world": [
                1.9495245218276978,
                0.11871101707220078,
                0.7494804263114929
            ],
            "name": "google_2_of_Jenga_Classic_Game_3",
            "projected_cuboid": [
                [
                    181.3346892595291,
                    -52.70761251449585
                ],
                [
                    164.1765534877777,
                    -27.26045250892639
                ],
                [
                    196.4573711156845,
                    23.194655776023865
                ],
                [
                    211.1804634332657,
                    1.4909803867340088
                ],
                [
                    203.31154763698578,
                    -40.259718894958496
                ],
                [
                    185.91606616973877,
                    -14.531940221786499
                ],
                [
                    215.354785323143,
                    34.57728028297424
                ],
                [
                    230.25214672088623,
                    12.669846415519714
                ],
                [
                    199.5953917503357,
                    -5.856424570083618
                ]
            ],
            "provenance": "nvisii",
            "quaternion_xyzw": [
                -0.12399381399154663,
                0.02249935269355774,
                0.9464136362075806,
                0.2973560392856598
            ],
            "quaternion_xyzw_world": [
                -0.37527602910995483,
                -0.5486382246017456,
                0.27378153800964355,
                0.6951314210891724
            ],
            "segmentation_id": 4,
            "visibility": -1
        },
        {
            "bounding_box_minx_maxx_miny_maxy": [
                -1,
                -1,
                -1,
                -1
            ],
            "class": "2",
            "local_cuboid": null,
            "local_to_world_matrix": [
                [
                    -0.7277377843856812,
                    -0.584911584854126,
                    -0.358156681060791,
                    0.0
                ],
                [
                    0.6441564559936523,
                    -0.4035886526107788,
                    -0.6497527956962585,
                    0.0
                ],
                [
                    0.23549996316432953,
                    -0.703558623790741,
                    0.6704812049865723,
                    0.0
                ],
                [
                    1.8753172159194946,
                    0.5782663226127625,
                    -0.3994818925857544,
                    1.0
                ]
            ],
            "location": [
                -0.5782663226127625,
                -0.3994818925857544,
                -1.8753172159194946
            ],
            "location_world": [
                1.8753172159194946,
                0.5782663226127625,
                -0.3994818925857544
            ],
            "name": "google_2_of_Jenga_Classic_Game_4",
            "projected_cuboid": [
                [
                    132.77027010917664,
                    310.82871556282043
                ],
                [
                    146.6405689716339,
                    326.17151737213135
                ],
                [
                    76.65175199508667,
                    392.0501470565796
                ],
                [
                    60.16473472118378,
                    378.09669971466064
                ],
                [
                    121.91556394100189,
                    300.26912689208984
                ],
                [
                    135.68289577960968,
                    315.4586851596832
                ],
                [
                    67.38434731960297,
                    378.9973556995392
                ],
                [
                    51.13308131694794,
                    365.0924563407898
                ],
                [
                    99.709153175354,
                    345.29682993888855
                ]
            ],
            "provenance": "nvisii",
            "quaternion_xyzw": [
                0.7858377695083618,
                0.014453351497650146,
                0.4553408622741699,
                -0.41822803020477295
            ],
            "quaternion_xyzw_world": [
                -0.036638885736465454,
                -0.4042486548423767,
                0.8369300365447998,
                -0.36713582277297974
            ],
            "segmentation_id": 5,
            "visibility": -1
        },
        {
            "bounding_box_minx_maxx_miny_maxy": [
                -1,
                -1,
                -1,
                -1
            ],
            "class": "2",
            "local_cuboid": null,
            "local_to_world_matrix": [
                [
                    -0.5003007650375366,
                    -0.859134316444397,
                    -0.10764554888010025,
                    0.0
                ],
                [
                    -0.8260585069656372,
                    0.5108610391616821,
                    -0.2380092293024063,
                    0.0
                ],
                [
                    0.2594738006591797,
                    -0.03015466034412384,
                    -0.9652793407440186,
                    0.0
                ],
                [
                    1.2136915922164917,
                    -0.6819364428520203,
                    -0.27114155888557434,
                    1.0
                ]
            ],
            "location": [
                0.6819364428520203,
                -0.27114155888557434,
                -1.2136915922164917
            ],
            "location_world": [
                1.2136915922164917,
                -0.6819364428520203,
                -0.27114155888557434
            ],
            "name": "google_2_of_Jenga_Classic_Game_5",
            "projected_cuboid": [
                [
                    595.2016115188599,
                    503.182053565979
                ],
                [
                    593.6170816421509,
                    527.3045301437378
                ],
                [
                    611.4988327026367,
                    398.6222743988037
                ],
                [
                    612.166166305542,
                    380.3159296512604
                ],
                [
                    554.632842540741,
                    491.9348359107971
                ],
                [
                    550.8768558502197,
                    514.6946907043457
                ],
                [
                    565.4671788215637,
                    389.4523084163666
                ],
                [
                    568.6452388763428,
                    372.21992015838623
                ],
                [
                    580.9644460678101,
                    448.7267732620239
                ]
            ],
            "provenance": "nvisii",
            "quaternion_xyzw": [
                -0.7675639390945435,
                0.20145118236541748,
                -0.1727723628282547,
                -0.5834490656852722
            ],
            "quaternion_xyzw_world": [
                -0.48839470744132996,
                0.8626182675361633,
                -0.07771800458431244,
                0.10639681667089462
            ],
            "segmentation_id": 6,
            "visibility": -1
        },
        {
            "bounding_box_minx_maxx_miny_maxy": [
                -1,
                -1,
                -1,
                -1
            ],
            "class": "2",
            "local_cuboid": null,
            "local_to_world_matrix": [
                [
                    0.20076608657836914,
                    0.9093532562255859,
                    0.36437562108039856,
                    0.0
                ],
                [
                    0.44978567957878113,
                    0.24486196041107178,
                    -0.8589153289794922,
                    0.0
                ],
                [
                    -0.8702791929244995,
                    0.3363319933414459,
                    -0.3598541021347046,
                    0.0
                ],
                [
                    1.9456026554107666,
                    0.2282482385635376,
                    0.493656724691391,
                    1.0
                ]
            ],
            "location": [
                -0.2282482385635376,
                0.493656724691391,
                -1.9456026554107666
            ],
            "location_world": [
                1.9456026554107666,
                0.2282482385635376,
                0.493656724691391
            ],
            "name": "google_2_of_Jenga_Classic_Game_6",
            "projected_cuboid": [
                [
                    123.56580793857574,
                    92.24270284175873
                ],
                [
                    119.0979927778244,
                    121.20431661605835
                ],
                [
                    166.0287082195282,
                    105.64003884792328
                ],
                [
                    170.83080112934113,
                    80.17858862876892
                ],
                [
                    148.37507903575897,
                    101.16463899612427
                ],
                [
                    143.31218600273132,
                    130.19663095474243
                ],
                [
                    187.47690320014954,
                    113.33814263343811
                ],
                [
                    192.7432417869568,
                    87.81890571117401
                ],
                [
                    157.94946253299713,
                    103.59185934066772
                ]
            ],
            "provenance": "nvisii",
            "quaternion_xyzw": [
                -0.14078602194786072,
                -0.21222561597824097,
                0.9537489414215088,
                0.15969550609588623
            ],
            "quaternion_xyzw_world": [
                -0.5735325217247009,
                -0.592441976070404,
                0.22052086889743805,
                0.5210024118423462
            ],
            "segmentation_id": 7,
            "visibility": -1
        },
        {
            "bounding_box_minx_maxx_miny_maxy": [
                -1,
                -1,
                -1,
                -1
            ],
            "class": "2",
            "local_cuboid": null,
            "local_to_world_matrix": [
                [
                    -0.6234904527664185,
                    -0.4871644377708435,
                    -0.6114991307258606,
                    0.0
                ],
                [
                    -0.6900787949562073,
                    0.7105451822280884,
                    0.13753893971443176,
                    0.0
                ],
                [
                    0.36749374866485596,
                    0.5077366828918457,
                    -0.7792000770568848,
                    0.0
                ],
                [
                    1.7189520597457886,
                    -0.4687146842479706,
                    0.2966417074203491,
                    1.0
                ]
            ],
            "location": [
                0.4687146842479706,
                0.2966417074203491,
                -1.7189520597457886
            ],
            "location_world": [
                1.7189520597457886,
                -0.4687146842479706,
                0.2966417074203491
            ],
            "name": "google_2_of_Jenga_Classic_Game_7",
            "projected_cuboid": [
                [
                    371.8506097793579,
                    237.10447549819946
                ],
                [
                    355.42768239974976,
                    232.7263355255127
                ],
                [
                    415.97646474838257,
                    149.1210013628006
                ],
                [
                    431.3751459121704,
                    156.59835934638977
                ],
                [
                    356.3253879547119,
                    221.95561230182648
                ],
                [
                    339.8492932319641,
                    217.21112728118896
                ],
                [
                    397.68558740615845,
                    135.03290712833405
                ],
                [
                    413.25825452804565,
                    142.7658647298813
                ],
                [
                    384.3438923358917,
                    187.74470686912537
                ]
            ],
            "provenance": "nvisii",
            "quaternion_xyzw": [
                -0.6551945209503174,
                0.504447340965271,
                -0.04416763782501221,
                -0.5606268644332886
            ],
            "quaternion_xyzw_world": [
                -0.3336032032966614,
                0.8822181820869446,
                0.1828560084104538,
                0.2774236798286438
            ],
            "segmentation_id": 8,
            "visibility": -1
        },
        {
            "bounding_box_minx_maxx_miny_maxy": [
                -1,
                -1,
                -1,
                -1
            ],
            "class": "2",
            "local_cuboid": null,
            "local_to_world_matrix": [
                [
                    -0.9880714416503906,
                    -0.012081876397132874,
                    -0.15352140367031097,
                    0.0
                ],
                [
                    0.1384747475385666,
                    -0.5058761835098267,
                    -0.8514187932014465,
                    0.0
                ],
                [
                    -0.06737607717514038,
                    -0.8625214695930481,
                    0.5015148520469666,
                    0.0
                ],
                [
                    0.21231697499752045,
                    -0.17054755985736847,
                    0.20148372650146484,
                    1.0
                ]
            ],
            "location": [
                0.17054755985736847,
                0.20148372650146484,
                -0.21231697499752045
            ],
            "location_world": [
                0.21231697499752045,
                -0.17054755985736847,
                0.20148372650146484
            ],
            "name": "google_2_of_Jenga_Classic_Game_8",
            "projected_cuboid": [
                [
                    1889.5812034606934,
                    -1292.8450107574463
                ],
                [
                    1931.017279624939,
                    -907.7597856521606
                ],
                [
                    897.8814482688904,
                    -287.23686933517456
                ],
                [
                    789.199709892273,
                    -583.766758441925
                ],
                [
                    1320.995569229126,
                    -792.5786972045898
                ],
                [
                    1376.8270015716553,
                    -558.5237145423889
                ],
                [
                    699.2626190185547,
                    -152.81805396080017
                ],
                [
                    615.6316995620728,
                    -348.78087043762207
                ],
                [
                    1133.7676048278809,
                    -568.9650177955627
                ]
            ],
            "provenance": "nvisii",
            "quaternion_xyzw": [
                0.6700978875160217,
                0.13145646452903748,
                0.6904188394546509,
                -0.23876720666885376
            ],
            "quaternion_xyzw_world": [
                -0.0638158917427063,
                -0.4951465427875519,
                0.8653702139854431,
                -0.04349486157298088
            ],
            "segmentation_id": 9,
            "visibility": -1
        },
        {
            "bounding_box_minx_maxx_miny_maxy": [
                -1,
                -1,
                -1,
                -1
            ],
            "class": "2",
            "local_cuboid": null,
            "local_to_world_matrix": [
                [
                    -0.476173996925354,
                    -0.873153567314148,
                    0.10421639680862427,
                    0.0
                ],
                [
                    -0.293994277715683,
                    0.04638254642486572,
                    -0.9546810984611511,
                    0.0
                ],
                [
                    0.828749418258667,
                    -0.4852333664894104,
                    -0.2787882089614868,
                    0.0
                ],
                [
                    1.7179396152496338,
                    0.46306514739990234,
                    -0.7598323225975037,
                    1.0
                ]
            ],
            "location": [
                -0.46306514739990234,
                -0.7598323225975037,
                -1.7179396152496338
            ],
            "location_world": [
                1.7179396152496338,
                0.46306514739990234,
                -0.7598323225975037
            ],
            "name": "google_2_of_Jenga_Classic_Game_9",
            "projected_cuboid": [
                [
                    161.97076439857483,
                    496.16479873657227
                ],
                [
                    159.61231291294098,
                    524.5569944381714
                ],
                [
                    95.92488408088684,
                    534.8217487335205
                ],
                [
                    99.5405912399292,
                    502.26497650146484
                ],
                [
                    142.75334775447845,
                    494.01283264160156
                ],
                [
                    140.19732177257538,
                    521.8355655670166
                ],
                [
                    75.17166435718536,
                    531.4946174621582
                ],
                [
                    79.00425791740417,
                    499.68427419662476
                ],
                [
                    121.27731740474701,
                    512.728214263916
                ]
            ],
            "provenance": "nvisii",
            "quaternion_xyzw": [
                -0.9561098217964172,
                -0.015122205018997192,
                -0.2513852119445801,
                -0.14976903796195984
            ],
            "quaternion_xyzw_world": [
                -0.4348079264163971,
                0.67107093334198,
                -0.5364241003990173,
                0.26991671323776245
            ],
            "segmentation_id": 10,
            "visibility": -1
        },
        {
            "bounding_box_minx_maxx_miny_maxy": [
                -1,
                -1,
                -1,
                -1
            ],
            "class": "2",
            "local_cuboid": null,
            "local_to_world_matrix": [
                [
                    -0.019403457641601562,
                    -0.9968189001083374,
                    0.07730278372764587,
                    0.0
                ],
                [
                    0.350360631942749,
                    -0.0791938304901123,
                    -0.9332609176635742,
                    0.0
                ],
                [
                    0.9364138841629028,
                    0.008975356817245483,
                    0.3507826328277588,
                    0.0
                ],
                [
                    0.6598463654518127,
                    0.47101759910583496,
                    0.2316046506166458,
                    1.0
                ]
            ],
            "location": [
                -0.47101759910583496,
                0.2316046506166458,
                -0.6598463654518127
            ],
            "location_world": [
                0.6598463654518127,
                0.47101759910583496,
                0.2316046506166458
            ],
            "name": "google_2_of_Jenga_Classic_Game_10",
            "projected_cuboid": [
                [
                    -37.82540559768677,
                    2.3798495531082153
                ],
                [
                    -24.57752823829651,
                    60.3150874376297
                ],
                [
                    -133.6817741394043,
                    75.09312033653259
                ],
                [
                    -157.56374597549438,
                    -6.759554147720337
                ],
                [
                    -88.97161483764648,
                    6.795674562454224
                ],
                [
                    -74.15056228637695,
                    64.49978053569794
                ],
                [
                    -203.0838429927826,
                    80.93905448913574
                ],
                [
                    -230.088472366333,
                    -0.45183300971984863
                ],
                [
                    -107.88235068321228,
                    35.68296134471893
                ]
            ],
            "provenance": "nvisii",
            "quaternion_xyzw": [
                -0.9831700921058655,
                -0.03979390859603882,
                -0.0026516616344451904,
                0.1782863736152649
            ],
            "quaternion_xyzw_world": [
                -0.4210129678249359,
                0.3838707506656647,
                -0.601951003074646,
                0.5595054626464844
            ],
            "segmentation_id": 11,
            "visibility": -1
        },
        {
            "bounding_box_minx_maxx_miny_maxy": [
                -1,
                -1,
                -1,
                -1
            ],
            "class": "2",
            "local_cuboid": null,
            "local_to_world_matrix": [
                [
                    0.3808290958404541,
                    -0.9033172130584717,
                    -0.1974520981311798,
                    0.0
                ],
                [
                    0.10962215065956116,
                    0.2561455965042114,
                    -0.960402250289917,
                    0.0
                ],
                [
                    0.9181243181228638,
                    0.3441040515899658,
                    0.1965712308883667,
                    0.0
                ],
                [
                    0.9859604239463806,
                    0.13979953527450562,
                    0.6238616704940796,
                    1.0
                ]
            ],
            "location": [
                -0.13979953527450562,
                0.6238616704940796,
                -0.9859604239463806
            ],
            "location_world": [
                0.9859604239463806,
                0.13979953527450562,
                0.6238616704940796
            ],
            "name": "google_2_of_Jenga_Classic_Game_11",
            "projected_cuboid": [
                [
                    157.46313333511353,
                    -90.82505106925964
                ],
                [
                    147.8874683380127,
                    -49.92356896400452
                ],
                [
                    180.98175525665283,
                    -95.44789791107178
                ],
                [
                    193.44235956668854,
                    -147.781640291214
                ],
                [
                    120.37132680416107,
                    -106.73487186431885
                ],
                [
                    110.84042489528656,
                    -64.72700834274292
                ],
                [
                    134.76955890655518,
                    -115.72274565696716
                ],
                [
                    147.1748799085617,
                    -169.877827167511
                ],
                [
                    147.58005738258362,
                    -101.66803002357483
                ]
            ],
            "provenance": "nvisii",
            "quaternion_xyzw": [
                -0.972348153591156,
                0.11662431061267853,
                0.18638727068901062,
                0.07872524857521057
            ],
            "quaternion_xyzw_world": [
                -0.48169293999671936,
                0.4119299650192261,
                -0.3740309178829193,
                0.6770424842834473
            ],
            "segmentation_id": 12,
            "visibility": -1
        },
        {
            "bounding_box_minx_maxx_miny_maxy": [
                -1,
                -1,
                -1,
                -1
            ],
            "class": "2",
            "local_cuboid": null,
            "local_to_world_matrix": [
                [
                    -0.5623253583908081,
                    -0.37305158376693726,
                    -0.7379859685897827,
                    0.0
                ],
                [
                    0.7703267931938171,
                    0.08814895153045654,
                    -0.631527304649353,
                    0.0
                ],
                [
                    0.300645112991333,
                    -0.9236139059066772,
                    0.23780286312103271,
                    0.0
                ],
                [
                    1.8296407461166382,
                    0.857613742351532,
                    -0.1007385179400444,
                    1.0
                ]
            ],
            "location": [
                -0.857613742351532,
                -0.1007385179400444,
                -1.8296407461166382
            ],
            "location_world": [
                1.8296407461166382,
                0.857613742351532,
                -0.1007385179400444
            ],
            "name": "google_2_of_Jenga_Classic_Game_12",
            "projected_cuboid": [
                [
                    65.50852954387665,
                    260.9151601791382
                ],
                [
                    69.40308213233948,
                    277.24185585975647
                ],
                [
                    -27.712583541870117,
                    301.3271689414978
                ],
                [
                    -35.35875678062439,
                    285.075306892395
                ],
                [
                    60.48630177974701,
                    242.23674833774567
                ],
                [
                    64.4589215517044,
                    258.8122487068176
                ],
                [
                    -30.60087561607361,
                    281.4716398715973
                ],
                [
                    -38.16390037536621,
                    264.9061977863312
                ],
                [
                    17.17694103717804,
                    271.2526321411133
                ]
            ],
            "provenance": "nvisii",
            "quaternion_xyzw": [
                0.7591482400894165,
                -0.2720598876476288,
                0.48934417963027954,
                -0.3319937288761139
            ],
            "quaternion_xyzw_world": [
                -0.16712477803230286,
                -0.5942792892456055,
                0.6542131304740906,
                -0.4369288384914398
            ],
            "segmentation_id": 13,
            "visibility": -1
        },
        {
            "bounding_box_minx_maxx_miny_maxy": [
                -1,
                -1,
                -1,
                -1
            ],
            "class": "2",
            "local_cuboid": null,
            "local_to_world_matrix": [
                [
                    0.30612558126449585,
                    0.1574646234512329,
                    0.9388781785964966,
