{
    "camera_data": {
        "camera_look_at": {
            "at": [
                1.0,
                0.0,
                0.0
            ],
            "eye": [
                0.0,
                0.0,
                0.0
            ],
            "up": [
                0.0,
                0.0,
                1.0
            ]
        },
        "camera_view_matrix": [
            [
                0.0,
                0.0,
                -1.0,
                0.0
            ],
            [
                -1.0,
                0.0,
                0.0,
                0.0
            ],
            [
                0.0,
                1.0,
                0.0,
                0.0
            ],
            [
                0.0,
                0.0,
                0.0,
                1.0
            ]
        ],
        "height": 500,
        "intrinsics": {
            "cx": 250.0,
            "cy": 250.0,
            "fx": 603.5535278320312,
            "fy": 603.5535278320312
        },
        "location_world": [
            0.0,
            0.0,
            0.0
        ],
        "quaternion_world_xyzw": [
            0.5,
            -0.5,
            -0.5,
            0.5
        ],
        "width": 500
    },
    "objects": [
        {
            "bounding_box_minx_maxx_miny_maxy": [
                -1,
                -1,
                -1,
                -1
            ],
            "class": "2",
            "local_cuboid": null,
            "local_to_world_matrix": [
                [
                    0.1508581042289734,
                    0.8615688681602478,
                    -0.4847075343132019,
                    0.0
                ],
                [
                    -0.9397427439689636,
                    0.27715814113616943,
                    0.20016808807849884,
                    0.0
                ],
                [
                    0.3067992925643921,
                    0.42530328035354614,
                    0.8514642715454102,
                    0.0
                ],
                [
                    0.9927626252174377,
                    0.4737567603588104,
                    0.30894023180007935,
                    1.0
                ]
            ],
            "location": [
                -0.4737567603588104,
                0.30894023180007935,
                -0.9927626252174377
            ],
            "location_world": [
                0.9927626252174377,
                0.4737567603588104,
                0.30894023180007935
            ],
            "name": "google_2_of_Jenga_Classic_Game_0",
            "projected_cuboid": [
                [
                    -81.8614661693573,
                    -33.622682094573975
                ],
                [
                    -120.44131755828857,
                    -64.81096148490906
                ],
                [
                    -76.87565684318542,
                    62.290191650390625
                ],
                [
                    -38.29541802406311,
                    86.45768463611603
                ],
                [
                    -48.646628856658936,
                    -57.32369422912598
                ],
                [
                    -85.12717485427856,
                    -90.6839668750763
                ],
                [
                    -37.672996520996094,
                    35.56621074676514
                ],
                [
                    -1.6758441925048828,
                    62.079668045043945
                ],
                [
                    -61.692893505096436,
                    -2.0433366298675537
                ]
            ],
            "provenance": "nvisii",
            "quaternion_xyzw": [
                -0.24751900136470795,
                0.7695025205612183,
                0.5819367170333862,
                -0.08916310966014862
            ],
            "quaternion_xyzw_world": [
                -0.07455818355083466,
                0.2621239125728607,
                0.596541702747345,
                0.7548975944519043
            ],
            "segmentation_id": 1,
            "visibility": -1
        },
        {
            "bounding_box_minx_maxx_miny_maxy": [
                -1,
                -1,
                -1,
                -1
            ],
            "class": "2",
            "local_cuboid": null,
            "local_to_world_matrix": [
                [
                    0.9338966608047485,
                    -0.34317004680633545,
                    0.10035630315542221,
                    0.0
                ],
                [
                    0.1681976318359375,
                    0.6693544387817383,
                    0.7236533761024475,
                    0.0
                ],
                [
                    -0.315510094165802,
                    -0.6589377522468567,
                    0.6828282475471497,
                    0.0
                ],
                [
                    1.7035657167434692,
                    0.7923902869224548,
                    -0.8081814646720886,
                    1.0
                ]
            ],
            "location": [
                -0.7923902869224548,
                -0.8081814646720886,
                -1.7035657167434692
            ],
            "location_world": [
                1.7035657167434692,
                0.7923902869224548,
                -0.8081814646720886
            ],
            "name": "google_2_of_Jenga_Classic_Game_1",
            "projected_cuboid": [
                [
                    44.746145606040955,
                    483.6614727973938
                ],
                [
                    25.899529457092285,
                    459.37734842300415
                ],
                [
                    -28.759509325027466,
                    517.2231197357178
                ],
                [
                    -11.362850666046143,
                    540.6899452209473
                ],
                [
                    24.674803018569946,
                    497.6923167705536
                ],
                [
                    5.130574107170105,
                    472.1510410308838
                ],
                [
                    -50.79081654548645,
                    531.8395495414734
                ],
                [
                    -32.81041979789734,
                    556.4732551574707
                ],
                [
                    -3.493368625640869,
                    507.9880952835083
                ]
            ],
            "provenance": "nvisii",
            "quaternion_xyzw": [
                -0.2756839394569397,
                0.5159876942634583,
                0.24934250116348267,
                0.7717404961585999
            ],
            "quaternion_xyzw_world": [
                0.38135087490081787,
                -0.1147056519985199,
                -0.1410471349954605,
                0.9063773155212402
            ],
            "segmentation_id": 2,
            "visibility": -1
        },
        {
            "bounding_box_minx_maxx_miny_maxy": [
                -1,
                -1,
                -1,
                -1
            ],
            "class": "2",
            "local_cuboid": null,
            "local_to_world_matrix": [
                [
                    -0.16283631324768066,
                    0.6715235114097595,
                    -0.722869873046875,
                    0.0
                ],
                [
                    0.986564576625824,
                    0.10099422931671143,
                    -0.1284162700176239,
                    0.0
                ],
                [
                    -0.01322871446609497,
                    -0.7340685129165649,
                    -0.6789469718933105,
                    0.0
                ],
                [
                    0.5047948360443115,
                    0.49730566143989563,
                    0.14817437529563904,
                    1.0
                ]
            ],
            "location": [
                -0.49730566143989563,
                0.14817437529563904,
                -0.5047948360443115
            ],
            "location_world": [
                0.5047948360443115,
                0.49730566143989563,
                0.14817437529563904
            ],
            "name": "google_2_of_Jenga_Classic_Game_2",
            "projected_cuboid": [
                [
                    -156.64303302764893,
                    347.59002923965454
                ],
                [
                    -103.05929183959961,
                    344.6333706378937
                ],
                [
                    -340.1908874511719,
                    122.29432165622711
                ],
                [
                    -436.575710773468,
                    84.66978371143341
                ],
                [
                    -76.7660140991211,
                    270.9883749485016
                ],
                [
                    -36.55692934989929,
                    279.72471714019775
                ],
                [
                    -268.6433792114258,
                    63.00555169582367
                ],
                [
                    -349.697470664978,
                    15.89156687259674
                ],
                [
                    -218.21236610412598,
                    191.1468803882599
                ]
            ],
            "provenance": "nvisii",
            "quaternion_xyzw": [
                -0.33304059505462646,
                0.6184413433074951,
                -0.6732697486877441,
                0.23091615736484528
            ],
            "quaternion_xyzw_world": [
                0.5947933197021484,
                0.6969177722930908,
                -0.3093926012516022,
                0.25456416606903076
            ],
            "segmentation_id": 3,
            "visibility": -1
        },
        {
            "bounding_box_minx_maxx_miny_maxy": [
                -1,
                -1,
                -1,
                -1
            ],
            "class": "2",
            "local_cuboid": null,
            "local_to_world_matrix": [
                [
                    -0.5444594621658325,
                    -0.3268173038959503,
                    0.7724987268447876,
                    0.0
                ],
                [
                    0.6101295948028564,
                    0.4776795506477356,
                    0.6321108341217041,
                    0.0
                ],
                [
                    -0.5755915641784668,
                    0.8154830932617188,
                    -0.0606762170791626,
                    0.0
                ],
                [
                    1.9594026803970337,
                    0.2739565372467041,
                    0.7985585331916809,
                    1.0
                ]
            ],
            "location": [
                -0.2739565372467041,
                0.7985585331916809,
                -1.9594026803970337
            ],
            "location_world": [
                1.9594026803970337,
                0.2739565372467041,
                0.7985585331916809
            ],
            "name": "google_2_of_Jenga_Classic_Game_3",
            "projected_cuboid": [
                [
                    84.20133590698242,
                    -21.51927351951599
                ],
                [
                    75.40053129196167,
                    -31.669974327087402
                ],
                [
                    163.56289386749268,
                    -13.000935316085815
                ],
                [
                    173.9652007818222,
                    -3.239750862121582
                ],
                [
                    79.47859168052673,
                    5.589395761489868
                ],
                [
                    71.01573050022125,
                    -5.083829164505005
                ],
                [
                    157.65845775604248,
                    10.958030819892883
                ],
                [
                    167.6766574382782,
                    21.136105060577393
                ],
                [
                    123.50142002105713,
                    -4.143714904785156
                ]
            ],
            "provenance": "nvisii",
            "quaternion_xyzw": [
                0.17256513237953186,
                0.42711296677589417,
                -0.3926396071910858,
                -0.7960087656974792
            ],
            "quaternion_xyzw_world": [
                0.0981544703245163,
                0.7215980887413025,
                0.5015236139297485,
                -0.4670502543449402
            ],
            "segmentation_id": 4,
            "visibility": -1
        },
        {
            "bounding_box_minx_maxx_miny_maxy": [
                -1,
                -1,
                -1,
                -1
            ],
            "class": "2",
            "local_cuboid": null,
            "local_to_world_matrix": [
                [
                    -0.30392229557037354,
                    -0.43423205614089966,
                    0.8479825258255005,
                    0.0
                ],
                [
                    -0.3536917567253113,
                    0.8779011368751526,
                    0.3227875232696533,
                    0.0
                ],
                [
                    -0.8846094608306885,
                    -0.2018221616744995,
                    -0.4203979969024658,
                    0.0
                ],
                [
                    1.9717415571212769,
                    0.5884547233581543,
                    -0.4371280372142792,
                    1.0
                ]
            ],
            "location": [
                -0.5884547233581543,
                -0.4371280372142792,
                -1.9717415571212769
            ],
            "location_world": [
                1.9717415571212769,
                0.5884547233581543,
                -0.4371280372142792
            ],
            "name": "google_2_of_Jenga_Classic_Game_4",
            "projected_cuboid": [
                [
                    82.86049962043762,
                    439.94224071502686
                ],
                [
                    53.37126553058624,
                    433.551549911499
                ],
                [
                    61.20060384273529,
                    371.0562586784363
                ],
                [
                    86.71271800994873,
                    377.5559067726135
                ],
                [
                    73.28300178050995,
                    460.52539348602295
                ],
                [
                    44.03987526893616,
                    454.58370447158813
                ],
                [
                    52.99858748912811,
                    390.08915424346924
                ],
                [
                    78.3272236585617,
                    396.2263762950897
                ],
                [
                    66.90648198127747,
                    413.30772638320923
                ]
            ],
            "provenance": "nvisii",
            "quaternion_xyzw": [
                0.23813611268997192,
                -0.0314093753695488,
                0.5309402346611023,
                0.8126544952392578
            ],
            "quaternion_xyzw_world": [
                0.24422049522399902,
                -0.8065701127052307,
                -0.0374937504529953,
                0.5370246171951294
            ],
            "segmentation_id": 5,
            "visibility": -1
        },
        {
            "bounding_box_minx_maxx_miny_maxy": [
                -1,
                -1,
                -1,
                -1
            ],
            "class": "2",
            "local_cuboid": null,
            "local_to_world_matrix": [
                [
                    -0.76763916015625,
                    -0.538453996181488,
                    0.34755939245224,
                    0.0
                ],
                [
                    -0.25159215927124023,
                    0.7519674301147461,
                    0.609299898147583,
                    0.0
                ],
                [
                    -0.5894333124160767,
                    0.38027918338775635,
                    -0.7127103805541992,
                    0.0
                ],
                [
                    0.9940467476844788,
                    -0.6415894627571106,
                    -0.29716384410858154,
                    1.0
                ]
            ],
            "location": [
                0.6415894627571106,
                -0.29716384410858154,
                -0.9940467476844788
            ],
            "location_world": [
                0.9940467476844788,
                -0.6415894627571106,
                -0.29716384410858154
            ],
            "name": "google_2_of_Jenga_Classic_Game_5",
            "projected_cuboid": [
                [
                    688.9951229095459,
                    639.2495632171631
                ],
                [
                    651.867687702179,
                    610.0785732269287
                ],
                [
                    649.613618850708,
                    413.2150113582611
                ],
                [
                    680.2300214767456,
                    441.5236711502075
                ],
                [
                    628.4695863723755,
                    631.1092376708984
                ],
                [
                    592.4858450889587,
                    603.8317084312439
                ],
                [
                    600.4519462585449,
                    419.78919506073
                ],
                [
                    630.2860975265503,
                    446.30658626556396
                ],
                [
                    639.5677328109741,
                    516.7403221130371
                ]
            ],
            "provenance": "nvisii",
            "quaternion_xyzw": [
                -0.291427880525589,
                0.34691953659057617,
                -0.33229485154151917,
                -0.8272222876548767
            ],
            "quaternion_xyzw_world": [
                -0.21971793472766876,
                0.8989322781562805,
                0.27520957589149475,
                -0.26058489084243774
            ],
            "segmentation_id": 6,
            "visibility": -1
        },
        {
            "bounding_box_minx_maxx_miny_maxy": [
                -1,
                -1,
                -1,
                -1
            ],
            "class": "2",
            "local_cuboid": null,
            "local_to_world_matrix": [
                [
                    -0.6326949596405029,
                    0.3309996724128723,
                    -0.7000973224639893,
                    0.0
                ],
                [
                    -0.47143661975860596,
                    0.5525895357131958,
                    0.6873080730438232,
                    0.0
                ],
                [
                    0.6143652200698853,
                    0.7649078369140625,
                    -0.19357526302337646,
                    0.0
                ],
                [
                    1.7070391178131104,
                    0.3382944166660309,
                    0.6444300413131714,
                    1.0
                ]
            ],
            "location": [
                -0.3382944166660309,
                0.6444300413131714,
                -1.7070391178131104
            ],
            "location_world": [
                1.7070391178131104,
                0.3382944166660309,
                0.6444300413131714
            ],
            "name": "google_2_of_Jenga_Classic_Game_6",
            "projected_cuboid": [
                [
                    73.10932874679565,
                    79.58261668682098
                ],
                [
                    53.994521498680115,
                    56.87972903251648
                ],
                [
                    113.9608770608902,
                    15.499264001846313
                ],
                [
                    133.68859887123108,
                    41.56361520290375
                ],
                [
                    85.84034442901611,
                    66.72772765159607
                ],
                [
                    67.4978494644165,
                    44.35344040393829
                ],
                [
                    127.13146209716797,
                    2.8662830591201782
                ],
                [
                    145.99788188934326,
                    28.475165367126465
                ],
                [
                    98.84747862815857,
                    43.03207993507385
                ]
            ],
            "provenance": "nvisii",
            "quaternion_xyzw": [
                -0.38602378964424133,
                0.8112757205963135,
                0.0856248289346695,
                -0.43068063259124756
            ],
            "quaternion_xyzw_world": [
                -0.04552677646279335,
                0.7711776494979858,
                0.4707786738872528,
                0.4261218309402466
            ],
            "segmentation_id": 7,
            "visibility": -1
        },
        {
            "bounding_box_minx_maxx_miny_maxy": [
                -1,
                -1,
                -1,
                -1
            ],
            "class": "2",
            "local_cuboid": null,
            "local_to_world_matrix": [
                [
                    -0.08580589294433594,
                    0.04264235496520996,
                    -0.9953989386558533,
                    0.0
                ],
                [
                    -0.9919272661209106,
                    0.08997184038162231,
                    0.08936095237731934,
                    0.0
                ],
                [
                    0.09336847066879272,
                    0.9950309991836548,
                    0.034578025341033936,
                    0.0
                ],
                [
                    1.9108744859695435,
                    -0.49323928356170654,
                    0.07009293884038925,
                    1.0
                ]
            ],
            "location": [
                0.49323928356170654,
                0.07009293884038925,
                -1.9108744859695435
            ],
            "location_world": [
                1.9108744859695435,
                -0.49323928356170654,
                0.07009293884038925
            ],
            "name": "google_2_of_Jenga_Classic_Game_7",
            "projected_cuboid": [
                [
                    312.5060200691223,
                    238.64910006523132
                ],
                [
                    312.84940242767334,
                    235.7410043478012
                ],
                [
                    407.7949821949005,
                    238.8000637292862
                ],
                [
                    403.36742997169495,
                    241.61741137504578
                ],
                [
                    313.31631541252136,
                    214.79332447052002
                ],
                [
                    313.6942386627197,
                    210.8437865972519
                ],
                [
                    408.30886363983154,
                    213.52913975715637
                ],
                [
                    403.87463569641113,
                    217.41876006126404
                ],
                [
                    359.10993814468384,
                    226.42934322357178
                ]
            ],
            "provenance": "nvisii",
            "quaternion_xyzw": [
                -0.49024614691734314,
                0.5534825325012207,
                0.4636574685573578,
                -0.48819825053215027
            ],
            "quaternion_xyzw_world": [
                -0.44430965185165405,
                0.5341347455978394,
                0.507546067237854,
                0.5095939636230469
            ],
            "segmentation_id": 8,
            "visibility": -1
        },
        {
            "bounding_box_minx_maxx_miny_maxy": [
                -1,
                -1,
                -1,
                -1
            ],
            "class": "2",
            "local_cuboid": null,
            "local_to_world_matrix": [
                [
                    0.3051767349243164,
                    0.607254147529602,
                    -0.7335594892501831,
                    0.0
                ],
                [
                    0.9496299028396606,
                    -0.2516559362411499,
                    0.18674129247665405,
                    0.0
                ],
                [
                    -0.07120519876480103,
                    -0.7535991072654724,
                    -0.6534662246704102,
                    0.0
                ],
                [
                    0.5472100377082825,
                    -0.3346046805381775,
                    0.4329874813556671,
                    1.0
                ]
            ],
            "location": [
                0.3346046805381775,
                0.4329874813556671,
                -0.5472100377082825
            ],
            "location_world": [
                0.5472100377082825,
                -0.3346046805381775,
                0.4329874813556671
            ],
            "name": "google_2_of_Jenga_Classic_Game_8",
            "projected_cuboid": [
                [
                    880.0046443939209,
                    1.3448446989059448
                ],
                [
                    814.8507475852966,
                    19.359424710273743
                ],
                [
                    573.5611915588379,
                    -164.8663878440857
                ],
                [
                    598.8340973854065,
                    -210.61551570892334
                ],
                [
                    972.9525446891785,
                    -84.92478728294373
                ],
                [
                    891.5268778800964,
                    -53.651124238967896
                ],
                [
                    637.3662948608398,
                    -242.94725060462952
                ],
                [
                    674.2031574249268,
                    -303.56836318969727
                ],
                [
                    749.994158744812,
                    -129.55179810523987
                ]
            ],
            "provenance": "nvisii",
            "quaternion_xyzw": [
                -0.18357513844966888,
                0.6562755107879639,
                -0.610679566860199,
                0.40332746505737305
            ],
            "quaternion_xyzw_world": [
                0.7433537244796753,
                0.5236013531684875,
                -0.2706533372402191,
                0.3162493109703064
            ],
            "segmentation_id": 9,
            "visibility": -1
        },
        {
            "bounding_box_minx_maxx_miny_maxy": [
                -1,
                -1,
                -1,
                -1
            ],
            "class": "2",
            "local_cuboid": null,
            "local_to_world_matrix": [
                [
                    0.24321794509887695,
                    -0.05133536458015442,
                    0.9686121940612793,
                    0.0
                ],
                [
                    -0.9692059755325317,
                    -0.05253243446350098,
                    0.24058285355567932,
                    0.0
                ],
                [
                    0.038533180952072144,
                    -0.9972988367080688,
                    -0.06253135204315186,
                    0.0
                ],
                [
                    1.5776292085647583,
                    0.5663820505142212,
                    -0.683505654335022,
                    1.0
                ]
            ],
            "location": [
                -0.5663820505142212,
                -0.683505654335022,
                -1.5776292085647583
            ],
            "location_world": [
                1.5776292085647583,
                0.5663820505142212,
                -0.683505654335022
            ],
            "name": "google_2_of_Jenga_Classic_Game_9",
            "projected_cuboid": [
                [
                    148.6606001853943,
                    498.04070591926575
                ],
                [
                    145.0549066066742,
                    503.2014846801758
                ],
                [
                    30.58922290802002,
                    497.9152977466583
                ],
                [
                    39.973318576812744,
                    492.9845631122589
                ],
                [
                    145.9520012140274,
                    529.441773891449
                ],
                [
                    142.15724170207977,
                    536.3373756408691
                ],
                [
                    26.232093572616577,
                    531.2289595603943
                ],
                [
                    35.94970703125,
                    524.5450139045715
                ],
                [
                    89.61690962314606,
                    514.0464305877686
                ]
            ],
            "provenance": "nvisii",
            "quaternion_xyzw": [
                0.4607834815979004,
                0.5540263056755066,
                0.4091297388076782,
                0.559773325920105
            ],
            "quaternion_xyzw_world": [
                0.5827267169952393,
                -0.4378301501274109,
                0.4320830702781677,
                0.5310729742050171
            ],
            "segmentation_id": 10,
            "visibility": -1
        },
        {
            "bounding_box_minx_maxx_miny_maxy": [
                -1,
                -1,
                -1,
                -1
            ],
            "class": "2",
            "local_cuboid": null,
            "local_to_world_matrix": [
                [
                    0.44898301362991333,
                    -0.26483091711997986,
                    0.8533925414085388,
                    0.0
                ],
                [
                    0.4157088100910187,
                    -0.7835034132003784,
                    -0.4618532359600067,
                    0.0
                ],
                [
                    0.7909490466117859,
                    0.5621270537376404,
                    -0.24168717861175537,
                    0.0
                ],
                [
                    0.5527007579803467,
                    0.44840651750564575,
                    0.3403821885585785,
                    1.0
                ]
            ],
            "location": [
                -0.44840651750564575,
                0.3403821885585785,
                -0.5527007579803467
            ],
            "location_world": [
                0.5527007579803467,
                0.44840651750564575,
                0.3403821885585785
            ],
            "name": "google_2_of_Jenga_Classic_Game_10",
            "projected_cuboid": [
                [
                    -239.1328513622284,
                    1.3451874256134033
                ],
                [
                    -169.41288113594055,
                    40.74263572692871
                ],
                [
                    -165.66705703735352,
                    -113.95740509033203
                ],
                [
                    -264.2855644226074,
                    -179.6417236328125
                ],
                [
                    -279.12700176239014,
                    43.86627674102783
                ],
                [
                    -204.46380972862244,
                    83.13976228237152
                ],
                [
                    -215.1344120502472,
                    -63.7490451335907
                ],
                [
                    -323.8595128059387,
                    -130.52350282669067
                ],
                [
                    -229.21088337898254,
                    -25.567471981048584
                ]
            ],
            "provenance": "nvisii",
            "quaternion_xyzw": [
                0.7933525443077087,
                0.5158160924911499,
                -0.31861937046051025,
                -0.0548374205827713
            ],
            "quaternion_xyzw_world": [
                0.7864753007888794,
                0.047960154712200165,
                0.5226933360099792,
                -0.325496643781662
            ],
            "segmentation_id": 11,
            "visibility": -1
        },
        {
            "bounding_box_minx_maxx_miny_maxy": [
                -1,
                -1,
                -1,
                -1
            ],
            "class": "2",
            "local_cuboid": null,
            "local_to_world_matrix": [
                [
                    -0.787906289100647,
                    0.15693920850753784,
                    -0.5954611301422119,
                    0.0
                ],
                [
                    -0.5534654855728149,
                    0.24344241619110107,
                    0.7964996695518494,
                    0.0
                ],
                [
                    0.2699625492095947,
                    0.9571341872215271,
                    -0.1049494743347168,
                    0.0
                ],
                [
                    0.9564747214317322,
                    0.06851988285779953,
                    0.5977416038513184,
                    1.0
                ]
            ],
            "location": [
                -0.06851988285779953,
                0.5977416038513184,
                -0.9564747214317322
            ],
            "location_world": [
                0.9564747214317322,
                0.06851988285779953,
                0.5977416038513184
            ],
            "name": "google_2_of_Jenga_Classic_Game_11",
            "projected_cuboid": [
                [
                    47.96457290649414,
                    -49.5038628578186
                ],
                [
                    25.69122612476349,
                    -105.15451431274414
                ],
                [
                    193.14232468605042,
                    -156.71199560165405
                ],
                [
                    209.01894569396973,
                    -93.89665722846985
                ],
                [
                    66.34382903575897,
                    -58.43716859817505
                ],
                [
                    46.221181750297546,
                    -111.17187142372131
                ],
                [
                    204.55703139305115,
                    -159.89789366722107
                ],
                [
                    218.92985701560974,
                    -100.79741477966309
                ],
                [
                    123.76734614372253,
                    -102.94309258460999
                ]
            ],
            "provenance": "nvisii",
            "quaternion_xyzw": [
                -0.28130218386650085,
                0.745553731918335,
                0.15039695799350739,
                -0.5851491093635559
            ],
            "quaternion_xyzw_world": [
                -0.1356472671031952,
                0.7308040261268616,
                0.5998988151550293,
                0.29605188965797424
            ],
            "segmentation_id": 12,
            "visibility": -1
        },
        {
            "bounding_box_minx_maxx_miny_maxy": [
                -1,
                -1,
                -1,
                -1
            ],
            "class": "2",
            "local_cuboid": null,
            "local_to_world_matrix": [
                [
                    -0.48226606845855713,
                    0.7246123552322388,
                    0.4922969937324524,
                    0.0
                ],
                [
                    0.4693191349506378,
                    0.6882278919219971,
                    -0.5532466769218445,
                    0.0
                ],
                [
                    -0.7397019267082214,
                    -0.03576767444610596,
                    -0.6719833612442017,
                    0.0
                ],
                [
                    1.9357432126998901,
                    0.7474079728126526,
                    -0.23991252481937408,
                    1.0
                ]
            ],
            "location": [
                -0.7474079728126526,
                -0.23991252481937408,
                -1.9357432126998901
            ],
            "location_world": [
                1.9357432126998901,
                0.7474079728126526,
                -0.23991252481937408
            ],
            "name": "google_2_of_Jenga_Classic_Game_12",
            "projected_cuboid": [
                [
                    -14.443784952163696,
                    391.2673592567444
                ],
                [
                    -28.739124536514282,
                    404.4015407562256
                ],
                [
                    -0.8953213691711426,
                    325.9986639022827
                ],
                [
                    12.353390455245972,
                    312.7225637435913
                ],
                [
                    11.480867862701416,
                    401.77711844444275
                ],
                [
                    -3.0894577503204346,
                    414.39032554626465
                ],
                [
                    21.411150693893433,
                    336.4050090312958
                ],
                [
                    34.85623002052307,
                    323.603093624115
                ],
                [
                    4.924312233924866,
                    361.6318702697754
                ]
            ],
            "provenance": "nvisii",
            "quaternion_xyzw": [
                -0.1491076946258545,
                0.32850563526153564,
                -0.8685564398765564,
                -0.3397951126098633
            ],
            "quaternion_xyzw_world": [
                0.35407960414886475,
                0.8429824113845825,
                -0.17468169331550598,
                -0.36536911129951477
            ],
            "segmentation_id": 13,
            "visibility": -1
        },
        {
            "bounding_box_minx_maxx_miny_maxy": [
                -1,
                -1,
                -1,
                -1
            ],
            "class": "2",
            "local_cuboid": null,
            "local_to_world_matrix": [
                [
                    0.8269752860069275,
                    0.051002949476242065,
