{
    "camera_data": {
        "camera_look_at": {
            "at": [
                1.0,
                0.0,
                0.0
            ],
            "eye": [
                0.0,
                0.0,
                0.0
            ],
            "up": [
                0.0,
                0.0,
                1.0
            ]
        },
        "camera_view_matrix": [
            [
                0.0,
                0.0,
                -1.0,
                0.0
            ],
            [
                -1.0,
                0.0,
                0.0,
                0.0
            ],
            [
                0.0,
                1.0,
                0.0,
                0.0
            ],
            [
                0.0,
                0.0,
                0.0,
                1.0
            ]
        ],
        "height": 500,
        "intrinsics": {
            "cx": 250.0,
            "cy": 250.0,
            "fx": 603.5535278320312,
            "fy": 603.5535278320312
        },
        "location_world": [
            0.0,
            0.0,
            0.0
        ],
        "quaternion_world_xyzw": [
            0.5,
            -0.5,
            -0.5,
            0.5
        ],
        "width": 500
    },
    "objects": [
        {
            "bounding_box_minx_maxx_miny_maxy": [
                -1,
                -1,
                -1,
                -1
            ],
            "class": "2",
            "local_cuboid": null,
            "local_to_world_matrix": [
                [
                    0.1463027000427246,
                    -0.5028548240661621,
                    0.8518993258476257,
                    0.0
                ],
                [
                    0.4916694462299347,
                    -0.7103054523468018,
                    -0.5037134289741516,
                    0.0
                ],
                [
                    0.8584035038948059,
                    0.49254754185676575,
                    0.143318772315979,
                    0.0
                ],
                [
                    1.362916350364685,
                    0.27731022238731384,
                    0.1854831427335739,
                    1.0
                ]
            ],
            "location": [
                -0.27731022238731384,
                0.1854831427335739,
                -1.362916350364685
            ],
            "location_world": [
                1.362916350364685,
                0.27731022238731384,
                0.1854831427335739
            ],
            "name": "google_2_of_Jenga_Classic_Game_0",
            "projected_cuboid": [
                [
                    87.1405154466629,
                    143.45279335975647
                ],
                [
                    113.33324015140533,
                    161.80098056793213
                ],
                [
                    151.16682648658752,
                    164.06936943531036
                ],
                [
                    121.26700580120087,
                    142.37792789936066
                ],
                [
                    70.8707869052887,
                    168.23455691337585
                ],
                [
                    97.66387939453125,
                    186.08105182647705
                ],
                [
                    132.96297192573547,
                    192.7867978811264
                ],
                [
                    102.23940014839172,
                    171.8001663684845
                ],
                [
                    108.35248231887817,
                    166.290283203125
                ]
            ],
            "provenance": "nvisii",
            "quaternion_xyzw": [
                0.8463113903999329,
                0.46147459745407104,
                -0.1887160688638687,
                -0.18757523596286774
            ],
            "quaternion_xyzw_world": [
                0.6544634103775024,
                -0.004272730089724064,
                0.6533225774765015,
                -0.38056403398513794
            ],
            "segmentation_id": 1,
            "visibility": -1
        },
        {
            "bounding_box_minx_maxx_miny_maxy": [
                -1,
                -1,
                -1,
                -1
            ],
            "class": "2",
            "local_cuboid": null,
            "local_to_world_matrix": [
                [
                    0.10029160976409912,
                    0.12357661128044128,
                    -0.9872539639472961,
                    0.0
                ],
                [
                    0.7266666889190674,
                    -0.686882495880127,
                    -0.01215904951095581,
                    0.0
                ],
                [
                    -0.6796301007270813,
                    -0.7161851525306702,
                    -0.15868759155273438,
                    0.0
                ],
                [
                    1.8636351823806763,
                    0.8199740052223206,
                    -0.7024679780006409,
                    1.0
                ]
            ],
            "location": [
                -0.8199740052223206,
                -0.7024679780006409,
                -1.8636351823806763
            ],
            "location_world": [
                1.8636351823806763,
                0.8199740052223206,
                -0.7024679780006409
            ],
            "name": "google_2_of_Jenga_Classic_Game_1",
            "projected_cuboid": [
                [
                    12.51150667667389,
                    540.0050282478333
                ],
                [
                    41.679441928863525,
                    529.9006700515747
                ],
                [
                    -3.049135208129883,
                    485.8907163143158
                ],
                [
                    -30.55882453918457,
                    493.4329390525818
                ],
                [
                    14.96778428554535,
                    512.5824809074402
                ],
                [
                    44.18301582336426,
                    503.4254789352417
                ],
                [
                    -0.9956657886505127,
                    462.0116949081421
                ],
                [
                    -28.555482625961304,
                    468.7854051589966
                ],
                [
                    5.275741219520569,
                    498.22381138801575
                ]
            ],
            "provenance": "nvisii",
            "quaternion_xyzw": [
                -0.2285565286874771,
                0.3285527229309082,
                -0.6736775636672974,
                0.6212677359580994
            ],
            "quaternion_xyzw_world": [
                0.6974707245826721,
                0.30475950241088867,
                -0.5974745750427246,
                0.25234970450401306
            ],
            "segmentation_id": 2,
            "visibility": -1
        },
        {
            "bounding_box_minx_maxx_miny_maxy": [
                -1,
                -1,
                -1,
                -1
            ],
            "class": "2",
            "local_cuboid": null,
            "local_to_world_matrix": [
                [
                    0.6388853788375854,
                    0.25845906138420105,
                    0.7245857119560242,
                    0.0
                ],
                [
                    0.23667281866073608,
                    0.8301598429679871,
                    -0.504797637462616,
                    0.0
                ],
                [
                    -0.7319914698600769,
                    0.49399757385253906,
                    0.4692067503929138,
                    0.0
                ],
                [
                    1.0957813262939453,
                    0.17951758205890656,
                    -0.3466493487358093,
                    1.0
                ]
            ],
            "location": [
                -0.17951758205890656,
                -0.3466493487358093,
                -1.0957813262939453
            ],
            "location_world": [
                1.0957813262939453,
                0.17951758205890656,
                -0.3466493487358093
            ],
            "name": "google_2_of_Jenga_Classic_Game_2",
            "projected_cuboid": [
                [
                    48.89856278896332,
                    357.43650794029236
                ],
                [
                    7.150784134864807,
                    383.1457197666168
                ],
                [
                    130.06898760795593,
                    431.1153292655945
                ],
                [
                    165.99318385124207,
                    411.2169146537781
                ],
                [
                    51.46177113056183,
                    404.57427501678467
                ],
                [
                    7.227405905723572,
                    430.69157004356384
                ],
                [
                    135.86366176605225,
                    471.4905619621277
                ],
                [
                    173.60419034957886,
                    451.4073133468628
                ],
                [
                    96.41340374946594,
                    419.75176334381104
                ]
            ],
            "provenance": "nvisii",
            "quaternion_xyzw": [
                -0.35858994722366333,
                0.07360366731882095,
                0.7898176908493042,
                0.4921216666698456
            ],
            "quaternion_xyzw_world": [
                -0.29134121537208557,
                -0.42487284541130066,
                0.006354882847517729,
                0.8570665121078491
            ],
            "segmentation_id": 3,
            "visibility": -1
        },
        {
            "bounding_box_minx_maxx_miny_maxy": [
                -1,
                -1,
                -1,
                -1
            ],
            "class": "2",
            "local_cuboid": null,
            "local_to_world_matrix": [
                [
                    0.5454248189926147,
                    -0.3018549680709839,
                    0.7819177508354187,
                    0.0
                ],
                [
                    -0.4973299503326416,
                    0.6343717575073242,
                    0.591806948184967,
                    0.0
                ],
                [
                    -0.6746663451194763,
                    -0.7116573452949524,
                    0.19588053226470947,
                    0.0
                ],
                [
                    1.9489948749542236,
                    0.0460624024271965,
                    0.6979756951332092,
                    1.0
                ]
            ],
            "location": [
                -0.0460624024271965,
                0.6979756951332092,
                -1.9489948749542236
            ],
            "location_world": [
                1.9489948749542236,
                0.0460624024271965,
                0.6979756951332092
            ],
            "name": "google_2_of_Jenga_Classic_Game_3",
            "projected_cuboid": [
                [
                    317.44295358657837,
                    -5.964130163192749
                ],
                [
                    300.6109595298767,
                    -29.308050870895386
                ],
                [
                    231.13900423049927,
                    16.639724373817444
                ],
                [
                    247.7702796459198,
                    36.70482337474823
                ],
                [
                    310.89386343955994,
                    9.004190564155579
                ],
                [
                    293.47729682922363,
                    -14.55959677696228
                ],
                [
                    223.1748253107071,
                    30.900657176971436
                ],
                [
                    240.3450310230255,
                    51.101475954055786
                ],
                [
                    268.8818573951721,
                    13.026326894760132
                ]
            ],
            "provenance": "nvisii",
            "quaternion_xyzw": [
                0.0940500795841217,
                0.3922007381916046,
                0.441872239112854,
                0.8013002276420593
            ],
            "quaternion_xyzw_world": [
                0.42283937335014343,
                -0.4725109338760376,
                0.06341142952442169,
                0.7706615924835205
            ],
            "segmentation_id": 4,
            "visibility": -1
        },
        {
            "bounding_box_minx_maxx_miny_maxy": [
                -1,
                -1,
                -1,
                -1
            ],
            "class": "2",
            "local_cuboid": null,
            "local_to_world_matrix": [
                [
                    -0.6146773099899292,
                    0.25548824667930603,
                    0.74625563621521,
                    0.0
                ],
                [
                    -0.7042292356491089,
                    -0.6039062738418579,
                    -0.373307466506958,
                    0.0
                ],
                [
                    0.35529279708862305,
                    -0.7549986839294434,
                    0.5511298179626465,
                    0.0
                ],
                [
                    1.821354627609253,
                    0.579571008682251,
                    -0.3975551426410675,
                    1.0
                ]
            ],
            "location": [
                -0.579571008682251,
                -0.3975551426410675,
                -1.821354627609253
            ],
            "location_world": [
                1.821354627609253,
                0.579571008682251,
                -0.3975551426410675
            ],
            "name": "google_2_of_Jenga_Classic_Game_4",
            "projected_cuboid": [
                [
                    126.63424015045166,
                    309.8273575305939
                ],
                [
                    139.16155695915222,
                    321.8957781791687
                ],
                [
                    57.343319058418274,
                    381.09174370765686
                ],
                [
                    46.76750302314758,
                    366.4109408855438
                ],
                [
                    135.80310344696045,
                    326.3143301010132
                ],
                [
                    148.297980427742,
                    338.5885953903198
                ],
                [
                    69.18667256832123,
                    397.15784788131714
                ],
                [
                    58.50878357887268,
                    382.3472261428833
                ],
                [
                    98.7902581691742,
                    352.1551489830017
                ]
            ],
            "provenance": "nvisii",
            "quaternion_xyzw": [
                0.6068591475486755,
                0.5562089681625366,
                0.5642479658126831,
                0.06307041645050049
            ],
            "quaternion_xyzw_world": [
                0.33094528317451477,
                -0.33898425102233887,
                0.832122802734375,
                0.28833407163619995
            ],
            "segmentation_id": 5,
            "visibility": -1
        },
        {
            "bounding_box_minx_maxx_miny_maxy": [
                -1,
                -1,
                -1,
                -1
            ],
            "class": "2",
            "local_cuboid": null,
            "local_to_world_matrix": [
                [
                    0.3737134337425232,
                    0.9262025356292725,
                    -0.04987223446369171,
                    0.0
                ],
                [
                    0.8827842473983765,
                    -0.33866381645202637,
                    0.32557469606399536,
                    0.0
                ],
                [
                    0.28465819358825684,
                    -0.1656980812549591,
                    -0.9442001581192017,
                    0.0
                ],
                [
                    1.3091816902160645,
                    -0.6255666017532349,
                    -0.2920600175857544,
                    1.0
                ]
            ],
            "location": [
                0.6255666017532349,
                -0.2920600175857544,
                -1.3091816902160645
            ],
            "location_world": [
                1.3091816902160645,
                -0.6255666017532349,
                -0.2920600175857544
            ],
            "name": "google_2_of_Jenga_Classic_Game_5",
            "projected_cuboid": [
                [
                    524.5729684829712,
                    507.1418285369873
                ],
                [
                    522.3521590232849,
                    482.38271474838257
                ],
                [
                    517.5279378890991,
                    374.2854595184326
                ],
                [
                    519.6127891540527,
                    394.3820595741272
                ],
                [
                    563.5151863098145,
                    511.0262632369995
                ],
                [
                    559.196412563324,
                    485.54661870002747
                ],
                [
                    556.5658807754517,
                    375.253826379776
                ],
                [
                    561.0144138336182,
                    395.8790898323059
                ],
                [
                    540.3438806533813,
                    442.1275854110718
                ]
            ],
            "provenance": "nvisii",
            "quaternion_xyzw": [
                0.09066557884216309,
                0.7963094711303711,
                -0.5735785961151123,
                0.16934734582901
            ],
            "quaternion_xyzw_world": [
                0.8149505257606506,
                0.5549376010894775,
                0.07202459871768951,
                0.15070632100105286
            ],
            "segmentation_id": 6,
            "visibility": -1
        },
        {
            "bounding_box_minx_maxx_miny_maxy": [
                -1,
                -1,
                -1,
                -1
            ],
            "class": "2",
            "local_cuboid": null,
            "local_to_world_matrix": [
                [
                    0.07235682010650635,
                    0.5330605506896973,
                    0.8429774641990662,
                    0.0
                ],
                [
                    -0.3541499972343445,
                    0.8038480281829834,
                    -0.47791847586631775,
                    0.0
                ],
                [
                    -0.932385265827179,
                    -0.2639597952365875,
                    0.2469472885131836,
                    0.0
                ],
                [
                    1.9843769073486328,
                    0.17962303757667542,
                    0.438829630613327,
                    1.0
                ]
            ],
            "location": [
                -0.17962303757667542,
                0.438829630613327,
                -1.9843769073486328
            ],
            "location_world": [
                1.9843769073486328,
                0.17962303757667542,
                0.438829630613327
            ],
            "name": "google_2_of_Jenga_Classic_Game_6",
            "projected_cuboid": [
                [
                    218.74791383743286,
                    53.08082699775696
                ],
                [
                    194.09941136837006,
                    63.94444406032562
                ],
                [
                    178.22402715682983,
                    111.71025037765503
                ],
                [
                    199.75683093070984,
                    101.61089897155762
                ],
                [
                    233.36507380008698,
                    75.70798695087433
                ],
                [
                    208.89154076576233,
                    87.0075672864914
                ],
                [
                    190.92153012752533,
                    131.7180097103119
                ],
                [
                    212.32569217681885,
                    121.2901622056961
                ],
                [
                    203.9436399936676,
                    94.91758048534393
                ]
            ],
            "provenance": "nvisii",
            "quaternion_xyzw": [
                0.05584059655666351,
                0.17518334090709686,
                0.8578118085861206,
                0.4799495339393616
            ],
            "quaternion_xyzw_world": [
                -0.07341915369033813,
                -0.6092092990875244,
                0.3044430911540985,
                0.7285520434379578
            ],
            "segmentation_id": 7,
            "visibility": -1
        },
        {
            "bounding_box_minx_maxx_miny_maxy": [
                -1,
                -1,
                -1,
                -1
            ],
            "class": "2",
            "local_cuboid": null,
            "local_to_world_matrix": [
                [
                    -0.561007022857666,
                    0.8277735710144043,
                    -0.007871659472584724,
                    0.0
                ],
                [
                    0.8275153636932373,
                    0.5610353946685791,
                    0.021391740068793297,
                    0.0
                ],
                [
                    0.022123796865344048,
                    0.005486996844410896,
                    -0.9997401237487793,
                    0.0
                ],
                [
                    1.6409521102905273,
                    -0.4723532199859619,
                    0.4059982895851135,
                    1.0
                ]
            ],
            "location": [
                0.4723532199859619,
                0.4059982895851135,
                -1.6409521102905273
            ],
            "location_world": [
                1.6409521102905273,
                -0.4723532199859619,
                0.4059982895851135
            ],
            "name": "google_2_of_Jenga_Classic_Game_7",
            "projected_cuboid": [
                [
                    425.2675771713257,
                    207.20601081848145
                ],
                [
                    400.66903829574585,
                    208.35044980049133
                ],
                [
                    401.84277296066284,
                    101.61079466342926
                ],
                [
                    426.5934228897095,
                    95.7527905702591
                ],
                [
                    444.63372230529785,
                    208.13536643981934
                ],
                [
                    419.8800325393677,
                    209.21197533607483
                ],
                [
                    421.09623551368713,
                    105.25763034820557
                ],
                [
                    446.0003972053528,
                    99.71535205841064
                ],
                [
                    423.1135845184326,
                    154.5628011226654
                ]
            ],
            "provenance": "nvisii",
            "quaternion_xyzw": [
                -0.20794135332107544,
                0.683975338935852,
                -0.6678805947303772,
                -0.2070593535900116
            ],
            "quaternion_xyzw_world": [
                0.4684276282787323,
                0.8834283351898193,
                0.007606371771544218,
                0.008488367311656475
            ],
            "segmentation_id": 8,
            "visibility": -1
        },
        {
            "bounding_box_minx_maxx_miny_maxy": [
                -1,
                -1,
                -1,
                -1
            ],
            "class": "2",
            "local_cuboid": null,
            "local_to_world_matrix": [
                [
                    -0.976517915725708,
                    -0.20953629910945892,
                    0.05007559061050415,
                    0.0
                ],
                [
                    0.114017054438591,
                    -0.6998715400695801,
                    -0.7051099538803101,
                    0.0
                ],
                [
                    0.18279260396957397,
                    -0.6828429698944092,
                    0.7073276042938232,
                    0.0
                ],
                [
                    0.1472461074590683,
                    -0.10970959067344666,
                    0.08682852238416672,
                    1.0
                ]
            ],
            "location": [
                0.10970959067344666,
                0.08682852238416672,
                -0.1472461074590683
            ],
            "location_world": [
                0.1472461074590683,
                -0.10970959067344666,
                0.08682852238416672
            ],
            "name": "google_2_of_Jenga_Classic_Game_8",
            "projected_cuboid": [
                [
                    1354.328989982605,
                    -997.607946395874
                ],
                [
                    1504.286766052246,
                    -710.4250192642212
                ],
                [
                    1033.9335203170776,
                    -63.890814781188965
                ],
                [
                    763.3664608001709,
                    -438.7208819389343
                ],
                [
                    948.7624764442444,
                    -577.3414373397827
                ],
                [
                    1067.3766136169434,
                    -397.41480350494385
                ],
                [
                    664.734959602356,
                    75.48841834068298
                ],
                [
                    489.7034168243408,
                    -132.36641883850098
                ],
                [
                    976.5617847442627,
                    -409.75385904312134
                ]
            ],
            "provenance": "nvisii",
            "quaternion_xyzw": [
                0.7241268754005432,
                0.2589142620563507,
                0.5728833079338074,
                -0.2835638225078583
            ],
            "quaternion_xyzw_world": [
                0.06329700350761414,
                -0.3772660493850708,
                0.9197441339492798,
                -0.0879465639591217
            ],
            "segmentation_id": 9,
            "visibility": -1
        },
        {
            "bounding_box_minx_maxx_miny_maxy": [
                -1,
                -1,
                -1,
                -1
            ],
            "class": "2",
            "local_cuboid": null,
            "local_to_world_matrix": [
                [
                    0.4997256398200989,
                    -0.7816583514213562,
                    -0.3732084035873413,
                    0.0
                ],
                [
                    0.8187991976737976,
                    0.28573542833328247,
                    0.4979187548160553,
                    0.0
                ],
                [
                    -0.2825634479522705,
                    -0.5544055700302124,
                    0.7828105688095093,
                    0.0
                ],
                [
                    1.7538278102874756,
                    0.41693341732025146,
                    -0.7732067108154297,
                    1.0
                ]
            ],
            "location": [
                -0.41693341732025146,
                -0.7732067108154297,
                -1.7538278102874756
            ],
            "location_world": [
                1.7538278102874756,
                0.41693341732025146,
                -0.7732067108154297
            ],
            "name": "google_2_of_Jenga_Classic_Game_9",
            "projected_cuboid": [
                [
                    172.71462082862854,
                    461.44795417785645
                ],
                [
                    167.37216711044312,
                    438.2699728012085
                ],
                [
                    117.08645522594452,
                    506.0039162635803
                ],
                [
                    120.1760321855545,
                    530.7748317718506
                ],
                [
                    147.81413972377777,
                    455.61379194259644
                ],
                [
                    143.36781203746796,
                    432.13310837745667
                ],
                [
                    93.08145940303802,
                    501.6632080078125
                ],
                [
                    95.26611864566803,
                    526.832103729248
                ],
                [
                    131.59309327602386,
                    482.2145700454712
                ]
            ],
            "provenance": "nvisii",
            "quaternion_xyzw": [
                -0.5002939105033875,
                0.3292783498764038,
                -0.0273238867521286,
                0.8003343939781189
            ],
            "quaternion_xyzw_world": [
                0.32832133769989014,
                0.02828090637922287,
                -0.49933692812919617,
                0.8012914061546326
            ],
            "segmentation_id": 10,
            "visibility": -1
        },
        {
            "bounding_box_minx_maxx_miny_maxy": [
                -1,
                -1,
                -1,
                -1
            ],
            "class": "2",
            "local_cuboid": null,
            "local_to_world_matrix": [
                [
                    0.014856040477752686,
                    -0.7308363914489746,
                    -0.6823909282684326,
                    0.0
                ],
                [
                    0.6675410270690918,
                    0.5153502225875854,
                    -0.5374041199684143,
                    0.0
                ],
                [
                    0.7444248199462891,
                    -0.4475402534008026,
                    0.49551934003829956,
                    0.0
                ],
                [
                    0.7120860815048218,
                    0.4840545952320099,
                    0.17861773073673248,
                    1.0
                ]
            ],
            "location": [
                -0.4840545952320099,
                0.17861773073673248,
                -0.7120860815048218
            ],
            "location_world": [
                0.7120860815048218,
                0.4840545952320099,
                0.17861773073673248
            ],
            "name": "google_2_of_Jenga_Classic_Game_10",
            "projected_cuboid": [
                [
                    47.40799963474274,
                    36.41873598098755
                ],
                [
                    31.917259097099304,
                    77.56158709526062
                ],
                [
                    -138.59444856643677,
                    144.86759901046753
                ],
                [
                    -132.22414255142212,
                    96.19690477848053
                ],
                [
                    8.512929081916809,
                    0.07015466690063477
                ],
                [
                    -4.70617413520813,
                    43.40401291847229
                ],
                [
                    -186.25453114509583,
                    100.7750928401947
                ],
                [
                    -183.80486965179443,
                    48.383697867393494
                ],
                [
                    -57.87581205368042,
                    65.41648507118225
                ]
            ],
            "provenance": "nvisii",
            "quaternion_xyzw": [
                -0.8678515553474426,
                0.3450305461883545,
                -0.12464234232902527,
                0.3350400924682617
            ],
            "quaternion_xyzw_world": [
                -0.03156927973031998,
                0.5012421607971191,
                -0.49125173687934875,
                0.711639940738678
            ],
            "segmentation_id": 11,
            "visibility": -1
        },
        {
            "bounding_box_minx_maxx_miny_maxy": [
                -1,
                -1,
                -1,
                -1
            ],
            "class": "2",
            "local_cuboid": null,
            "local_to_world_matrix": [
                [
                    -0.38597071170806885,
                    -0.08299468457698822,
                    0.9187703728675842,
                    0.0
                ],
                [
                    0.15840479731559753,
                    -0.9871153831481934,
                    -0.022623427212238312,
                    0.0
                ],
                [
                    0.9088097214698792,
                    0.13680562376976013,
                    0.39414387941360474,
                    0.0
                ],
                [
                    0.9976258873939514,
                    0.18080903589725494,
                    0.588805079460144,
                    1.0
                ]
            ],
            "location": [
                -0.18080903589725494,
                0.588805079460144,
                -0.9976258873939514
            ],
            "location_world": [
                0.9976258873939514,
                0.18080903589725494,
                0.588805079460144
            ],
            "name": "google_2_of_Jenga_Classic_Game_11",
            "projected_cuboid": [
                [
                    123.95504117012024,
                    -110.383540391922
                ],
                [
                    165.39770364761353,
                    -105.6222915649414
                ],
                [
                    167.0757532119751,
                    -130.814790725708
                ],
                [
                    114.3808662891388,
                    -137.21677660942078
                ],
                [
                    123.86558949947357,
                    -67.35363602638245
                ],
                [
                    164.32718932628632,
                    -63.15314769744873
                ],
                [
                    165.67638516426086,
                    -76.53549313545227
                ],
                [
                    114.55754935741425,
                    -82.02210068702698
                ],
                [
                    142.77055859565735,
                    -95.11873126029968
                ]
            ],
            "provenance": "nvisii",
            "quaternion_xyzw": [
                0.7096527814865112,
                0.671414852142334,
                0.0877770483493805,
                -0.1946546733379364
            ],
            "quaternion_xyzw_world": [
                0.5493179559707642,
                0.03431988134980202,
                0.831749677658081,
                -0.072557732462883
            ],
            "segmentation_id": 12,
            "visibility": -1
        },
        {
            "bounding_box_minx_maxx_miny_maxy": [
                -1,
                -1,
                -1,
                -1
            ],
            "class": "2",
            "local_cuboid": null,
            "local_to_world_matrix": [
                [
                    0.7859358787536621,
                    0.42520785331726074,
                    0.44889092445373535,
                    0.0
                ],
                [
                    -0.24567364156246185,
                    -0.4514789581298828,
                    0.8577944040298462,
                    0.0
                ],
                [
                    0.5674057006835938,
                    -0.7844520807266235,
                    -0.25037121772766113,
                    0.0
                ],
                [
                    1.7726061344146729,
                    0.8269044160842896,
                    -0.04626698046922684,
                    1.0
                ]
            ],
            "location": [
                -0.8269044160842896,
                -0.04626698046922684,
                -1.7726061344146729
            ],
            "location_world": [
                1.7726061344146729,
                0.8269044160842896,
                -0.04626698046922684
            ],
            "name": "google_2_of_Jenga_Classic_Game_12",
            "projected_cuboid": [
                [
                    56.832969188690186,
                    292.05581545829773
                ],
                [
                    66.53277575969696,
                    270.1854705810547
                ],
                [
                    -27.545541524887085,
                    247.4364936351776
                ],
                [
                    -37.055760622024536,
                    271.5652287006378
                ],
                [
                    61.144813895225525,
                    304.56048250198364
                ],
                [
                    71.20877504348755,
                    282.1120619773865
                ],
                [
                    -25.79110860824585,
                    259.69013571739197
                ],
                [
                    -35.658568143844604,
                    284.52765941619873
                ],
                [
                    18.28719675540924,
                    276.95655822753906
                ]
            ],
            "provenance": "nvisii",
            "quaternion_xyzw": [
                0.26664745807647705,
                0.8441575765609741,
                -0.0013911724090576172,
                0.4650754928588867
            ],
            "quaternion_xyzw_world": [
                0.7886358499526978,
                0.05691290274262428,
                0.3221691846847534,
                0.5205972194671631
            ],
            "segmentation_id": 13,
            "visibility": -1
        },
        {
            "bounding_box_minx_maxx_miny_maxy": [
                -1,
                -1,
                -1,
                -1
            ],
            "class": "2",
            "local_cuboid": null,
            "local_to_world_matrix": [
                [
                    0.4835836887359619,
                    -0.10939010977745056,
                    0.8684357404708862,
