{
    "camera_data": {
        "camera_look_at": {
            "at": [
                1.0,
                0.0,
                0.0
            ],
            "eye": [
                0.0,
                0.0,
                0.0
            ],
            "up": [
                0.0,
                0.0,
                1.0
            ]
        },
        "camera_view_matrix": [
            [
                0.0,
                0.0,
                -1.0,
                0.0
            ],
            [
                -1.0,
                0.0,
                0.0,
                0.0
            ],
            [
                0.0,
                1.0,
                0.0,
                0.0
            ],
            [
                0.0,
                0.0,
                0.0,
                1.0
            ]
        ],
        "height": 500,
        "intrinsics": {
            "cx": 250.0,
            "cy": 250.0,
            "fx": 603.5535278320312,
            "fy": 603.5535278320312
        },
        "location_world": [
            0.0,
            0.0,
            0.0
        ],
        "quaternion_world_xyzw": [
            0.5,
            -0.5,
            -0.5,
            0.5
        ],
        "width": 500
    },
    "objects": [
        {
            "bounding_box_minx_maxx_miny_maxy": [
                -1,
                -1,
                -1,
                -1
            ],
            "class": "2",
            "local_cuboid": null,
            "local_to_world_matrix": [
                [
                    -0.09195220470428467,
                    -0.2981419563293457,
                    -0.9500824213027954,
                    0.0
                ],
                [
                    -0.8587774038314819,
                    0.506697416305542,
                    -0.07588967680931091,
                    0.0
                ],
                [
                    0.5040302276611328,
                    0.8089309930801392,
                    -0.30262959003448486,
                    0.0
                ],
                [
                    1.4638665914535522,
                    0.20963634550571442,
                    0.1463606208562851,
                    1.0
                ]
            ],
            "location": [
                -0.20963634550571442,
                0.1463606208562851,
                -1.4638665914535522
            ],
            "location_world": [
                1.4638665914535522,
                0.20963634550571442,
                0.1463606208562851
            ],
            "name": "google_2_of_Jenga_Classic_Game_0",
            "projected_cuboid": [
                [
                    98.44191372394562,
                    241.2930428981781
                ],
                [
                    75.01283288002014,
                    243.3527112007141
                ],
                [
                    157.06905722618103,
                    205.19910752773285
                ],
                [
                    178.82709205150604,
                    204.78555560112
                ],
                [
                    90.50987660884857,
                    213.93239498138428
                ],
                [
                    66.8240338563919,
                    214.72567319869995
                ],
                [
                    147.62207865715027,
                    173.82073402404785
                ],
                [
                    169.73070800304413,
                    174.92227256298065
                ],
                [
                    121.33285403251648,
                    209.88808572292328
                ]
            ],
            "provenance": "nvisii",
            "quaternion_xyzw": [
                -0.6852120161056519,
                0.5315070152282715,
                0.2615901529788971,
                -0.4237399697303772
            ],
            "quaternion_xyzw_world": [
                -0.4195175766944885,
                0.6894344091415405,
                0.26581254601478577,
                0.5272846221923828
            ],
            "segmentation_id": 1,
            "visibility": -1
        },
        {
            "bounding_box_minx_maxx_miny_maxy": [
                -1,
                -1,
                -1,
                -1
            ],
            "class": "2",
            "local_cuboid": null,
            "local_to_world_matrix": [
                [
                    0.18242400884628296,
                    -0.0976414605975151,
                    -0.9783596396446228,
                    0.0
                ],
                [
                    0.122197724878788,
                    -0.9850902557373047,
                    0.12109804898500443,
                    0.0
                ],
                [
                    -0.9755968451499939,
                    -0.14164450764656067,
                    -0.16777253150939941,
                    0.0
                ],
                [
                    1.8711353540420532,
                    0.8095229268074036,
                    -0.6773989796638489,
                    1.0
                ]
            ],
            "location": [
                -0.8095229268074036,
                -0.6773989796638489,
                -1.8711353540420532
            ],
            "location_world": [
                1.8711353540420532,
                0.8095229268074036,
                -0.6773989796638489
            ],
            "name": "google_2_of_Jenga_Classic_Game_1",
            "projected_cuboid": [
                [
                    -56.27056956291199,
                    542.654812335968
                ],
                [
                    -22.887498140335083,
                    536.9049906730652
                ],
                [
                    5.142122507095337,
                    477.7926206588745
                ],
                [
                    -23.007899522781372,
                    482.3421239852905
                ],
                [
                    -62.025099992752075,
                    515.7324075698853
                ],
                [
                    -28.301268815994263,
                    510.1056694984436
                ],
                [
                    0.7695555686950684,
                    454.62411642074585
                ],
                [
                    -27.622640132904053,
                    459.08015966415405
                ],
                [
                    -25.433272123336792,
                    495.06324529647827
                ]
            ],
            "provenance": "nvisii",
            "quaternion_xyzw": [
                0.015383077785372734,
                0.10938435792922974,
                -0.6627324819564819,
                0.7406646013259888
            ],
            "quaternion_xyzw_world": [
                0.7640822529792786,
                0.008034560829401016,
                -0.6393148303031921,
                0.08596671372652054
            ],
            "segmentation_id": 2,
            "visibility": -1
        },
        {
            "bounding_box_minx_maxx_miny_maxy": [
                -1,
                -1,
                -1,
                -1
            ],
            "class": "2",
            "local_cuboid": null,
            "local_to_world_matrix": [
                [
                    -0.06299805641174316,
                    0.928679883480072,
                    0.3654928505420685,
                    0.0
                ],
                [
                    -0.4406588673591614,
                    0.3027052879333496,
                    -0.8450972437858582,
                    0.0
                ],
                [
                    -0.8954614400863647,
                    -0.2142971158027649,
                    0.3901611566543579,
                    0.0
                ],
                [
                    1.2150194644927979,
                    0.1536911129951477,
                    -0.1915137767791748,
                    1.0
                ]
            ],
            "location": [
                -0.1536911129951477,
                -0.1915137767791748,
                -1.2150194644927979
            ],
            "location_world": [
                1.2150194644927979,
                0.1536911129951477,
                -0.1915137767791748
            ],
            "name": "google_2_of_Jenga_Classic_Game_2",
            "projected_cuboid": [
                [
                    178.46593260765076,
                    267.07562804222107
                ],
                [
                    159.06575322151184,
                    313.94901871681213
                ],
                [
                    147.344172000885,
                    357.5502932071686
                ],
                [
                    162.97699511051178,
                    319.3175792694092
                ],
                [
                    224.2017388343811,
                    284.84487533569336
                ],
                [
                    206.71990513801575,
                    332.175076007843
                ],
                [
                    184.65039134025574,
                    371.6192841529846
                ],
                [
                    199.0974098443985,
                    333.1167995929718
                ],
                [
                    181.88518285751343,
                    324.8753249645233
                ]
            ],
            "provenance": "nvisii",
            "quaternion_xyzw": [
                0.07238094508647919,
                0.21686476469039917,
                0.9577628374099731,
                0.17441639304161072
            ],
            "quaternion_xyzw_world": [
                -0.24705035984516144,
                -0.49384769797325134,
                0.5362960696220398,
                0.6383315324783325
            ],
            "segmentation_id": 3,
            "visibility": -1
        },
        {
            "bounding_box_minx_maxx_miny_maxy": [
                -1,
                -1,
                -1,
                -1
            ],
            "class": "2",
            "local_cuboid": null,
            "local_to_world_matrix": [
                [
                    -0.17351317405700684,
                    0.3885597586631775,
                    0.9049389362335205,
                    0.0
                ],
                [
                    -0.14407050609588623,
                    0.8989766836166382,
                    -0.41362378001213074,
                    0.0
                ],
                [
                    -0.9742366075515747,
                    -0.20214417576789856,
                    -0.10000431537628174,
                    0.0
                ],
                [
                    1.9452648162841797,
                    -0.026215344667434692,
                    0.6531379818916321,
                    1.0
                ]
            ],
            "location": [
                0.026215344667434692,
                0.6531379818916321,
                -1.9452648162841797
            ],
            "location_world": [
                1.9452648162841797,
                -0.026215344667434692,
                0.6531379818916321
            ],
            "name": "google_2_of_Jenga_Classic_Game_3",
            "projected_cuboid": [
                [
                    289.2421782016754,
                    3.8137286901474
                ],
                [
                    261.72804832458496,
                    14.788880944252014
                ],
                [
                    241.55832827091217,
                    40.304094552993774
                ],
                [
                    265.1720345020294,
                    30.775517225265503
                ],
                [
                    299.97527599334717,
                    31.571581959724426
                ],
                [
                    272.7663815021515,
                    42.659565806388855
                ],
                [
                    251.12438201904297,
                    63.91972303390503
                ],
                [
                    274.5136022567749,
                    54.310962557792664
                ],
                [
                    268.6711251735687,
                    36.25111281871796
                ]
            ],
            "provenance": "nvisii",
            "quaternion_xyzw": [
                0.11272475123405457,
                0.013223081827163696,
                0.8331296443939209,
                0.5413069725036621
            ],
            "quaternion_xyzw_world": [
                -0.08293741196393967,
                -0.7369691729545593,
                0.20888525247573853,
                0.6374675035476685
            ],
            "segmentation_id": 4,
            "visibility": -1
        },
        {
            "bounding_box_minx_maxx_miny_maxy": [
                -1,
                -1,
                -1,
                -1
            ],
            "class": "2",
            "local_cuboid": null,
            "local_to_world_matrix": [
                [
                    0.4935155510902405,
                    -0.038909971714019775,
                    -0.8688661456108093,
                    0.0
                ],
                [
                    0.7055497169494629,
                    0.6020636558532715,
                    0.37379008531570435,
                    0.0
                ],
                [
                    0.5085685849189758,
                    -0.7974994778633118,
                    0.32458066940307617,
                    0.0
                ],
                [
                    1.790478229522705,
                    0.6043857932090759,
                    -0.39163681864738464,
                    1.0
                ]
            ],
            "location": [
                -0.6043857932090759,
                -0.39163681864738464,
                -1.790478229522705
            ],
            "location_world": [
                1.790478229522705,
                0.6043857932090759,
                -0.39163681864738464
            ],
            "name": "google_2_of_Jenga_Classic_Game_4",
            "projected_cuboid": [
                [
                    142.2046422958374,
                    358.54965448379517
                ],
                [
                    130.00252842903137,
                    345.71608901023865
                ],
                [
                    43.88934373855591,
                    384.54926013946533
                ],
                [
                    54.227784276008606,
                    399.7533619403839
                ],
                [
                    139.00354504585266,
                    338.89466524124146
                ],
                [
                    126.65548920631409,
                    326.40552520751953
                ],
                [
                    38.40446472167969,
                    364.4852340221405
                ],
                [
                    48.786461353302,
                    379.34285402297974
                ],
                [
                    92.084601521492,
                    361.41568422317505
                ]
            ],
            "provenance": "nvisii",
            "quaternion_xyzw": [
                -0.5416845083236694,
                0.678868293762207,
                -0.1402956247329712,
                0.47542914748191833
            ],
            "quaternion_xyzw_world": [
                0.37645426392555237,
                0.44270965456962585,
                -0.23927049338817596,
                0.777843177318573
            ],
            "segmentation_id": 5,
            "visibility": -1
        },
        {
            "bounding_box_minx_maxx_miny_maxy": [
                -1,
                -1,
                -1,
                -1
            ],
            "class": "2",
            "local_cuboid": null,
            "local_to_world_matrix": [
                [
                    -0.767789363861084,
                    -0.6185664534568787,
                    0.16695843636989594,
                    0.0
                ],
                [
                    -0.627201497554779,
                    0.6724292039871216,
                    -0.3930104672908783,
                    0.0
                ],
                [
                    0.1308353692293167,
                    -0.4064657986164093,
                    -0.9042497873306274,
                    0.0
                ],
                [
                    1.3970648050308228,
                    -0.5734204649925232,
                    -0.30953478813171387,
                    1.0
                ]
            ],
            "location": [
                0.5734204649925232,
                -0.30953478813171387,
                -1.3970648050308228
            ],
            "location_world": [
                1.3970648050308228,
                -0.5734204649925232,
                -0.30953478813171387
            ],
            "name": "google_2_of_Jenga_Classic_Game_5",
            "projected_cuboid": [
                [
                    564.083993434906,
                    482.09238052368164
                ],
                [
                    551.2915253639221,
                    505.53762912750244
                ],
                [
                    506.4190626144409,
                    393.88614892959595
                ],
                [
                    521.2680101394653,
                    374.0417957305908
                ],
                [
                    531.595766544342,
                    477.99864411354065
                ],
                [
                    518.1460976600647,
                    500.30648708343506
                ],
                [
                    474.3094742298126,
                    393.3395743370056
                ],
                [
                    489.7094964981079,
                    374.34184551239014
                ],
                [
                    519.6818113327026,
                    438.19552659988403
                ]
            ],
            "provenance": "nvisii",
            "quaternion_xyzw": [
                -0.7318490743637085,
                0.17266906797885895,
                -0.40112608671188354,
                -0.5231444835662842
            ],
            "quaternion_xyzw_world": [
                -0.3405992090702057,
                0.9143943786621094,
                -0.21858081221580505,
                -0.00987622793763876
            ],
            "segmentation_id": 6,
            "visibility": -1
        },
        {
            "bounding_box_minx_maxx_miny_maxy": [
                -1,
                -1,
                -1,
                -1
            ],
            "class": "2",
            "local_cuboid": null,
            "local_to_world_matrix": [
                [
                    -0.017827749252319336,
                    0.7356231808662415,
                    0.6771563291549683,
                    0.0
                ],
                [
                    -0.8538191914558411,
                    0.34121137857437134,
                    -0.3931509256362915,
                    0.0
                ],
                [
                    -0.5202643871307373,
                    -0.585178017616272,
                    0.6220061779022217,
                    0.0
                ],
                [
                    1.942375898361206,
                    0.14405779540538788,
                    0.3965672254562378,
                    1.0
                ]
            ],
            "location": [
                -0.14405779540538788,
                0.3965672254562378,
                -1.942375898361206
            ],
            "location_world": [
                1.942375898361206,
                0.14405779540538788,
                0.3965672254562378
            ],
            "name": "google_2_of_Jenga_Classic_Game_6",
            "projected_cuboid": [
                [
                    254.0622353553772,
                    44.52802240848541
                ],
                [
                    244.31349337100983,
                    47.506123781204224
                ],
                [
                    190.63064455986023,
                    121.19758129119873
                ],
                [
                    201.58720016479492,
                    115.76204001903534
                ],
                [
                    273.22784066200256,
                    62.331393361091614
                ],
                [
                    264.2741799354553,
                    66.03844463825226
                ],
                [
                    209.0403437614441,
                    138.19876313209534
                ],
                [
                    219.31849420070648,
                    132.14778900146484
                ],
                [
                    231.06111586093903,
                    92.38319098949432
                ]
            ],
            "provenance": "nvisii",
            "quaternion_xyzw": [
                0.1852453649044037,
                0.4533784091472626,
                0.8137933611869812,
                0.31284594535827637
            ],
            "quaternion_xyzw_world": [
                0.06883816421031952,
                -0.42925310134887695,
                0.5697855949401855,
                0.6973861455917358
            ],
            "segmentation_id": 7,
            "visibility": -1
        },
        {
            "bounding_box_minx_maxx_miny_maxy": [
                -1,
                -1,
                -1,
                -1
            ],
            "class": "2",
            "local_cuboid": null,
            "local_to_world_matrix": [
                [
                    0.4079744815826416,
                    0.2357902079820633,
                    -0.8820204734802246,
                    0.0
                ],
                [
                    0.18026117980480194,
                    -0.967861533164978,
                    -0.17535899579524994,
                    0.0
                ],
                [
                    -0.8950212001800537,
                    -0.0874520093202591,
                    -0.4373668432235718,
                    0.0
                ],
                [
                    1.5697987079620361,
                    -0.4809802174568176,
                    0.517315685749054,
                    1.0
                ]
            ],
            "location": [
                0.4809802174568176,
                0.517315685749054,
                -1.5697987079620361
            ],
            "location_world": [
                1.5697987079620361,
                -0.4809802174568176,
                0.517315685749054
            ],
            "name": "google_2_of_Jenga_Classic_Game_7",
            "projected_cuboid": [
                [
                    459.1556787490845,
                    83.99118483066559
                ],
                [
                    493.7950670719147,
                    92.5971269607544
                ],
                [
                    444.12165880203247,
                    70.03283500671387
                ],
                [
                    414.7411584854126,
                    62.63481080532074
                ],
                [
                    473.1346368789673,
                    47.14211821556091
                ],
                [
                    508.46803188323975,
                    56.39262497425079
                ],
                [
                    455.3137421607971,
                    39.42550718784332
                ],
                [
                    425.4317879676819,
                    31.572163105010986
                ],
                [
                    457.07160234451294,
                    59.8156601190567
                ]
            ],
            "provenance": "nvisii",
            "quaternion_xyzw": [
                0.1055317297577858,
                0.20335325598716736,
                -0.7593040466308594,
                0.6090714931488037
            ],
            "quaternion_xyzw_world": [
                0.8386302590370178,
                0.1240270584821701,
                -0.5297452807426453,
                -0.026205528527498245
            ],
            "segmentation_id": 8,
            "visibility": -1
        },
        {
            "bounding_box_minx_maxx_miny_maxy": [
                -1,
                -1,
                -1,
                -1
            ],
            "class": "2",
            "local_cuboid": null,
            "local_to_world_matrix": [
                [
                    -0.7784148454666138,
                    0.3657740652561188,
                    0.5101760029792786,
                    0.0
                ],
                [
                    -0.5559593439102173,
                    -0.7790933847427368,
                    -0.2896938621997833,
                    0.0
                ],
                [
                    0.29151231050491333,
                    -0.5091391801834106,
                    0.8098134994506836,
                    0.0
                ],
                [
                    0.15259748697280884,
                    -0.0682983547449112,
                    -0.01735682599246502,
                    1.0
                ]
            ],
            "location": [
                0.0682983547449112,
                -0.01735682599246502,
                -0.15259748697280884
            ],
            "location_world": [
                0.15259748697280884,
                -0.0682983547449112,
                -0.01735682599246502
            ],
            "name": "google_2_of_Jenga_Classic_Game_8",
            "projected_cuboid": [
                [
                    694.2004561424255,
                    -408.5097908973694
                ],
                [
                    1024.0225791931152,
                    -496.4671730995178
                ],
                [
                    781.7680239677429,
                    308.01019072532654
                ],
                [
                    337.007999420166,
                    187.74312734603882
                ],
                [
                    660.4231595993042,
                    -186.80691719055176
                ],
                [
                    901.1114835739136,
                    -210.2418839931488
                ],
                [
                    686.4440441131592,
                    437.6746714115143
                ],
                [
                    395.38389444351196,
                    323.6851096153259
                ],
                [
                    691.0244226455688,
                    -62.02176213264465
                ]
            ],
            "provenance": "nvisii",
            "quaternion_xyzw": [
                0.551233172416687,
                0.5847205519676208,
                0.5839425921440125,
                -0.11513009667396545
            ],
            "quaternion_xyzw_world": [
                0.21844054758548737,
                -0.21766254305839539,
                0.9175131916999817,
                0.2511499226093292
            ],
            "segmentation_id": 9,
            "visibility": -1
        },
        {
            "bounding_box_minx_maxx_miny_maxy": [
                -1,
                -1,
                -1,
                -1
            ],
            "class": "2",
            "local_cuboid": null,
            "local_to_world_matrix": [
                [
                    0.7843834161758423,
                    -0.6186091303825378,
                    -0.04544602334499359,
                    0.0
                ],
                [
                    0.510754406452179,
                    0.6857225298881531,
                    -0.5185697078704834,
                    0.0
                ],
                [
                    0.3519552946090698,
                    0.38354572653770447,
                    0.8538267612457275,
                    0.0
                ],
                [
                    1.8484827280044556,
                    0.3073928654193878,
                    -0.800092339515686,
                    1.0
                ]
            ],
            "location": [
                -0.3073928654193878,
                -0.800092339515686,
                -1.8484827280044556
            ],
            "location_world": [
                1.8484827280044556,
                0.3073928654193878,
                -0.800092339515686
            ],
            "name": "google_2_of_Jenga_Classic_Game_9",
            "projected_cuboid": [
                [
                    137.31183111667633,
                    413.3288264274597
                ],
                [
                    122.29682505130768,
                    423.0026304721832
                ],
                [
                    150.9610414505005,
                    511.54375076293945
                ],
                [
                    167.47231781482697,
                    503.38995456695557
                ],
                [
                    118.12746524810791,
                    417.51188039779663
                ],
                [
                    103.06008160114288,
                    427.40097641944885
                ],
                [
                    131.6133737564087,
                    519.1670656204224
                ],
                [
                    148.22891354560852,
                    510.91551780700684
                ],
                [
                    134.55376029014587,
                    464.555025100708
                ]
            ],
            "provenance": "nvisii",
            "quaternion_xyzw": [
                -0.7888494729995728,
                0.23171991109848022,
                0.3701368570327759,
                0.43245929479599
            ],
            "quaternion_xyzw_world": [
                -0.2474035918712616,
                0.10898663103580475,
                -0.3097259998321533,
                0.9115827679634094
            ],
            "segmentation_id": 10,
            "visibility": -1
        },
        {
            "bounding_box_minx_maxx_miny_maxy": [
                -1,
                -1,
                -1,
                -1
            ],
            "class": "2",
            "local_cuboid": null,
            "local_to_world_matrix": [
                [
                    -0.5935990810394287,
                    -0.4879220724105835,
                    0.639978289604187,
                    0.0
                ],
                [
                    -0.13878418505191803,
                    -0.7212600708007812,
                    -0.6786181926727295,
                    0.0
                ],
                [
                    0.7927036285400391,
                    -0.49164602160453796,
                    0.36042356491088867,
                    0.0
                ],
                [
                    0.7687562108039856,
                    0.4978024959564209,
                    0.1335447132587433,
                    1.0
                ]
            ],
            "location": [
                -0.4978024959564209,
                0.1335447132587433,
                -0.7687562108039856
            ],
            "location_world": [
                0.7687562108039856,
                0.4978024959564209,
                0.1335447132587433
            ],
            "name": "google_2_of_Jenga_Classic_Game_10",
            "projected_cuboid": [
                [
                    25.574982166290283,
                    70.22489607334137
                ],
                [
                    60.71998178958893,
                    103.67083549499512
                ],
                [
                    -115.75427651405334,
                    143.77814531326294
                ],
                [
                    -158.97899866104126,
                    99.39755499362946
                ],
                [
                    13.218626379966736,
                    107.99646377563477
                ],
                [
                    46.60455882549286,
                    140.33856987953186
                ],
                [
                    -123.51682782173157,
                    188.85481357574463
                ],
                [
                    -164.0912890434265,
                    146.41648530960083
                ],
                [
                    -40.693461894989014,
                    122.95357882976532
                ]
            ],
            "provenance": "nvisii",
            "quaternion_xyzw": [
                0.8601226806640625,
                0.3956524133682251,
                0.3154332637786865,
                -0.06442084908485413
            ],
            "quaternion_xyzw_world": [
                0.4379604756832123,
                -0.3577413260936737,
                0.8178145885467529,
                -0.1067289188504219
            ],
            "segmentation_id": 11,
            "visibility": -1
        },
        {
            "bounding_box_minx_maxx_miny_maxy": [
                -1,
                -1,
                -1,
                -1
            ],
            "class": "2",
            "local_cuboid": null,
            "local_to_world_matrix": [
                [
                    -0.765966534614563,
                    0.4721357822418213,
                    0.43633008003234863,
                    0.0
                ],
                [
                    0.1670481413602829,
                    -0.5092281103134155,
                    0.8442643880844116,
                    0.0
                ],
                [
                    0.6207987070083618,
                    0.7195659875869751,
                    0.31118160486221313,
                    0.0
                ],
                [
                    1.001767873764038,
                    0.25787559151649475,
                    0.5533663034439087,
                    1.0
                ]
            ],
            "location": [
                -0.25787559151649475,
                0.5533663034439087,
                -1.001767873764038
            ],
            "location_world": [
                1.001767873764038,
                0.25787559151649475,
                0.5533663034439087
            ],
            "name": "google_2_of_Jenga_Classic_Game_11",
            "projected_cuboid": [
                [
                    -17.679601907730103,
                    -79.62432503700256
                ],
                [
                    7.94847309589386,
                    -112.70904541015625
                ],
                [
                    92.72618591785431,
                    -123.85860085487366
                ],
                [
                    63.51959705352783,
                    -84.71688628196716
                ],
                [
                    14.364629983901978,
                    -45.89039087295532
                ],
                [
                    38.353413343429565,
                    -77.72687077522278
                ],
                [
                    123.50717186927795,
                    -82.1230411529541
                ],
                [
                    96.44608199596405,
                    -44.714510440826416
                ],
                [
                    49.462899565696716,
                    -80.81260323524475
                ]
            ],
            "provenance": "nvisii",
            "quaternion_xyzw": [
                0.2758617103099823,
                0.8569129705429077,
                0.04205027222633362,
                -0.43339648842811584
            ],
            "quaternion_xyzw_world": [
                0.3286639451980591,
                0.4861987233161926,
                0.8041107058525085,
                0.0948524996638298
            ],
            "segmentation_id": 12,
            "visibility": -1
        },
        {
            "bounding_box_minx_maxx_miny_maxy": [
                -1,
                -1,
                -1,
                -1
            ],
            "class": "2",
            "local_cuboid": null,
            "local_to_world_matrix": [
                [
                    0.46872931718826294,
                    0.6396641731262207,
                    -0.6091985106468201,
                    0.0
                ],
                [
                    0.8812891244888306,
                    -0.38562822341918945,
                    0.27316853404045105,
                    0.0
                ],
                [
                    -0.06018781661987305,
                    -0.6649219989776611,
                    -0.7444844245910645,
                    0.0
                ],
                [
                    1.6974643468856812,
                    0.7840245962142944,
                    -0.012411938980221748,
                    1.0
                ]
            ],
            "location": [
                -0.7840245962142944,
                -0.012411938980221748,
                -1.6974643468856812
            ],
            "location_world": [
                1.6974643468856812,
                0.7840245962142944,
                -0.012411938980221748
            ],
            "name": "google_2_of_Jenga_Classic_Game_12",
            "projected_cuboid": [
                [
                    20.618945360183716,
                    346.4430868625641
                ],
                [
                    41.77770018577576,
                    334.28654074668884
                ],
                [
                    -22.999852895736694,
                    258.5747241973877
                ],
                [
                    -46.80851101875305,
                    267.2477960586548
                ],
                [
                    34.1486781835556,
                    330.77991008758545
                ],
                [
                    55.17527461051941,
                    319.04491782188416
                ],
                [
                    -11.135250329971313,
                    241.85794591903687
                ],
                [
                    -34.94235873222351,
                    249.96864795684814
                ],
                [
                    4.483237862586975,
                    293.2986319065094
                ]
            ],
            "provenance": "nvisii",
            "quaternion_xyzw": [
                -0.08212748169898987,
                0.680559515953064,
                -0.5972193479537964,
                0.41644102334976196
            ],
            "quaternion_xyzw_world": [
                0.806046187877655,
                0.4717326760292053,
                -0.20761413872241974,
                0.2909543514251709
            ],
            "segmentation_id": 13,
            "visibility": -1
        },
        {
            "bounding_box_minx_maxx_miny_maxy": [
                -1,
                -1,
                -1,
                -1
            ],
            "class": "2",
            "local_cuboid": null,
            "local_to_world_matrix": [
                [
                    -0.2378244400024414,
                    -0.053827814757823944,
