{
    "camera_data": {
        "camera_look_at": {
            "at": [
                1.0,
                0.0,
                0.0
            ],
            "eye": [
                0.0,
                0.0,
                0.0
            ],
            "up": [
                0.0,
                0.0,
                1.0
            ]
        },
        "camera_view_matrix": [
            [
                0.0,
                0.0,
                -1.0,
                0.0
            ],
            [
                -1.0,
                0.0,
                0.0,
                0.0
            ],
            [
                0.0,
                1.0,
                0.0,
                0.0
            ],
            [
                0.0,
                0.0,
                0.0,
                1.0
            ]
        ],
        "height": 500,
        "intrinsics": {
            "cx": 250.0,
            "cy": 250.0,
            "fx": 603.5535278320312,
            "fy": 603.5535278320312
        },
        "location_world": [
            0.0,
            0.0,
            0.0
        ],
        "quaternion_world_xyzw": [
            0.5,
            -0.5,
            -0.5,
            0.5
        ],
        "width": 500
    },
    "objects": [
        {
            "bounding_box_minx_maxx_miny_maxy": [
                -1,
                -1,
                -1,
                -1
            ],
            "class": "Cube",
            "local_cuboid": null,
            "local_to_world_matrix": [
                [
                    0.06514686346054077,
                    -0.009817669168114662,
                    0.9978275299072266,
                    0.0
                ],
                [
                    0.02200172282755375,
                    -0.9996947050094604,
                    -0.011272506788372993,
                    0.0
                ],
                [
                    0.9976332187652588,
                    0.02268829010426998,
                    -0.06491124629974365,
                    0.0
                ],
                [
                    0.11224311590194702,
                    0.13167314231395721,
                    -8.11203670501709,
                    1.0
                ]
            ],
            "location": [
                -0.13167314231395721,
                -8.11203670501709,
                -0.11224311590194702
            ],
            "location_world": [
                0.11224311590194702,
                0.13167314231395721,
                -8.11203670501709
            ],
            "name": "hope_Cube_0",
            "projected_cuboid": [
                [
                    214.28850293159485,
                    1509.7121000289917
                ],
                [
                    1263.4592056274414,
                    1473.3959436416626
                ],
                [
                    -1166.0610437393188,
                    -1327.3231983184814
                ],
                [
                    263.7108862400055,
                    -1233.7948083877563
                ],
                [
                    197.40264117717743,
                    2909.999132156372
                ],
                [
                    1381.138801574707,
                    2808.722734451294
                ],
                [
                    -964.4396305084229,
                    -2353.085994720459
                ],
                [
                    273.5986113548279,
                    -2227.1854877471924
                ],
                [
                    8793.932914733887,
                    29625.978469848633
                ]
            ],
            "provenance": "nvisii",
            "quaternion_xyzw": [
                0.7104089260101318,
                0.7029479742050171,
                -0.030910104513168335,
                0.015100270509719849
            ],
            "quaternion_xyzw_world": [
                0.7296836376190186,
                0.004174429923295975,
                0.6836732625961304,
                -0.011635452508926392
            ],
            "segmentation_id": 1,
            "visibility": 0
        },
        {
            "bounding_box_minx_maxx_miny_maxy": [
                -1,
                -1,
                -1,
                -1
            ],
            "class": "Cube",
            "local_cuboid": null,
            "local_to_world_matrix": [
                [
                    -0.9902586936950684,
                    -0.1296447515487671,
                    0.05079654976725578,
                    0.0
                ],
                [
                    0.05012468248605728,
                    0.008442163467407227,
                    0.9987072944641113,
                    0.0
                ],
                [
                    -0.12990599870681763,
                    0.9915245771408081,
                    -0.001861572265625,
                    0.0
                ],
                [
                    -2.2166147232055664,
                    -6.831050872802734,
                    -2.8537180423736572,
                    1.0
                ]
            ],
            "location": [
                6.831050872802734,
                -2.8537180423736572,
                2.2166147232055664
            ],
            "location_world": [
                -2.2166147232055664,
                -6.831050872802734,
                -2.8537180423736572
            ],
            "name": "hope_Cube_1",
            "projected_cuboid": [
                [
                    -312.5699758529663,
                    -78.58794927597046
                ],
                [
                    -336.80570125579834,
                    536.4491939544678
                ],
                [
                    -1156.1990976333618,
                    583.0076932907104
                ],
                [
                    -1081.3392400741577,
                    -126.16893649101257
                ],
                [
                    -36736.03057861328,
                    -27161.43798828125
                ],
                [
                    13261.53564453125,
                    -6305.43327331543
                ],
                [
                    6719.04182434082,
                    -1209.285020828247
                ],
                [
                    9539.83211517334,
                    3326.7662525177
                ],
                [
                    -1715.3621912002563,
                    146.98374271392822
                ]
            ],
            "provenance": "nvisii",
            "quaternion_xyzw": [
                0.016058266162872314,
                0.6593854427337646,
                -0.01971011608839035,
                -0.7513750791549683
            ],
            "quaternion_xyzw_world": [
                -0.02811064012348652,
                0.7072061896324158,
                0.7035543322563171,
                -0.06387902051210403
            ],
            "segmentation_id": 2,
            "visibility": 0
        },
        {
            "bounding_box_minx_maxx_miny_maxy": [
                -1,
                -1,
                -1,
                -1
            ],
            "class": "Cube",
            "local_cuboid": null,
            "local_to_world_matrix": [
                [
                    0.9986637234687805,
                    -0.04856491833925247,
                    0.01767071709036827,
                    0.0
                ],
                [
                    -0.048161447048187256,
                    -0.9985842704772949,
                    -0.022583818063139915,
                    0.0
                ],
                [
                    0.018742479383945465,
                    0.021702593192458153,
                    -0.9995888471603394,
                    0.0
                ],
                [
                    -0.44311413168907166,
                    0.5151460766792297,
                    6.557401180267334,
                    1.0
                ]
            ],
            "location": [
                -0.5151460766792297,
                6.557401180267334,
                0.44311413168907166
            ],
            "location_world": [
                -0.44311413168907166,
                0.5151460766792297,
                6.557401180267334
            ],
            "name": "hope_Cube_2",
            "projected_cuboid": [
                [
                    121.26931548118591,
                    -928.8903474807739
                ],
                [
                    1725.1118421554565,
                    -1044.900894165039
                ],
                [
                    1840.4817581176758,
                    -2821.8469619750977
                ],
                [
                    147.89511263370514,
                    -2487.180709838867
                ],
                [
                    394.12569999694824,
                    1087.499499320984
                ],
                [
                    -578.5833597183228,
                    1001.3947486877441
                ],
                [
                    -574.8170614242554,
                    1914.228081703186
                ],
                [
                    367.6745593547821,
                    2071.2313652038574
                ],
                [
                    -1872.0791339874268,
                    7212.809085845947
                ]
            ],
            "provenance": "nvisii",
            "quaternion_xyzw": [
                0.5219892859458923,
                0.4867221415042877,
                -0.48869121074676514,
                0.5018064379692078
            ],
            "quaternion_xyzw_world": [
                0.9996045231819153,
                -0.024191157892346382,
                0.009106900542974472,
                -0.011075982823967934
            ],
            "segmentation_id": 3,
            "visibility": 0
        },
        {
            "bounding_box_minx_maxx_miny_maxy": [
                16,
                226,
                1,
                170
            ],
            "class": "Cube",
            "local_cuboid": null,
            "local_to_world_matrix": [
                [
                    0.15364038944244385,
                    0.9180575609207153,
                    -0.36546534299850464,
                    0.0
                ],
                [
                    -0.049247294664382935,
                    0.3765113949775696,
                    0.9251021146774292,
                    0.0
                ],
                [
                    0.9868988394737244,
                    -0.12413492798805237,
                    0.10305917263031006,
                    0.0
                ],
                [
                    4.996652603149414,
                    -1.6713112592697144,
                    1.6923662424087524,
                    1.0
                ]
            ],
            "location": [
                1.6713112592697144,
                1.6923662424087524,
                -4.996652603149414
            ],
            "location_world": [
                4.996652603149414,
                -1.6713112592697144,
                1.6923662424087524
            ],
            "name": "hope_Cube_3",
            "projected_cuboid": [
                [
                    225.89048743247986,
                    170.29902338981628
                ],
                [
                    75.64111053943634,
                    -199.53203201293945
                ],
                [
                    -387.3729109764099,
                    -914.5721197128296
                ],
                [
                    56.480035185813904,
                    142.05977320671082
                ],
                [
                    614.5970821380615,
                    5.8711618185043335
                ],
                [
                    461.4635407924652,
                    -411.45968437194824
                ],
                [
                    813.6656880378723,
                    -1966.4127826690674
                ],
                [
                    1278.6016464233398,
                    -410.68679094314575
                ],
                [
                    340.409517288208,
                    -246.00660800933838
                ]
            ],
            "provenance": "nvisii",
            "quaternion_xyzw": [
                -0.1895647644996643,
                0.978526771068573,
                0.038912221789360046,
                0.07096774876117706
            ],
            "quaternion_xyzw_world": [
                0.41050878167152405,
                0.5291057825088501,
                0.37845322489738464,
                0.6389857530593872
            ],
            "segmentation_id": 4,
            "visibility": 1
        },
        {
            "bounding_box_minx_maxx_miny_maxy": [
                272,
                499,
                281,
                500
            ],
            "class": "Cube",
            "local_cuboid": null,
            "local_to_world_matrix": [
                [
                    0.049917757511138916,
                    0.9984738826751709,
                    0.02362326718866825,
                    0.0
                ],
                [
                    0.9978526830673218,
                    -0.04885447025299072,
                    -0.043625395745038986,
                    0.0
                ],
                [
                    -0.042404718697071075,
                    0.02575022354722023,
                    -0.9987685680389404,
                    0.0
                ],
                [
                    1.4729219675064087,
                    0.7107597589492798,
                    -2.587907314300537,
                    1.0
                ]
            ],
            "location": [
                -0.7107597589492798,
                -2.587907314300537,
                -1.4729219675064087
            ],
            "location_world": [
                1.4729219675064087,
                0.7107597589492798,
                -2.587907314300537
            ],
            "name": "hope_Cube_4",
            "projected_cuboid": [
                [
                    -1073.598027229309,
                    2283.4603786468506
                ],
                [
                    -31.900078058242798,
                    738.3488416671753
                ],
                [
                    -11.359483003616333,
                    272.5491523742676
                ],
                [
                    -863.2698059082031,
                    261.3104283809662
                ],
                [
                    1086.270809173584,
                    2749.45330619812
                ],
                [
                    440.35544991493225,
                    769.3492770195007
                ],
                [
                    446.15185260772705,
                    284.4865620136261
                ],
                [
                    1017.7762508392334,
                    312.27701902389526
                ],
                [
                    160.45723855495453,
                    660.2694988250732
                ]
            ],
            "provenance": "nvisii",
            "quaternion_xyzw": [
                0.02620476484298706,
                0.6914556622505188,
                -0.7218905687332153,
                0.008737912401556969
            ],
            "quaternion_xyzw_world": [
                0.724144458770752,
                0.6892017722129822,
                -0.006484013516455889,
                -0.023950891569256783
            ],
            "segmentation_id": 5,
            "visibility": 1
        },
        {
            "bounding_box_minx_maxx_miny_maxy": [
                -1,
                -1,
                -1,
                -1
            ],
            "class": "Cube",
            "local_cuboid": null,
            "local_to_world_matrix": [
                [
                    -0.01645636558532715,
                    -0.9993569850921631,
                    -0.031861960887908936,
                    0.0
                ],
                [
                    0.00814199447631836,
                    0.03173112869262695,
                    -0.9994634389877319,
                    0.0
                ],
                [
                    0.9998316168785095,
                    -0.016706794500350952,
                    0.0076143741607666016,
                    0.0
                ],
                [
                    2.1732327938079834,
                    2.6549715995788574,
                    -4.977878093719482,
                    1.0
                ]
            ],
            "location": [
                -2.6549715995788574,
                -4.977878093719482,
                -2.1732327938079834
            ],
            "location_world": [
                2.1732327938079834,
                2.6549715995788574,
                -4.977878093719482
            ],
            "name": "hope_Cube_5",
            "projected_cuboid": [
                [
                    235.03874242305756,
                    906.5669178962708
                ],
                [
                    214.674711227417,
                    1546.3727712631226
                ],
                [
                    909.3813896179199,
                    -18356.45294189453
                ],
                [
                    575.7584571838379,
                    -8087.6665115356445
                ],
                [
                    -404.4662117958069,
                    874.7091889381409
                ],
                [
                    -419.0021753311157,
                    1503.7158727645874
                ],
                [
                    13466.236114501953,
                    -24224.895477294922
                ],
                [
                    11243.951797485352,
                    -10155.919075012207
                ],
                [
                    -502.327024936676,
                    2307.126522064209
                ]
            ],
            "provenance": "nvisii",
            "quaternion_xyzw": [
                -0.99983149766922,
                0.01590101420879364,
                -0.008292123675346375,
                0.003939807415008545
            ],
            "quaternion_xyzw_world": [
                -0.4858492910861969,
                0.5100424289703369,
                -0.498081237077713,
                0.5056900978088379
            ],
            "segmentation_id": 6,
            "visibility": 0
        },
        {
            "bounding_box_minx_maxx_miny_maxy": [
                -1,
                -1,
                -1,
                -1
            ],
            "class": "Cube",
            "local_cuboid": null,
            "local_to_world_matrix": [
                [
                    -0.9983478784561157,
                    0.05693782493472099,
                    0.0077254269272089005,
                    0.0
                ],
                [
                    0.04626864567399025,
                    0.7168870568275452,
                    0.6956523656845093,
                    0.0
                ],
                [
                    0.03407067060470581,
                    0.6948604583740234,
                    -0.7183371782302856,
                    0.0
                ],
                [
                    -0.2614855170249939,
                    3.4774398803710938,
                    0.5985971689224243,
                    1.0
                ]
            ],
            "location": [
                -3.4774398803710938,
                0.5985971689224243,
                0.2614855170249939
            ],
            "location_world": [
                -0.2614855170249939,
                3.4774398803710938,
                0.5985971689224243
            ],
            "name": "hope_Cube_6",
            "projected_cuboid": [
                [
                    1459.9480628967285,
                    -16.05445146560669
                ],
                [
                    2460.9625339508057,
                    818.8102841377258
                ],
                [
                    1513.6655569076538,
                    1611.8881702423096
                ],
                [
                    649.7386693954468,
                    762.511134147644
                ],
                [
                    -1069.8070526123047,
                    566.5506720542908
                ],
                [
                    -1798.203945159912,
                    -285.1274013519287
                ],
                [
                    -1063.9163255691528,
                    -1234.040379524231
                ],
                [
                    -198.74444603919983,
                    -416.9973134994507
                ],
                [
                    22062.192916870117,
                    9926.3334274292
                ]
            ],
            "provenance": "nvisii",
            "quaternion_xyzw": [
                -0.26527369022369385,
                0.668330192565918,
                -0.28601348400115967,
                -0.6333726644515991
            ],
            "quaternion_xyzw_world": [
                0.027848631143569946,
                0.9264950156211853,
                0.3752078413963318,
                0.0071088471449911594
            ],
            "segmentation_id": 7,
            "visibility": 0
        },
        {
            "bounding_box_minx_maxx_miny_maxy": [
                -1,
                -1,
                -1,
                -1
            ],
            "class": "Cube",
            "local_cuboid": null,
            "local_to_world_matrix": [
                [
                    0.011486172676086426,
                    0.7001320123672485,
                    -0.7139212489128113,
                    0.0
                ],
                [
                    -0.06707033514976501,
                    0.7128998041152954,
                    0.6980512738227844,
                    0.0
                ],
                [
                    0.9976822733879089,
                    0.03986489772796631,
                    0.05514651536941528,
                    0.0
                ],
                [
                    2.505786418914795,
                    5.011927127838135,
                    4.743647575378418,
                    1.0
                ]
            ],
            "location": [
                -5.011927127838135,
                4.743647575378418,
                -2.505786418914795
            ],
            "location_world": [
                2.505786418914795,
                5.011927127838135,
                4.743647575378418
            ],
            "name": "hope_Cube_7",
            "projected_cuboid": [
                [
                    -573.5785961151123,
                    -121.67224287986755
                ],
                [
                    -1090.8108949661255,
                    -597.0672369003296
                ],
                [
                    21170.154571533203,
                    13160.017013549805
                ],
                [
                    -99540.19927978516,
                    -42001.686096191406
                ],
                [
                    -158.08451175689697,
                    -559.3453645706177
                ],
                [
                    -651.6684889793396,
                    -1072.290062904358
                ],
                [
                    11767.483711242676,
                    17168.678283691406
                ],
                [
                    111623.95477294922,
                    225347.7020263672
                ],
                [
                    -1503.830909729004,
                    -1424.9951839447021
                ]
            ],
            "provenance": "nvisii",
            "quaternion_xyzw": [
                -0.38713663816452026,
                0.9213936924934387,
                0.03316093236207962,
                -0.007699891924858093
            ],
            "quaternion_xyzw_world": [
                0.24669812619686127,
                0.641534686088562,
                0.2875589430332184,
                0.6669957041740417
            ],
            "segmentation_id": 8,
            "visibility": 0
        },
        {
            "bounding_box_minx_maxx_miny_maxy": [
                -1,
                -1,
                -1,
                -1
            ],
            "class": "Cube",
            "local_cuboid": null,
            "local_to_world_matrix": [
                [
                    -0.09425866603851318,
                    0.9929383993148804,
                    0.07203298807144165,
                    0.0
                ],
                [
                    0.016541361808776855,
                    -0.07078313827514648,
                    0.9973546266555786,
                    0.0
                ],
                [
                    0.9954103827476501,
                    0.09520077705383301,
                    -0.009752631187438965,
                    0.0
                ],
                [
                    -1.8087838888168335,
                    -6.310736656188965,
                    3.8259201049804688,
                    1.0
                ]
            ],
            "location": [
                6.310736656188965,
                3.8259201049804688,
                1.8087838888168335
            ],
            "location_world": [
                -1.8087838888168335,
                -6.310736656188965,
                3.8259201049804688
            ],
            "name": "hope_Cube_8",
            "projected_cuboid": [
                [
                    5129.566669464111,
                    -5161.275386810303
                ],
                [
                    4768.96333694458,
                    -10025.028228759766
                ],
                [
                    -349.4929075241089,
                    1472.9284048080444
                ],
                [
                    -291.43160581588745,
                    786.6371273994446
                ],
                [
                    5890.721797943115,
                    -2137.7766132354736
                ],
                [
                    5637.319564819336,
                    -4955.443382263184
                ],
                [
                    -1173.5765933990479,
                    1563.1476640701294
                ],
                [
                    -1091.9978618621826,
                    795.3858375549316
                ],
                [
                    -1965.4595851898193,
                    2407.957077026367
                ]
            ],
            "provenance": "nvisii",
            "quaternion_xyzw": [
                0.03576800227165222,
                0.9982113838195801,
                -0.006585285067558289,
                -0.047449707984924316
            ],
            "quaternion_xyzw_world": [
                0.49655744433403015,
                0.5082391500473022,
                0.5374218821525574,
                0.45420417189598083
            ],
            "segmentation_id": 9,
            "visibility": 0
        },
        {
            "bounding_box_minx_maxx_miny_maxy": [
                -1,
                -1,
                -1,
                -1
            ],
            "class": "Cube",
            "local_cuboid": null,
            "local_to_world_matrix": [
                [
                    -0.09966433048248291,
                    -0.06743453443050385,
                    0.9927334785461426,
                    0.0
                ],
                [
                    -0.0006367303431034088,
                    -0.9976963996887207,
                    -0.06783558428287506,
                    0.0
                ],
                [
                    0.9950209856033325,
                    -0.007392890751361847,
                    0.09939175844192505,
                    0.0
                ],
                [
                    2.3736979961395264,
                    -4.936471939086914,
                    0.4620877206325531,
                    1.0
                ]
            ],
            "location": [
                4.936471939086914,
                0.4620877206325531,
                -2.3736979961395264
            ],
            "location_world": [
                2.3736979961395264,
                -4.936471939086914,
                0.4620877206325531
            ],
            "name": "hope_Cube_9",
            "projected_cuboid": [
                [
                    920.4837679862976,
                    -167.7682399749756
                ],
                [
                    1574.207067489624,
                    -123.64014983177185
                ],
                [
                    -16355.306625366211,
                    4133.4991455078125
                ],
                [
                    -8207.015037536621,
                    4731.480121612549
                ],
                [
                    815.2831792831421,
                    459.19138193130493
                ],
                [
                    1405.1562547683716,
                    499.4046092033386
                ],
                [
                    44733.82568359375,
                    12160.928726196289
                ],
                [
                    21435.352325439453,
                    10367.72346496582
                ],
                [
                    2140.6545639038086,
                    175.57725310325623
                ]
            ],
            "provenance": "nvisii",
            "quaternion_xyzw": [
                0.7297758460044861,
                0.6818634271621704,
                0.036674678325653076,
                -0.03383064270019531
            ],
            "quaternion_xyzw_world": [
                0.670566976070404,
                -0.02537825144827366,
                0.7410722970962524,
                -0.022534174844622612
            ],
            "segmentation_id": 10,
            "visibility": 0
        },
        {
            "bounding_box_minx_maxx_miny_maxy": [
                -1,
                -1,
                -1,
                -1
            ],
            "class": "Cube",
            "local_cuboid": null,
            "local_to_world_matrix": [
                [
                    -0.006371974945068359,
                    0.028235038742423058,
                    -0.999580979347229,
                    0.0
                ],
                [
                    0.028926340863108635,
                    0.9991881847381592,
                    0.02803954668343067,
                    0.0
                ],
                [
                    0.9995611906051636,
                    -0.028735550120472908,
                    -0.007183551788330078,
                    0.0
                ],
                [
                    2.297287702560425,
                    5.406081199645996,
                    -8.187454223632812,
                    1.0
                ]
            ],
            "location": [
                -5.406081199645996,
                -8.187454223632812,
                -2.297287702560425
            ],
            "location_world": [
                2.297287702560425,
                5.406081199645996,
                -8.187454223632812
            ],
            "name": "hope_Cube_10",
            "projected_cuboid": [
                [
                    -432.4113726615906,
                    1601.528286933899
                ],
                [
                    -1024.631142616272,
                    1544.6557998657227
                ],
                [
                    87533.23364257812,
                    -86899.15466308594
                ],
                [
                    15643.674850463867,
                    -29348.34098815918
                ],
                [
                    -410.1865291595459,
                    965.7248258590698
                ],
                [
                    -999.2483854293823,
                    927.7698993682861
                ],
                [
                    153194.39697265625,
                    -81054.71801757812
                ],
                [
                    17826.045989990234,
                    -18181.58531188965
                ],
                [
                    -1763.213872909546,
                    2317.5437450408936
                ]
            ],
            "provenance": "nvisii",
            "quaternion_xyzw": [
                -0.6970090866088867,
                0.7169092893600464,
                -0.01259221788495779,
                0.007798593025654554
            ],
            "quaternion_xyzw_world": [
                0.020145518705248833,
                0.7093560099601746,
                -0.0002452943299431354,
                0.7045623660087585
            ],
            "segmentation_id": 11,
            "visibility": 0
        },
        {
            "bounding_box_minx_maxx_miny_maxy": [
                -1,
                -1,
                -1,
                -1
            ],
            "class": "Cube",
            "local_cuboid": null,
            "local_to_world_matrix": [
                [
                    0.2055189609527588,
                    0.02625983953475952,
                    -0.9783007502555847,
                    0.0
                ],
                [
                    0.9782282710075378,
                    0.023939847946166992,
                    0.20614641904830933,
                    0.0
                ],
                [
                    0.02883380651473999,
                    -0.9993684887886047,
                    -0.020768046379089355,
                    0.0
                ],
                [
                    1.6240218877792358,
                    8.189693450927734,
                    -4.7188920974731445,
                    1.0
                ]
            ],
            "location": [
                -8.189693450927734,
                -4.7188920974731445,
                -1.6240218877792358
            ],
            "location_world": [
                1.6240218877792358,
                8.189693450927734,
                -4.7188920974731445
            ],
            "name": "hope_Cube_11",
            "projected_cuboid": [
                [
                    -1322.2904205322266,
                    2220.9372520446777
                ],
                [
                    -249.48358535766602,
                    775.7649421691895
                ],
                [
                    -693.3425068855286,
                    777.6516675949097
                ],
                [
                    -2891.967296600342,
                    2328.150987625122
                ],
                [
                    -2621.8085289001465,
                    1436.9136095046997
                ],
                [
                    -320.9456205368042,
                    378.6248564720154
                ],
                [
                    -843.4665203094482,
                    371.1822032928467
                ],
                [
                    -5925.683975219727,
                    1541.3720607757568
                ],
                [
                    -973.4741449356079,
                    873.4170794487
                ]
            ],
            "provenance": "nvisii",
            "quaternion_xyzw": [
                -0.446213960647583,
                0.5615247488021851,
                -0.4447695016860962,
                0.536435604095459
            ],
            "quaternion_xyzw_world": [
                0.5482579469680786,
                0.45803627371788025,
                -0.43294718861579895,
                0.5497024059295654
            ],
            "segmentation_id": 12,
            "visibility": 0
        },
        {
            "bounding_box_minx_maxx_miny_maxy": [
                -1,
                -1,
                -1,
                -1
            ],
            "class": "Cube",
            "local_cuboid": null,
            "local_to_world_matrix": [
                [
                    0.013180375099182129,
                    0.9987630844116211,
                    0.04794496297836304,
                    0.0
                ],
                [
                    -0.044176340103149414,
                    -0.04732072353363037,
                    0.997902512550354,
                    0.0
                ],
                [
                    0.9989368319511414,
                    -0.015270859003067017,
                    0.04349792003631592,
                    0.0
                ],
                [
                    4.477362155914307,
                    1.2551488876342773,
                    6.951549053192139,
                    1.0
                ]
            ],
            "location": [
                -1.2551488876342773,
                6.951549053192139,
                -4.477362155914307
            ],
            "location_world": [
                4.477362155914307,
                1.2551488876342773,
                6.951549053192139
            ],
            "name": "hope_Cube_12",
            "projected_cuboid": [
                [
                    -69.86802816390991,
                    -368.4106469154358
                ],
                [
                    -59.23709273338318,
                    -832.2588205337524
                ],
                [
                    -946.8182325363159,
                    -3775.3443717956543
                ],
                [
                    -886.4338397979736,
                    -1837.6309871673584
                ],
                [
                    361.284464597702,
                    -353.4386157989502
                ],
                [
                    386.1894905567169,
                    -821.343183517456
                ],
                [
                    753.5538673400879,
                    -3845.205307006836
                ],
                [
                    623.0867505073547,
                    -1833.9810371398926
                ],
                [
                    92.87597239017487,
                    -1055.5766820907593
                ]
            ],
            "provenance": "nvisii",
            "quaternion_xyzw": [
                0.023829519748687744,
                0.999450147151947,
                0.02193063497543335,
                0.007116734981536865
            ],
            "quaternion_xyzw_world": [
                0.5042328834533691,
                0.47328662872314453,
                0.5190467834472656,
                0.5023339986801147
            ],
            "segmentation_id": 13,
            "visibility": 0
        },
        {
            "bounding_box_minx_maxx_miny_maxy": [
                -1,
                -1,
                -1,
                -1
            ],
            "class": "Cube",
            "local_cuboid": null,
            "local_to_world_matrix": [
                [
                    -0.0019241571426391602,
                    0.9999979734420776,
                    -0.0008714199066162109,
                    0.0
                ],
                [
                    -0.02201494574546814,
