{
    "camera_data": {
        "camera_look_at": {
            "at": [
                1.0,
                0.0,
                0.0
            ],
            "eye": [
                0.0,
                0.0,
                0.0
            ],
            "up": [
                0.0,
                0.0,
                1.0
            ]
        },
        "camera_view_matrix": [
            [
                0.0,
                0.0,
                -1.0,
                0.0
            ],
            [
                -1.0,
                0.0,
                0.0,
                0.0
            ],
            [
                0.0,
                1.0,
                0.0,
                0.0
            ],
            [
                0.0,
                0.0,
                0.0,
                1.0
            ]
        ],
        "height": 500,
        "intrinsics": {
            "cx": 250.0,
            "cy": 250.0,
            "fx": 603.5535278320312,
            "fy": 603.5535278320312
        },
        "location_world": [
            0.0,
            0.0,
            0.0
        ],
        "quaternion_world_xyzw": [
            0.5,
            -0.5,
            -0.5,
            0.5
        ],
        "width": 500
    },
    "objects": [
        {
            "bounding_box_minx_maxx_miny_maxy": [
                -1,
                -1,
                -1,
                -1
            ],
            "class": "Cube",
            "local_cuboid": null,
            "local_to_world_matrix": [
                [
                    -0.032996296882629395,
                    -0.017242243513464928,
                    0.9993067383766174,
                    0.0
                ],
                [
                    0.009923863224685192,
                    -0.999807596206665,
                    -0.0169232077896595,
                    0.0
                ],
                [
                    0.9994061589241028,
                    0.009358580224215984,
                    0.033161044120788574,
                    0.0
                ],
                [
                    0.20603039860725403,
                    0.8280509114265442,
                    -7.378573894500732,
                    1.0
                ]
            ],
            "location": [
                -0.8280509114265442,
                -7.378573894500732,
                -0.20603039860725403
            ],
            "location_world": [
                0.20603039860725403,
                0.8280509114265442,
                -7.378573894500732
            ],
            "name": "hope_Cube_0",
            "projected_cuboid": [
                [
                    63.93316388130188,
                    1354.2827367782593
                ],
                [
                    1196.7130899429321,
                    1352.8889417648315
                ],
                [
                    -849.8533964157104,
                    -1060.1786375045776
                ],
                [
                    443.53270530700684,
                    -1011.3023519515991
                ],
                [
                    56.27787113189697,
                    2370.950222015381
                ],
                [
                    1123.308539390564,
                    2351.854085922241
                ],
                [
                    -909.760594367981,
                    -2556.1368465423584
                ],
                [
                    481.52482509613037,
                    -2470.0241088867188
                ],
                [
                    4620.213985443115,
                    19652.612686157227
                ]
            ],
            "provenance": "nvisii",
            "quaternion_xyzw": [
                0.7130167484283447,
                0.7009352445602417,
                0.008287906646728516,
                -0.015106558799743652
            ],
            "quaternion_xyzw_world": [
                0.6952787637710571,
                -0.002631455659866333,
                0.7186732292175293,
                -0.009450090117752552
            ],
            "segmentation_id": 1,
            "visibility": 0
        },
        {
            "bounding_box_minx_maxx_miny_maxy": [
                -1,
                -1,
                -1,
                -1
            ],
            "class": "Cube",
            "local_cuboid": null,
            "local_to_world_matrix": [
                [
                    -0.9899765253067017,
                    -0.05055319145321846,
                    -0.1318746954202652,
                    0.0
                ],
                [
                    -0.1329866200685501,
                    0.019286811351776123,
                    0.9909301996231079,
                    0.0
                ],
                [
                    -0.047551244497299194,
                    0.99853515625,
                    -0.02581644058227539,
                    0.0
                ],
                [
                    -2.3460636138916016,
                    -6.724124908447266,
                    -5.0963592529296875,
                    1.0
                ]
            ],
            "location": [
                6.724124908447266,
                -5.0963592529296875,
                2.3460636138916016
            ],
            "location_world": [
                -2.3460636138916016,
                -6.724124908447266,
                -5.0963592529296875
            ],
            "name": "hope_Cube_1",
            "projected_cuboid": [
                [
                    -281.99124336242676,
                    -420.8384156227112
                ],
                [
                    -208.49347114562988,
                    192.28777289390564
                ],
                [
                    -790.2566194534302,
                    204.2471170425415
                ],
                [
                    -949.7382640838623,
                    -438.1897449493408
                ],
                [
                    247805.69458007812,
                    291856.1096191406
                ],
                [
                    -3440.7758712768555,
                    363.7533187866211
                ],
                [
                    -12767.386436462402,
                    615.333080291748
                ],
                [
                    22403.947830200195,
                    11704.792976379395
                ],
                [
                    -1254.2827129364014,
                    -340.1471972465515
                ]
            ],
            "provenance": "nvisii",
            "quaternion_xyzw": [
                -0.054935842752456665,
                0.6879000663757324,
                0.038948338478803635,
                -0.7226746082305908
            ],
            "quaternion_xyzw_world": [
                -0.06432940810918808,
                0.7132810950279236,
                0.6972935795783997,
                0.02955477684736252
            ],
            "segmentation_id": 2,
            "visibility": 0
        },
        {
            "bounding_box_minx_maxx_miny_maxy": [
                -1,
                -1,
                -1,
                -1
            ],
            "class": "Cube",
            "local_cuboid": null,
            "local_to_world_matrix": [
                [
                    0.9991439580917358,
                    -0.03881918638944626,
                    0.01429662760347128,
                    0.0
                ],
                [
                    -0.038572557270526886,
                    -0.9991087913513184,
                    -0.017140664160251617,
                    0.0
                ],
                [
                    0.014949272386729717,
                    0.01657453551888466,
                    -0.9997509717941284,
                    0.0
                ],
                [
                    -0.14056237041950226,
                    -0.5894342660903931,
                    7.0290422439575195,
                    1.0
                ]
            ],
            "location": [
                0.5894342660903931,
                7.0290422439575195,
                0.14056237041950226
            ],
            "location_world": [
                -0.14056237041950226,
                -0.5894342660903931,
                7.0290422439575195
            ],
            "name": "hope_Cube_2",
            "projected_cuboid": [
                [
                    412.5775694847107,
                    -900.6665945053101
                ],
                [
                    1796.1829900741577,
                    -977.9641628265381
                ],
                [
                    1874.0322589874268,
                    -2439.511299133301
                ],
                [
                    439.37599658966064,
                    -2238.2209300994873
                ],
                [
                    145.36049962043762,
                    1292.7806377410889
                ],
                [
                    -926.5763759613037,
                    1202.2838592529297
                ],
                [
                    -913.3551120758057,
                    2229.187488555908
                ],
                [
                    129.5907497406006,
                    2391.171932220459
                ],
                [
                    -7612.206935882568,
                    18041.77474975586
                ]
            ],
            "provenance": "nvisii",
            "quaternion_xyzw": [
                0.517423689365387,
                0.4896400272846222,
                -0.49075764417648315,
                0.501679539680481
            ],
            "quaternion_xyzw_world": [
                0.9997504353523254,
                -0.019352765753865242,
                0.007313299924135208,
                -0.008430903777480125
            ],
            "segmentation_id": 3,
            "visibility": 0
        },
        {
            "bounding_box_minx_maxx_miny_maxy": [
                0,
                143,
                28,
                163
            ],
            "class": "Cube",
            "local_cuboid": null,
            "local_to_world_matrix": [
                [
                    -0.10199189186096191,
                    0.99422287940979,
                    0.033445268869400024,
                    0.0
                ],
                [
                    0.0019153058528900146,
                    -0.0334242582321167,
                    0.9994394779205322,
                    0.0
                ],
                [
                    0.9947834014892578,
                    0.10199883580207825,
                    0.0015047788619995117,
                    0.0
                ],
                [
                    4.815644264221191,
                    3.599487066268921,
                    -0.025217341259121895,
                    1.0
                ]
            ],
            "location": [
                -3.599487066268921,
                -0.025217341259121895,
                -4.815644264221191
            ],
            "location_world": [
                4.815644264221191,
                3.599487066268921,
                -0.025217341259121895
            ],
            "name": "hope_Cube_3",
            "projected_cuboid": [
                [
                    -292.95676946640015,
                    244.6768581867218
                ],
                [
                    -277.9272198677063,
                    -182.69166350364685
                ],
                [
                    -1390.6217813491821,
                    -1213.5798931121826
                ],
                [
                    -1446.8390941619873,
                    234.09876227378845
                ],
                [
                    140.6765580177307,
                    258.3908438682556
                ],
                [
                    154.14443612098694,
                    -140.19420742988586
                ],
                [
                    88.98703753948212,
                    -886.8472576141357
                ],
                [
                    49.35011267662048,
                    276.3019800186157
                ],
                [
                    -190.21984934806824,
                    -59.68543887138367
                ]
            ],
            "provenance": "nvisii",
            "quaternion_xyzw": [
                0.016741573810577393,
                0.9985547065734863,
                -0.00010277330875396729,
                -0.051071494817733765
            ],
            "quaternion_xyzw_world": [
                0.48216375708580017,
                0.5164936780929565,
                0.5331324934959412,
                0.4653193950653076
            ],
            "segmentation_id": 4,
            "visibility": 1
        },
        {
            "bounding_box_minx_maxx_miny_maxy": [
                230,
                499,
                241,
                489
            ],
            "class": "Cube",
            "local_cuboid": null,
            "local_to_world_matrix": [
                [
                    0.02021688222885132,
                    0.9991813898086548,
                    -0.035040222108364105,
                    0.0
                ],
                [
                    0.9997928142547607,
                    -0.020287394523620605,
                    -0.001658610999584198,
                    0.0
                ],
                [
                    -0.002368127927184105,
                    -0.03499943017959595,
                    -0.9993845224380493,
                    0.0
                ],
                [
                    1.921218991279602,
                    1.4830454587936401,
                    -2.526033401489258,
                    1.0
                ]
            ],
            "location": [
                -1.4830454587936401,
                -2.526033401489258,
                -1.921218991279602
            ],
            "location_world": [
                1.921218991279602,
                1.4830454587936401,
                -2.526033401489258
            ],
            "name": "hope_Cube_4",
            "projected_cuboid": [
                [
                    -945.3846216201782,
                    1819.5183277130127
                ],
                [
                    -78.61119508743286,
                    693.7207579612732
                ],
                [
                    -93.19263696670532,
                    260.6810927391052
                ],
                [
                    -991.6336536407471,
                    285.14865040779114
                ],
                [
                    606.8086624145508,
                    1847.891926765442
                ],
                [
                    355.85862398147583,
                    684.8493814468384
                ],
                [
                    340.314656496048,
                    245.45852839946747
                ],
                [
                    548.2745170593262,
                    230.69354891777039
                ],
                [
                    54.445937275886536,
                    595.4427719116211
                ]
            ],
            "provenance": "nvisii",
            "quaternion_xyzw": [
                -0.00522226095199585,
                0.7062497138977051,
                -0.7076736688613892,
                0.019545607268810272
            ],
            "quaternion_xyzw_world": [
                0.7141233682632446,
                0.6998000144958496,
                -0.013095898553729057,
                0.011671938933432102
            ],
            "segmentation_id": 5,
            "visibility": 1
        },
        {
            "bounding_box_minx_maxx_miny_maxy": [
                -1,
                -1,
                -1,
                -1
            ],
            "class": "Cube",
            "local_cuboid": null,
            "local_to_world_matrix": [
                [
                    0.023205280303955078,
                    -0.9995831251144409,
                    -0.01717597246170044,
                    0.0
                ],
                [
                    0.010434001684188843,
                    0.017421841621398926,
                    -0.9997937679290771,
                    0.0
                ],
                [
                    0.9996762871742249,
                    0.023021310567855835,
                    0.010833978652954102,
                    0.0
                ],
                [
                    3.2474381923675537,
                    2.7919955253601074,
                    -5.176849365234375,
                    1.0
                ]
            ],
            "location": [
                -2.7919955253601074,
                -5.176849365234375,
                -3.2474381923675537
            ],
            "location_world": [
                3.2474381923675537,
                2.7919955253601074,
                -5.176849365234375
            ],
            "name": "hope_Cube_5",
            "projected_cuboid": [
                [
                    213.54636549949646,
                    789.9255156517029
                ],
                [
                    204.89436388015747,
                    1300.2674579620361
                ],
                [
                    23.18820357322693,
                    7453.737258911133
                ],
                [
                    73.72039556503296,
                    4177.72102355957
                ],
                [
                    -317.46840476989746,
                    791.8263077735901
                ],
                [
                    -321.46960496902466,
                    1312.4655485153198
                ],
                [
                    -4075.417995452881,
                    8509.75227355957
                ],
                [
                    -4326.178550720215,
                    4762.8655433654785
                ],
                [
                    -272.8024125099182,
                    1665.318250656128
                ]
            ],
            "provenance": "nvisii",
            "quaternion_xyzw": [
                -0.9998816847801208,
                0.00865049660205841,
                0.01155802607536316,
                0.005317628383636475
            ],
            "quaternion_xyzw_world": [
                -0.49873578548431396,
                0.495828241109848,
                -0.4924953877925873,
                0.5127038955688477
            ],
            "segmentation_id": 6,
            "visibility": 0
        },
        {
            "bounding_box_minx_maxx_miny_maxy": [
                -1,
                -1,
                -1,
                -1
            ],
            "class": "Cube",
            "local_cuboid": null,
            "local_to_world_matrix": [
                [
                    -0.9985290765762329,
                    0.037319667637348175,
                    0.03933361917734146,
                    0.0
                ],
                [
                    0.05417771637439728,
                    0.7156339883804321,
                    0.6963711380958557,
                    0.0
                ],
                [
                    -0.0021601393818855286,
                    0.6974777579307556,
                    -0.7166032791137695,
                    0.0
                ],
                [
                    -0.5259082913398743,
                    3.5164260864257812,
                    0.5305898785591125,
                    1.0
                ]
            ],
            "location": [
                -3.5164260864257812,
                0.5305898785591125,
                0.5259082913398743
            ],
            "location_world": [
                -0.5259082913398743,
                3.5164260864257812,
                0.5305898785591125
            ],
            "name": "hope_Cube_6",
            "projected_cuboid": [
                [
                    1317.1961307525635,
                    18.240690231323242
                ],
                [
                    2205.4576873779297,
                    757.775068283081
                ],
                [
                    1446.6266632080078,
                    1547.3132133483887
                ],
                [
                    623.3222484588623,
                    734.2367768287659
                ],
                [
                    -1336.988091468811,
                    667.4939393997192
                ],
                [
                    -2110.599994659424,
                    -322.97003269195557
                ],
                [
                    -1162.4008417129517,
                    -1282.755732536316
                ],
                [
                    -263.0177140235901,
                    -429.2948842048645
                ],
                [
                    8450.908660888672,
                    3761.162757873535
                ]
            ],
            "provenance": "nvisii",
            "quaternion_xyzw": [
                -0.2569772005081177,
                0.6579381823539734,
                -0.2928774356842041,
                -0.6444399952888489
            ],
            "quaternion_xyzw_world": [
                0.024699212983250618,
                0.926116406917572,
                0.37626180052757263,
                -0.011201011016964912
            ],
            "segmentation_id": 7,
            "visibility": 0
        },
        {
            "bounding_box_minx_maxx_miny_maxy": [
                -1,
                -1,
                -1,
                -1
            ],
            "class": "Cube",
            "local_cuboid": null,
            "local_to_world_matrix": [
                [
                    -0.014267206192016602,
                    0.8436235189437866,
                    -0.536745548248291,
                    0.0
                ],
                [
                    -0.07744625210762024,
                    0.5342552661895752,
                    0.8417680263519287,
                    0.0
                ],
                [
                    0.996894359588623,
                    0.053578585386276245,
                    0.057713210582733154,
                    0.0
                ],
                [
                    2.566366195678711,
                    5.487880229949951,
                    5.114011287689209,
                    1.0
                ]
            ],
            "location": [
                -5.487880229949951,
                5.114011287689209,
                -2.566366195678711
            ],
            "location_world": [
                2.566366195678711,
                5.487880229949951,
                5.114011287689209
            ],
            "name": "hope_Cube_7",
            "projected_cuboid": [
                [
                    -678.939700126648,
                    -220.59637308120728
                ],
                [
                    -1104.327917098999,
                    -807.8839778900146
                ],
                [
                    17787.588119506836,
                    13811.600685119629
                ],
                [
                    -116860.6948852539,
                    -56679.13055419922
                ],
                [
                    -166.18189215660095,
                    -531.9664478302002
                ],
                [
                    -542.9404377937317,
                    -1135.968804359436
                ],
                [
                    13120.514869689941,
                    23137.075424194336
                ],
                [
                    -17586.925506591797,
                    -34444.52667236328
                ],
                [
                    -1485.6898784637451,
                    -1586.1432552337646
                ]
            ],
            "provenance": "nvisii",
            "quaternion_xyzw": [
                -0.2790622115135193,
                0.9594641327857971,
                0.03521743416786194,
                -0.01767803728580475
            ],
            "quaternion_xyzw_world": [
                0.31375324726104736,
                0.6104934811592102,
                0.36664870381355286,
                0.6280328631401062
            ],
            "segmentation_id": 8,
            "visibility": 0
        },
        {
            "bounding_box_minx_maxx_miny_maxy": [
                -1,
                -1,
                -1,
                -1
            ],
            "class": "Cube",
            "local_cuboid": null,
            "local_to_world_matrix": [
                [
                    0.08666044473648071,
                    0.996228814125061,
                    -0.004260063171386719,
                    0.0
                ],
                [
                    -0.05868837237358093,
                    0.009373784065246582,
                    0.998232364654541,
                    0.0
                ],
                [
                    0.9945077300071716,
                    -0.08625724911689758,
                    0.05927932262420654,
                    0.0
                ],
                [
                    1.2795782089233398,
                    -7.842101097106934,
                    2.700575828552246,
                    1.0
                ]
            ],
            "location": [
                7.842101097106934,
                2.700575828552246,
                -1.2795782089233398
            ],
            "location_world": [
                1.2795782089233398,
                -7.842101097106934,
                2.700575828552246
            ],
            "name": "hope_Cube_8",
            "projected_cuboid": [
                [
                    1093.7132835388184,
                    -180.12192845344543
                ],
                [
                    1153.157353401184,
                    -1030.9218168258667
                ],
                [
                    -2143.096446990967,
                    3792.3202514648438
                ],
                [
                    -2880.967140197754,
                    1799.5015382766724
                ],
                [
                    2043.778896331787,
                    -236.25531792640686
                ],
                [
                    2196.763515472412,
                    -1205.3455114364624
                ],
                [
                    -3290.2724742889404,
                    2905.7552814483643
                ],
                [
                    -4040.022373199463,
                    1336.8252515792847
                ],
                [
                    4415.556907653809,
                    -2518.3606147766113
                ]
            ],
            "provenance": "nvisii",
            "quaternion_xyzw": [
                -0.003413185477256775,
                0.9986201524734497,
                0.029532670974731445,
                0.043289169669151306
            ],
            "quaternion_xyzw_world": [
                0.5044817328453064,
                0.46460574865341187,
                0.49072524905204773,
                0.5374276041984558
            ],
            "segmentation_id": 9,
            "visibility": 0
        },
        {
            "bounding_box_minx_maxx_miny_maxy": [
                -1,
                -1,
                -1,
                -1
            ],
            "class": "Cube",
            "local_cuboid": null,
            "local_to_world_matrix": [
                [
                    0.01387631893157959,
                    -0.11302249133586884,
                    0.993495523929596,
                    0.0
                ],
                [
                    -0.012261122465133667,
                    -0.9935357570648193,
                    -0.11285580694675446,
                    0.0
                ],
                [
                    0.9998285174369812,
                    -0.010615337640047073,
                    -0.015172481536865234,
                    0.0
                ],
                [
                    2.585421562194824,
                    -4.941339015960693,
                    0.007280641235411167,
                    1.0
                ]
            ],
            "location": [
                4.941339015960693,
                0.007280641235411167,
                -2.585421562194824
            ],
            "location_world": [
                2.585421562194824,
                -4.941339015960693,
                0.007280641235411167
            ],
            "name": "hope_Cube_9",
            "projected_cuboid": [
                [
                    868.9675331115723,
                    -39.19172286987305
                ],
                [
                    1469.2007303237915,
                    24.631768465042114
                ],
                [
                    103822.09777832031,
                    -19768.144607543945
                ],
                [
                    26273.34976196289,
                    -12412.544250488281
                ],
                [
                    809.9352717399597,
                    550.4906177520752
                ],
                [
                    1417.7906513214111,
                    622.4479675292969
                ],
                [
                    -570790.6494140625,
                    -178368.54553222656
                ],
                [
                    54899.27291870117,
                    29018.720626831055
                ],
                [
                    2004.1680335998535,
                    314.93425369262695
                ]
            ],
            "provenance": "nvisii",
            "quaternion_xyzw": [
                0.745940089225769,
                0.6659486293792725,
                -0.0010929107666015625,
                0.00919431447982788
            ],
            "quaternion_xyzw_world": [
                0.7110880017280579,
                -0.04404645040631294,
                0.7008007764816284,
                -0.03594508394598961
            ],
            "segmentation_id": 10,
            "visibility": 0
        },
        {
            "bounding_box_minx_maxx_miny_maxy": [
                -1,
                -1,
                -1,
                -1
            ],
            "class": "Cube",
            "local_cuboid": null,
            "local_to_world_matrix": [
                [
                    -0.0053566694259643555,
                    -0.04518891125917435,
                    -0.9989641308784485,
                    0.0
                ],
                [
                    -0.0003354512155056,
                    0.9989784359931946,
                    -0.04518776386976242,
                    0.0
                ],
                [
                    0.9999856352806091,
                    9.305030107498169e-05,
                    -0.005366325378417969,
                    0.0
                ],
                [
                    2.6331682205200195,
                    5.372894287109375,
                    -8.351670265197754,
                    1.0
                ]
            ],
            "location": [
                -5.372894287109375,
                -8.351670265197754,
                -2.6331682205200195
            ],
            "location_world": [
                2.6331682205200195,
                5.372894287109375,
                -8.351670265197754
            ],
            "name": "hope_Cube_10",
            "projected_cuboid": [
                [
                    -370.10663747787476,
                    1530.552864074707
                ],
                [
                    -959.3380689620972,
                    1557.6165914535522
                ],
                [
                    -52140.655517578125,
                    56763.73291015625
                ],
                [
                    -26245.573043823242,
                    54834.434509277344
                ],
                [
                    -393.376886844635,
                    938.1261467933655
                ],
                [
                    -979.548454284668,
                    964.8557305335999
                ],
                [
                    -43399.05548095703,
                    25516.803741455078
                ],
                [
                    -22335.04867553711,
                    24297.500610351562
                ],
                [
                    -1554.5505285263062,
                    2190.81449508667
                ]
            ],
            "provenance": "nvisii",
            "quaternion_xyzw": [
                -0.7229042649269104,
                0.6909429430961609,
                -0.001820276491343975,
                -0.001971832476556301
            ],
            "quaternion_xyzw_world": [
                -0.016056397929787636,
                0.7088196873664856,
                -0.015904860571026802,
                0.7050275802612305
            ],
            "segmentation_id": 11,
            "visibility": 0
        },
        {
            "bounding_box_minx_maxx_miny_maxy": [
                -1,
                -1,
                -1,
                -1
            ],
            "class": "Cube",
            "local_cuboid": null,
            "local_to_world_matrix": [
                [
                    -0.11029553413391113,
                    -0.010498642921447754,
                    -0.9938434362411499,
                    0.0
                ],
                [
                    0.9928900003433228,
                    0.04387897253036499,
                    -0.11065319180488586,
                    0.0
                ],
                [
                    0.044770509004592896,
                    -0.9989817142486572,
                    0.005584299564361572,
                    0.0
                ],
                [
                    3.109279155731201,
                    8.077404022216797,
                    -4.352614402770996,
                    1.0
                ]
            ],
            "location": [
                -8.077404022216797,
                -4.352614402770996,
                -3.109279155731201
            ],
            "location_world": [
                3.109279155731201,
                8.077404022216797,
                -4.352614402770996
            ],
            "name": "hope_Cube_11",
            "projected_cuboid": [
                [
                    -888.0053758621216,
                    1648.1499671936035
                ],
                [
                    -190.5069351196289,
                    812.8541707992554
                ],
                [
                    -595.5652594566345,
                    831.4394950866699
                ],
                [
                    -2089.2927646636963,
                    1769.3394422531128
                ],
                [
                    -717.5987362861633,
                    569.998025894165
                ],
                [
                    -165.54096341133118,
                    421.7141568660736
                ],
                [
                    -542.8034663200378,
                    428.42620611190796
                ],
                [
                    -1704.8287391662598,
                    597.0320701599121
                ],
                [
                    -633.7253451347351,
                    749.6863603591919
                ]
            ],
            "provenance": "nvisii",
            "quaternion_xyzw": [
                -0.5398894548416138,
                0.480525404214859,
                -0.5136594176292419,
                0.4623512923717499
            ],
            "quaternion_xyzw_world": [
                0.4583233594894409,
                0.5358614921569824,
                -0.5176873803138733,
                0.48455336689949036
            ],
            "segmentation_id": 12,
            "visibility": 0
        },
        {
            "bounding_box_minx_maxx_miny_maxy": [
                -1,
                -1,
                -1,
                -1
            ],
            "class": "Cube",
            "local_cuboid": null,
            "local_to_world_matrix": [
                [
                    -0.0626823902130127,
                    0.9980124235153198,
                    -0.006490916013717651,
                    0.0
                ],
                [
                    -0.006774276494979858,
                    0.006078124046325684,
                    0.9999586343765259,
                    0.0
                ],
                [
                    0.998010516166687,
                    0.0627237856388092,
                    0.00637972354888916,
                    0.0
                ],
                [
                    4.710946559906006,
                    1.9191288948059082,
                    5.2052483558654785,
                    1.0
                ]
            ],
            "location": [
                -1.9191288948059082,
                5.2052483558654785,
                -4.710946559906006
            ],
            "location_world": [
                4.710946559906006,
                1.9191288948059082,
                5.2052483558654785
            ],
            "name": "hope_Cube_12",
            "projected_cuboid": [
                [
                    -141.36341214179993,
                    -195.64613699913025
                ],
                [
                    -145.8674967288971,
                    -627.9436349868774
                ],
                [
                    -1027.7495384216309,
                    -2781.519889831543
                ],
                [
                    -997.825026512146,
                    -1266.2218809127808
                ],
                [
                    284.3550145626068,
                    -179.3365180492401
                ],
                [
                    282.0110023021698,
                    -593.0715203285217
                ],
                [
                    431.24523758888245,
                    -2383.6469650268555
                ],
                [
                    436.38867139816284,
                    -1074.1924047470093
                ],
                [
                    1.2855678796768188,
                    -740.7236099243164
                ]
            ],
            "provenance": "nvisii",
            "quaternion_xyzw": [
                -0.0031438469886779785,
                0.9994975328445435,
                0.003290146589279175,
                -0.031367331743240356
            ],
            "quaternion_xyzw_world": [
                0.48084813356399536,
                0.5153592824935913,
                0.5155056118965149,
                0.4872821271419525
            ],
            "segmentation_id": 13,
            "visibility": 0
        },
        {
            "bounding_box_minx_maxx_miny_maxy": [
                -1,
                -1,
                -1,
                -1
            ],
            "class": "Cube",
            "local_cuboid": null,
            "local_to_world_matrix": [
                [
                    -0.017197608947753906,
                    0.9998513460159302,
                    0.0012320876121520996,
                    0.0
                ],
                [
                    -0.009669065475463867,
