{
    "camera_data": {
        "camera_look_at": {
            "at": [
                1.0,
                0.0,
                0.0
            ],
            "eye": [
                0.0,
                0.0,
                0.0
            ],
            "up": [
                0.0,
                0.0,
                1.0
            ]
        },
        "camera_view_matrix": [
            [
                0.0,
                0.0,
                -1.0,
                0.0
            ],
            [
                -1.0,
                0.0,
                0.0,
                0.0
            ],
            [
                0.0,
                1.0,
                0.0,
                0.0
            ],
            [
                0.0,
                0.0,
                0.0,
                1.0
            ]
        ],
        "height": 500,
        "intrinsics": {
            "cx": 250.0,
            "cy": 250.0,
            "fx": 603.5535278320312,
            "fy": 603.5535278320312
        },
        "location_world": [
            0.0,
            0.0,
            0.0
        ],
        "quaternion_world_xyzw": [
            0.5,
            -0.5,
            -0.5,
            0.5
        ],
        "width": 500
    },
    "objects": [
        {
            "bounding_box_minx_maxx_miny_maxy": [
                -1,
                -1,
                -1,
                -1
            ],
            "class": "2",
            "local_cuboid": null,
            "local_to_world_matrix": [
                [
                    0.8614570498466492,
                    -0.5075671076774597,
                    -0.016354918479919434,
                    0.0
                ],
                [
                    -0.32951849699020386,
                    -0.5341833829879761,
                    -0.7785027623176575,
                    0.0
                ],
                [
                    0.3864057660102844,
                    0.6760359406471252,
                    -0.6274287700653076,
                    0.0
                ],
                [
                    1.5944273471832275,
                    -0.7735387086868286,
                    0.3920772671699524,
                    1.0
                ]
            ],
            "location": [
                0.7735387086868286,
                0.3920772671699524,
                -1.5944273471832275
            ],
            "location_world": [
                1.5944273471832275,
                -0.7735387086868286,
                0.3920772671699524
            ],
            "name": "google_2_of_Jenga_Classic_Game_0",
            "projected_cuboid": [
                [
                    447.21221923828125,
                    167.10889339447021
                ],
                [
                    466.1490023136139,
                    188.74213099479675
                ],
                [
                    555.080771446228,
                    115.94656109809875
                ],
                [
                    533.3358645439148,
                    94.05985474586487
                ],
                [
                    440.8321976661682,
                    163.30870985984802
                ],
                [
                    460.4375958442688,
                    185.7641637325287
                ],
                [
                    552.8603792190552,
                    109.55245792865753
                ],
                [
                    530.2160382270813,
                    86.83401346206665
                ],
                [
                    496.6980814933777,
                    140.1493102312088
                ]
            ],
            "provenance": "nvisii",
            "quaternion_xyzw": [
                0.8173854351043701,
                0.1583794355392456,
                -0.4702473282814026,
                0.292685329914093
            ],
            "quaternion_xyzw_world": [
                0.8693487644195557,
                -0.24072203040122986,
                0.10641610622406006,
                -0.41828399896621704
            ],
            "segmentation_id": 1,
            "visibility": -1
        },
        {
            "bounding_box_minx_maxx_miny_maxy": [
                -1,
                -1,
                -1,
                -1
            ],
            "class": "2",
            "local_cuboid": null,
            "local_to_world_matrix": [
                [
                    -0.14365911483764648,
                    0.19460883736610413,
                    0.9703039526939392,
                    0.0
                ],
                [
                    0.5159717798233032,
                    -0.8219338655471802,
                    0.24124349653720856,
                    0.0
                ],
                [
                    0.8444735407829285,
                    0.5353061556816101,
                    0.017665386199951172,
                    0.0
                ],
                [
                    1.6363849639892578,
                    0.6759229898452759,
                    -0.3825175166130066,
                    1.0
                ]
            ],
            "location": [
                -0.6759229898452759,
                -0.3825175166130066,
                -1.6363849639892578
            ],
            "location_world": [
                1.6363849639892578,
                0.6759229898452759,
                -0.3825175166130066
            ],
            "name": "google_2_of_Jenga_Classic_Game_1",
            "projected_cuboid": [
                [
                    -34.502387046813965,
                    363.613098859787
                ],
                [
                    -5.91963529586792,
                    354.5331656932831
                ],
                [
                    12.988373637199402,
                    372.0216155052185
                ],
                [
                    -19.46452260017395,
                    382.9672336578369
                ],
                [
                    -27.81224250793457,
                    387.66929507255554
                ],
                [
                    0.44840574264526367,
                    378.0946135520935
                ],
                [
                    20.17173171043396,
                    398.9570140838623
                ],
                [
                    -11.860966682434082,
                    410.5503559112549
                ],
                [
                    -8.654892444610596,
                    380.3221583366394
                ]
            ],
            "provenance": "nvisii",
            "quaternion_xyzw": [
                0.5934267044067383,
                0.7550374269485474,
                -0.16499388217926025,
                -0.22481173276901245
            ],
            "quaternion_xyzw_world": [
                0.6443231701850891,
                0.2757081389427185,
                0.7041410207748413,
                -0.11409749835729599
            ],
            "segmentation_id": 2,
            "visibility": -1
        },
        {
            "bounding_box_minx_maxx_miny_maxy": [
                -1,
                -1,
                -1,
                -1
            ],
            "class": "2",
            "local_cuboid": null,
            "local_to_world_matrix": [
                [
                    -0.273303747177124,
                    -0.8313789963722229,
                    0.48385339975357056,
                    0.0
                ],
                [
                    0.6188147664070129,
                    0.23314714431762695,
                    0.7501404285430908,
                    0.0
                ],
                [
                    -0.7364600300788879,
                    0.5044317245483398,
                    0.45074957609176636,
                    0.0
                ],
                [
                    1.8684179782867432,
                    -0.3573012351989746,
                    -0.052598025649785995,
                    1.0
                ]
            ],
            "location": [
                0.3573012351989746,
                -0.052598025649785995,
                -1.8684179782867432
            ],
            "location_world": [
                1.8684179782867432,
                -0.3573012351989746,
                -0.052598025649785995
            ],
            "name": "google_2_of_Jenga_Classic_Game_2",
            "projected_cuboid": [
                [
                    344.3146049976349,
                    225.18904507160187
                ],
                [
                    334.24052596092224,
                    203.05533707141876
                ],
                [
                    371.82945013046265,
                    250.6011724472046
                ],
                [
                    381.79266452789307,
                    271.4916169643402
                ],
                [
                    318.90612840652466,
                    239.58052694797516
                ],
                [
                    309.74602699279785,
                    217.28427708148956
                ],
                [
                    349.67511892318726,
                    262.685626745224
                ],
                [
                    358.89777541160583,
                    283.6737334728241
                ],
                [
                    347.21478819847107,
                    245.47547101974487
                ]
            ],
            "provenance": "nvisii",
            "quaternion_xyzw": [
                -0.29358917474746704,
                -0.21348384022712708,
                0.1968124806880951,
                0.910766065120697
            ],
            "quaternion_xyzw_world": [
                0.10344026982784271,
                -0.5137366056442261,
                -0.6105133295059204,
                0.5938419699668884
            ],
            "segmentation_id": 3,
            "visibility": -1
        },
        {
            "bounding_box_minx_maxx_miny_maxy": [
                -1,
                -1,
                -1,
                -1
            ],
            "class": "2",
            "local_cuboid": null,
            "local_to_world_matrix": [
                [
                    -0.4459739923477173,
                    0.6428768634796143,
                    -0.6227495074272156,
                    0.0
                ],
                [
                    -0.8436670303344727,
                    -0.06959474086761475,
                    0.5323370695114136,
                    0.0
                ],
                [
                    0.2988871932029724,
                    0.7628015279769897,
                    0.573411226272583,
                    0.0
                ],
                [
                    1.8118590116500854,
                    -0.7530577778816223,
                    0.25936752557754517,
                    1.0
                ]
            ],
            "location": [
                0.7530577778816223,
                0.25936752557754517,
                -1.8118590116500854
            ],
            "location_world": [
                1.8118590116500854,
                -0.7530577778816223,
                0.25936752557754517
            ],
            "name": "google_2_of_Jenga_Classic_Game_3",
            "projected_cuboid": [
                [
                    408.0190658569336,
                    130.43147325515747
                ],
                [
                    416.0384237766266,
                    111.12087965011597
                ],
                [
                    500.7466673851013,
                    161.70740127563477
                ],
                [
                    489.047110080719,
                    179.96999621391296
                ],
                [
                    420.84917426109314,
                    117.39937961101532
                ],
                [
                    429.20440435409546,
                    97.95638918876648
                ],
                [
                    512.8921866416931,
                    146.91011607646942
                ],
                [
                    500.9493827819824,
                    165.3934121131897
                ],
                [
                    458.71251821517944,
                    138.39693367481232
                ]
            ],
            "provenance": "nvisii",
            "quaternion_xyzw": [
                -0.17583610117435455,
                0.7864638566970825,
                0.45045891404151917,
                -0.38424378633499146
            ],
            "quaternion_xyzw_world": [
                -0.11203746497631073,
                0.4480424225330353,
                0.7226651906967163,
                0.5142574906349182
            ],
            "segmentation_id": 4,
            "visibility": -1
        },
        {
            "bounding_box_minx_maxx_miny_maxy": [
                -1,
                -1,
                -1,
                -1
            ],
            "class": "2",
            "local_cuboid": null,
            "local_to_world_matrix": [
                [
                    -0.33611369132995605,
                    -0.7396936416625977,
                    0.5829929709434509,
                    0.0
                ],
                [
                    -0.6963558197021484,
                    0.6119539141654968,
                    0.3749679625034332,
                    0.0
                ],
                [
                    -0.6341262459754944,
                    -0.2799387276172638,
                    -0.7207760810852051,
                    0.0
                ],
                [
                    1.4545539617538452,
                    0.307600200176239,
                    0.7393724918365479,
                    1.0
                ]
            ],
            "location": [
                -0.307600200176239,
                0.7393724918365479,
                -1.4545539617538452
            ],
            "location_world": [
                1.4545539617538452,
                0.307600200176239,
                0.7393724918365479
            ],
            "name": "google_2_of_Jenga_Classic_Game_4",
            "projected_cuboid": [
                [
                    169.80202496051788,
                    -1.6452968120574951
                ],
                [
                    140.53449034690857,
                    -29.285311698913574
                ],
                [
                    119.9411004781723,
                    -82.64458179473877
                ],
                [
                    146.34591341018677,
                    -56.3524067401886
                ],
                [
                    144.57949995994568,
                    24.596914649009705
                ],
                [
                    114.7477924823761,
                    -1.226961612701416
                ],
                [
                    97.85453975200653,
                    -57.215750217437744
                ],
                [
                    124.65913593769073,
                    -32.387882471084595
                ],
                [
                    131.80844485759735,
                    -30.9906005859375
                ]
            ],
            "provenance": "nvisii",
            "quaternion_xyzw": [
                -0.42737555503845215,
                0.0169411301612854,
                -0.3603695034980774,
                -0.8289734721183777
            ],
            "quaternion_xyzw_world": [
                -0.4395191967487335,
                0.8168298006057739,
                0.029084770008921623,
                -0.3725131154060364
            ],
            "segmentation_id": 5,
            "visibility": -1
        },
        {
            "bounding_box_minx_maxx_miny_maxy": [
                -1,
                -1,
                -1,
                -1
            ],
            "class": "2",
            "local_cuboid": null,
            "local_to_world_matrix": [
                [
                    0.7660356760025024,
                    0.6218326687812805,
                    -0.16282986104488373,
                    0.0
                ],
                [
                    0.40790900588035583,
                    -0.2744835615158081,
                    0.8707865476608276,
                    0.0
                ],
                [
                    0.4967893362045288,
                    -0.7334733009338379,
                    -0.4639153480529785,
                    0.0
                ],
                [
                    1.6442549228668213,
                    -0.5671041011810303,
                    -0.6758840680122375,
                    1.0
                ]
            ],
            "location": [
                0.5671041011810303,
                -0.6758840680122375,
                -1.6442549228668213
            ],
            "location_world": [
                1.6442549228668213,
                -0.5671041011810303,
                -0.6758840680122375
            ],
            "name": "google_2_of_Jenga_Classic_Game_5",
            "projected_cuboid": [
                [
                    499.5609223842621,
                    536.1847877502441
                ],
                [
                    502.49695777893066,
                    506.65760040283203
                ],
                [
                    447.71724939346313,
                    480.3268313407898
                ],
                [
                    443.3856010437012,
                    511.89231872558594
                ],
                [
                    525.2156853675842,
                    541.6624546051025
                ],
                [
                    527.7541875839233,
                    511.024534702301
                ],
                [
                    473.19191694259644,
                    484.10677909851074
                ],
                [
                    469.2458212375641,
                    516.9483423233032
                ],
                [
                    487.0334267616272,
                    511.4433765411377
                ]
            ],
            "provenance": "nvisii",
            "quaternion_xyzw": [
                0.03228867053985596,
                0.8644952774047852,
                -0.25211942195892334,
                0.4336371421813965
            ],
            "quaternion_xyzw_world": [
                0.7912702560424805,
                0.3253444731235504,
                0.10551372170448303,
                0.5068621635437012
            ],
            "segmentation_id": 6,
            "visibility": -1
        },
        {
            "bounding_box_minx_maxx_miny_maxy": [
                -1,
                -1,
                -1,
                -1
            ],
            "class": "2",
            "local_cuboid": null,
            "local_to_world_matrix": [
                [
                    -0.12708866596221924,
                    -0.14934758841991425,
                    0.9805834293365479,
                    0.0
                ],
                [
                    0.41544580459594727,
                    -0.9057217836380005,
                    -0.08410190045833588,
                    0.0
                ],
                [
                    0.9006960391998291,
                    0.39669090509414673,
                    0.1771526336669922,
                    0.0
                ],
                [
                    0.5096299052238464,
                    0.09684697538614273,
                    0.5216185450553894,
                    1.0
                ]
            ],
            "location": [
                -0.09684697538614273,
                0.5216185450553894,
                -0.5096299052238464
            ],
            "location_world": [
                0.5096299052238464,
                0.09684697538614273,
                0.5216185450553894
            ],
            "name": "google_2_of_Jenga_Classic_Game_6",
            "projected_cuboid": [
                [
                    52.7997761964798,
                    -245.27281522750854
                ],
                [
                    120.39172649383545,
                    -217.68885850906372
                ],
                [
                    189.0246570110321,
                    -393.5273289680481
                ],
                [
                    89.86569941043854,
                    -448.67491722106934
                ],
                [
                    46.046435832977295,
                    -177.32420563697815
                ],
                [
                    113.08419704437256,
                    -153.08526158332825
                ],
                [
                    176.81151628494263,
                    -293.6728596687317
                ],
                [
                    78.7905752658844,
                    -340.6616449356079
                ],
                [
                    104.26515340805054,
                    -265.35892486572266
                ]
            ],
            "provenance": "nvisii",
            "quaternion_xyzw": [
                0.7304357886314392,
                0.6456094980239868,
                -0.09227445721626282,
                -0.20282363891601562
            ],
            "quaternion_xyzw_world": [
                0.6327480673789978,
                0.10513593256473541,
                0.7432972192764282,
                -0.18996217846870422
            ],
            "segmentation_id": 7,
            "visibility": -1
        },
        {
            "bounding_box_minx_maxx_miny_maxy": [
                -1,
                -1,
                -1,
                -1
            ],
            "class": "2",
            "local_cuboid": null,
            "local_to_world_matrix": [
                [
                    0.06503522396087646,
                    -0.6414552927017212,
                    0.7643988728523254,
                    0.0
                ],
                [
                    -0.9841082096099854,
                    -0.16806793212890625,
                    -0.05730825662612915,
                    0.0
                ],
                [
                    0.1652316451072693,
                    -0.7485241293907166,
                    -0.6421916484832764,
                    0.0
                ],
                [
                    1.904384732246399,
                    -0.24573944509029388,
                    -0.40670251846313477,
                    1.0
                ]
            ],
            "location": [
                0.24573944509029388,
                -0.40670251846313477,
                -1.904384732246399
            ],
            "location_world": [
                1.904384732246399,
                -0.24573944509029388,
                -0.40670251846313477
            ],
            "name": "google_2_of_Jenga_Classic_Game_7",
            "projected_cuboid": [
                [
                    395.8625793457031,
                    419.78922486305237
                ],
                [
                    406.6718816757202,
                    428.6879301071167
                ],
                [
                    339.9845361709595,
                    372.6193308830261
                ],
                [
                    331.75137639045715,
                    365.89130759239197
                ],
                [
                    380.9037208557129,
                    438.50022554397583
                ],
                [
                    391.09084010124207,
                    448.23747873306274
                ],
                [
                    323.81531596183777,
                    392.5215005874634
                ],
                [
                    316.2517547607422,
                    384.9247097969055
                ],
                [
                    361.11369729042053,
                    406.6378176212311
                ]
            ],
            "provenance": "nvisii",
            "quaternion_xyzw": [
                0.6826410293579102,
                0.34149235486984253,
                0.250310480594635,
                0.595591127872467
            ],
            "quaternion_xyzw_world": [
                0.6847070455551147,
                -0.5935251712799072,
                0.3394263684749603,
                0.2523764967918396
            ],
            "segmentation_id": 8,
            "visibility": -1
        },
        {
            "bounding_box_minx_maxx_miny_maxy": [
                -1,
                -1,
                -1,
                -1
            ],
            "class": "2",
            "local_cuboid": null,
            "local_to_world_matrix": [
                [
                    0.03362089395523071,
                    -0.6463918685913086,
                    0.7622644901275635,
                    0.0
                ],
                [
                    -0.3913661539554596,
                    0.693272590637207,
                    0.6051492691040039,
                    0.0
                ],
                [
                    -0.9196206331253052,
                    -0.3186701536178589,
                    -0.22966742515563965,
                    0.0
                ],
                [
                    0.9387101531028748,
                    -0.3127936124801636,
                    -0.2820747494697571,
                    1.0
                ]
            ],
            "location": [
                0.3127936124801636,
                -0.2820747494697571,
                -0.9387101531028748
            ],
            "location_world": [
                0.9387101531028748,
                -0.3127936124801636,
                -0.2820747494697571
            ],
            "name": "google_2_of_Jenga_Classic_Game_8",
            "projected_cuboid": [
                [
                    654.1403532028198,
                    552.3931980133057
                ],
                [
                    620.5845475196838,
                    520.5607414245605
                ],
                [
                    451.9622325897217,
                    398.021936416626
                ],
                [
                    481.92036151885986,
                    425.1486361026764
                ],
                [
                    610.7950806617737,
                    606.5234541893005
                ],
                [
                    574.9067664146423,
                    577.3041248321533
                ],
                [
                    419.1230535507202,
                    437.86025047302246
                ],
                [
                    450.3021240234375,
                    463.68226408958435
                ],
                [
                    519.6191072463989,
                    486.83586716651917
                ]
            ],
            "provenance": "nvisii",
            "quaternion_xyzw": [
                0.17437167465686798,
                0.09891505539417267,
                0.40868067741394043,
                0.8903878331184387
            ],
            "quaternion_xyzw_world": [
                0.3774969279766083,
                -0.6872625350952148,
                -0.10421020537614822,
                0.6118059158325195
            ],
            "segmentation_id": 9,
            "visibility": -1
        },
        {
            "bounding_box_minx_maxx_miny_maxy": [
                -1,
                -1,
                -1,
                -1
            ],
            "class": "2",
            "local_cuboid": null,
            "local_to_world_matrix": [
                [
                    0.6007245779037476,
                    0.7340840697288513,
                    0.3166239261627197,
                    0.0
                ],
                [
                    -0.586081326007843,
                    0.13501882553100586,
                    0.7989234924316406,
                    0.0
                ],
                [
                    0.5437267422676086,
                    -0.665500283241272,
                    0.5113419890403748,
                    0.0
                ],
                [
                    0.2995329797267914,
                    -0.3451248109340668,
                    0.3561001121997833,
                    1.0
                ]
            ],
            "location": [
                0.3451248109340668,
                0.3561001121997833,
                -0.2995329797267914
            ],
            "location_world": [
                0.2995329797267914,
                -0.3451248109340668,
                0.3561001121997833
            ],
            "name": "google_2_of_Jenga_Classic_Game_9",
            "projected_cuboid": [
                [
                    864.8435473442078,
                    -326.6248106956482
                ],
                [
                    916.3315296173096,
                    -478.0550003051758
                ],
                [
                    877.8116703033447,
                    -563.4264945983887
                ],
                [
                    808.3023428916931,
                    -330.7412266731262
                ],
                [
                    1004.3449401855469,
                    -353.29073667526245
                ],
                [
                    1078.6263942718506,
                    -525.4462957382202
                ],
                [
                    1135.4875564575195,
                    -656.9042801856995
                ],
                [
                    1012.5973224639893,
                    -372.1453547477722
                ],
                [
                    954.5111060142517,
                    -436.0504746437073
                ]
            ],
            "provenance": "nvisii",
            "quaternion_xyzw": [
                0.05176699906587601,
                0.8770310878753662,
                0.31282341480255127,
                0.36094069480895996
            ],
            "quaternion_xyzw_world": [
                0.48845770955085754,
                0.07575000822544098,
                0.44034039974212646,
                0.749514102935791
            ],
            "segmentation_id": 10,
            "visibility": -1
        },
        {
            "bounding_box_minx_maxx_miny_maxy": [
                -1,
                -1,
                -1,
                -1
            ],
            "class": "2",
            "local_cuboid": null,
            "local_to_world_matrix": [
                [
                    0.22346127033233643,
                    0.9713315963745117,
                    -0.0811176598072052,
                    0.0
                ],
                [
                    -0.5278686285018921,
                    0.050637006759643555,
                    -0.847815215587616,
                    0.0
                ],
                [
                    -0.8194020986557007,
                    0.23227328062057495,
                    0.5240508317947388,
                    0.0
                ],
                [
                    1.095215082168579,
                    -0.43381765484809875,
                    0.4043228328227997,
                    1.0
                ]
            ],
            "location": [
                0.43381765484809875,
                0.4043228328227997,
                -1.095215082168579
            ],
            "location_world": [
                1.095215082168579,
                -0.43381765484809875,
                0.4043228328227997
            ],
            "name": "google_2_of_Jenga_Classic_Game_10",
            "projected_cuboid": [
                [
                    474.42626953125,
                    -151.4853835105896
                ],
                [
                    483.2373857498169,
                    -121.43823504447937
                ],
                [
                    469.4862365722656,
                    46.151235699653625
                ],
                [
                    463.0916714668274,
                    15.857085585594177
                ],
                [
                    532.1747064590454,
                    -164.06917572021484
                ],
                [
                    544.2949533462524,
                    -134.05972719192505
                ],
                [
                    516.5827870368958,
                    39.1448438167572
                ],
                [
                    508.1932544708252,
                    8.65064561367035
                ],
                [
                    497.4183142185211,
                    -47.51640558242798
                ]
            ],
            "provenance": "nvisii",
            "quaternion_xyzw": [
                -0.11945870518684387,
                0.27573275566101074,
                0.9537490606307983,
                -0.007989674806594849
            ],
            "quaternion_xyzw_world": [
                -0.40273234248161316,
                -0.27528393268585205,
                0.55900639295578,
                0.670475423336029
            ],
            "segmentation_id": 11,
            "visibility": -1
        },
        {
            "bounding_box_minx_maxx_miny_maxy": [
                -1,
                -1,
                -1,
                -1
            ],
            "class": "2",
            "local_cuboid": null,
            "local_to_world_matrix": [
                [
                    -0.961277961730957,
                    0.2609109878540039,
                    0.08871454000473022,
                    0.0
                ],
                [
                    -0.02007029950618744,
                    -0.38734567165374756,
                    0.921716034412384,
                    0.0
                ],
                [
                    0.2748490571975708,
                    0.8842447400093079,
                    0.377583384513855,
                    0.0
                ],
                [
                    1.3641154766082764,
                    0.4400757849216461,
                    0.6331325769424438,
                    1.0
                ]
            ],
            "location": [
                -0.4400757849216461,
                0.6331325769424438,
                -1.3641154766082764
            ],
            "location_world": [
                1.3641154766082764,
                0.4400757849216461,
                0.6331325769424438
            ],
            "name": "google_2_of_Jenga_Classic_Game_11",
            "projected_cuboid": [
                [
                    -60.929179191589355,
                    -53.62221598625183
                ],
                [
                    -47.26061224937439,
                    -87.40559220314026
                ],
                [
                    52.3526668548584,
                    -57.61861801147461
                ],
                [
                    37.72996366024017,
                    -21.82948589324951
                ],
                [
                    -36.65626049041748,
                    -35.250693559646606
                ],
                [
                    -23.659557104110718,
                    -67.28383898735046
                ],
                [
                    71.91486656665802,
                    -37.95599937438965
                ],
                [
                    58.058962225914,
                    -4.125148057937622
                ],
                [
                    5.3475648164749146,
                    -45.80622911453247
                ]
            ],
            "provenance": "nvisii",
            "quaternion_xyzw": [
                0.15184035897254944,
                0.783816933631897,
                0.12683245539665222,
                -0.5886331796646118
            ],
            "quaternion_xyzw_world": [
                0.11009585857391357,
                0.5468886494636536,
                0.8255614638328552,
                0.08508794009685516
            ],
            "segmentation_id": 12,
            "visibility": -1
        },
        {
            "bounding_box_minx_maxx_miny_maxy": [
                -1,
                -1,
                -1,
                -1
            ],
            "class": "2",
            "local_cuboid": null,
            "local_to_world_matrix": [
                [
                    0.9353757500648499,
                    -0.2972122132778168,
                    -0.191669300198555,
                    0.0
                ],
                [
                    -0.2872011959552765,
                    -0.9546307325363159,
                    0.07871298491954803,
                    0.0
                ],
                [
                    -0.2063678652048111,
                    -0.018578559160232544,
                    -0.9782980680465698,
                    0.0
                ],
                [
                    0.8595592379570007,
                    -0.6075993776321411,
                    -0.28572532534599304,
                    1.0
                ]
            ],
            "location": [
                0.6075993776321411,
                -0.28572532534599304,
                -0.8595592379570007
            ],
            "location_world": [
                0.8595592379570007,
                -0.6075993776321411,
                -0.28572532534599304
            ],
            "name": "google_2_of_Jenga_Classic_Game_12",
            "projected_cuboid": [
                [
                    665.8031940460205,
                    664.3517017364502
                ],
                [
                    737.0791435241699,
                    671.6775894165039
                ],
                [
                    700.1736164093018,
                    447.9016661643982
                ],
                [
                    634.6114873886108,
                    447.0345377922058
                ],
                [
                    687.146782875061,
                    692.0452117919922
                ],
                [
                    766.1228775978088,
                    700.9868621826172
                ],
                [
                    723.6975431442261,
                    454.6590745449066
                ],
                [
                    651.6568660736084,
                    453.5190463066101
                ],
                [
                    694.0913796424866,
                    561.892032623291
                ]
            ],
            "provenance": "nvisii",
            "quaternion_xyzw": [
                0.5030236840248108,
                0.37918758392333984,
                -0.4556431174278259,
                0.6289461851119995
            ],
            "quaternion_xyzw_world": [
                0.983400285243988,
                -0.14856956899166107,
                -0.10118900239467621,
                0.02473345398902893
            ],
            "segmentation_id": 13,
            "visibility": -1
        },
        {
            "bounding_box_minx_maxx_miny_maxy": [
                -1,
                -1,
                -1,
                -1
            ],
            "class": "2",
            "local_cuboid": null,
            "local_to_world_matrix": [
                [
                    -0.31934916973114014,
                    0.9045852422714233,
                    0.2823859453201294,
