{
    "camera_data": {
        "camera_look_at": {
            "at": [
                1.0,
                0.0,
                0.0
            ],
            "eye": [
                0.0,
                0.0,
                0.0
            ],
            "up": [
                0.0,
                0.0,
                1.0
            ]
        },
        "camera_view_matrix": [
            [
                0.0,
                0.0,
                -1.0,
                0.0
            ],
            [
                -1.0,
                0.0,
                0.0,
                0.0
            ],
            [
                0.0,
                1.0,
                0.0,
                0.0
            ],
            [
                0.0,
                0.0,
                0.0,
                1.0
            ]
        ],
        "height": 500,
        "intrinsics": {
            "cx": 250.0,
            "cy": 250.0,
            "fx": 603.5535278320312,
            "fy": 603.5535278320312
        },
        "location_world": [
            0.0,
            0.0,
            0.0
        ],
        "quaternion_world_xyzw": [
            0.5,
            -0.5,
            -0.5,
            0.5
        ],
        "width": 500
    },
    "objects": [
        {
            "bounding_box_minx_maxx_miny_maxy": [
                -1,
                -1,
                -1,
                -1
            ],
            "class": "2",
            "local_cuboid": null,
            "local_to_world_matrix": [
                [
                    0.7680995464324951,
                    -0.5496597290039062,
                    -0.328477144241333,
                    0.0
                ],
                [
                    0.31356921792030334,
                    0.7701401114463806,
                    -0.5554804801940918,
                    0.0
                ],
                [
                    0.5582987070083618,
                    0.32366400957107544,
                    0.763900637626648,
                    0.0
                ],
                [
                    1.7949151992797852,
                    -0.24782110750675201,
                    -0.13546979427337646,
                    1.0
                ]
            ],
            "location": [
                0.24782110750675201,
                -0.13546979427337646,
                -1.7949151992797852
            ],
            "location_world": [
                1.7949151992797852,
                -0.24782110750675201,
                -0.13546979427337646
            ],
            "name": "google_2_of_Jenga_Classic_Game_0",
            "projected_cuboid": [
                [
                    313.40694427490234,
                    219.99512612819672
                ],
                [
                    292.95867681503296,
                    234.5358282327652
                ],
                [
                    327.8072476387024,
                    306.4187169075012
                ],
                [
                    350.6051301956177,
                    291.619747877121
                ],
                [
                    301.74362659454346,
                    210.87613701820374
                ],
                [
                    280.81607818603516,
                    225.99518299102783
                ],
                [
                    315.7385587692261,
                    299.5446026325226
                ],
                [
                    339.14273977279663,
                    284.12967920303345
                ],
                [
                    314.5115077495575,
                    257.67990946769714
                ]
            ],
            "provenance": "nvisii",
            "quaternion_xyzw": [
                -0.8160022497177124,
                0.33658522367477417,
                0.33448541164398193,
                0.330106258392334
            ],
            "quaternion_xyzw_world": [
                -0.24189811944961548,
                0.24399790167808533,
                -0.23751895129680634,
                0.9085896015167236
            ],
            "segmentation_id": 1,
            "visibility": -1
        },
        {
            "bounding_box_minx_maxx_miny_maxy": [
                -1,
                -1,
                -1,
                -1
            ],
            "class": "2",
            "local_cuboid": null,
            "local_to_world_matrix": [
                [
                    0.5526182651519775,
                    -0.6911400556564331,
                    0.4657664895057678,
                    0.0
                ],
                [
                    0.6894276142120361,
                    0.6930980682373047,
                    0.21048647165298462,
                    0.0
                ],
                [
                    -0.46829748153686523,
                    0.20479360222816467,
                    0.8595097661018372,
                    0.0
                ],
                [
                    1.690466046333313,
                    0.6459935307502747,
                    -0.6126962900161743,
                    1.0
                ]
            ],
            "location": [
                -0.6459935307502747,
                -0.6126962900161743,
                -1.690466046333313
            ],
            "location_world": [
                1.690466046333313,
                0.6459935307502747,
                -0.6126962900161743
            ],
            "name": "google_2_of_Jenga_Classic_Game_1",
            "projected_cuboid": [
                [
                    -3.422856330871582,
                    387.4543309211731
                ],
                [
                    -16.242384910583496,
                    375.7820427417755
                ],
                [
                    25.40576457977295,
                    452.9200792312622
                ],
                [
                    38.62394392490387,
                    466.3117527961731
                ],
                [
                    -32.67258405685425,
                    406.1991274356842
                ],
                [
                    -44.75930333137512,
                    393.50175857543945
                ],
                [
                    0.2558976411819458,
                    471.1928963661194
                ],
                [
                    12.932553887367249,
                    485.5894446372986
                ],
                [
                    -1.4976263046264648,
                    431.2777519226074
                ]
            ],
            "provenance": "nvisii",
            "quaternion_xyzw": [
                -0.5030795335769653,
                0.11296999454498291,
                0.3763877749443054,
                0.769727885723114
            ],
            "quaternion_xyzw_world": [
                0.001615302637219429,
                -0.2650330364704132,
                -0.3917248249053955,
                0.8810825943946838
            ],
            "segmentation_id": 2,
            "visibility": -1
        },
        {
            "bounding_box_minx_maxx_miny_maxy": [
                -1,
                -1,
                -1,
                -1
            ],
            "class": "2",
            "local_cuboid": null,
            "local_to_world_matrix": [
                [
                    0.3243061304092407,
                    0.9387664198875427,
                    0.11637471616268158,
                    0.0
                ],
                [
                    0.8074035048484802,
                    -0.21060419082641602,
                    -0.551131010055542,
                    0.0
                ],
                [
                    -0.4928743243217468,
                    0.27269652485847473,
                    -0.8262635469436646,
                    0.0
                ],
                [
                    1.140380620956421,
                    -0.13983789086341858,
                    -0.09165458381175995,
                    1.0
                ]
            ],
            "location": [
                0.13983789086341858,
                -0.09165458381175995,
                -1.140380620956421
            ],
            "location_world": [
                1.140380620956421,
                -0.13983789086341858,
                -0.09165458381175995
            ],
            "name": "google_2_of_Jenga_Classic_Game_2",
            "projected_cuboid": [
                [
                    258.8357627391815,
                    438.8694763183594
                ],
                [
                    268.54631304740906,
                    453.4496068954468
                ],
                [
                    306.7913055419922,
                    306.0828149318695
                ],
                [
                    300.66001415252686,
                    284.40040349960327
                ],
                [
                    306.1481714248657,
                    449.7939944267273
                ],
                [
                    312.9333257675171,
                    464.0088677406311
                ],
                [
                    346.51950001716614,
                    312.0878338813782
                ],
                [
                    342.72176027297974,
                    290.2725040912628
                ],
                [
                    306.5055310726166,
                    369.94391679763794
                ]
            ],
            "provenance": "nvisii",
            "quaternion_xyzw": [
                0.1728368103504181,
                0.472959041595459,
                -0.8635351657867432,
                0.027280181646347046
            ],
            "quaternion_xyzw_world": [
                0.7683055996894836,
                0.5681886076927185,
                -0.12250971794128418,
                -0.2680663764476776
            ],
            "segmentation_id": 3,
            "visibility": -1
        },
        {
            "bounding_box_minx_maxx_miny_maxy": [
                -1,
                -1,
                -1,
                -1
            ],
            "class": "2",
            "local_cuboid": null,
            "local_to_world_matrix": [
                [
                    -0.7702382802963257,
                    -0.08502846956253052,
                    -0.632062554359436,
                    0.0
                ],
                [
                    0.35315170884132385,
                    -0.8821195363998413,
                    -0.31168702244758606,
                    0.0
                ],
                [
                    -0.5310525894165039,
                    -0.46328726410865784,
                    0.709470272064209,
                    0.0
                ],
                [
                    1.7445704936981201,
                    -0.5947992205619812,
                    0.21276161074638367,
                    1.0
                ]
            ],
            "location": [
                0.5947992205619812,
                0.21276161074638367,
                -1.7445704936981201
            ],
            "location_world": [
                1.7445704936981201,
                -0.5947992205619812,
                0.21276161074638367
            ],
            "name": "google_2_of_Jenga_Classic_Game_3",
            "projected_cuboid": [
                [
                    522.1201181411743,
                    90.43130278587341
                ],
                [
                    545.5262660980225,
                    103.54624688625336
                ],
                [
                    471.7782437801361,
                    189.02136385440826
                ],
                [
                    449.21454787254333,
                    178.60355973243713
                ],
                [
                    509.29534435272217,
                    77.72138714790344
                ],
                [
                    532.0653915405273,
                    90.58073163032532
                ],
                [
                    461.98752522468567,
                    174.27781224250793
                ],
                [
                    440.03692269325256,
                    163.96984457969666
                ],
                [
                    489.8380637168884,
                    135.44410467147827
                ]
            ],
            "provenance": "nvisii",
            "quaternion_xyzw": [
                0.46520501375198364,
                0.1343800127506256,
                0.662893533706665,
                -0.5710503458976746
            ],
            "quaternion_xyzw_world": [
                -0.3171793818473816,
                -0.21133407950401306,
                0.9167644381523132,
                -0.11949093639850616
            ],
            "segmentation_id": 4,
            "visibility": -1
        },
        {
            "bounding_box_minx_maxx_miny_maxy": [
                -1,
                -1,
                -1,
                -1
            ],
            "class": "2",
            "local_cuboid": null,
            "local_to_world_matrix": [
                [
                    0.012758255004882812,
                    0.4478101134300232,
                    0.8940376043319702,
                    0.0
                ],
                [
                    0.8298867344856262,
                    -0.5035049915313721,
                    0.24035532772541046,
                    0.0
                ],
                [
                    0.5577859878540039,
                    0.7388834953308105,
                    -0.3780555725097656,
                    0.0
                ],
                [
                    1.660051941871643,
                    0.5751302242279053,
                    0.4733555316925049,
                    1.0
                ]
            ],
            "location": [
                -0.5751302242279053,
                0.4733555316925049,
                -1.660051941871643
            ],
            "location_world": [
                1.660051941871643,
                0.5751302242279053,
                0.4733555316925049
            ],
            "name": "google_2_of_Jenga_Classic_Game_4",
            "projected_cuboid": [
                [
                    -30.069082975387573,
                    119.0526932477951
                ],
                [
                    -5.70225715637207,
                    117.39911139011383
                ],
                [
                    46.55270278453827,
                    65.34896790981293
                ],
                [
                    21.996214985847473,
                    64.9244487285614
                ],
                [
                    -18.298178911209106,
                    142.79404282569885
                ],
                [
                    5.637794733047485,
                    140.24388790130615
                ],
                [
                    59.01409685611725,
                    90.35931527614594
                ],
                [
                    34.979939460754395,
                    91.01340174674988
                ],
                [
                    13.272225856781006,
                    105.09265959262848
                ]
            ],
            "provenance": "nvisii",
            "quaternion_xyzw": [
                0.4662671983242035,
                0.7493249177932739,
                -0.40301018953323364,
                -0.24225980043411255
            ],
            "quaternion_xyzw_world": [
                0.6881712675094604,
                0.4641638398170471,
                0.5274208784103394,
                -0.18110613524913788
            ],
            "segmentation_id": 5,
            "visibility": -1
        },
        {
            "bounding_box_minx_maxx_miny_maxy": [
                -1,
                -1,
                -1,
                -1
            ],
            "class": "2",
            "local_cuboid": null,
            "local_to_world_matrix": [
                [
                    -0.7389795780181885,
                    0.2331746220588684,
                    0.6320912837982178,
                    0.0
                ],
                [
                    0.6032037734985352,
                    -0.18890666961669922,
                    0.7748934030532837,
                    0.0
                ],
                [
                    0.30009159445762634,
                    0.9539099931716919,
                    -0.001053929328918457,
                    0.0
                ],
                [
                    1.8637439012527466,
                    -0.8354413509368896,
                    -0.7851844429969788,
                    1.0
                ]
            ],
            "location": [
                0.8354413509368896,
                -0.7851844429969788,
                -1.8637439012527466
            ],
            "location_world": [
                1.8637439012527466,
                -0.8354413509368896,
                -0.7851844429969788
            ],
            "name": "google_2_of_Jenga_Classic_Game_5",
            "projected_cuboid": [
                [
                    421.70965671539307,
                    502.4315118789673
                ],
                [
                    422.1622347831726,
                    475.55482387542725
                ],
                [
                    520.6872820854187,
                    486.08434200286865
                ],
                [
                    522.986650466919,
                    514.5596265792847
                ],
                [
                    422.26821184158325,
                    510.2980136871338
                ],
                [
                    422.69349098205566,
                    484.0027391910553
                ],
                [
                    518.2487964630127,
                    494.59826946258545
                ],
                [
                    520.4098224639893,
                    522.4168300628662
                ],
                [
                    470.2521562576294,
                    498.4927177429199
                ]
            ],
            "provenance": "nvisii",
            "quaternion_xyzw": [
                0.2701960802078247,
                0.7596314549446106,
                -0.1988653540611267,
                -0.5571416616439819
            ],
            "quaternion_xyzw_world": [
                0.33577561378479004,
                0.6227211952209473,
                0.6940519213676453,
                -0.13328583538532257
            ],
            "segmentation_id": 6,
            "visibility": -1
        },
        {
            "bounding_box_minx_maxx_miny_maxy": [
                -1,
                -1,
                -1,
                -1
            ],
            "class": "2",
            "local_cuboid": null,
            "local_to_world_matrix": [
                [
                    -0.533806324005127,
                    0.35099929571151733,
                    -0.7693181037902832,
                    0.0
                ],
                [
                    -0.15717358887195587,
                    0.8527442812919617,
                    0.49812012910842896,
                    0.0
                ],
                [
                    0.8308714628219604,
                    0.386816143989563,
                    -0.4000324010848999,
                    0.0
                ],
                [
                    0.2995877265930176,
                    0.23196369409561157,
                    0.4334971606731415,
                    1.0
                ]
            ],
            "location": [
                -0.23196369409561157,
                0.4334971606731415,
                -0.2995877265930176
            ],
            "location_world": [
                0.2995877265930176,
                0.23196369409561157,
                0.4334971606731415
            ],
            "name": "google_2_of_Jenga_Classic_Game_6",
            "projected_cuboid": [
                [
                    -119.02830004692078,
                    -53.29832434654236
                ],
                [
                    -212.99421787261963,
                    -110.45008897781372
                ],
                [
                    -375.44387578964233,
                    -691.5314197540283
                ],
                [
                    -193.95211338996887,
                    -558.7016344070435
                ],
                [
                    -62.44516372680664,
                    -95.1535701751709
                ],
                [
                    -147.95470237731934,
                    -148.98011088371277
                ],
                [
                    -238.3536994457245,
                    -681.9170713424683
                ],
                [
                    -85.7718288898468,
                    -566.5673017501831
                ],
                [
                    -163.5357141494751,
                    -287.7684235572815
                ]
            ],
            "provenance": "nvisii",
            "quaternion_xyzw": [
                -0.4954169988632202,
                0.8185338973999023,
                -0.07417497038841248,
                -0.28118032217025757
            ],
            "quaternion_xyzw_world": [
                0.05805576592683792,
                0.8346530795097351,
                0.2650611102581024,
                0.47929781675338745
            ],
            "segmentation_id": 7,
            "visibility": -1
        },
        {
            "bounding_box_minx_maxx_miny_maxy": [
                -1,
                -1,
                -1,
                -1
            ],
            "class": "2",
            "local_cuboid": null,
            "local_to_world_matrix": [
                [
                    -0.4292107820510864,
                    -0.5768881440162659,
                    -0.6949664354324341,
                    0.0
                ],
                [
                    -0.8946318030357361,
                    0.165779709815979,
                    0.4149109423160553,
                    0.0
                ],
                [
                    -0.12414580583572388,
                    0.7998232841491699,
                    -0.587256908416748,
                    0.0
                ],
                [
                    1.7163456678390503,
                    -0.21125033497810364,
                    -0.2523510754108429,
                    1.0
                ]
            ],
            "location": [
                0.21125033497810364,
                -0.2523510754108429,
                -1.7163456678390503
            ],
            "location_world": [
                1.7163456678390503,
                -0.21125033497810364,
                -0.2523510754108429
            ],
            "name": "google_2_of_Jenga_Classic_Game_7",
            "projected_cuboid": [
                [
                    252.61500477790833,
                    416.3510501384735
                ],
                [
                    247.5387454032898,
                    411.0731780529022
                ],
                [
                    332.44994282722473,
                    345.2529311180115
                ],
                [
                    333.72801542282104,
                    353.28274965286255
                ],
                [
                    236.73115670681,
                    394.0308094024658
                ],
                [
                    231.03533685207367,
                    387.8445029258728
                ],
                [
                    314.60386514663696,
                    323.83543252944946
                ],
                [
                    316.6186511516571,
                    332.62524008750916
                ],
                [
                    283.55997800827026,
                    370.1670169830322
                ]
            ],
            "provenance": "nvisii",
            "quaternion_xyzw": [
                -0.5093700885772705,
                0.4224562346935272,
                0.18189749121665955,
                -0.7273143529891968
            ],
            "quaternion_xyzw_world": [
                -0.4980628490447998,
                0.7386215925216675,
                0.4111490249633789,
                0.19320468604564667
            ],
            "segmentation_id": 8,
            "visibility": -1
        },
        {
            "bounding_box_minx_maxx_miny_maxy": [
                -1,
                -1,
                -1,
                -1
            ],
            "class": "2",
            "local_cuboid": null,
            "local_to_world_matrix": [
                [
                    -0.15095627307891846,
                    -0.4339800477027893,
                    0.8881855010986328,
                    0.0
                ],
                [
                    -0.6833741068840027,
                    -0.6034042835235596,
                    -0.4109783470630646,
                    0.0
                ],
                [
                    0.7142913341522217,
                    -0.6690027713775635,
                    -0.205483078956604,
                    0.0
                ],
                [
                    1.3156251907348633,
                    -0.04982372745871544,
                    -0.11853864789009094,
                    1.0
                ]
            ],
            "location": [
                0.04982372745871544,
                -0.11853864789009094,
                -1.3156251907348633
            ],
            "location_world": [
                1.3156251907348633,
                -0.04982372745871544,
                -0.11853864789009094
            ],
            "name": "google_2_of_Jenga_Classic_Game_8",
            "projected_cuboid": [
                [
                    342.3956334590912,
                    299.2222309112549
                ],
                [
                    366.6205406188965,
                    315.19070267677307
                ],
                [
                    293.5352921485901,
                    297.5270450115204
                ],
                [
                    268.684983253479,
                    279.8309922218323
                ],
                [
                    328.43685150146484,
                    325.9700536727905
                ],
                [
                    351.9331216812134,
                    342.8398668766022
                ],
                [
                    277.1506607532501,
                    329.8013508319855
                ],
                [
                    253.2195746898651,
                    310.8823299407959
                ],
                [
                    312.6959204673767,
                    313.14200162887573
                ]
            ],
            "provenance": "nvisii",
            "quaternion_xyzw": [
                0.7998827695846558,
                0.4661900997161865,
                0.2562747597694397,
                0.27780860662460327
            ],
            "quaternion_xyzw_world": [
                0.6438033580780029,
                -0.4338879883289337,
                0.6222695112228394,
                0.10019534826278687
            ],
            "segmentation_id": 9,
            "visibility": -1
        },
        {
            "bounding_box_minx_maxx_miny_maxy": [
                -1,
                -1,
                -1,
                -1
            ],
            "class": "2",
            "local_cuboid": null,
            "local_to_world_matrix": [
                [
                    0.42489075660705566,
                    0.5444616079330444,
                    0.7232077121734619,
                    0.0
                ],
                [
                    -0.0851556658744812,
                    -0.7713264226913452,
                    0.6307170987129211,
                    0.0
                ],
                [
                    0.9012304544448853,
                    -0.32957106828689575,
                    -0.2813655138015747,
                    0.0
                ],
                [
                    0.20206646621227264,
                    -0.3557407259941101,
                    0.2555011808872223,
                    1.0
                ]
            ],
            "location": [
                0.3557407259941101,
                0.2555011808872223,
                -0.20206646621227264
            ],
            "location_world": [
                0.20206646621227264,
                -0.3557407259941101,
                0.2555011808872223
            ],
            "name": "google_2_of_Jenga_Classic_Game_9",
            "projected_cuboid": [
                [
                    744.5514798164368,
                    32.30106830596924
                ],
                [
                    834.1383337974548,
                    -38.148850202560425
                ],
                [
                    1278.6493301391602,
                    -621.0610270500183
                ],
                [
                    1068.6594247817993,
                    -448.3836889266968
                ],
                [
                    838.5470509529114,
                    92.31886267662048
                ],
                [
                    936.4012479782104,
                    17.531871795654297
                ],
                [
                    1611.0601425170898,
                    -592.2390222549438
                ],
                [
                    1351.1563539505005,
                    -390.0188207626343
                ],
                [
                    980.4793000221252,
                    -137.7449929714203
                ]
            ],
            "provenance": "nvisii",
            "quaternion_xyzw": [
                0.4260433614253998,
                0.876984715461731,
                -0.05593305826187134,
                0.21507269144058228
            ],
            "quaternion_xyzw_world": [
                0.7870169281959534,
                0.1459009051322937,
                0.5160111784934998,
                0.30504050850868225
            ],
            "segmentation_id": 10,
            "visibility": -1
        },
        {
            "bounding_box_minx_maxx_miny_maxy": [
                -1,
                -1,
                -1,
                -1
            ],
            "class": "2",
            "local_cuboid": null,
            "local_to_world_matrix": [
                [
                    -0.4812978506088257,
                    0.862296998500824,
                    -0.15746808052062988,
                    0.0
                ],
                [
                    0.26112979650497437,
                    -0.030439257621765137,
                    -0.9648236632347107,
                    0.0
                ],
                [
                    -0.8367577791213989,
                    -0.5054871439933777,
                    -0.21052110195159912,
                    0.0
                ],
                [
                    0.8333738446235657,
                    -0.17575308680534363,
                    0.2762342095375061,
                    1.0
                ]
            ],
            "location": [
                0.17575308680534363,
                0.2762342095375061,
                -0.8333738446235657
            ],
            "location_world": [
                0.8333738446235657,
                -0.17575308680534363,
                0.2762342095375061
            ],
            "name": "google_2_of_Jenga_Classic_Game_10",
            "projected_cuboid": [
                [
                    561.1171722412109,
                    -19.192934036254883
                ],
                [
                    551.9800782203674,
                    75.65362751483917
                ],
                [
                    354.59500551223755,
                    82.31540024280548
                ],
                [
                    355.53476214408875,
                    16.50775969028473
                ],
                [
                    610.1082563400269,
                    -14.630645513534546
                ],
                [
                    599.7864603996277,
                    74.23536479473114
                ],
                [
                    397.5480794906616,
                    81.00570738315582
                ],
                [
                    399.57109093666077,
                    18.133535981178284
                ],
                [
                    461.8275761604309,
                    41.629523038864136
                ]
            ],
            "provenance": "nvisii",
            "quaternion_xyzw": [
                -0.2577638626098633,
                0.12320268154144287,
                -0.9570630788803101,
                0.049084365367889404
            ],
            "quaternion_xyzw_world": [
                0.43579310178756714,
                0.644472599029541,
                -0.5703542828559875,
                -0.26350605487823486
            ],
            "segmentation_id": 11,
            "visibility": -1
        },
        {
            "bounding_box_minx_maxx_miny_maxy": [
                -1,
                -1,
                -1,
                -1
            ],
            "class": "2",
            "local_cuboid": null,
            "local_to_world_matrix": [
                [
                    -0.8614038228988647,
                    -0.46798792481422424,
                    -0.19741211831569672,
                    0.0
                ],
                [
                    -0.48701515793800354,
                    0.8713716864585876,
                    0.059394072741270065,
                    0.0
                ],
                [
                    0.1442236453294754,
                    0.1473049372434616,
                    -0.9785201549530029,
                    0.0
                ],
                [
                    1.9051692485809326,
                    0.7926384806632996,
                    0.8651454448699951,
                    1.0
                ]
            ],
            "location": [
                -0.7926384806632996,
                0.8651454448699951,
                -1.9051692485809326
            ],
            "location_world": [
                1.9051692485809326,
                0.7926384806632996,
                0.8651454448699951
            ],
            "name": "google_2_of_Jenga_Classic_Game_11",
            "projected_cuboid": [
                [
                    6.445989012718201,
                    72.41278886795044
                ],
                [
                    -22.306859493255615,
                    66.95537269115448
                ],
                [
                    -14.4730806350708,
                    -30.42653203010559
                ],
                [
                    14.749795198440552,
                    -22.730767726898193
                ],
                [
                    3.582775592803955,
                    73.7457275390625
                ],
                [
                    -24.233579635620117,
                    68.5054212808609
                ],
                [
                    -16.719549894332886,
                    -25.39333701133728
                ],
                [
                    11.537134647369385,
                    -18.0700421333313
                ],
                [
                    -5.090832710266113,
                    23.70387315750122
                ]
            ],
            "provenance": "nvisii",
            "quaternion_xyzw": [
                -0.6230605244636536,
                0.4288443922996521,
                -0.2865285873413086,
                -0.5880388021469116
            ],
            "quaternion_xyzw_world": [
                -0.24786317348480225,
                0.9632361531257629,
                0.05364702269434929,
                0.08866874873638153
            ],
            "segmentation_id": 12,
            "visibility": -1
        },
        {
            "bounding_box_minx_maxx_miny_maxy": [
                -1,
                -1,
                -1,
                -1
            ],
            "class": "2",
            "local_cuboid": null,
            "local_to_world_matrix": [
                [
                    -0.9138526916503906,
                    -0.3994677662849426,
                    0.0727931410074234,
                    0.0
                ],
                [
                    -0.055540069937705994,
                    -0.05461406707763672,
                    -0.9969617128372192,
                    0.0
                ],
                [
                    0.40222954750061035,
                    -0.9151190519332886,
                    0.027722656726837158,
                    0.0
                ],
                [
                    0.6763808727264404,
                    -0.20482324063777924,
                    -0.12910330295562744,
                    1.0
                ]
            ],
            "location": [
                0.20482324063777924,
                -0.12910330295562744,
                -0.6763808727264404
            ],
            "location_world": [
                0.6763808727264404,
                -0.20482324063777924,
                -0.12910330295562744
            ],
            "name": "google_2_of_Jenga_Classic_Game_12",
            "projected_cuboid": [
                [
                    635.5186104774475,
                    310.3497624397278
                ],
                [
                    641.595721244812,
                    377.97507643699646
                ],
                [
                    460.84052324295044,
                    409.2022478580475
                ],
                [
                    454.97146248817444,
                    328.98664474487305
                ],
                [
                    579.2731046676636,
                    309.2866241931915
                ],
                [
                    584.502100944519,
                    371.0151016712189
                ],
                [
                    412.6511216163635,
                    397.92048931121826
                ],
                [
                    407.690167427063,
                    325.8691430091858
                ],
                [
                    527.8811454772949,
                    352.6434898376465
                ]
            ],
            "provenance": "nvisii",
            "quaternion_xyzw": [
                0.8364596366882324,
                0.038079261779785156,
                0.5466407537460327,
                0.008314013481140137
            ],
            "quaternion_xyzw_world": [
                0.1681061089038849,
                -0.6766675710678101,
                0.7064328193664551,
                -0.12171280384063721
            ],
            "segmentation_id": 13,
            "visibility": -1
        },
        {
            "bounding_box_minx_maxx_miny_maxy": [
                -1,
                -1,
                -1,
                -1
            ],
            "class": "2",
            "local_cuboid": null,
            "local_to_world_matrix": [
                [
                    -0.1802656650543213,
                    0.32612496614456177,
