{
    "camera_data": {
        "camera_look_at": {
            "at": [
                1.0,
                0.0,
                0.0
            ],
            "eye": [
                0.0,
                0.0,
                0.0
            ],
            "up": [
                0.0,
                0.0,
                1.0
            ]
        },
        "camera_view_matrix": [
            [
                0.0,
                0.0,
                -1.0,
                0.0
            ],
            [
                -1.0,
                0.0,
                0.0,
                0.0
            ],
            [
                0.0,
                1.0,
                0.0,
                0.0
            ],
            [
                0.0,
                0.0,
                0.0,
                1.0
            ]
        ],
        "height": 500,
        "intrinsics": {
            "cx": 250.0,
            "cy": 250.0,
            "fx": 603.5535278320312,
            "fy": 603.5535278320312
        },
        "location_world": [
            0.0,
            0.0,
            0.0
        ],
        "quaternion_world_xyzw": [
            0.5,
            -0.5,
            -0.5,
            0.5
        ],
        "width": 500
    },
    "objects": [
        {
            "bounding_box_minx_maxx_miny_maxy": [
                -1,
                -1,
                -1,
                -1
            ],
            "class": "2",
            "local_cuboid": null,
            "local_to_world_matrix": [
                [
                    -0.5418896675109863,
                    0.450048565864563,
                    0.7097970843315125,
                    0.0
                ],
                [
                    0.6906412839889526,
                    -0.24280846118927002,
                    0.6812186241149902,
                    0.0
                ],
                [
                    0.4789261221885681,
                    0.8593604564666748,
                    -0.1792466640472412,
                    0.0
                ],
                [
                    1.6449040174484253,
                    -0.6595044732093811,
                    0.29462122917175293,
                    1.0
                ]
            ],
            "location": [
                0.6595044732093811,
                0.29462122917175293,
                -1.6449040174484253
            ],
            "location_world": [
                1.6449040174484253,
                -0.6595044732093811,
                0.29462122917175293
            ],
            "name": "google_2_of_Jenga_Classic_Game_0",
            "projected_cuboid": [
                [
                    382.4155032634735,
                    165.96612334251404
                ],
                [
                    385.0107789039612,
                    149.33285117149353
                ],
                [
                    488.1099462509155,
                    121.69086933135986
                ],
                [
                    489.0579879283905,
                    138.77251744270325
                ],
                [
                    391.28854870796204,
                    187.00575828552246
                ],
                [
                    393.54145526885986,
                    170.0914204120636
                ],
                [
                    494.74501609802246,
                    144.8592245578766
                ],
                [
                    495.9045946598053,
                    162.3201072216034
                ],
                [
                    437.9444122314453,
                    155.53215146064758
                ]
            ],
            "provenance": "nvisii",
            "quaternion_xyzw": [
                0.2948130965232849,
                0.8078046441078186,
                -0.26921361684799194,
                -0.43365997076034546
            ],
            "quaternion_xyzw_world": [
                0.4690856635570526,
                0.6079325675964355,
                0.6335320472717285,
                -0.09494102001190186
            ],
            "segmentation_id": 1,
            "visibility": -1
        },
        {
            "bounding_box_minx_maxx_miny_maxy": [
                -1,
                -1,
                -1,
                -1
            ],
            "class": "2",
            "local_cuboid": null,
            "local_to_world_matrix": [
                [
                    0.21730583906173706,
                    -0.1744951456785202,
                    0.9603801369667053,
                    0.0
                ],
                [
                    0.23262031376361847,
                    -0.9462859630584717,
                    -0.22456949949264526,
                    0.0
                ],
                [
                    0.9479801058769226,
                    0.27220419049263,
                    -0.16504263877868652,
                    0.0
                ],
                [
                    1.6797583103179932,
                    0.759813666343689,
                    -0.42153623700141907,
                    1.0
                ]
            ],
            "location": [
                -0.759813666343689,
                -0.42153623700141907,
                -1.6797583103179932
            ],
            "location_world": [
                1.6797583103179932,
                0.759813666343689,
                -0.42153623700141907
            ],
            "name": "google_2_of_Jenga_Classic_Game_1",
            "projected_cuboid": [
                [
                    -19.283175468444824,
                    380.3761601448059
                ],
                [
                    7.812276482582092,
                    384.87422466278076
                ],
                [
                    -3.4199059009552,
                    389.73283767700195
                ],
                [
                    -35.116761922836304,
                    384.5495879650116
                ],
                [
                    -25.95120668411255,
                    405.1205813884735
                ],
                [
                    1.4483481645584106,
                    409.4098210334778
                ],
                [
                    -10.946661233901978,
                    418.35957765579224
                ],
                [
                    -43.05952787399292,
                    413.461297750473
                ],
                [
                    -15.429496765136719,
                    397.93476462364197
                ]
            ],
            "provenance": "nvisii",
            "quaternion_xyzw": [
                0.766003429889679,
                0.6222772002220154,
                -0.15976113080978394,
                -0.022055327892303467
            ],
            "quaternion_xyzw_world": [
                0.7629932165145874,
                0.019045112654566765,
                0.6252874135971069,
                -0.1627713292837143
            ],
            "segmentation_id": 2,
            "visibility": -1
        },
        {
            "bounding_box_minx_maxx_miny_maxy": [
                -1,
                -1,
                -1,
                -1
            ],
            "class": "2",
            "local_cuboid": null,
            "local_to_world_matrix": [
                [
                    -0.016382694244384766,
                    -0.7483382225036621,
                    0.6631150841712952,
                    0.0
                ],
                [
                    0.38887596130371094,
                    0.6062198877334595,
                    0.6937384009361267,
                    0.0
                ],
                [
                    -0.9211445450782776,
                    0.2692347764968872,
                    0.28107917308807373,
                    0.0
                ],
                [
                    1.799767255783081,
                    -0.37334781885147095,
                    -0.06837227195501328,
                    1.0
                ]
            ],
            "location": [
                0.37334781885147095,
                -0.06837227195501328,
                -1.799767255783081
            ],
            "location_world": [
                1.799767255783081,
                -0.37334781885147095,
                -0.06837227195501328
            ],
            "name": "google_2_of_Jenga_Classic_Game_2",
            "projected_cuboid": [
                [
                    389.4900977611542,
                    245.78852951526642
                ],
                [
                    366.55062437057495,
                    223.01611304283142
                ],
                [
                    375.4216730594635,
                    254.30941581726074
                ],
                [
                    395.06226778030396,
                    274.22115206718445
                ],
                [
                    365.8514618873596,
                    266.6332721710205
                ],
                [
                    343.4326648712158,
                    243.43764781951904
                ],
                [
                    355.7210862636566,
                    271.68434858322144
                ],
                [
                    374.9848008155823,
                    291.90143942832947
                ],
                [
                    371.0685074329376,
                    259.91517305374146
                ]
            ],
            "provenance": "nvisii",
            "quaternion_xyzw": [
                -0.18265771865844727,
                -0.07787121832370758,
                0.3460736572742462,
                0.9169543385505676
            ],
            "quaternion_xyzw_world": [
                0.15517587959766388,
                -0.5791207551956177,
                -0.4157048165798187,
                0.6839072704315186
            ],
            "segmentation_id": 3,
            "visibility": -1
        },
        {
            "bounding_box_minx_maxx_miny_maxy": [
                -1,
                -1,
                -1,
                -1
            ],
            "class": "2",
            "local_cuboid": null,
            "local_to_world_matrix": [
                [
                    -0.6506202220916748,
                    0.3405320644378662,
                    -0.6787718534469604,
                    0.0
                ],
                [
                    -0.7406657934188843,
                    -0.08722412586212158,
                    0.6661878824234009,
                    0.0
                ],
                [
                    0.16765299439430237,
                    0.9361783266067505,
                    0.30897021293640137,
                    0.0
                ],
                [
                    1.8121469020843506,
                    -0.6826109290122986,
                    0.25014400482177734,
                    1.0
                ]
            ],
            "location": [
                0.6826109290122986,
                0.25014400482177734,
                -1.8121469020843506
            ],
            "location_world": [
                1.8121469020843506,
                -0.6826109290122986,
                0.25014400482177734
            ],
            "name": "google_2_of_Jenga_Classic_Game_3",
            "projected_cuboid": [
                [
                    376.7535090446472,
                    157.69773721694946
                ],
                [
                    383.61096382141113,
                    135.68082451820374
                ],
                [
                    481.3680648803711,
                    163.52421045303345
                ],
                [
                    470.9625542163849,
                    185.17634272575378
                ],
                [
                    381.81477785110474,
                    143.31850409507751
                ],
                [
                    388.65312933921814,
                    121.42594158649445
                ],
                [
                    483.76959562301636,
                    148.09191226959229
                ],
                [
                    473.56945276260376,
                    169.6658432483673
                ],
                [
                    429.38488721847534,
                    152.9734879732132
                ]
            ],
            "provenance": "nvisii",
            "quaternion_xyzw": [
                -0.200582355260849,
                0.7372877597808838,
                0.3559112548828125,
                -0.5380526781082153
            ],
            "quaternion_xyzw_world": [
                -0.17862926423549652,
                0.560005784034729,
                0.7153346538543701,
                0.3778643310070038
            ],
            "segmentation_id": 4,
            "visibility": -1
        },
        {
            "bounding_box_minx_maxx_miny_maxy": [
                -1,
                -1,
                -1,
                -1
            ],
            "class": "2",
            "local_cuboid": null,
            "local_to_world_matrix": [
                [
                    -0.3985358476638794,
                    -0.3349161744117737,
                    0.8538151979446411,
                    0.0
                ],
                [
                    -0.4712437391281128,
                    0.8734337687492371,
                    0.12264901399612427,
                    0.0
                ],
                [
                    -0.7868281602859497,
                    -0.35347503423690796,
                    -0.5059218406677246,
                    0.0
                ],
                [
                    1.509108304977417,
                    0.3664737343788147,
                    0.7561267614364624,
                    1.0
                ]
            ],
            "location": [
                -0.3664737343788147,
                0.7561267614364624,
                -1.509108304977417
            ],
            "location_world": [
                1.509108304977417,
                0.3664737343788147,
                0.7561267614364624
            ],
            "name": "google_2_of_Jenga_Classic_Game_4",
            "projected_cuboid": [
                [
                    149.78250861167908,
                    -49.46696758270264
                ],
                [
                    110.785111784935,
                    -64.07409906387329
                ],
                [
                    90.2080237865448,
                    -75.61683654785156
                ],
                [
                    123.82379174232483,
                    -62.924712896347046
                ],
                [
                    140.0514543056488,
                    -11.390477418899536
                ],
                [
                    101.71189904212952,
                    -24.449259042739868
                ],
                [
                    82.95033872127533,
                    -41.80225729942322
                ],
                [
                    116.06889963150024,
                    -30.23943305015564
                ],
                [
                    113.71226608753204,
                    -45.330166816711426
                ]
            ],
            "provenance": "nvisii",
            "quaternion_xyzw": [
                -0.32612842321395874,
                0.015039000660181046,
                -0.5764683485031128,
                -0.7490649819374084
            ],
            "quaternion_xyzw_world": [
                -0.24184302985668182,
                0.8333503603935242,
                -0.06924638897180557,
                -0.4921829402446747
            ],
            "segmentation_id": 5,
            "visibility": -1
        },
        {
            "bounding_box_minx_maxx_miny_maxy": [
                -1,
                -1,
                -1,
                -1
            ],
            "class": "2",
            "local_cuboid": null,
            "local_to_world_matrix": [
                [
                    -0.10110008716583252,
                    0.9109087586402893,
                    -0.4000304937362671,
                    0.0
                ],
                [
                    0.5518423914909363,
                    0.3859093189239502,
                    0.7392863035202026,
                    0.0
                ],
                [
                    0.8277977705001831,
                    -0.14601188898086548,
                    -0.5416934490203857,
                    0.0
                ],
                [
                    1.6817055940628052,
                    -0.6370595693588257,
                    -0.6803673505783081,
                    1.0
                ]
            ],
            "location": [
                0.6370595693588257,
                -0.6803673505783081,
                -1.6817055940628052
            ],
            "location_world": [
                1.6817055940628052,
                -0.6370595693588257,
                -0.6803673505783081
            ],
            "name": "google_2_of_Jenga_Classic_Game_5",
            "projected_cuboid": [
                [
                    460.1081907749176,
                    531.8837761878967
                ],
                [
                    444.9458718299866,
                    505.7303309440613
                ],
                [
                    457.5243890285492,
                    485.93980073928833
                ],
                [
                    475.2570390701294,
                    515.3583288192749
                ],
                [
                    482.0047616958618,
                    520.7006335258484
                ],
                [
                    466.38137102127075,
                    494.9212074279785
                ],
                [
                    481.9340705871582,
                    473.6937880516052
                ],
                [
                    500.26583671569824,
                    502.6278495788574
                ],
                [
                    470.4543948173523,
                    504.29975986480713
                ]
            ],
            "provenance": "nvisii",
            "quaternion_xyzw": [
                -0.21071478724479675,
                0.9324688911437988,
                -0.293182909488678,
                0.012041106820106506
            ],
            "quaternion_xyzw_world": [
                0.5134890675544739,
                0.7121627330780029,
                0.2082650363445282,
                0.43102094531059265
            ],
            "segmentation_id": 6,
            "visibility": -1
        },
        {
            "bounding_box_minx_maxx_miny_maxy": [
                -1,
                -1,
                -1,
                -1
            ],
            "class": "2",
            "local_cuboid": null,
            "local_to_world_matrix": [
                [
                    0.11921721696853638,
                    -0.48542457818984985,
                    0.8661121726036072,
                    0.0
                ],
                [
                    0.3436601161956787,
                    -0.7982373237609863,
                    -0.4946867823600769,
                    0.0
                ],
                [
                    0.9314960837364197,
                    0.35662341117858887,
                    0.07165729999542236,
                    0.0
                ],
                [
                    0.45805540680885315,
                    0.12754850089550018,
                    0.5230058431625366,
                    1.0
                ]
            ],
            "location": [
                -0.12754850089550018,
                0.5230058431625366,
                -0.45805540680885315
            ],
            "location_world": [
                0.45805540680885315,
                0.12754850089550018,
                0.5230058431625366
            ],
            "name": "google_2_of_Jenga_Classic_Game_6",
            "projected_cuboid": [
                [
                    43.62085461616516,
                    -251.88297033309937
                ],
                [
                    105.90097308158875,
                    -198.80405068397522
                ],
                [
                    155.4844081401825,
                    -428.20221185684204
                ],
                [
                    58.60908329486847,
                    -528.3517837524414
                ],
                [
                    8.380398154258728,
                    -200.51604509353638
                ],
                [
                    72.83404469490051,
                    -148.77697825431824
                ],
                [
                    104.18345034122467,
                    -353.69211435317993
                ],
                [
                    1.8396377563476562,
                    -451.0610103607178
                ],
                [
                    67.46771931648254,
                    -291.97078943252563
                ]
            ],
            "provenance": "nvisii",
            "quaternion_xyzw": [
                0.8531715869903564,
                0.48769479990005493,
                -0.1394328624010086,
                -0.12169809639453888
            ],
            "quaternion_xyzw_world": [
                0.6793006062507629,
                -0.0521729476749897,
                0.6615658402442932,
                -0.3133039176464081
            ],
            "segmentation_id": 7,
            "visibility": -1
        },
        {
            "bounding_box_minx_maxx_miny_maxy": [
                -1,
                -1,
                -1,
                -1
            ],
            "class": "2",
            "local_cuboid": null,
            "local_to_world_matrix": [
                [
                    0.8633361458778381,
                    -0.43499088287353516,
                    -0.2558000087738037,
                    0.0
                ],
                [
                    0.13976174592971802,
                    -0.28096532821655273,
                    0.9494867324829102,
                    0.0
                ],
                [
                    -0.48488903045654297,
                    -0.8554772138595581,
                    -0.18177247047424316,
                    0.0
                ],
                [
                    1.9474750757217407,
                    -0.26600366830825806,
                    -0.3550473749637604,
                    1.0
                ]
            ],
            "location": [
                0.26600366830825806,
                -0.3550473749637604,
                -1.9474750757217407
            ],
            "location_world": [
                1.9474750757217407,
                -0.26600366830825806,
                -0.3550473749637604
            ],
            "name": "google_2_of_Jenga_Classic_Game_7",
            "projected_cuboid": [
                [
                    421.5141534805298,
                    400.83998441696167
                ],
                [
                    428.175151348114,
                    373.6596703529358
                ],
                [
                    339.59048986434937,
                    348.7224578857422
                ],
                [
                    332.87784457206726,
                    373.8051652908325
                ],
                [
                    416.4005517959595,
                    399.76054430007935
                ],
                [
                    423.3507513999939,
                    371.54605984687805
                ],
                [
                    331.9786787033081,
                    345.8798825740814
                ],
                [
                    324.9792754650116,
                    371.84062600135803
                ],
                [
                    375.7286071777344,
                    372.7352023124695
                ]
            ],
            "provenance": "nvisii",
            "quaternion_xyzw": [
                0.01240045577287674,
                0.5073477625846863,
                -0.1584388017654419,
                0.846960186958313
            ],
            "quaternion_xyzw_world": [
                0.7625735998153687,
                -0.09678709506988525,
                -0.2428254336118698,
                0.5917343497276306
            ],
            "segmentation_id": 8,
            "visibility": -1
        },
        {
            "bounding_box_minx_maxx_miny_maxy": [
                -1,
                -1,
                -1,
                -1
            ],
            "class": "2",
            "local_cuboid": null,
            "local_to_world_matrix": [
                [
                    -0.47540438175201416,
                    -0.6575937867164612,
                    0.5844326615333557,
                    0.0
                ],
                [
                    0.35249799489974976,
                    0.46627163887023926,
                    0.8113791942596436,
                    0.0
                ],
                [
                    -0.8060622811317444,
                    0.5917443037033081,
                    0.010132789611816406,
                    0.0
                ],
                [
                    1.041426181793213,
                    -0.6099193692207336,
                    -0.6083161234855652,
                    1.0
                ]
            ],
            "location": [
                0.6099193692207336,
                -0.6083161234855652,
                -1.041426181793213
            ],
            "location_world": [
                1.041426181793213,
                -0.6099193692207336,
                -0.6083161234855652
            ],
            "name": "google_2_of_Jenga_Classic_Game_8",
            "projected_cuboid": [
                [
                    627.2090673446655,
                    731.8477630615234
                ],
                [
                    583.5863947868347,
                    662.4152660369873
                ],
                [
                    608.4332466125488,
                    570.5486536026001
                ],
                [
                    642.5982713699341,
                    621.0464239120483
                ],
                [
                    571.0792541503906,
                    743.8939809799194
                ],
                [
                    531.3949584960938,
                    677.1357655525208
                ],
                [
                    566.8056011199951,
                    585.2500200271606
                ],
                [
                    598.5593795776367,
                    634.3545913696289
                ],
                [
                    592.0584201812744,
                    646.5378999710083
                ]
            ],
            "provenance": "nvisii",
            "quaternion_xyzw": [
                -0.10019055008888245,
                -0.29484033584594727,
                0.2902970314025879,
                0.9048529267311096
            ],
            "quaternion_xyzw_world": [
                0.1097625121474266,
                -0.69489985704422,
                -0.5047934055328369,
                0.5002501010894775
            ],
            "segmentation_id": 9,
            "visibility": -1
        },
        {
            "bounding_box_minx_maxx_miny_maxy": [
                -1,
                -1,
                -1,
                -1
            ],
            "class": "2",
            "local_cuboid": null,
            "local_to_world_matrix": [
                [
                    0.8386415839195251,
                    0.13613474369049072,
                    -0.527397096157074,
                    0.0
                ],
                [
                    0.21037304401397705,
                    0.8121727705001831,
                    0.5441679358482361,
                    0.0
                ],
                [
                    0.5024177432060242,
                    -0.5673119425773621,
                    0.6524827480316162,
                    0.0
                ],
                [
                    0.27145498991012573,
                    -0.35021263360977173,
                    0.3435187041759491,
                    1.0
                ]
            ],
            "location": [
                0.35021263360977173,
                0.3435187041759491,
                -0.27145498991012573
            ],
            "location_world": [
                0.27145498991012573,
                -0.35021263360977173,
                0.3435187041759491
            ],
            "name": "google_2_of_Jenga_Classic_Game_9",
            "projected_cuboid": [
                [
                    993.3800101280212,
                    -418.9584255218506
                ],
                [
                    874.7321963310242,
                    -453.40240001678467
                ],
                [
                    848.1439352035522,
                    -415.74132442474365
                ],
                [
                    1024.0929126739502,
                    -361.9360327720642
                ],
                [
                    1141.3283348083496,
                    -603.3353805541992
                ],
                [
                    996.0871338844299,
                    -635.2502107620239
                ],
                [
                    1034.4184637069702,
                    -695.453405380249
                ],
                [
                    1275.5138874053955,
                    -647.7883458137512
                ],
                [
                    1008.0926418304443,
                    -518.0844068527222
                ]
            ],
            "provenance": "nvisii",
            "quaternion_xyzw": [
                -0.4533528685569763,
                0.7387017011642456,
                0.14962396025657654,
                0.47581925988197327
            ],
            "quaternion_xyzw_world": [
                0.30577200651168823,
                0.28330567479133606,
                -0.020423220470547676,
                0.9087488651275635
            ],
            "segmentation_id": 10,
            "visibility": -1
        },
        {
            "bounding_box_minx_maxx_miny_maxy": [
                -1,
                -1,
                -1,
                -1
            ],
            "class": "2",
            "local_cuboid": null,
            "local_to_world_matrix": [
                [
                    0.3543373942375183,
                    0.6842136979103088,
                    0.6374140381813049,
                    0.0
                ],
                [
                    -0.2509115934371948,
                    0.7262104153633118,
                    -0.6400482654571533,
                    0.0
                ],
                [
                    -0.9008265137672424,
                    0.0668584406375885,
                    0.4290006160736084,
                    0.0
                ],
                [
                    1.03235924243927,
                    -0.3713817596435547,
                    0.37391114234924316,
                    1.0
                ]
            ],
            "location": [
                0.3713817596435547,
                0.37391114234924316,
                -1.03235924243927
            ],
            "location_world": [
                1.03235924243927,
                -0.3713817596435547,
                0.37391114234924316
            ],
            "name": "google_2_of_Jenga_Classic_Game_10",
            "projected_cuboid": [
                [
                    520.3463435173035,
                    -169.24530267715454
                ],
                [
                    479.8576235771179,
                    -138.52307200431824
                ],
                [
                    432.8426122665405,
                    33.20249915122986
                ],
                [
                    464.19382095336914,
                    6.686463952064514
                ],
                [
                    572.7511644363403,
                    -144.91945505142212
                ],
                [
                    532.2335958480835,
                    -112.35183477401733
                ],
                [
                    470.23940086364746,
                    57.303592562675476
                ],
                [
                    501.67226791381836,
                    29.57099676132202
                ],
                [
                    492.3170208930969,
                    -42.516231536865234
                ]
            ],
            "provenance": "nvisii",
            "quaternion_xyzw": [
                -0.11726903915405273,
                0.18930062651634216,
                0.8979265689849854,
                0.3796592354774475
            ],
            "quaternion_xyzw_world": [
                -0.223117858171463,
                -0.4855080842971802,
                0.29514947533607483,
                0.7920777201652527
            ],
            "segmentation_id": 11,
            "visibility": -1
        },
        {
            "bounding_box_minx_maxx_miny_maxy": [
                -1,
                -1,
                -1,
                -1
            ],
            "class": "2",
            "local_cuboid": null,
            "local_to_world_matrix": [
                [
                    -0.7363342046737671,
                    -0.6644419431686401,
                    0.12778407335281372,
                    0.0
                ],
                [
                    -0.229036346077919,
                    0.42247313261032104,
                    0.8769599199295044,
                    0.0
                ],
                [
                    -0.6366743445396423,
                    0.6164684295654297,
                    -0.46326279640197754,
                    0.0
                ],
                [
                    1.5333232879638672,
                    0.5326266288757324,
                    0.6719145178794861,
                    1.0
                ]
            ],
            "location": [
                -0.5326266288757324,
                0.6719145178794861,
                -1.5333232879638672
            ],
            "location_world": [
                1.5333232879638672,
                0.5326266288757324,
                0.6719145178794861
            ],
            "name": "google_2_of_Jenga_Classic_Game_11",
            "projected_cuboid": [
                [
                    -53.89124155044556,
                    20.676732063293457
                ],
                [
                    -74.83440637588501,
                    -16.86343550682068
                ],
                [
                    38.29813003540039,
                    -38.302063941955566
                ],
                [
                    55.223554372787476,
                    -5.099356174468994
                ],
                [
                    -63.97974491119385,
                    34.67646241188049
                ],
                [
                    -84.17561650276184,
                    -1.070171594619751
                ],
                [
                    25.843411684036255,
                    -23.59834313392639
                ],
                [
                    42.29673743247986,
                    8.19668173789978
                ],
                [
                    -10.9139084815979,
                    -3.187716007232666
                ]
            ],
            "provenance": "nvisii",
            "quaternion_xyzw": [
                -0.1941697597503662,
                0.37942183017730713,
                -0.15433113276958466,
                -0.8913580179214478
            ],
            "quaternion_xyzw_world": [
                -0.2758873999118805,
                0.8096403479576111,
                0.461139440536499,
                -0.23604877293109894
            ],
            "segmentation_id": 12,
            "visibility": -1
        },
        {
            "bounding_box_minx_maxx_miny_maxy": [
                -1,
                -1,
                -1,
                -1
            ],
            "class": "2",
            "local_cuboid": null,
            "local_to_world_matrix": [
                [
                    0.8932622671127319,
                    -0.33484119176864624,
                    0.2999398112297058,
                    0.0
                ],
                [
                    -0.2848247289657593,
                    -0.9377715587615967,
                    -0.19864431023597717,
                    0.0
                ],
                [
                    0.34778928756713867,
                    0.09201120585203171,
                    -0.9330469369888306,
                    0.0
                ],
                [
                    0.8073741793632507,
                    -0.5900901556015015,
                    -0.26354750990867615,
                    1.0
                ]
            ],
            "location": [
                0.5900901556015015,
                -0.26354750990867615,
                -0.8073741793632507
            ],
            "location_world": [
                0.8073741793632507,
                -0.5900901556015015,
                -0.26354750990867615
            ],
            "name": "google_2_of_Jenga_Classic_Game_12",
            "projected_cuboid": [
                [
                    588.8180732727051,
                    575.6140947341919
                ],
                [
                    648.8291025161743,
                    594.8753356933594
                ],
                [
                    717.1405553817749,
                    439.01002407073975
                ],
                [
                    648.073673248291,
                    421.84555530548096
                ],
                [
                    597.7741479873657,
                    617.641806602478
                ],
                [
                    662.94264793396,
                    639.6510601043701
                ],
                [
                    739.4732236862183,
                    475.32039880752563
                ],
                [
                    663.5148525238037,
                    455.4998278617859
                ],
                [
                    655.5388569831848,
                    531.1969518661499
                ]
            ],
            "provenance": "nvisii",
            "quaternion_xyzw": [
                0.6857978701591492,
                0.4511939287185669,
                -0.359170526266098,
                0.44396162033081055
            ],
            "quaternion_xyzw_world": [
                0.9700619578361511,
                -0.1596975177526474,
                0.16692982614040375,
                -0.07490643113851547
            ],
            "segmentation_id": 13,
            "visibility": -1
        },
        {
            "bounding_box_minx_maxx_miny_maxy": [
                -1,
                -1,
                -1,
                -1
            ],
            "class": "2",
            "local_cuboid": null,
            "local_to_world_matrix": [
                [
                    0.9361339807510376,
                    -0.17452791333198547,
