{
    "camera_data": {
        "camera_look_at": {
            "at": [
                1.0,
                0.0,
                0.0
            ],
            "eye": [
                0.0,
                0.0,
                0.0
            ],
            "up": [
                0.0,
                0.0,
                1.0
            ]
        },
        "camera_view_matrix": [
            [
                0.0,
                0.0,
                -1.0,
                0.0
            ],
            [
                -1.0,
                0.0,
                0.0,
                0.0
            ],
            [
                0.0,
                1.0,
                0.0,
                0.0
            ],
            [
                0.0,
                0.0,
                0.0,
                1.0
            ]
        ],
        "height": 500,
        "intrinsics": {
            "cx": 250.0,
            "cy": 250.0,
            "fx": 603.5535278320312,
            "fy": 603.5535278320312
        },
        "location_world": [
            0.0,
            0.0,
            0.0
        ],
        "quaternion_world_xyzw": [
            0.5,
            -0.5,
            -0.5,
            0.5
        ],
        "width": 500
    },
    "objects": [
        {
            "bounding_box_minx_maxx_miny_maxy": [
                -1,
                -1,
                -1,
                -1
            ],
            "class": "2",
            "local_cuboid": null,
            "local_to_world_matrix": [
                [
                    0.5647473335266113,
                    -0.18039017915725708,
                    0.8053072690963745,
                    0.0
                ],
                [
                    0.7627568244934082,
                    -0.2584409713745117,
                    -0.59279865026474,
                    0.0
                ],
                [
                    0.3150594234466553,
                    0.949035108089447,
                    -0.008359909057617188,
                    0.0
                ],
                [
                    1.7979601621627808,
                    0.44230371713638306,
                    -0.4897627532482147,
                    1.0
                ]
            ],
            "location": [
                -0.44230371713638306,
                -0.4897627532482147,
                -1.7979601621627808
            ],
            "location_world": [
                1.7979601621627808,
                0.44230371713638306,
                -0.4897627532482147
            ],
            "name": "google_2_of_Jenga_Classic_Game_0",
            "projected_cuboid": [
                [
                    17.787650227546692,
                    389.78150486946106
                ],
                [
                    32.25286304950714,
                    400.6885290145874
                ],
                [
                    111.7565780878067,
                    407.3791801929474
                ],
                [
                    99.41060841083527,
                    396.1517810821533
                ],
                [
                    7.471904158592224,
                    414.0641689300537
                ],
                [
                    22.626027464866638,
                    424.40375685691833
                ],
                [
                    103.59892249107361,
                    432.4665069580078
                ],
                [
                    90.63616394996643,
                    421.87896370887756
                ],
                [
                    59.85361337661743,
                    410.7062816619873
                ]
            ],
            "provenance": "nvisii",
            "quaternion_xyzw": [
                -0.7225386500358582,
                -0.36805930733680725,
                0.523772120475769,
                0.26102301478385925
            ],
            "quaternion_xyzw_world": [
                -0.6766735315322876,
                -0.2151579111814499,
                -0.4139243960380554,
                0.5696372389793396
            ],
            "segmentation_id": 1,
            "visibility": -1
        },
        {
            "bounding_box_minx_maxx_miny_maxy": [
                -1,
                -1,
                -1,
                -1
            ],
            "class": "2",
            "local_cuboid": null,
            "local_to_world_matrix": [
                [
                    0.4433104395866394,
                    -0.4823210537433624,
                    -0.7555409669876099,
                    0.0
                ],
                [
                    -0.8469725847244263,
                    -0.501336932182312,
                    -0.17691496014595032,
                    0.0
                ],
                [
                    -0.2934506833553314,
                    0.7183507680892944,
                    -0.630760669708252,
                    0.0
                ],
                [
                    1.6888967752456665,
                    -0.19832848012447357,
                    -0.4657943546772003,
                    1.0
                ]
            ],
            "location": [
                0.19832848012447357,
                -0.4657943546772003,
                -1.6888967752456665
            ],
            "location_world": [
                1.6888967752456665,
                -0.19832848012447357,
                -0.4657943546772003
            ],
            "name": "google_2_of_Jenga_Classic_Game_1",
            "projected_cuboid": [
                [
                    245.01943588256836,
                    494.98265981674194
                ],
                [
                    260.91501116752625,
                    511.72566413879395
                ],
                [
                    336.159884929657,
                    431.7353367805481
                ],
                [
                    317.9575204849243,
                    419.09974813461304
                ],
                [
                    230.7492196559906,
                    478.0808091163635
                ],
                [
                    246.34502828121185,
                    494.42172050476074
                ],
                [
                    323.9622116088867,
                    413.6279821395874
                ],
                [
                    305.89795112609863,
                    401.49208903312683
                ],
                [
                    284.2417359352112,
                    454.5619487762451
                ]
            ],
            "provenance": "nvisii",
            "quaternion_xyzw": [
                0.5843340754508972,
                -0.10875807702541351,
                -0.49700215458869934,
                0.6322295665740967
            ],
            "quaternion_xyzw_world": [
                0.8024038672447205,
                -0.41415977478027344,
                -0.32682785391807556,
                -0.2789323925971985
            ],
            "segmentation_id": 2,
            "visibility": -1
        },
        {
            "bounding_box_minx_maxx_miny_maxy": [
                -1,
                -1,
                -1,
                -1
            ],
            "class": "2",
            "local_cuboid": null,
            "local_to_world_matrix": [
                [
                    0.6369434595108032,
                    -0.0036763884127140045,
                    0.7709017992019653,
                    0.0
                ],
                [
                    -0.06267586350440979,
                    0.996431291103363,
                    0.05653670057654381,
                    0.0
                ],
                [
                    -0.768358588218689,
                    -0.08432760834693909,
                    0.6344399452209473,
                    0.0
                ],
                [
                    0.45483532547950745,
                    0.1363523304462433,
                    -0.08357011526823044,
                    1.0
                ]
            ],
            "location": [
                -0.1363523304462433,
                -0.08357011526823044,
                -0.45483532547950745
            ],
            "location_world": [
                0.45483532547950745,
                0.1363523304462433,
                -0.08357011526823044
            ],
            "name": "google_2_of_Jenga_Classic_Game_2",
            "projected_cuboid": [
                [
                    87.57422864437103,
                    -53.353965282440186
                ],
                [
                    -116.64798855781555,
                    -71.0974633693695
                ],
                [
                    24.609550833702087,
                    314.2269551753998
                ],
                [
                    132.3065459728241,
                    319.49299573898315
                ],
                [
                    47.47818410396576,
                    49.87359046936035
                ],
                [
                    -208.43568444252014,
                    30.426278710365295
                ],
                [
                    -2.319425344467163,
                    407.73212909698486
                ],
                [
                    118.22356283664703,
                    412.4656319618225
                ],
                [
                    31.548485159873962,
                    234.01544988155365
                ]
            ],
            "provenance": "nvisii",
            "quaternion_xyzw": [
                -0.21141262352466583,
                0.2666935622692108,
                0.6534801721572876,
                0.6761234402656555
            ],
            "quaternion_xyzw_world": [
                0.038962092250585556,
                -0.425748735666275,
                0.016318844631314278,
                0.9038549065589905
            ],
            "segmentation_id": 3,
            "visibility": -1
        },
        {
            "bounding_box_minx_maxx_miny_maxy": [
                -1,
                -1,
                -1,
                -1
            ],
            "class": "2",
            "local_cuboid": null,
            "local_to_world_matrix": [
                [
                    0.6987894773483276,
                    -0.04294091463088989,
                    0.7140373587608337,
                    0.0
                ],
                [
                    0.5224544405937195,
                    -0.6511811017990112,
                    -0.550458550453186,
                    0.0
                ],
                [
                    0.48860475420951843,
                    0.7577066421508789,
                    -0.4326038360595703,
                    0.0
                ],
                [
                    1.5838921070098877,
                    -0.4341844916343689,
                    0.12626805901527405,
                    1.0
                ]
            ],
            "location": [
                0.4341844916343689,
                0.12626805901527405,
                -1.5838921070098877
            ],
            "location_world": [
                1.5838921070098877,
                -0.4341844916343689,
                0.12626805901527405
            ],
            "name": "google_2_of_Jenga_Classic_Game_3",
            "projected_cuboid": [
                [
                    315.17407298088074,
                    232.1198582649231
                ],
                [
                    332.239031791687,
                    248.35774302482605
                ],
                [
                    421.2014079093933,
                    201.52463018894196
                ],
                [
                    405.0733149051666,
                    182.52873420715332
                ],
                [
                    316.09731912612915,
                    251.8051266670227
                ],
                [
                    333.6852192878723,
                    268.05853843688965
                ],
                [
                    425.885409116745,
                    221.3711440563202
                ],
                [
                    409.31251645088196,
                    202.26337015628815
                ],
                [
                    367.9591417312622,
                    226.9950956106186
                ]
            ],
            "provenance": "nvisii",
            "quaternion_xyzw": [
                0.7214575409889221,
                0.47307640314102173,
                -0.504706084728241,
                -0.031135112047195435
            ],
            "quaternion_xyzw_world": [
                0.8340525031089783,
                0.1437300145626068,
                0.36048153042793274,
                -0.3921111822128296
            ],
            "segmentation_id": 4,
            "visibility": -1
        },
        {
            "bounding_box_minx_maxx_miny_maxy": [
                -1,
                -1,
                -1,
                -1
            ],
            "class": "2",
            "local_cuboid": null,
            "local_to_world_matrix": [
                [
                    -0.13136053085327148,
                    0.3265639543533325,
                    0.9360023736953735,
                    0.0
                ],
                [
                    0.727338433265686,
                    0.6733008623123169,
                    -0.1328333020210266,
                    0.0
                ],
                [
                    -0.673589825630188,
                    0.6633414626121521,
                    -0.3259676694869995,
                    0.0
                ],
                [
                    1.616041898727417,
                    0.3319416344165802,
                    0.33744505047798157,
                    1.0
                ]
            ],
            "location": [
                -0.3319416344165802,
                0.33744505047798157,
                -1.616041898727417
            ],
            "location_world": [
                1.616041898727417,
                0.3319416344165802,
                0.33744505047798157
            ],
            "name": "google_2_of_Jenga_Classic_Game_4",
            "projected_cuboid": [
                [
                    27.435332536697388,
                    125.76925754547119
                ],
                [
                    13.146400451660156,
                    135.73554158210754
                ],
                [
                    112.77623474597931,
                    114.42327499389648
                ],
                [
                    129.15825843811035,
                    104.86964881420135
                ],
                [
                    40.24611413478851,
                    158.6683839559555
                ],
                [
                    25.518223643302917,
                    167.17521846294403
                ],
                [
                    123.04951250553131,
                    142.25193858146667
                ],
                [
                    139.72152769565582,
                    133.835107088089
                ],
                [
                    79.47191596031189,
                    134.7396969795227
                ]
            ],
            "provenance": "nvisii",
            "quaternion_xyzw": [
                -0.18212604522705078,
                -0.3606039881706238,
                0.7302374839782715,
                0.5509520173072815
            ],
            "quaternion_xyzw_world": [
                -0.3610077202320099,
                -0.729833722114563,
                -0.1817222684621811,
                0.55135577917099
            ],
            "segmentation_id": 5,
            "visibility": -1
        },
        {
            "bounding_box_minx_maxx_miny_maxy": [
                -1,
                -1,
                -1,
                -1
            ],
            "class": "2",
            "local_cuboid": null,
            "local_to_world_matrix": [
                [
                    0.18345403671264648,
                    0.5578843951225281,
                    0.8093886375427246,
                    0.0
                ],
                [
                    0.7426933646202087,
                    -0.6180694103240967,
                    0.2576770782470703,
                    0.0
                ],
                [
                    0.6440120935440063,
                    0.5538555383682251,
                    -0.5277245044708252,
                    0.0
                ],
                [
                    1.5372856855392456,
                    0.08349467068910599,
                    -0.10591664165258408,
                    1.0
                ]
            ],
            "location": [
                -0.08349467068910599,
                -0.10591664165258408,
                -1.5372856855392456
            ],
            "location_world": [
                1.5372856855392456,
                0.08349467068910599,
                -0.10591664165258408
            ],
            "name": "google_2_of_Jenga_Classic_Game_5",
            "projected_cuboid": [
                [
                    145.9159553050995,
                    334.80527997016907
                ],
                [
                    167.47300326824188,
                    324.34576749801636
                ],
                [
                    219.58355605602264,
                    274.18196201324463
                ],
                [
                    197.50621914863586,
                    283.862829208374
                ],
                [
                    160.7702672481537,
                    358.3793640136719
                ],
                [
                    181.9731742143631,
                    346.988320350647
                ],
                [
                    236.31370067596436,
                    299.0875542163849
                ],
                [
                    214.72325921058655,
                    309.904009103775
                ],
                [
                    189.17705118656158,
                    317.7120089530945
                ]
            ],
            "provenance": "nvisii",
            "quaternion_xyzw": [
                0.45509636402130127,
                0.7841514348983765,
                -0.4050294756889343,
                -0.11808983981609344
            ],
            "quaternion_xyzw_world": [
                0.7630937099456787,
                0.4260871708393097,
                0.476154088973999,
                -0.09703214466571808
            ],
            "segmentation_id": 6,
            "visibility": -1
        },
        {
            "bounding_box_minx_maxx_miny_maxy": [
                -1,
                -1,
                -1,
                -1
            ],
            "class": "2",
            "local_cuboid": null,
            "local_to_world_matrix": [
                [
                    0.22437870502471924,
                    -0.6852461099624634,
                    0.6928869485855103,
                    0.0
                ],
                [
                    -0.7940375804901123,
                    -0.5407524108886719,
                    -0.277654230594635,
                    0.0
                ],
                [
                    0.56494140625,
                    -0.48787838220596313,
                    -0.6654447317123413,
                    0.0
                ],
                [
                    0.13713139295578003,
                    0.3682001829147339,
                    0.16561798751354218,
                    1.0
                ]
            ],
            "location": [
                -0.3682001829147339,
                0.16561798751354218,
                -0.13713139295578003
            ],
            "location_world": [
                0.13713139295578003,
                0.3682001829147339,
                0.16561798751354218
            ],
            "name": "google_2_of_Jenga_Classic_Game_6",
            "projected_cuboid": [
                [
                    -138.0504071712494,
                    231.97567462921143
                ],
                [
                    -132.49841332435608,
                    278.61207723617554
                ],
                [
                    -1458.3261013031006,
                    -722.3933935165405
                ],
                [
                    -973.8351106643677,
                    -438.0592703819275
                ],
                [
                    -258.8873505592346,
                    331.9343328475952
                ],
                [
                    -284.1416597366333,
                    407.54473209381104
                ],
                [
                    -2121.5908527374268,
                    -555.9226274490356
                ],
                [
                    -1309.308648109436,
                    -309.45897102355957
                ],
                [
                    -565.9803748130798,
                    61.99413537979126
                ]
            ],
            "provenance": "nvisii",
            "quaternion_xyzw": [
                0.7949594259262085,
                0.3879566192626953,
                0.08286568522453308,
                0.4589800536632538
            ],
            "quaternion_xyzw_world": [
                0.7795152068138123,
                -0.47442427277565,
                0.40340083837509155,
                0.06742145121097565
            ],
            "segmentation_id": 7,
            "visibility": -1
        },
        {
            "bounding_box_minx_maxx_miny_maxy": [
                -1,
                -1,
                -1,
                -1
            ],
            "class": "2",
            "local_cuboid": null,
            "local_to_world_matrix": [
                [
                    0.8665053844451904,
                    -0.321468710899353,
                    -0.38187214732170105,
                    0.0
                ],
                [
                    -0.48931020498275757,
                    -0.6983014345169067,
                    -0.522446870803833,
                    0.0
                ],
                [
                    -0.0987115204334259,
                    0.6395570039749146,
                    -0.7623798847198486,
                    0.0
                ],
                [
                    0.9261232614517212,
                    0.43392854928970337,
                    -0.36635899543762207,
                    1.0
                ]
            ],
            "location": [
                -0.43392854928970337,
                -0.36635899543762207,
                -0.9261232614517212
            ],
            "location_world": [
                0.9261232614517212,
                0.43392854928970337,
                -0.36635899543762207
            ],
            "name": "google_2_of_Jenga_Classic_Game_7",
            "projected_cuboid": [
                [
                    -154.1593372821808,
                    618.9501285552979
                ],
                [
                    -133.42049717903137,
                    664.9191379547119
                ],
                [
                    -1.6606450080871582,
                    509.14859771728516
                ],
                [
                    -27.339309453964233,
                    471.09144926071167
                ],
                [
                    -202.73828506469727,
                    626.9137859344482
                ],
                [
                    -182.6992928981781,
                    677.0033836364746
                ],
                [
                    -38.971513509750366,
                    508.61191749572754
                ],
                [
                    -64.88445401191711,
                    467.72855520248413
                ],
                [
                    -99.11879897117615,
                    566.2268996238708
                ]
            ],
            "provenance": "nvisii",
            "quaternion_xyzw": [
                0.6605308651924133,
                0.11976320296525955,
                -0.5700196623802185,
                0.4737439453601837
            ],
            "quaternion_xyzw_world": [
                0.9120288491249084,
                -0.2222459614276886,
                -0.13173477351665497,
                -0.3185216784477234
            ],
            "segmentation_id": 8,
            "visibility": -1
        },
        {
            "bounding_box_minx_maxx_miny_maxy": [
                -1,
                -1,
                -1,
                -1
            ],
            "class": "2",
            "local_cuboid": null,
            "local_to_world_matrix": [
                [
                    -0.9654464721679688,
                    0.22570326924324036,
                    0.13027362525463104,
                    0.0
                ],
                [
                    -0.09166833758354187,
                    0.17382359504699707,
                    -0.9805010557174683,
                    0.0
                ],
                [
                    -0.24394692480564117,
                    -0.9585632085800171,
                    -0.14712762832641602,
                    0.0
                ],
                [
                    1.0972687005996704,
                    -0.395673006772995,
                    0.2563898265361786,
                    1.0
                ]
            ],
            "location": [
                0.395673006772995,
                0.2563898265361786,
                -1.0972687005996704
            ],
            "location_world": [
                1.0972687005996704,
                -0.395673006772995,
                0.2563898265361786
            ],
            "name": "google_2_of_Jenga_Classic_Game_8",
            "projected_cuboid": [
                [
                    660.2191925048828,
                    91.79580211639404
                ],
                [
                    654.4438600540161,
                    141.32878184318542
                ],
                [
                    467.00578927993774,
                    124.08828735351562
                ],
                [
                    473.75863790512085,
                    78.00093293190002
                ],
                [
                    641.0274505615234,
                    108.88561606407166
                ],
                [
                    635.5268359184265,
                    154.985249042511
                ],
                [
                    461.89647912979126,
                    138.04519176483154
                ],
                [
                    468.2326912879944,
                    94.94401514530182
                ],
                [
                    554.5347332954407,
                    116.44168198108673
                ]
            ],
            "provenance": "nvisii",
            "quaternion_xyzw": [
                -0.6145833730697632,
                0.017715245485305786,
                -0.782647967338562,
                -0.09713730216026306
            ],
            "quaternion_xyzw_world": [
                0.04432126134634018,
                0.756041944026947,
                -0.6411893963813782,
                -0.12374331802129745
            ],
            "segmentation_id": 9,
            "visibility": -1
        },
        {
            "bounding_box_minx_maxx_miny_maxy": [
                -1,
                -1,
                -1,
                -1
            ],
            "class": "2",
            "local_cuboid": null,
            "local_to_world_matrix": [
                [
                    0.1827273964881897,
                    0.40651318430900574,
                    0.8951858878135681,
                    0.0
                ],
                [
                    -0.23034247756004333,
                    -0.8674726486206055,
                    0.4409463405609131,
                    0.0
                ],
                [
                    0.9557997584342957,
                    -0.28677237033843994,
                    -0.06487381458282471,
                    0.0
                ],
                [
                    0.18264351785182953,
                    -0.3985038697719574,
                    0.2398138791322708,
                    1.0
                ]
            ],
            "location": [
                0.3985038697719574,
                0.2398138791322708,
                -0.18264351785182953
            ],
            "location_world": [
                0.18264351785182953,
                -0.3985038697719574,
                0.2398138791322708
            ],
            "name": "google_2_of_Jenga_Classic_Game_9",
            "projected_cuboid": [
                [
                    791.5583848953247,
                    -49.432992935180664
                ],
                [
                    910.7391238212585,
                    -111.03656888008118
                ],
                [
                    1654.153823852539,
                    -734.1006398200989
                ],
                [
                    1295.8086729049683,
                    -525.6031155586243
                ],
                [
                    850.0517010688782,
                    33.05968642234802
                ],
                [
                    975.6509065628052,
                    -26.933640241622925
                ],
                [
                    1893.0895328521729,
                    -562.5046491622925
                ],
                [
                    1481.75048828125,
                    -355.8002710342407
                ],
                [
                    1074.796199798584,
                    -181.35952949523926
                ]
            ],
            "provenance": "nvisii",
            "quaternion_xyzw": [
                0.5263887047767639,
                0.8371468782424927,
                0.04941445589065552,
                0.14020830392837524
            ],
            "quaternion_xyzw_world": [
                0.7271646857261658,
                0.06056767329573631,
                0.636370837688446,
                0.25019046664237976
            ],
            "segmentation_id": 10,
            "visibility": -1
        },
        {
            "bounding_box_minx_maxx_miny_maxy": [
                -1,
                -1,
                -1,
                -1
            ],
            "class": "2",
            "local_cuboid": null,
            "local_to_world_matrix": [
                [
                    -0.23812472820281982,
                    -0.8219295740127563,
                    0.5174248218536377,
                    0.0
                ],
                [
                    0.9263180494308472,
                    -0.03205907344818115,
                    0.3753760755062103,
                    0.0
                ],
                [
                    -0.29194456338882446,
                    0.5686862468719482,
                    0.7690021991729736,
                    0.0
                ],
                [
                    0.46797680854797363,
                    0.00017162012227345258,
                    0.05347023159265518,
                    1.0
                ]
            ],
            "location": [
                -0.00017162012227345258,
                0.05347023159265518,
                -0.46797680854797363
            ],
            "location_world": [
                0.46797680854797363,
                0.00017162012227345258,
                0.05347023159265518
            ],
            "name": "google_2_of_Jenga_Classic_Game_10",
            "projected_cuboid": [
                [
                    5.749449133872986,
                    -260.4687213897705
                ],
                [
                    56.03742599487305,
                    -210.0386619567871
                ],
                [
                    290.728896856308,
                    141.2070095539093
                ],
                [
                    294.42864656448364,
                    166.5278673171997
                ],
                [
                    -92.12589263916016,
                    -163.50242495536804
                ],
                [
                    -26.2739360332489,
                    -132.8594982624054
                ],
                [
                    213.47233653068542,
                    192.86644458770752
                ],
                [
                    203.22465896606445,
                    226.32215917110443
                ],
                [
                    131.86706602573395,
                    14.770805835723877
                ]
            ],
            "provenance": "nvisii",
            "quaternion_xyzw": [
                -0.5372636914253235,
                -0.25568628311157227,
                0.15381719172000885,
                0.7888678908348083
            ],
            "quaternion_xyzw_world": [
                -0.07894963026046753,
                -0.3305538594722748,
                -0.7140003442764282,
                0.6121312379837036
            ],
            "segmentation_id": 11,
            "visibility": -1
        },
        {
            "bounding_box_minx_maxx_miny_maxy": [
                -1,
                -1,
                -1,
                -1
            ],
            "class": "2",
            "local_cuboid": null,
            "local_to_world_matrix": [
                [
                    -0.9010586738586426,
                    0.007414542138576508,
                    0.43363499641418457,
                    0.0
                ],
                [
                    0.246530681848526,
                    0.8313623070716858,
                    0.498055636882782,
                    0.0
                ],
                [
                    -0.356814980506897,
                    0.5556814074516296,
                    -0.7509341239929199,
                    0.0
                ],
                [
                    1.737932562828064,
                    0.4129200577735901,
                    0.19727455079555511,
                    1.0
                ]
            ],
            "location": [
                -0.4129200577735901,
                0.19727455079555511,
                -1.737932562828064
            ],
            "location_world": [
                1.737932562828064,
                0.4129200577735901,
                0.19727455079555511
            ],
            "name": "google_2_of_Jenga_Classic_Game_11",
            "projected_cuboid": [
                [
                    44.5791631937027,
                    259.8915100097656
                ],
                [
                    20.898431539535522,
                    243.984192609787
                ],
                [
                    92.03478693962097,
                    167.05775260925293
                ],
                [
                    115.13201892375946,
                    181.0387521982193
                ],
                [
                    53.59429121017456,
                    271.91391587257385
                ],
                [
                    30.80393373966217,
                    256.53076171875
                ],
                [
                    98.52704405784607,
                    181.93656206130981
                ],
                [
                    120.7696944475174,
                    195.52955031394958
                ],
                [
                    73.12209904193878,
                    218.64677965641022
                ]
            ],
            "provenance": "nvisii",
            "quaternion_xyzw": [
                -0.18554991483688354,
                0.5358767509460449,
                -0.46534237265586853,
                -0.6796057820320129
            ],
            "quaternion_xyzw_world": [
                0.0680316761136055,
                0.9331874251365662,
                0.2822951376438141,
                -0.2117607742547989
            ],
            "segmentation_id": 12,
            "visibility": -1
        },
        {
            "bounding_box_minx_maxx_miny_maxy": [
                -1,
                -1,
                -1,
                -1
            ],
            "class": "2",
            "local_cuboid": null,
            "local_to_world_matrix": [
                [
                    -0.09034383296966553,
                    -0.8091639280319214,
                    0.5805960893630981,
                    0.0
                ],
                [
                    0.9951980113983154,
                    -0.05129992961883545,
                    0.08336248993873596,
                    0.0
                ],
                [
                    -0.03766942024230957,
                    0.5853393077850342,
                    0.809912919998169,
                    0.0
                ],
                [
                    0.41302287578582764,
                    0.23494136333465576,
                    -0.012440303340554237,
                    1.0
                ]
            ],
            "location": [
                -0.23494136333465576,
                -0.012440303340554237,
                -0.41302287578582764
            ],
            "location_world": [
                0.41302287578582764,
                0.23494136333465576,
                -0.012440303340554237
            ],
            "name": "google_2_of_Jenga_Classic_Game_12",
            "projected_cuboid": [
                [
                    -387.0449662208557,
                    -162.35443949699402
                ],
                [
                    -259.5662474632263,
                    -93.32647919654846
                ],
                [
                    -18.561452627182007,
                    231.3263565301895
                ],
                [
                    -87.10110187530518,
                    238.61844837665558
                ],
                [
                    -480.532705783844,
                    -78.22933793067932
                ],
                [
                    -337.53126859664917,
                    -26.095300912857056
                ],
                [
                    -98.40139746665955,
                    291.8986678123474
                ],
                [
                    -183.5498809814453,
                    312.6421570777893
                ],
                [
                    -224.63154792785645,
                    93.24374794960022
                ]
            ],
            "provenance": "nvisii",
            "quaternion_xyzw": [
                -0.649640679359436,
                -0.2431713342666626,
                0.19048821926116943,
                0.6946574449539185
            ],
            "quaternion_xyzw_world": [
                -0.1943213790655136,
                -0.23933815956115723,
                -0.6984906196594238,
                0.6458075046539307
            ],
            "segmentation_id": 13,
            "visibility": -1
        },
        {
            "bounding_box_minx_maxx_miny_maxy": [
                -1,
                -1,
                -1,
                -1
            ],
            "class": "2",
            "local_cuboid": null,
            "local_to_world_matrix": [
                [
                    -0.8482301235198975,
