{
    "camera_data": {
        "camera_look_at": {
            "at": [
                1.0,
                0.0,
                0.0
            ],
            "eye": [
                0.0,
                0.0,
                0.0
            ],
            "up": [
                0.0,
                0.0,
                1.0
            ]
        },
        "camera_view_matrix": [
            [
                0.0,
                0.0,
                -1.0,
                0.0
            ],
            [
                -1.0,
                0.0,
                0.0,
                0.0
            ],
            [
                0.0,
                1.0,
                0.0,
                0.0
            ],
            [
                0.0,
                0.0,
                0.0,
                1.0
            ]
        ],
        "height": 500,
        "intrinsics": {
            "cx": 250.0,
            "cy": 250.0,
            "fx": 603.5535278320312,
            "fy": 603.5535278320312
        },
        "location_world": [
            0.0,
            0.0,
            0.0
        ],
        "quaternion_world_xyzw": [
            0.5,
            -0.5,
            -0.5,
            0.5
        ],
        "width": 500
    },
    "objects": [
        {
            "bounding_box_minx_maxx_miny_maxy": [
                -1,
                -1,
                -1,
                -1
            ],
            "class": "2",
            "local_cuboid": null,
            "local_to_world_matrix": [
                [
                    -0.8870084285736084,
                    0.17517706751823425,
                    -0.4272344708442688,
                    0.0
                ],
                [
                    -0.3322892487049103,
                    0.4002959728240967,
                    0.8540181517601013,
                    0.0
                ],
                [
                    0.3206246495246887,
                    0.8994866013526917,
                    -0.29685652256011963,
                    0.0
                ],
                [
                    1.7290085554122925,
                    -0.4069337844848633,
                    -0.020415648818016052,
                    1.0
                ]
            ],
            "location": [
                0.4069337844848633,
                -0.020415648818016052,
                -1.7290085554122925
            ],
            "location_world": [
                1.7290085554122925,
                -0.4069337844848633,
                -0.020415648818016052
            ],
            "name": "google_2_of_Jenga_Classic_Game_0",
            "projected_cuboid": [
                [
                    301.6549348831177,
                    303.615927696228
                ],
                [
                    290.97041487693787,
                    279.9256443977356
                ],
                [
                    387.6439332962036,
                    250.44259428977966
                ],
                [
                    397.3262906074524,
                    275.91609954833984
                ],
                [
                    304.17999625205994,
                    290.74352979660034
                ],
                [
                    293.93941164016724,
                    267.75646209716797
                ],
                [
                    386.90635561943054,
                    238.8009876012802
                ],
                [
                    396.21931314468384,
                    263.45574855804443
                ],
                [
                    343.6596989631653,
                    271.6805636882782
                ]
            ],
            "provenance": "nvisii",
            "quaternion_xyzw": [
                -0.2699210047721863,
                0.766456127166748,
                0.011557355523109436,
                -0.5827127695083618
            ],
            "quaternion_xyzw_world": [
                -0.048867493867874146,
                0.8037662506103516,
                0.5454025864601135,
                0.23261088132858276
            ],
            "segmentation_id": 1,
            "visibility": -1
        },
        {
            "bounding_box_minx_maxx_miny_maxy": [
                -1,
                -1,
                -1,
                -1
            ],
            "class": "2",
            "local_cuboid": null,
            "local_to_world_matrix": [
                [
                    0.7093940377235413,
                    -0.6647464036941528,
                    0.23424860835075378,
                    0.0
                ],
                [
                    -0.27432018518447876,
                    0.045741140842437744,
                    0.96055006980896,
                    0.0
                ],
                [
                    -0.6492369174957275,
                    -0.7456676959991455,
                    -0.14990484714508057,
                    0.0
                ],
                [
                    1.6895796060562134,
                    0.7767497897148132,
                    -0.5329975485801697,
                    1.0
                ]
            ],
            "location": [
                -0.7767497897148132,
                -0.5329975485801697,
                -1.6895796060562134
            ],
            "location_world": [
                1.6895796060562134,
                0.7767497897148132,
                -0.5329975485801697
            ],
            "name": "google_2_of_Jenga_Classic_Game_1",
            "projected_cuboid": [
                [
                    41.901543736457825,
                    488.4170591831207
                ],
                [
                    37.18537092208862,
                    459.7756862640381
                ],
                [
                    -16.215533018112183,
                    420.9650754928589
                ],
                [
                    -11.301219463348389,
                    446.98524475097656
                ],
                [
                    12.717247009277344,
                    504.9285888671875
                ],
                [
                    7.357463240623474,
                    475.4515588283539
                ],
                [
                    -44.42638158798218,
                    433.5229992866516
                ],
                [
                    -38.9571487903595,
                    460.23955941200256
                ],
                [
                    -2.7580857276916504,
                    460.019052028656
                ]
            ],
            "provenance": "nvisii",
            "quaternion_xyzw": [
                0.11721723526716232,
                0.40204691886901855,
                0.07736378908157349,
                0.9047836661338806
            ],
            "quaternion_xyzw_world": [
                0.6733419895172119,
                -0.34865885972976685,
                -0.15407784283161163,
                0.6334885358810425
            ],
            "segmentation_id": 2,
            "visibility": -1
        },
        {
            "bounding_box_minx_maxx_miny_maxy": [
                -1,
                -1,
                -1,
                -1
            ],
            "class": "2",
            "local_cuboid": null,
            "local_to_world_matrix": [
                [
                    -0.12288117408752441,
                    0.8889310359954834,
                    -0.44125086069107056,
                    0.0
                ],
                [
                    -0.1142362654209137,
                    0.4289952516555786,
                    0.8960543274879456,
                    0.0
                ],
                [
                    0.9858248829841614,
                    0.16051477193832397,
                    0.048832595348358154,
                    0.0
                ],
                [
                    1.3651961088180542,
                    -0.23203516006469727,
                    -0.09126254171133041,
                    1.0
                ]
            ],
            "location": [
                0.23203516006469727,
                -0.09126254171133041,
                -1.3651961088180542
            ],
            "location_world": [
                1.3651961088180542,
                -0.23203516006469727,
                -0.09126254171133041
            ],
            "name": "google_2_of_Jenga_Classic_Game_2",
            "projected_cuboid": [
                [
                    311.41987442970276,
                    298.28551411628723
                ],
                [
                    298.4776794910431,
                    270.78327536582947
                ],
                [
                    329.6518921852112,
                    281.5493643283844
                ],
                [
                    345.1037406921387,
                    314.77656960487366
                ],
                [
                    336.514949798584,
                    285.36951541900635
                ],
                [
                    323.79505038261414,
                    257.9531967639923
                ],
                [
                    360.08796095848083,
                    265.93664288520813
                ],
                [
                    375.2172887325287,
                    299.0391254425049
                ],
                [
                    333.43276381492615,
                    283.6539149284363
                ]
            ],
            "provenance": "nvisii",
            "quaternion_xyzw": [
                -0.22407573461532593,
                0.9709287285804749,
                0.041987866163253784,
                -0.07297027111053467
            ],
            "quaternion_xyzw_world": [
                0.31594741344451904,
                0.6129934191703796,
                0.4309055805206299,
                0.5820110440254211
            ],
            "segmentation_id": 3,
            "visibility": -1
        },
        {
            "bounding_box_minx_maxx_miny_maxy": [
                -1,
                -1,
                -1,
                -1
            ],
            "class": "2",
            "local_cuboid": null,
            "local_to_world_matrix": [
                [
                    -0.8672199249267578,
                    -0.48498183488845825,
                    -0.11279240250587463,
                    0.0
                ],
                [
                    0.4735368490219116,
                    -0.7332792282104492,
                    -0.4879184365272522,
                    0.0
                ],
                [
                    0.15392324328422546,
                    -0.47654396295547485,
                    0.8655712008476257,
                    0.0
                ],
                [
                    1.794803500175476,
                    -0.5844642519950867,
                    0.2511783540248871,
                    1.0
                ]
            ],
            "location": [
                0.5844642519950867,
                0.2511783540248871,
                -1.794803500175476
            ],
            "location_world": [
                1.794803500175476,
                -0.5844642519950867,
                0.2511783540248871
            ],
            "name": "google_2_of_Jenga_Classic_Game_3",
            "projected_cuboid": [
                [
                    490.60118198394775,
                    74.16972517967224
                ],
                [
                    505.8019161224365,
                    91.64184331893921
                ],
                [
                    465.0782346725464,
                    173.34364354610443
                ],
                [
                    448.54938983917236,
                    157.2970449924469
                ],
                [
                    469.26799416542053,
                    77.76127755641937
                ],
                [
                    484.37005281448364,
                    94.52642500400543
                ],
                [
                    444.63199377059937,
                    173.275426030159
                ],
                [
                    428.27630043029785,
                    157.83418715000153
                ],
                [
                    467.2154188156128,
                    124.58743155002594
                ]
            ],
            "provenance": "nvisii",
            "quaternion_xyzw": [
                0.7291816473007202,
                0.21273398399353027,
                0.4607096016407013,
                -0.45911332964897156
            ],
            "quaternion_xyzw_world": [
                0.011046352796256542,
                -0.25902196764945984,
                0.9308692812919617,
                -0.2574256956577301
            ],
            "segmentation_id": 4,
            "visibility": -1
        },
        {
            "bounding_box_minx_maxx_miny_maxy": [
                -1,
                -1,
                -1,
                -1
            ],
            "class": "2",
            "local_cuboid": null,
            "local_to_world_matrix": [
                [
                    -0.8621020317077637,
                    0.15449275076389313,
                    0.48261046409606934,
                    0.0
                ],
                [
                    0.18201886117458344,
                    0.9832401275634766,
                    0.010392013937234879,
                    0.0
                ],
                [
                    -0.47291648387908936,
                    0.09680315852165222,
                    -0.8757739067077637,
                    0.0
                ],
                [
                    1.644787311553955,
                    0.5042015910148621,
                    0.6572786569595337,
                    1.0
                ]
            ],
            "location": [
                -0.5042015910148621,
                0.6572786569595337,
                -1.644787311553955
            ],
            "location_world": [
                1.644787311553955,
                0.5042015910148621,
                0.6572786569595337
            ],
            "name": "google_2_of_Jenga_Classic_Game_4",
            "projected_cuboid": [
                [
                    45.2306866645813,
                    76.94253325462341
                ],
                [
                    13.507187366485596,
                    78.38152348995209
                ],
                [
                    44.236525893211365,
                    -2.3666322231292725
                ],
                [
                    73.52106273174286,
                    -4.455804824829102
                ],
                [
                    59.113383293151855,
                    99.60930049419403
                ],
                [
                    28.645440936088562,
                    100.7600873708725
                ],
                [
                    56.8956583738327,
                    21.435141563415527
                ],
                [
                    85.1048231124878,
                    19.64990794658661
                ],
                [
                    51.47312581539154,
                    47.238051891326904
                ]
            ],
            "provenance": "nvisii",
            "quaternion_xyzw": [
                -0.30091482400894165,
                0.41592320799827576,
                -0.6358100175857544,
                -0.576371431350708
            ],
            "quaternion_xyzw_world": [
                0.08722348511219025,
                0.9645097255706787,
                0.027784887701272964,
                -0.2476716786623001
            ],
            "segmentation_id": 5,
            "visibility": -1
        },
        {
            "bounding_box_minx_maxx_miny_maxy": [
                -1,
                -1,
                -1,
                -1
            ],
            "class": "2",
            "local_cuboid": null,
            "local_to_world_matrix": [
                [
                    -0.777125358581543,
                    0.6292185187339783,
                    -0.012653946876525879,
                    0.0
                ],
                [
                    0.2235027402639389,
                    0.2947245240211487,
                    0.9290769100189209,
                    0.0
                ],
                [
                    0.58832186460495,
                    0.7191810607910156,
                    -0.369670033454895,
                    0.0
                ],
                [
                    1.7846161127090454,
                    -0.7765005826950073,
                    -0.7393820285797119,
                    1.0
                ]
            ],
            "location": [
                0.7765005826950073,
                -0.7393820285797119,
                -1.7846161127090454
            ],
            "location_world": [
                1.7846161127090454,
                -0.7765005826950073,
                -0.7393820285797119
            ],
            "name": "google_2_of_Jenga_Classic_Game_5",
            "projected_cuboid": [
                [
                    424.50225353240967,
                    529.3921232223511
                ],
                [
                    415.0393307209015,
                    502.2013187408447
                ],
                [
                    503.0229091644287,
                    489.82101678848267
                ],
                [
                    514.3697261810303,
                    519.5564031600952
                ],
                [
                    434.2413544654846,
                    520.4267501831055
                ],
                [
                    424.9768853187561,
                    494.1555857658386
                ],
                [
                    510.9403133392334,
                    481.43360018730164
                ],
                [
                    521.9847559928894,
                    510.0717544555664
                ],
                [
                    466.66228771209717,
                    506.0003995895386
                ]
            ],
            "provenance": "nvisii",
            "quaternion_xyzw": [
                -0.08664059638977051,
                0.8869353532791138,
                -0.16719728708267212,
                -0.4217631220817566
            ],
            "quaternion_xyzw_world": [
                0.2728644609451294,
                0.7812681794166565,
                0.5274302959442139,
                0.19230778515338898
            ],
            "segmentation_id": 6,
            "visibility": -1
        },
        {
            "bounding_box_minx_maxx_miny_maxy": [
                -1,
                -1,
                -1,
                -1
            ],
            "class": "2",
            "local_cuboid": null,
            "local_to_world_matrix": [
                [
                    0.19087213277816772,
                    -0.04559716582298279,
                    0.9805552959442139,
                    0.0
                ],
                [
                    0.39559000730514526,
                    -0.9106392860412598,
                    -0.11935043334960938,
                    0.0
                ],
                [
                    0.8983743190765381,
                    0.41067856550216675,
                    -0.1557779312133789,
                    0.0
                ],
                [
                    0.3530135154724121,
                    0.18920698761940002,
                    0.5193747878074646,
                    1.0
                ]
            ],
            "location": [
                -0.18920698761940002,
                0.5193747878074646,
                -0.3530135154724121
            ],
            "location_world": [
                0.3530135154724121,
                0.18920698761940002,
                0.5193747878074646
            ],
            "name": "google_2_of_Jenga_Classic_Game_6",
            "projected_cuboid": [
                [
                    -94.31284666061401,
                    -265.2793526649475
                ],
                [
                    -3.77810001373291,
                    -228.86177897453308
                ],
                [
                    11.614516377449036,
                    -634.7771883010864
                ],
                [
                    -146.52234315872192,
                    -738.4240627288818
                ],
                [
                    -106.75475001335144,
                    -199.43171739578247
                ],
                [
                    -13.372093439102173,
                    -165.6576693058014
                ],
                [
                    -4.290789365768433,
                    -542.6541566848755
                ],
                [
                    -171.28613591194153,
                    -641.6882872581482
                ],
                [
                    -60.6459379196167,
                    -369.0134882926941
                ]
            ],
            "provenance": "nvisii",
            "quaternion_xyzw": [
                0.7182133197784424,
                0.6582983136177063,
                -0.20939135551452637,
                -0.08347523212432861
            ],
            "quaternion_xyzw_world": [
                0.7512139081954956,
                0.11647576093673706,
                0.6252977848052979,
                -0.17639082670211792
            ],
            "segmentation_id": 7,
            "visibility": -1
        },
        {
            "bounding_box_minx_maxx_miny_maxy": [
                -1,
                -1,
                -1,
                -1
            ],
            "class": "2",
            "local_cuboid": null,
            "local_to_world_matrix": [
                [
                    0.2208019495010376,
                    -0.8564876317977905,
                    0.46655696630477905,
                    0.0
                ],
                [
                    0.30882203578948975,
                    0.5151461362838745,
                    0.7995332479476929,
                    0.0
                ],
                [
                    -0.9251353144645691,
                    -0.03245547413825989,
                    0.37824755907058716,
                    0.0
                ],
                [
                    1.9160242080688477,
                    -0.3107670545578003,
                    -0.2415841519832611,
                    1.0
                ]
            ],
            "location": [
                0.3107670545578003,
                -0.2415841519832611,
                -1.9160242080688477
            ],
            "location_world": [
                1.9160242080688477,
                -0.3107670545578003,
                -0.2415841519832611
            ],
            "name": "google_2_of_Jenga_Classic_Game_7",
            "projected_cuboid": [
                [
                    388.1724178791046,
                    303.86242270469666
                ],
                [
                    370.2678084373474,
                    278.5848379135132
                ],
                [
                    350.5430519580841,
                    309.01142954826355
                ],
                [
                    365.64764380455017,
                    331.13089203834534
                ],
                [
                    364.5443022251129,
                    318.1183934211731
                ],
                [
                    346.82410955429077,
                    292.3486828804016
                ],
                [
                    330.21944761276245,
                    321.1144208908081
                ],
                [
                    345.1831340789795,
                    343.60387921333313
                ],
                [
                    356.9270670413971,
                    313.1638765335083
                ]
            ],
            "provenance": "nvisii",
            "quaternion_xyzw": [
                -0.18153446912765503,
                0.06691455841064453,
                0.2593812346458435,
                0.9461971521377563
            ],
            "quaternion_xyzw_world": [
                0.28609800338745117,
                -0.47856467962265015,
                -0.40071791410446167,
                0.7270137071609497
            ],
            "segmentation_id": 8,
            "visibility": -1
        },
        {
            "bounding_box_minx_maxx_miny_maxy": [
                -1,
                -1,
                -1,
                -1
            ],
            "class": "2",
            "local_cuboid": null,
            "local_to_world_matrix": [
                [
                    0.46828383207321167,
                    -0.8818715810775757,
                    0.05488872528076172,
                    0.0
                ],
                [
                    -0.768645167350769,
                    -0.4372214078903198,
                    -0.46692827343940735,
                    0.0
                ],
                [
                    0.43576928973197937,
                    0.1764650046825409,
                    -0.8825900554656982,
                    0.0
                ],
                [
                    1.0524108409881592,
                    0.1505105197429657,
                    0.2275601029396057,
                    1.0
                ]
            ],
            "location": [
                -0.1505105197429657,
                0.2275601029396057,
                -1.0524108409881592
            ],
            "location_world": [
                1.0524108409881592,
                0.1505105197429657,
                0.2275601029396057
            ],
            "name": "google_2_of_Jenga_Classic_Game_8",
            "projected_cuboid": [
                [
                    158.89468789100647,
                    254.096120595932
                ],
                [
                    172.93652892112732,
                    274.73703026771545
                ],
                [
                    193.44888627529144,
                    127.93219089508057
                ],
                [
                    176.58047378063202,
                    113.54561150074005
                ],
                [
                    120.90031802654266,
                    256.412148475647
                ],
                [
                    133.21714103221893,
                    277.86174416542053
                ],
                [
                    149.43793416023254,
                    126.039057970047
                ],
                [
                    134.66376066207886,
                    111.26932501792908
                ],
                [
                    154.6516865491867,
                    196.64014875888824
                ]
            ],
            "provenance": "nvisii",
            "quaternion_xyzw": [
                0.8343513607978821,
                0.1474529206752777,
                -0.1931886225938797,
                0.49476608633995056
            ],
            "quaternion_xyzw_world": [
                0.8348795175552368,
                -0.4942379891872406,
                0.14692479372024536,
                -0.19266051054000854
            ],
            "segmentation_id": 9,
            "visibility": -1
        },
        {
            "bounding_box_minx_maxx_miny_maxy": [
                -1,
                -1,
                -1,
                -1
            ],
            "class": "2",
            "local_cuboid": null,
            "local_to_world_matrix": [
                [
                    -0.6040468215942383,
                    -0.5229576826095581,
                    0.6013673543930054,
                    0.0
                ],
                [
                    -0.10363355278968811,
                    -0.6966361999511719,
                    -0.7099000811576843,
                    0.0
                ],
                [
                    0.7901819944381714,
                    -0.4911347031593323,
                    0.36660492420196533,
                    0.0
                ],
                [
                    0.2239796370267868,
                    -0.3538599908351898,
                    0.2900303900241852,
                    1.0
                ]
            ],
            "location": [
                0.3538599908351898,
                0.2900303900241852,
                -0.2239796370267868
            ],
            "location_world": [
                0.2239796370267868,
                -0.3538599908351898,
                0.2900303900241852
            ],
            "name": "google_2_of_Jenga_Classic_Game_9",
            "projected_cuboid": [
                [
                    927.2329807281494,
                    -374.9893307685852
                ],
                [
                    1024.3455171585083,
                    -303.00372838974
                ],
                [
                    1494.9471950531006,
                    -624.8080730438232
                ],
                [
                    1268.1200504302979,
                    -764.2555236816406
                ],
                [
                    808.8696002960205,
                    -254.05079126358032
                ],
                [
                    894.0407633781433,
                    -187.06655502319336
                ],
                [
                    1148.9872932434082,
                    -335.96277236938477
                ],
                [
                    977.0218729972839,
                    -459.08451080322266
                ],
                [
                    1006.7631006240845,
                    -360.9927296638489
                ]
            ],
            "provenance": "nvisii",
            "quaternion_xyzw": [
                0.8693445324897766,
                0.37327075004577637,
                0.31494462490081787,
                -0.07562345266342163
            ],
            "quaternion_xyzw_world": [
                0.42602360248565674,
                -0.36769747734069824,
                0.8165916800498962,
                -0.128376305103302
            ],
            "segmentation_id": 10,
            "visibility": -1
        },
        {
            "bounding_box_minx_maxx_miny_maxy": [
                -1,
                -1,
                -1,
                -1
            ],
            "class": "2",
            "local_cuboid": null,
            "local_to_world_matrix": [
                [
                    -0.3344317674636841,
                    0.8073794841766357,
                    0.486100435256958,
                    0.0
                ],
                [
                    -0.4241809546947479,
                    0.33164119720458984,
                    -0.8426651954650879,
                    0.0
                ],
                [
                    -0.8415615558624268,
                    -0.48800861835479736,
                    0.23156368732452393,
                    0.0
                ],
                [
                    0.9006124138832092,
                    -0.2435382604598999,
                    0.3112853169441223,
                    1.0
                ]
            ],
            "location": [
                0.2435382604598999,
                0.3112853169441223,
                -0.9006124138832092
            ],
            "location_world": [
                0.9006124138832092,
                -0.2435382604598999,
                0.3112853169441223
            ],
            "name": "google_2_of_Jenga_Classic_Game_10",
            "projected_cuboid": [
                [
                    587.0116949081421,
                    -146.88429236412048
                ],
                [
                    579.2667865753174,
                    -100.82241892814636
                ],
                [
                    387.2390687465668,
                    45.30517756938934
                ],
                [
                    400.4780352115631,
                    5.96889853477478
                ],
                [
                    630.0933957099915,
                    -97.87628054618835
                ],
                [
                    625.036358833313,
                    -50.98363757133484
                ],
                [
                    426.10520124435425,
                    77.16622948646545
                ],
                [
                    437.4752342700958,
                    37.719011306762695
                ],
                [
                    494.33183670043945,
                    -17.83430576324463
                ]
            ],
            "provenance": "nvisii",
            "quaternion_xyzw": [
                0.220070481300354,
                0.1754656434059143,
                0.9342920184135437,
                0.21881318092346191
            ],
            "quaternion_xyzw_world": [
                -0.15997134149074554,
                -0.5988550186157227,
                0.555507481098175,
                0.554250180721283
            ],
            "segmentation_id": 11,
            "visibility": -1
        },
        {
            "bounding_box_minx_maxx_miny_maxy": [
                -1,
                -1,
                -1,
                -1
            ],
            "class": "2",
            "local_cuboid": null,
            "local_to_world_matrix": [
                [
                    -0.924958348274231,
                    -0.03844599425792694,
                    -0.37811917066574097,
                    0.0
                ],
                [
                    -0.23344434797763824,
                    0.8425588607788086,
                    0.4853847026824951,
                    0.0
                ],
                [
                    0.2999265789985657,
                    0.537230372428894,
                    -0.7883068323135376,
                    0.0
                ],
                [
                    1.7825745344161987,
                    0.6328279376029968,
                    0.7870197296142578,
                    1.0
                ]
            ],
            "location": [
                -0.6328279376029968,
                0.7870197296142578,
                -1.7825745344161987
            ],
            "location_world": [
                1.7825745344161987,
                0.6328279376029968,
                0.7870197296142578
            ],
            "name": "google_2_of_Jenga_Classic_Game_11",
            "projected_cuboid": [
                [
                    3.6007314920425415,
                    79.32320237159729
                ],
                [
                    -22.605150938034058,
                    63.915908336639404
                ],
                [
                    18.189147114753723,
                    -25.51668882369995
                ],
                [
                    45.24455964565277,
                    -8.336782455444336
                ],
                [
                    12.026607990264893,
                    76.42769813537598
                ],
                [
                    -13.083666563034058,
                    61.58295273780823
                ],
                [
                    26.526451110839844,
                    -24.35573935508728
                ],
                [
                    52.41261422634125,
                    -7.873743772506714
                ],
                [
                    14.955788850784302,
                    27.97125279903412
                ]
            ],
            "provenance": "nvisii",
            "quaternion_xyzw": [
                -0.4617867171764374,
                0.660845160484314,
                -0.20990636944770813,
                -0.55315101146698
            ],
            "quaternion_xyzw_world": [
                -0.07209309190511703,
                0.9428446292877197,
                0.2711515426635742,
                0.17978724837303162
            ],
            "segmentation_id": 12,
            "visibility": -1
        },
        {
            "bounding_box_minx_maxx_miny_maxy": [
                -1,
                -1,
                -1,
                -1
            ],
            "class": "2",
            "local_cuboid": null,
            "local_to_world_matrix": [
                [
                    0.2610892057418823,
                    0.9448904991149902,
                    -0.19752022624015808,
                    0.0
                ],
                [
                    -0.09942707419395447,
                    0.2298523187637329,
                    0.9681333303451538,
                    0.0
                ],
                [
                    0.9601805210113525,
                    -0.2331303060054779,
                    0.15395969152450562,
                    0.0
                ],
                [
                    0.720714807510376,
                    -0.33800190687179565,
                    -0.1768932193517685,
                    1.0
                ]
            ],
            "location": [
                0.33800190687179565,
                -0.1768932193517685,
                -0.720714807510376
            ],
            "location_world": [
                0.720714807510376,
                -0.33800190687179565,
                -0.1768932193517685
            ],
            "name": "google_2_of_Jenga_Classic_Game_12",
            "projected_cuboid": [
                [
                    474.9542474746704,
                    357.3276996612549
                ],
                [
                    465.19994735717773,
                    309.24010276794434
                ],
                [
                    491.69403314590454,
                    369.44448947906494
                ],
                [
                    504.8668384552002,
                    435.18897891044617
                ],
                [
                    524.8214602470398,
                    350.09828209877014
                ],
                [
                    515.2878761291504,
                    300.94537138938904
                ],
                [
                    562.4464750289917,
                    359.6113920211792
                ],
                [
                    575.1677751541138,
                    427.3662865161896
                ],
                [
                    510.83827018737793,
                    358.26438665390015
                ]
            ],
            "provenance": "nvisii",
            "quaternion_xyzw": [
                -0.10857787728309631,
                0.9840229153633118,
                0.06437520682811737,
                0.1255609393119812
            ],
            "quaternion_xyzw_world": [
                0.46831539273262024,
                0.45133230090141296,
                0.4071296453475952,
                0.6412684917449951
            ],
            "segmentation_id": 13,
            "visibility": -1
        },
        {
            "bounding_box_minx_maxx_miny_maxy": [
                -1,
                -1,
                -1,
                -1
            ],
            "class": "2",
            "local_cuboid": null,
            "local_to_world_matrix": [
                [
                    0.028572916984558105,
                    0.9525561332702637,
