{
    "camera_data": {
        "camera_look_at": {
            "at": [
                1.0,
                0.0,
                0.0
            ],
            "eye": [
                0.0,
                0.0,
                0.0
            ],
            "up": [
                0.0,
                0.0,
                1.0
            ]
        },
        "camera_view_matrix": [
            [
                0.0,
                0.0,
                -1.0,
                0.0
            ],
            [
                -1.0,
                0.0,
                0.0,
                0.0
            ],
            [
                0.0,
                1.0,
                0.0,
                0.0
            ],
            [
                0.0,
                0.0,
                0.0,
                1.0
            ]
        ],
        "height": 500,
        "intrinsics": {
            "cx": 250.0,
            "cy": 250.0,
            "fx": 603.5535278320312,
            "fy": 603.5535278320312
        },
        "location_world": [
            0.0,
            0.0,
            0.0
        ],
        "quaternion_world_xyzw": [
            0.5,
            -0.5,
            -0.5,
            0.5
        ],
        "width": 500
    },
    "objects": [
        {
            "bounding_box_minx_maxx_miny_maxy": [
                -1,
                -1,
                -1,
                -1
            ],
            "class": "2",
            "local_cuboid": null,
            "local_to_world_matrix": [
                [
                    0.2385263442993164,
                    -0.17006272077560425,
                    -0.9561296701431274,
                    0.0
                ],
                [
                    -0.1435493528842926,
                    -0.9799065589904785,
                    0.13848046958446503,
                    0.0
                ],
                [
                    -0.960468053817749,
                    0.10422054678201675,
                    -0.25814592838287354,
                    0.0
                ],
                [
                    1.8410918712615967,
                    0.21030540764331818,
                    -0.36502954363822937,
                    1.0
                ]
            ],
            "location": [
                -0.21030540764331818,
                -0.36502954363822937,
                -1.8410918712615967
            ],
            "location_world": [
                1.8410918712615967,
                0.21030540764331818,
                -0.36502954363822937
            ],
            "name": "google_2_of_Jenga_Classic_Game_0",
            "projected_cuboid": [
                [
                    144.51399445533752,
                    435.34642457962036
                ],
                [
                    175.6289005279541,
                    432.2702884674072
                ],
                [
                    196.90291583538055,
                    379.8714876174927
                ],
                [
                    170.35098373889923,
                    382.8248977661133
                ],
                [
                    138.0394846200943,
                    408.3516001701355
                ],
                [
                    169.48255896568298,
                    405.0261974334717
                ],
                [
                    191.92038476467133,
                    356.2740385532379
                ],
                [
                    165.12945294380188,
                    359.4132959842682
                ],
                [
                    169.9565351009369,
                    392.90904998779297
                ]
            ],
            "provenance": "nvisii",
            "quaternion_xyzw": [
                0.13333627581596375,
                0.044580668210983276,
                -0.6426361799240112,
                0.7531619071960449
            ],
            "quaternion_xyzw_world": [
                0.7868574857711792,
                -0.09964068233966827,
                -0.6089405417442322,
                0.010885045863687992
            ],
            "segmentation_id": 1,
            "visibility": -1
        },
        {
            "bounding_box_minx_maxx_miny_maxy": [
                -1,
                -1,
                -1,
                -1
            ],
            "class": "2",
            "local_cuboid": null,
            "local_to_world_matrix": [
                [
                    -0.12683188915252686,
                    -0.12798242270946503,
                    -0.9836331605911255,
                    0.0
                ],
                [
                    0.4847974181175232,
                    0.8571367263793945,
                    -0.17403462529182434,
                    0.0
                ],
                [
                    0.8653814792633057,
                    -0.4989359676837921,
                    -0.046666741371154785,
                    0.0
                ],
                [
                    1.724156379699707,
                    0.20670810341835022,
                    -0.8038570284843445,
                    1.0
                ]
            ],
            "location": [
                -0.20670810341835022,
                -0.8038570284843445,
                -1.724156379699707
            ],
            "location_world": [
                1.724156379699707,
                0.20670810341835022,
                -0.8038570284843445
            ],
            "name": "google_2_of_Jenga_Classic_Game_1",
            "projected_cuboid": [
                [
                    243.9047396183014,
                    512.5559568405151
                ],
                [
                    222.10544347763062,
                    511.613130569458
                ],
                [
                    167.48864948749542,
                    544.8977947235107
                ],
                [
                    191.21569395065308,
                    546.7830896377563
                ],
                [
                    240.829199552536,
                    487.3398542404175
                ],
                [
                    219.2016839981079,
                    486.91725730895996
                ],
                [
                    164.47770595550537,
                    516.4436101913452
                ],
                [
                    187.99370527267456,
                    517.6361799240112
                ],
                [
                    206.356942653656,
                    514.3938064575195
                ]
            ],
            "provenance": "nvisii",
            "quaternion_xyzw": [
                -0.7361043691635132,
                0.6251728534698486,
                -0.21252688765525818,
                0.14880046248435974
            ],
            "quaternion_xyzw_world": [
                0.12519793212413788,
                0.7125018239021301,
                -0.23612941801548004,
                0.6487753987312317
            ],
            "segmentation_id": 2,
            "visibility": -1
        },
        {
            "bounding_box_minx_maxx_miny_maxy": [
                -1,
                -1,
                -1,
                -1
            ],
            "class": "2",
            "local_cuboid": null,
            "local_to_world_matrix": [
                [
                    0.2728615403175354,
                    -0.9445738792419434,
                    -0.18255601823329926,
                    0.0
                ],
                [
                    -0.6938910484313965,
                    -0.061791062355041504,
                    -0.7174239754676819,
                    0.0
                ],
                [
                    0.6663796305656433,
                    0.32243138551712036,
                    -0.6722917556762695,
                    0.0
                ],
                [
                    0.6723977327346802,
                    0.05208282917737961,
                    -0.0924706757068634,
                    1.0
                ]
            ],
            "location": [
                -0.05208282917737961,
                -0.0924706757068634,
                -0.6723977327346802
            ],
            "location_world": [
                0.6723977327346802,
                0.05208282917737961,
                -0.0924706757068634
            ],
            "name": "google_2_of_Jenga_Classic_Game_2",
            "projected_cuboid": [
                [
                    175.7224053144455,
                    426.8043637275696
                ],
                [
                    174.30472373962402,
                    482.1011424064636
                ],
                [
                    238.704115152359,
                    369.9331283569336
                ],
                [
                    235.21314561367035,
                    308.75346064567566
                ],
                [
                    123.13373386859894,
                    421.2869703769684
                ],
                [
                    117.95341968536377,
                    477.63216495513916
                ],
                [
                    167.1992540359497,
                    360.27032136917114
                ],
                [
                    169.6629673242569,
                    298.0040907859802
                ],
                [
                    172.22145199775696,
                    399.4747996330261
                ]
            ],
            "provenance": "nvisii",
            "quaternion_xyzw": [
                0.9121920466423035,
                -0.03309747576713562,
                -0.16314902901649475,
                0.37442299723625183
            ],
            "quaternion_xyzw_world": [
                0.7083333134651184,
                -0.5782817602157593,
                0.17076128721237183,
                -0.3670077919960022
            ],
            "segmentation_id": 3,
            "visibility": -1
        },
        {
            "bounding_box_minx_maxx_miny_maxy": [
                -1,
                -1,
                -1,
                -1
            ],
            "class": "2",
            "local_cuboid": null,
            "local_to_world_matrix": [
                [
                    -0.8416410684585571,
                    0.5047394037246704,
                    -0.19203773140907288,
                    0.0
                ],
                [
                    -0.23869085311889648,
                    -0.028700947761535645,
                    0.9706713557243347,
                    0.0
                ],
                [
                    0.4844244420528412,
                    0.8627944588661194,
                    0.14463257789611816,
                    0.0
                ],
                [
                    1.6280238628387451,
                    -0.5069252252578735,
                    0.13031397759914398,
                    1.0
                ]
            ],
            "location": [
                0.5069252252578735,
                0.13031397759914398,
                -1.6280238628387451
            ],
            "location_world": [
                1.6280238628387451,
                -0.5069252252578735,
                0.13031397759914398
            ],
            "name": "google_2_of_Jenga_Classic_Game_3",
            "projected_cuboid": [
                [
                    330.79665899276733,
                    207.1542590856552
                ],
                [
                    332.5873017311096,
                    177.99797654151917
                ],
                [
                    435.94199419021606,
                    187.6586675643921
                ],
                [
                    432.695597410202,
                    219.2642092704773
                ],
                [
                    341.09410643577576,
                    203.67975533008575
                ],
                [
                    342.93419122695923,
                    175.5642592906952
                ],
                [
                    443.01965832710266,
                    184.6279352903366
                ],
                [
                    439.8168921470642,
                    215.0144726037979
                ],
                [
                    385.33496856689453,
                    196.20688259601593
                ]
            ],
            "provenance": "nvisii",
            "quaternion_xyzw": [
                -0.04747012257575989,
                0.8602085709571838,
                0.11140421777963638,
                -0.4953553080558777
            ],
            "quaternion_xyzw_world": [
                0.10298947989940643,
                0.6458148956298828,
                0.7097489833831787,
                0.2618637979030609
            ],
            "segmentation_id": 4,
            "visibility": -1
        },
        {
            "bounding_box_minx_maxx_miny_maxy": [
                -1,
                -1,
                -1,
                -1
            ],
            "class": "2",
            "local_cuboid": null,
            "local_to_world_matrix": [
                [
                    0.5726145505905151,
                    0.5053418278694153,
                    0.645555853843689,
                    0.0
                ],
                [
                    -0.8144800066947937,
                    0.26089155673980713,
                    0.5182258486747742,
                    0.0
                ],
                [
                    0.0934610664844513,
                    -0.8225359320640564,
                    0.560981035232544,
                    0.0
                ],
                [
                    1.6148492097854614,
                    0.7342987060546875,
                    0.21310241520404816,
                    1.0
                ]
            ],
            "location": [
                -0.7342987060546875,
                0.21310241520404816,
                -1.6148492097854614
            ],
            "location_world": [
                1.6148492097854614,
                0.7342987060546875,
                0.21310241520404816
            ],
            "name": "google_2_of_Jenga_Classic_Game_4",
            "projected_cuboid": [
                [
                    71.35146856307983,
                    114.83505368232727
                ],
                [
                    55.66050112247467,
                    92.93442964553833
                ],
                [
                    -38.107335567474365,
                    151.95347368717194
                ],
                [
                    -18.302887678146362,
                    171.78389430046082
                ],
                [
                    81.01955056190491,
                    129.72703576087952
                ],
                [
                    65.30088186264038,
                    107.84845054149628
                ],
                [
                    -31.01685643196106,
                    168.84014010429382
                ],
                [
                    -10.962247848510742,
                    188.50727379322052
                ],
                [
                    22.386908531188965,
                    140.66660404205322
                ]
            ],
            "provenance": "nvisii",
            "quaternion_xyzw": [
                0.1321868896484375,
                0.7275006771087646,
                0.4726666212081909,
                0.47943270206451416
            ],
            "quaternion_xyzw_world": [
                0.4332268238067627,
                -0.17839281260967255,
                0.42646071314811707,
                0.7737065553665161
            ],
            "segmentation_id": 5,
            "visibility": -1
        },
        {
            "bounding_box_minx_maxx_miny_maxy": [
                -1,
                -1,
                -1,
                -1
            ],
            "class": "2",
            "local_cuboid": null,
            "local_to_world_matrix": [
                [
                    -0.6974431276321411,
                    0.6876674294471741,
                    -0.20170947909355164,
                    0.0
                ],
                [
                    -0.711198627948761,
                    -0.6295449733734131,
                    0.3128414452075958,
                    0.0
                ],
                [
                    0.0881456807255745,
                    0.36164459586143494,
                    0.9281398057937622,
                    0.0
                ],
                [
                    1.9211254119873047,
                    -0.48304483294487,
                    -0.7692298293113708,
                    1.0
                ]
            ],
            "location": [
                0.48304483294487,
                -0.7692298293113708,
                -1.9211254119873047
            ],
            "location_world": [
                1.9211254119873047,
                -0.48304483294487,
                -0.7692298293113708
            ],
            "name": "google_2_of_Jenga_Classic_Game_5",
            "projected_cuboid": [
                [
                    350.21889209747314,
                    410.775363445282
                ],
                [
                    370.38519978523254,
                    407.44704008102417
                ],
                [
                    406.25953674316406,
                    497.42311239242554
                ],
                [
                    384.7033977508545,
                    497.98712134361267
                ],
                [
                    363.8024926185608,
                    401.57097578048706
                ],
                [
                    383.81773233413696,
                    398.0525732040405
                ],
                [
                    418.84350776672363,
                    485.3224456310272
                ],
                [
                    397.50486612319946,
                    486.2380027770996
                ],
                [
                    384.2581510543823,
                    447.7522671222687
                ]
            ],
            "provenance": "nvisii",
            "quaternion_xyzw": [
                0.14801762998104095,
                0.7226089239120483,
                0.5671596527099609,
                -0.36641108989715576
            ],
            "quaternion_xyzw_world": [
                -0.031472109258174896,
                0.1869213581085205,
                0.9020986557006836,
                0.3876699209213257
            ],
            "segmentation_id": 6,
            "visibility": -1
        },
        {
            "bounding_box_minx_maxx_miny_maxy": [
                -1,
                -1,
                -1,
                -1
            ],
            "class": "2",
            "local_cuboid": null,
            "local_to_world_matrix": [
                [
                    -0.7142547369003296,
                    0.30352461338043213,
                    -0.6306453943252563,
                    0.0
                ],
                [
                    0.35049968957901,
                    0.9350581765174866,
                    0.05306823551654816,
                    0.0
                ],
                [
                    0.6057976484298706,
                    -0.18313676118850708,
                    -0.7742550373077393,
                    0.0
                ],
                [
                    0.18803510069847107,
                    0.3205314874649048,
                    0.25813883543014526,
                    1.0
                ]
            ],
            "location": [
                -0.3205314874649048,
                0.25813883543014526,
                -0.18803510069847107
            ],
            "location_world": [
                0.18803510069847107,
                0.3205314874649048,
                0.25813883543014526
            ],
            "name": "google_2_of_Jenga_Classic_Game_6",
            "projected_cuboid": [
                [
                    -198.8789141178131,
                    240.86450040340424
                ],
                [
                    -296.6230511665344,
                    233.94176363945007
                ],
                [
                    -1035.2578163146973,
                    -563.8208985328674
                ],
                [
                    -968.9757823944092,
                    -711.2060785293579
                ],
                [
                    -93.8381552696228,
                    162.8662645816803
                ],
                [
                    -185.70253252983093,
                    162.55801916122437
                ],
                [
                    -659.2121124267578,
                    -495.3022599220276
                ],
                [
                    -556.2170743942261,
                    -591.3885235786438
                ],
                [
                    -391.1672830581665,
                    -66.64377450942993
                ]
            ],
            "provenance": "nvisii",
            "quaternion_xyzw": [
                -0.5588392019271851,
                0.7004268169403076,
                -0.40145328640937805,
                -0.18956933915615082
            ],
            "quaternion_xyzw_world": [
                0.1767357587814331,
                0.9251443147659302,
                -0.035148173570632935,
                0.3341216742992401
            ],
            "segmentation_id": 7,
            "visibility": -1
        },
        {
            "bounding_box_minx_maxx_miny_maxy": [
                -1,
                -1,
                -1,
                -1
            ],
            "class": "2",
            "local_cuboid": null,
            "local_to_world_matrix": [
                [
                    -0.2571629285812378,
                    -0.9600707292556763,
                    0.11014237999916077,
                    0.0
                ],
                [
                    0.5885683298110962,
                    -0.06520736217498779,
                    0.8058134317398071,
                    0.0
                ],
                [
                    -0.766455888748169,
                    0.2720516622066498,
                    0.5818362236022949,
                    0.0
                ],
                [
                    1.189450979232788,
                    0.20499253273010254,
                    -0.33631452918052673,
                    1.0
                ]
            ],
            "location": [
                -0.20499253273010254,
                -0.33631452918052673,
                -1.189450979232788
            ],
            "location_world": [
                1.189450979232788,
                0.20499253273010254,
                -0.33631452918052673
            ],
            "name": "google_2_of_Jenga_Classic_Game_7",
            "projected_cuboid": [
                [
                    88.26494216918945,
                    377.16588377952576
                ],
                [
                    99.8547226190567,
                    328.8252651691437
                ],
                [
                    167.60128736495972,
                    399.35559034347534
                ],
                [
                    161.17551922798157,
                    441.3577914237976
                ],
                [
                    43.64132881164551,
                    379.96798753738403
                ],
                [
                    57.21260607242584,
                    332.46830105781555
                ],
                [
                    131.63360953330994,
                    401.1639356613159
                ],
                [
                    123.79717826843262,
                    442.51734018325806
                ],
                [
                    112.90624737739563,
                    390.8011317253113
                ]
            ],
            "provenance": "nvisii",
            "quaternion_xyzw": [
                -0.31136855483055115,
                -0.14078959822654724,
                0.011954270303249359,
                0.9397259950637817
            ],
            "quaternion_xyzw_world": [
                0.23780681192874908,
                -0.3905506730079651,
                -0.6899649500846863,
                0.561129629611969
            ],
            "segmentation_id": 8,
            "visibility": -1
        },
        {
            "bounding_box_minx_maxx_miny_maxy": [
                -1,
                -1,
                -1,
                -1
            ],
            "class": "2",
            "local_cuboid": null,
            "local_to_world_matrix": [
                [
                    0.04937255382537842,
                    0.8822659254074097,
                    -0.46815499663352966,
                    0.0
                ],
                [
                    0.15291938185691833,
                    -0.4698777198791504,
                    -0.8693851828575134,
                    0.0
                ],
                [
                    -0.9870045185089111,
                    -0.028666198253631592,
                    -0.15811467170715332,
                    0.0
                ],
                [
                    0.8784443140029907,
                    0.508338451385498,
                    0.6076275110244751,
                    1.0
                ]
            ],
            "location": [
                -0.508338451385498,
                0.6076275110244751,
                -0.8784443140029907
            ],
            "location_world": [
                0.8784443140029907,
                0.508338451385498,
                0.6076275110244751
            ],
            "name": "google_2_of_Jenga_Classic_Game_8",
            "projected_cuboid": [
                [
                    -321.5789198875427,
                    -347.46605157852173
                ],
                [
                    -269.2403793334961,
                    -260.5527639389038
                ],
                [
                    -106.13948106765747,
                    -126.00940465927124
                ],
                [
                    -138.80223035812378,
                    -182.2628676891327
                ],
                [
                    -253.19558382034302,
                    -389.78302478790283
                ],
                [
                    -201.99906826019287,
                    -301.3814687728882
                ],
                [
                    -60.13458967208862,
                    -152.9131829738617
                ],
                [
                    -92.26080775260925,
                    -209.8177671432495
                ],
                [
                    -164.39136862754822,
                    -230.49548268318176
                ]
            ],
            "provenance": "nvisii",
            "quaternion_xyzw": [
                0.005354464054107666,
                0.08043038845062256,
                -0.9667801856994629,
                0.24256616830825806
            ],
            "quaternion_xyzw_world": [
                0.6475656032562256,
                0.39964497089385986,
                -0.5617807507514954,
                -0.32456904649734497
            ],
            "segmentation_id": 9,
            "visibility": -1
        },
        {
            "bounding_box_minx_maxx_miny_maxy": [
                -1,
                -1,
                -1,
                -1
            ],
            "class": "2",
            "local_cuboid": null,
            "local_to_world_matrix": [
                [
                    -0.5563864707946777,
                    -0.7965079545974731,
                    -0.23666250705718994,
                    0.0
                ],
                [
                    -0.02515271306037903,
                    0.30083274841308594,
                    -0.9533451795578003,
                    0.0
                ],
                [
                    0.830542802810669,
                    -0.5244756937026978,
                    -0.18741357326507568,
                    0.0
                ],
                [
                    0.1857144832611084,
                    -0.3903293311595917,
                    0.2428102344274521,
                    1.0
                ]
            ],
            "location": [
                0.3903293311595917,
                0.2428102344274521,
                -0.1857144832611084
            ],
            "location_world": [
                0.1857144832611084,
                -0.3903293311595917,
                0.2428102344274521
            ],
            "name": "google_2_of_Jenga_Classic_Game_9",
            "projected_cuboid": [
                [
                    1120.4826831817627,
                    -74.43410158157349
                ],
                [
                    1087.2187614440918,
                    43.73456537723541
                ],
                [
                    1767.195463180542,
                    -466.83788299560547
                ],
                [
                    1840.6530618667603,
                    -752.3366212844849
                ],
                [
                    951.8040418624878,
                    -67.8495466709137
                ],
                [
                    920.9926724433899,
                    38.80426287651062
                ],
                [
                    1261.3383531570435,
                    -369.093656539917
                ],
                [
                    1324.4966268539429,
                    -595.5539345741272
                ],
                [
                    1167.8764820098877,
                    -173.5784113407135
                ]
            ],
            "provenance": "nvisii",
            "quaternion_xyzw": [
                -0.9460967183113098,
                0.14202970266342163,
                -0.28561094403266907,
                -0.0561693012714386
            ],
            "quaternion_xyzw_world": [
                -0.28731268644332886,
                0.7149533033370972,
                -0.5167543292045593,
                0.3731730878353119
            ],
            "segmentation_id": 10,
            "visibility": -1
        },
        {
            "bounding_box_minx_maxx_miny_maxy": [
                -1,
                -1,
                -1,
                -1
            ],
            "class": "2",
            "local_cuboid": null,
            "local_to_world_matrix": [
                [
                    0.6426111459732056,
                    0.6064615845680237,
                    -0.4682472348213196,
                    0.0
                ],
                [
                    0.7345266938209534,
                    -0.6615004539489746,
                    0.15128923952579498,
                    0.0
                ],
                [
                    -0.21799446642398834,
                    -0.4411602020263672,
                    -0.8705497980117798,
                    0.0
                ],
                [
                    0.6751750111579895,
                    -0.057432062923908234,
                    0.16640935838222504,
                    1.0
                ]
            ],
            "location": [
                0.057432062923908234,
                0.16640935838222504,
                -0.6751750111579895
            ],
            "location_world": [
                0.6751750111579895,
                -0.057432062923908234,
                0.16640935838222504
            ],
            "name": "google_2_of_Jenga_Classic_Game_10",
            "projected_cuboid": [
                [
                    383.9380741119385,
                    362.31303215026855
                ],
                [
                    421.97951674461365,
                    340.33703804016113
                ],
                [
                    300.68549513816833,
                    122.66327440738678
                ],
                [
                    255.0252377986908,
                    122.38314747810364
                ],
                [
                    448.1872022151947,
                    332.4071764945984
                ],
                [
                    482.89644718170166,
                    311.63153052330017
                ],
                [
                    346.87307476997375,
                    80.43426275253296
                ],
                [
                    302.10161209106445,
                    75.8984386920929
                ],
                [
                    364.3251955509186,
                    213.15741539001465
                ]
            ],
            "provenance": "nvisii",
            "quaternion_xyzw": [
                0.07787001132965088,
                0.620434582233429,
                -0.646754801273346,
                0.4366985261440277
            ],
            "quaternion_xyzw_world": [
                0.8908789753913879,
                0.37631046772003174,
                -0.19257433712482452,
                0.1662541776895523
            ],
            "segmentation_id": 11,
            "visibility": -1
        },
        {
            "bounding_box_minx_maxx_miny_maxy": [
                -1,
                -1,
                -1,
                -1
            ],
            "class": "2",
            "local_cuboid": null,
            "local_to_world_matrix": [
                [
                    -0.7278863191604614,
                    0.27899274230003357,
                    0.6263747215270996,
                    0.0
                ],
                [
                    -0.6803207397460938,
                    -0.4080156087875366,
                    -0.6088411211967468,
                    0.0
                ],
                [
                    0.08570832014083862,
                    -0.8693025708198547,
                    0.48679298162460327,
                    0.0
                ],
                [
                    1.9155534505844116,
                    0.6459580659866333,
                    0.420116662979126,
                    1.0
                ]
            ],
            "location": [
                -0.6459580659866333,
                0.420116662979126,
                -1.9155534505844116
            ],
            "location_world": [
                1.9155534505844116,
                0.6459580659866333,
                0.420116662979126
            ],
            "name": "google_2_of_Jenga_Classic_Game_11",
            "projected_cuboid": [
                [
                    119.29172277450562,
                    59.4368577003479
                ],
                [
                    126.34629011154175,
                    70.100337266922
                ],
                [
                    42.20333695411682,
                    113.86209726333618
                ],
                [
                    37.57980465888977,
                    101.74688696861267
                ],
                [
                    129.69627976417542,
                    79.83943819999695
                ],
                [
                    136.85010373592377,
                    90.79134464263916
                ],
                [
                    55.36666512489319,
                    133.5117518901825
                ],
                [
                    50.494447350502014,
                    121.17703258991241
                ],
                [
                    87.53688633441925,
                    96.23357653617859
                ]
            ],
            "provenance": "nvisii",
            "quaternion_xyzw": [
                0.5948858857154846,
                0.4347010850906372,
                0.6712163686752319,
                0.08132970333099365
            ],
            "quaternion_xyzw_world": [
                0.21985013782978058,
                -0.4563654363155365,
                0.8097368478775024,
                0.2961806356906891
            ],
            "segmentation_id": 12,
            "visibility": -1
        },
        {
            "bounding_box_minx_maxx_miny_maxy": [
                -1,
                -1,
                -1,
                -1
            ],
            "class": "2",
            "local_cuboid": null,
            "local_to_world_matrix": [
                [
                    -0.04290056228637695,
                    0.8952712416648865,
                    0.44345152378082275,
                    0.0
                ],
                [
                    0.9084116816520691,
                    -0.14980435371398926,
                    0.39031684398651123,
                    0.0
                ],
                [
                    0.4158702492713928,
                    0.41958123445510864,
                    -0.8068482875823975,
                    0.0
                ],
                [
                    0.5513256192207336,
                    0.05864918604493141,
                    -0.03176194801926613,
                    1.0
                ]
            ],
            "location": [
                -0.05864918604493141,
                -0.03176194801926613,
                -0.5513256192207336
            ],
            "location_world": [
                0.5513256192207336,
                0.05864918604493141,
                -0.03176194801926613
            ],
            "name": "google_2_of_Jenga_Classic_Game_12",
            "projected_cuboid": [
                [
                    37.440985441207886,
                    504.1655898094177
                ],
                [
                    71.1844265460968,
                    448.6461281776428
                ],
                [
                    160.05006432533264,
                    247.75706231594086
                ],
                [
                    131.62186741828918,
                    286.3282263278961
                ],
                [
                    105.58226704597473,
                    536.0053777694702
                ],
                [
                    131.83295726776123,
                    477.3232936859131
                ],
                [
                    232.64862596988678,
                    283.4749221801758
                ],
                [
                    215.22784233093262,
                    327.1160125732422
                ],
                [
                    131.74477219581604,
                    397.5510597229004
                ]
            ],
            "provenance": "nvisii",
            "quaternion_xyzw": [
                0.1804732084274292,
                0.8218057155609131,
                -0.5217959880828857,
                -0.14069068431854248
            ],
            "quaternion_xyzw_world": [
                0.6916921138763428,
                0.651909589767456,
                0.3105868101119995,
                -0.010577097535133362
            ],
            "segmentation_id": 13,
            "visibility": -1
        },
        {
            "bounding_box_minx_maxx_miny_maxy": [
                -1,
                -1,
                -1,
                -1
            ],
            "class": "2",
            "local_cuboid": null,
            "local_to_world_matrix": [
                [
                    0.7110016345977783,
