{
    "camera_data": {
        "camera_look_at": {
            "at": [
                1.0,
                0.0,
                0.0
            ],
            "eye": [
                0.0,
                0.0,
                0.0
            ],
            "up": [
                0.0,
                0.0,
                1.0
            ]
        },
        "camera_view_matrix": [
            [
                0.0,
                0.0,
                -1.0,
                0.0
            ],
            [
                -1.0,
                0.0,
                0.0,
                0.0
            ],
            [
                0.0,
                1.0,
                0.0,
                0.0
            ],
            [
                0.0,
                0.0,
                0.0,
                1.0
            ]
        ],
        "height": 500,
        "intrinsics": {
            "cx": 250.0,
            "cy": 250.0,
            "fx": 603.5535278320312,
            "fy": 603.5535278320312
        },
        "location_world": [
            0.0,
            0.0,
            0.0
        ],
        "quaternion_world_xyzw": [
            0.5,
            -0.5,
            -0.5,
            0.5
        ],
        "width": 500
    },
    "objects": [
        {
            "bounding_box_minx_maxx_miny_maxy": [
                -1,
                -1,
                -1,
                -1
            ],
            "class": "2",
            "local_cuboid": null,
            "local_to_world_matrix": [
                [
                    0.06351488828659058,
                    0.8764441609382629,
                    0.47729602456092834,
                    0.0
                ],
                [
                    0.710233747959137,
                    -0.37568199634552,
                    0.595341145992279,
                    0.0
                ],
                [
                    0.7010948061943054,
                    0.3011786937713623,
                    -0.6463415622711182,
                    0.0
                ],
                [
                    1.5484269857406616,
                    -0.7142611145973206,
                    0.38690826296806335,
                    1.0
                ]
            ],
            "location": [
                0.7142611145973206,
                0.38690826296806335,
                -1.5484269857406616
            ],
            "location_world": [
                1.5484269857406616,
                -0.7142611145973206,
                0.38690826296806335
            ],
            "name": "google_2_of_Jenga_Classic_Game_0",
            "projected_cuboid": [
                [
                    451.402485370636,
                    182.9284429550171
                ],
                [
                    455.3603529930115,
                    168.190136551857
                ],
                [
                    515.5493021011353,
                    85.5143666267395
                ],
                [
                    513.4317278862,
                    98.9772230386734
                ],
                [
                    476.2405455112457,
                    195.9400773048401
                ],
                [
                    479.3730676174164,
                    180.72211742401123
                ],
                [
                    542.873740196228,
                    99.41203892230988
                ],
                [
                    541.8301820755005,
                    113.46916854381561
                ],
                [
                    495.06258964538574,
                    143.06524395942688
                ]
            ],
            "provenance": "nvisii",
            "quaternion_xyzw": [
                0.23943135142326355,
                0.8906290531158447,
                -0.3807913661003113,
                -0.06671234965324402
            ],
            "quaternion_xyzw_world": [
                0.7220696806907654,
                0.5493506789207458,
                0.4079906940460205,
                0.10184696316719055
            ],
            "segmentation_id": 1,
            "visibility": -1
        },
        {
            "bounding_box_minx_maxx_miny_maxy": [
                -1,
                -1,
                -1,
                -1
            ],
            "class": "2",
            "local_cuboid": null,
            "local_to_world_matrix": [
                [
                    -0.22487175464630127,
                    0.9544546604156494,
                    -0.19608403742313385,
                    0.0
                ],
                [
                    -0.9225780963897705,
                    -0.1438126564025879,
                    0.3580048978328705,
                    0.0
                ],
                [
                    0.3135001063346863,
                    0.2614080011844635,
                    0.9128984212875366,
                    0.0
                ],
                [
                    1.5485198497772217,
                    0.4960690438747406,
                    -0.31237804889678955,
                    1.0
                ]
            ],
            "location": [
                -0.4960690438747406,
                -0.31237804889678955,
                -1.5485198497772217
            ],
            "location_world": [
                1.5485198497772217,
                0.4960690438747406,
                -0.31237804889678955
            ],
            "name": "google_2_of_Jenga_Classic_Game_1",
            "projected_cuboid": [
                [
                    27.352288365364075,
                    274.78137612342834
                ],
                [
                    21.06250822544098,
                    264.5355761051178
                ],
                [
                    37.80162334442139,
                    372.6639747619629
                ],
                [
                    43.63022744655609,
                    378.1682848930359
                ],
                [
                    56.614845991134644,
                    268.9899206161499
                ],
                [
                    51.810190081596375,
                    258.57678055763245
                ],
                [
                    70.20798325538635,
                    365.08265137672424
                ],
                [
                    74.39050078392029,
                    370.89577317237854
                ],
                [
                    47.76047170162201,
                    317.7834749221802
                ]
            ],
            "provenance": "nvisii",
            "quaternion_xyzw": [
                -0.016128338873386383,
                0.810240626335144,
                0.5663368105888367,
                -0.15004172921180725
            ],
            "quaternion_xyzw_world": [
                0.03886685520410538,
                0.2050369530916214,
                0.7552454471588135,
                0.621332049369812
            ],
            "segmentation_id": 2,
            "visibility": -1
        },
        {
            "bounding_box_minx_maxx_miny_maxy": [
                -1,
                -1,
                -1,
                -1
            ],
            "class": "2",
            "local_cuboid": null,
            "local_to_world_matrix": [
                [
                    -0.8999638557434082,
                    -0.41326484084129333,
                    -0.13884229958057404,
                    0.0
                ],
                [
                    -0.18151792883872986,
                    0.06564384698867798,
                    0.981194257736206,
                    0.0
                ],
                [
                    -0.39637893438339233,
                    0.9082417488098145,
                    -0.13409209251403809,
                    0.0
                ],
                [
                    1.7658660411834717,
                    -0.23382508754730225,
                    -0.09829074144363403,
                    1.0
                ]
            ],
            "location": [
                0.23382508754730225,
                -0.09829074144363403,
                -1.7658660411834717
            ],
            "location_world": [
                1.7658660411834717,
                -0.23382508754730225,
                -0.09829074144363403
            ],
            "name": "google_2_of_Jenga_Classic_Game_2",
            "projected_cuboid": [
                [
                    245.38438022136688,
                    318.6008632183075
                ],
                [
                    243.2584911584854,
                    288.1374955177307
                ],
                [
                    336.65722608566284,
                    271.85189723968506
                ],
                [
                    337.81784772872925,
                    300.4295825958252
                ],
                [
                    233.957439661026,
                    311.82050704956055
                ],
                [
                    231.8171113729477,
                    282.58413076400757
                ],
                [
                    322.2576379776001,
                    267.3015892505646
                ],
                [
                    323.49473237991333,
                    294.79628801345825
                ],
                [
                    285.7501804828644,
                    291.66385531425476
                ]
            ],
            "provenance": "nvisii",
            "quaternion_xyzw": [
                -0.09446120262145996,
                0.5411909222602844,
                0.021908096969127655,
                -0.8352900743484497
            ],
            "quaternion_xyzw_world": [
                -0.20523421466350555,
                0.7245170474052429,
                0.6519639492034912,
                -0.08886492252349854
            ],
            "segmentation_id": 3,
            "visibility": -1
        },
        {
            "bounding_box_minx_maxx_miny_maxy": [
                -1,
                -1,
                -1,
                -1
            ],
            "class": "2",
            "local_cuboid": null,
            "local_to_world_matrix": [
                [
                    0.9420074820518494,
                    0.328957736492157,
                    -0.06639827787876129,
                    0.0
                ],
                [
                    -0.33523082733154297,
                    0.9315674304962158,
                    -0.14072099328041077,
                    0.0
                ],
                [
                    0.015563223510980606,
                    0.15481898188591003,
                    0.9878202676773071,
                    0.0
                ],
                [
                    1.8515722751617432,
                    -0.7295129895210266,
                    0.21042171120643616,
                    1.0
                ]
            ],
            "location": [
                0.7295129895210266,
                0.21042171120643616,
                -1.8515722751617432
            ],
            "location_world": [
                1.8515722751617432,
                -0.7295129895210266,
                0.21042171120643616
            ],
            "name": "google_2_of_Jenga_Classic_Game_3",
            "projected_cuboid": [
                [
                    474.87691044807434,
                    91.06272459030151
                ],
                [
                    452.99962162971497,
                    92.48501062393188
                ],
                [
                    468.0521488189697,
                    185.00417470932007
                ],
                [
                    489.75783586502075,
                    182.20221996307373
                ],
                [
                    492.53737926483154,
                    82.89499580860138
                ],
                [
                    470.0363278388977,
                    84.24772322177887
                ],
                [
                    485.7531785964966,
                    180.56514859199524
                ],
                [
                    508.06689262390137,
                    177.71807312965393
                ],
                [
                    480.15785217285156,
                    134.52047109603882
                ]
            ],
            "provenance": "nvisii",
            "quaternion_xyzw": [
                -0.4547875225543976,
                0.5485891103744507,
                0.6029336452484131,
                0.35873326659202576
            ],
            "quaternion_xyzw_world": [
                -0.07519934326410294,
                0.020854881033301353,
                0.16900098323822021,
                0.9825217723846436
            ],
            "segmentation_id": 4,
            "visibility": -1
        },
        {
            "bounding_box_minx_maxx_miny_maxy": [
                -1,
                -1,
                -1,
                -1
            ],
            "class": "2",
            "local_cuboid": null,
            "local_to_world_matrix": [
                [
                    -0.033730387687683105,
                    0.8336114287376404,
                    -0.5513204336166382,
                    0.0
                ],
                [
                    0.6600309014320374,
                    0.4328066110610962,
                    0.6140338778495789,
                    0.0
                ],
                [
                    0.7504807710647583,
                    -0.34317684173583984,
                    -0.5648081302642822,
                    0.0
                ],
                [
                    1.3426648378372192,
                    0.185029536485672,
                    0.7000508308410645,
                    1.0
                ]
            ],
            "location": [
                -0.185029536485672,
                0.7000508308410645,
                -1.3426648378372192
            ],
            "location_world": [
                1.3426648378372192,
                0.185029536485672,
                0.7000508308410645
            ],
            "name": "google_2_of_Jenga_Classic_Game_4",
            "projected_cuboid": [
                [
                    210.87072789669037,
                    58.06836485862732
                ],
                [
                    198.35726916790009,
                    45.10165750980377
                ],
                [
                    145.90118825435638,
                    -60.42894721031189
                ],
                [
                    158.27736258506775,
                    -49.775928258895874
                ],
                [
                    236.78997159004211,
                    41.30382835865021
                ],
                [
                    223.38953614234924,
                    28.946056962013245
                ],
                [
                    175.0352680683136,
                    -78.96143198013306
                ],
                [
                    188.62013518810272,
                    -69.11471486091614
                ],
                [
                    193.94509494304657,
                    -6.652861833572388
                ]
            ],
            "provenance": "nvisii",
            "quaternion_xyzw": [
                -0.27515244483947754,
                0.8941652178764343,
                -0.3424531817436218,
                0.08651822805404663
            ],
            "quaternion_xyzw_world": [
                0.523992121219635,
                0.7126263380050659,
                0.09502070397138596,
                0.4566913843154907
            ],
            "segmentation_id": 5,
            "visibility": -1
        },
        {
            "bounding_box_minx_maxx_miny_maxy": [
                -1,
                -1,
                -1,
                -1
            ],
            "class": "2",
            "local_cuboid": null,
            "local_to_world_matrix": [
                [
                    -0.5675222873687744,
                    0.25551745295524597,
                    -0.7827063798904419,
                    0.0
                ],
                [
                    0.7771073579788208,
                    -0.14789652824401855,
                    -0.6117440462112427,
                    0.0
                ],
                [
                    -0.2720707952976227,
                    -0.9554252624511719,
                    -0.11462998390197754,
                    0.0
                ],
                [
                    1.5785983800888062,
                    -0.4364314079284668,
                    -0.678087592124939,
                    1.0
                ]
            ],
            "location": [
                0.4364314079284668,
                -0.678087592124939,
                -1.5785983800888062
            ],
            "location_world": [
                1.5785983800888062,
                -0.4364314079284668,
                -0.678087592124939
            ],
            "name": "google_2_of_Jenga_Classic_Game_5",
            "projected_cuboid": [
                [
                    542.2587990760803,
                    549.5287179946899
                ],
                [
                    534.5478057861328,
                    557.1615099906921
                ],
                [
                    414.314329624176,
                    529.081404209137
                ],
                [
                    416.44424200057983,
                    520.6373333930969
                ],
                [
                    541.6417121887207,
                    515.4876708984375
                ],
                [
                    534.1788530349731,
                    524.337649345398
                ],
                [
                    417.2581434249878,
                    498.62372875213623
                ],
                [
                    419.4503724575043,
                    489.14623260498047
                ],
                [
                    475.9029150009155,
                    522.5061178207397
                ]
            ],
            "provenance": "nvisii",
            "quaternion_xyzw": [
                0.5206140279769897,
                -0.3048371374607086,
                0.7313228845596313,
                -0.31812313199043274
            ],
            "quaternion_xyzw_world": [
                -0.4168345332145691,
                -0.6193253993988037,
                0.6326114535331726,
                -0.20612570643424988
            ],
            "segmentation_id": 6,
            "visibility": -1
        },
        {
            "bounding_box_minx_maxx_miny_maxy": [
                -1,
                -1,
                -1,
                -1
            ],
            "class": "2",
            "local_cuboid": null,
            "local_to_world_matrix": [
                [
                    -0.3829888105392456,
                    0.397291898727417,
                    -0.8339539170265198,
                    0.0
                ],
                [
                    -0.8150360584259033,
                    0.27958381175994873,
                    0.5074931979179382,
                    0.0
                ],
                [
                    0.43478304147720337,
                    0.8740665316581726,
                    0.2167295217514038,
                    0.0
                ],
                [
                    0.5941202640533447,
                    0.05146272853016853,
                    0.5175753235816956,
                    1.0
                ]
            ],
            "location": [
                -0.05146272853016853,
                0.5175753235816956,
                -0.5941202640533447
            ],
            "location_world": [
                0.5941202640533447,
                0.05146272853016853,
                0.5175753235816956
            ],
            "name": "google_2_of_Jenga_Classic_Game_6",
            "projected_cuboid": [
                [
                    -3.194838762283325,
                    -179.20464277267456
                ],
                [
                    -50.35308003425598,
                    -261.69127225875854
                ],
                [
                    162.54109144210815,
                    -310.85342168807983
                ],
                [
                    195.57885825634003,
                    -205.77508211135864
                ],
                [
                    31.276196241378784,
                    -213.90053629875183
                ],
                [
                    -10.471910238265991,
                    -296.2384819984436
                ],
                [
                    200.04376769065857,
                    -350.4491448402405
                ],
                [
                    227.52109169960022,
                    -246.0695505142212
                ],
                [
                    85.6299102306366,
                    -254.04655933380127
                ]
            ],
            "provenance": "nvisii",
            "quaternion_xyzw": [
                -0.36400485038757324,
                0.7647824287414551,
                0.33727431297302246,
                -0.4109192490577698
            ],
            "quaternion_xyzw_world": [
                -0.1737079918384552,
                0.6012160778045654,
                0.5744855403900146,
                0.5275711417198181
            ],
            "segmentation_id": 7,
            "visibility": -1
        },
        {
            "bounding_box_minx_maxx_miny_maxy": [
                -1,
                -1,
                -1,
                -1
            ],
            "class": "2",
            "local_cuboid": null,
            "local_to_world_matrix": [
                [
                    0.26914626359939575,
                    0.6884806156158447,
                    -0.6734647154808044,
                    0.0
                ],
                [
                    0.8045485019683838,
                    0.22364729642868042,
                    0.5501669049263,
                    0.0
                ],
                [
                    0.5293977856636047,
                    -0.689910352230072,
                    -0.49372220039367676,
                    0.0
                ],
                [
                    1.7950420379638672,
                    -0.24193182587623596,
                    -0.483145534992218,
                    1.0
                ]
            ],
            "location": [
                0.24193182587623596,
                -0.483145534992218,
                -1.7950420379638672
            ],
            "location_world": [
                1.7950420379638672,
                -0.24193182587623596,
                -0.483145534992218
            ],
            "name": "google_2_of_Jenga_Classic_Game_7",
            "projected_cuboid": [
                [
                    383.4010362625122,
                    462.16946840286255
                ],
                [
                    373.1413185596466,
                    440.8821761608124
                ],
                [
                    317.3753321170807,
                    409.61208939552307
                ],
                [
                    326.39214396476746,
                    431.5583109855652
                ],
                [
                    402.0947515964508,
                    447.7025270462036
                ],
                [
                    391.08097553253174,
                    426.68426036834717
                ],
                [
                    336.1893892288208,
                    393.84159445762634
                ],
                [
                    346.0457921028137,
                    415.44198989868164
                ],
                [
                    360.4755997657776,
                    428.9902448654175
                ]
            ],
            "provenance": "nvisii",
            "quaternion_xyzw": [
                -0.2696063220500946,
                0.8318722248077393,
                -0.3901653289794922,
                0.2882223427295685
            ],
            "quaternion_xyzw_world": [
                0.6203267574310303,
                0.6017107367515564,
                -0.0580609031021595,
                0.4997677803039551
            ],
            "segmentation_id": 8,
            "visibility": -1
        },
        {
            "bounding_box_minx_maxx_miny_maxy": [
                -1,
                -1,
                -1,
                -1
            ],
            "class": "2",
            "local_cuboid": null,
            "local_to_world_matrix": [
                [
                    -0.997255802154541,
                    0.010122966021299362,
                    0.07334472984075546,
                    0.0
                ],
                [
                    -0.04988156259059906,
                    0.6401964426040649,
                    -0.7665901780128479,
                    0.0
                ],
                [
                    -0.05471520870923996,
                    -0.7681446671485901,
                    -0.6379348039627075,
                    0.0
                ],
                [
                    0.9853108525276184,
                    0.1510787159204483,
                    0.47682538628578186,
                    1.0
                ]
            ],
            "location": [
                -0.1510787159204483,
                0.47682538628578186,
                -0.9853108525276184
            ],
            "location_world": [
                0.9853108525276184,
                0.1510787159204483,
                0.47682538628578186
            ],
            "name": "google_2_of_Jenga_Classic_Game_8",
            "projected_cuboid": [
                [
                    314.7161602973938,
                    39.06446695327759
                ],
                [
                    279.8488736152649,
                    80.2098959684372
                ],
                [
                    135.87194681167603,
                    -36.06650233268738
                ],
                [
                    170.79107463359833,
                    -76.00182294845581
                ],
                [
                    310.15610694885254,
                    58.936551213264465
                ],
                [
                    277.994841337204,
                    96.94936871528625
                ],
                [
                    145.123690366745,
                    -10.642975568771362
                ],
                [
                    177.329421043396,
                    -47.62277007102966
                ],
                [
                    225.99652409553528,
                    13.06074857711792
                ]
            ],
            "provenance": "nvisii",
            "quaternion_xyzw": [
                -0.6522561311721802,
                0.21726584434509277,
                -0.6766514778137207,
                -0.26362961530685425
            ],
            "quaternion_xyzw_world": [
                -0.01098423358052969,
                0.9049015045166016,
                -0.42400604486465454,
                -0.035379525274038315
            ],
            "segmentation_id": 9,
            "visibility": -1
        },
        {
            "bounding_box_minx_maxx_miny_maxy": [
                -1,
                -1,
                -1,
                -1
            ],
            "class": "2",
            "local_cuboid": null,
            "local_to_world_matrix": [
                [
                    -0.4191991090774536,
                    -0.2054382711648941,
                    0.8843457698822021,
                    0.0
                ],
                [
                    -0.4905474781990051,
                    -0.7683863639831543,
                    -0.41103029251098633,
                    0.0
                ],
                [
                    0.7639603614807129,
                    -0.6061170101165771,
                    0.2213294506072998,
                    0.0
                ],
                [
                    0.35048773884773254,
                    -0.335117906332016,
                    0.3784332275390625,
                    1.0
                ]
            ],
            "location": [
                0.335117906332016,
                0.3784332275390625,
                -0.35048773884773254
            ],
            "location_world": [
                0.35048773884773254,
                -0.335117906332016,
                0.3784332275390625
            ],
            "name": "google_2_of_Jenga_Classic_Game_9",
            "projected_cuboid": [
                [
                    759.5041394233704,
                    -267.3553228378296
                ],
                [
                    871.8476295471191,
                    -268.25404167175293
                ],
                [
                    973.707914352417,
                    -512.8666758537292
                ],
                [
                    778.7887454032898,
                    -482.8367233276367
                ],
                [
                    715.9126996994019,
                    -170.42690515518188
                ],
                [
                    818.5620903968811,
                    -164.22343254089355
                ],
                [
                    876.3635754585266,
                    -318.45104694366455
                ],
                [
                    708.4662914276123,
                    -311.74981594085693
                ],
                [
                    803.2975196838379,
                    -286.50355339050293
                ]
            ],
            "provenance": "nvisii",
            "quaternion_xyzw": [
                0.7714319229125977,
                0.5356051921844482,
                0.3322768807411194,
                0.08724620938301086
            ],
            "quaternion_xyzw_world": [
                0.5310032367706299,
                -0.32767489552497864,
                0.7760339379310608,
                0.09184817224740982
            ],
            "segmentation_id": 10,
            "visibility": -1
        },
        {
            "bounding_box_minx_maxx_miny_maxy": [
                -1,
                -1,
                -1,
                -1
            ],
            "class": "2",
            "local_cuboid": null,
            "local_to_world_matrix": [
                [
                    0.8558992147445679,
                    -0.5165969729423523,
                    -0.023752644658088684,
                    0.0
                ],
                [
                    0.5013934969902039,
                    0.8177086114883423,
                    0.2827673554420471,
                    0.0
                ],
                [
                    -0.1266539990901947,
                    -0.2539297938346863,
                    0.9588943719863892,
                    0.0
                ],
                [
                    1.1957248449325562,
                    -0.5679813027381897,
                    0.35037586092948914,
                    1.0
                ]
            ],
            "location": [
                0.5679813027381897,
                0.35037586092948914,
                -1.1957248449325562
            ],
            "location_world": [
                1.1957248449325562,
                -0.5679813027381897,
                0.35037586092948914
            ],
            "name": "google_2_of_Jenga_Classic_Game_10",
            "projected_cuboid": [
                [
                    609.1939210891724,
                    -68.235844373703
                ],
                [
                    562.3261332511902,
                    -69.00843977928162
                ],
                [
                    517.2911286354065,
                    75.60136914253235
                ],
                [
                    561.1459016799927,
                    81.41724765300751
                ],
                [
                    608.8822484016418,
                    -88.72747421264648
                ],
                [
                    559.2649579048157,
                    -88.78862857818604
                ],
                [
                    511.7555260658264,
                    64.69260156154633
                ],
                [
                    558.0005645751953,
                    70.44778764247894
                ],
                [
                    560.2302551269531,
                    -1.4381110668182373
                ]
            ],
            "provenance": "nvisii",
            "quaternion_xyzw": [
                -0.5261120796203613,
                0.39984893798828125,
                0.28604626655578613,
                0.6939053535461426
            ],
            "quaternion_xyzw_world": [
                0.1407979428768158,
                -0.026995297521352768,
                -0.26706114411354065,
                0.9529563188552856
            ],
            "segmentation_id": 11,
            "visibility": -1
        },
        {
            "bounding_box_minx_maxx_miny_maxy": [
                -1,
                -1,
                -1,
                -1
            ],
            "class": "2",
            "local_cuboid": null,
            "local_to_world_matrix": [
                [
                    -0.1910029649734497,
                    -0.7092933654785156,
                    0.6785431504249573,
                    0.0
                ],
                [
                    -0.8533563613891602,
                    -0.22162139415740967,
                    -0.4718758463859558,
                    0.0
                ],
                [
                    0.4850780665874481,
                    -0.6691687703132629,
                    -0.5629496574401855,
                    0.0
                ],
                [
                    0.9981351494789124,
                    0.27438244223594666,
                    0.5209962725639343,
                    1.0
                ]
            ],
            "location": [
                -0.27438244223594666,
                0.5209962725639343,
                -0.9981351494789124
            ],
            "location_world": [
                0.9981351494789124,
                0.27438244223594666,
                0.5209962725639343
            ],
            "name": "google_2_of_Jenga_Classic_Game_11",
            "projected_cuboid": [
                [
                    218.8400775194168,
                    41.688427329063416
                ],
                [
                    227.09445655345917,
                    49.93261396884918
                ],
                [
                    100.11248290538788,
                    -83.72855186462402
                ],
                [
                    99.63107109069824,
                    -83.72959494590759
                ],
                [
                    190.69983065128326,
                    71.64052128791809
                ],
                [
                    197.01780378818512,
                    81.71488344669342
                ],
                [
                    67.6141083240509,
                    -45.22526264190674
                ],
                [
                    69.38759982585907,
                    -47.889530658721924
                ],
                [
                    150.2535343170166,
                    2.269849181175232
                ]
            ],
            "provenance": "nvisii",
            "quaternion_xyzw": [
                0.8164323568344116,
                0.2756396532058716,
                0.26339346170425415,
                0.4336875081062317
            ],
            "quaternion_xyzw_world": [
                0.6311830282211304,
                -0.6189368367195129,
                0.46088898181915283,
                0.07814411073923111
            ],
            "segmentation_id": 12,
            "visibility": -1
        },
        {
            "bounding_box_minx_maxx_miny_maxy": [
                -1,
                -1,
                -1,
                -1
            ],
            "class": "2",
            "local_cuboid": null,
            "local_to_world_matrix": [
                [
                    0.6070083975791931,
                    -0.7787667512893677,
                    0.15831348299980164,
                    0.0
                ],
                [
                    -0.7945713996887207,
                    -0.5982673168182373,
                    0.10359697043895721,
                    0.0
                ],
                [
                    0.014035902917385101,
                    -0.18867559731006622,
                    -0.9819390773773193,
                    0.0
                ],
                [
                    0.977498471736908,
                    -0.5393025279045105,
                    -0.33260419964790344,
                    1.0
                ]
            ],
            "location": [
                0.5393025279045105,
                -0.33260419964790344,
                -0.977498471736908
            ],
            "location_world": [
                0.977498471736908,
                -0.5393025279045105,
                -0.33260419964790344
            ],
            "name": "google_2_of_Jenga_Classic_Game_12",
            "projected_cuboid": [
                [
                    598.411500453949,
                    608.7073683738708
                ],
                [
                    653.8276672363281,
                    628.0351877212524
                ],
                [
                    621.1724281311035,
                    450.78420639038086
                ],
                [
                    567.6535367965698,
                    442.86978244781494
                ],
                [
                    577.8354406356812,
                    633.6408257484436
                ],
                [
                    634.6291899681091,
                    655.7803153991699
                ],
                [
                    600.1888513565063,
                    469.4274961948395
                ],
                [
                    545.4999208450317,
                    459.86202359199524
                ],
                [
                    599.2461442947388,
                    543.300211429596
                ]
            ],
            "provenance": "nvisii",
            "quaternion_xyzw": [
                0.6498472094535828,
                0.29106104373931885,
                -0.16093504428863525,
                0.6834339499473572
            ],
            "quaternion_xyzw_world": [
                0.892638623714447,
                -0.4406425356864929,
                0.048269640654325485,
                0.08185635507106781
            ],
            "segmentation_id": 13,
            "visibility": -1
        },
        {
            "bounding_box_minx_maxx_miny_maxy": [
                -1,
                -1,
                -1,
                -1
            ],
            "class": "2",
            "local_cuboid": null,
            "local_to_world_matrix": [
                [
                    -0.6801241636276245,
                    0.4882916212081909,
                    -0.5468111038208008,
