{
    "camera_data": {
        "camera_look_at": {
            "at": [
                1.0,
                0.0,
                0.0
            ],
            "eye": [
                0.0,
                0.0,
                0.0
            ],
            "up": [
                0.0,
                0.0,
                1.0
            ]
        },
        "camera_view_matrix": [
            [
                0.0,
                0.0,
                -1.0,
                0.0
            ],
            [
                -1.0,
                0.0,
                0.0,
                0.0
            ],
            [
                0.0,
                1.0,
                0.0,
                0.0
            ],
            [
                0.0,
                0.0,
                0.0,
                1.0
            ]
        ],
        "height": 500,
        "intrinsics": {
            "cx": 250.0,
            "cy": 250.0,
            "fx": 603.5535278320312,
            "fy": 603.5535278320312
        },
        "location_world": [
            0.0,
            0.0,
            0.0
        ],
        "quaternion_world_xyzw": [
            0.5,
            -0.5,
            -0.5,
            0.5
        ],
        "width": 500
    },
    "objects": [
        {
            "bounding_box_minx_maxx_miny_maxy": [
                -1,
                -1,
                -1,
                -1
            ],
            "class": "2",
            "local_cuboid": null,
            "local_to_world_matrix": [
                [
                    -0.5758304595947266,
                    0.5368728637695312,
                    -0.6165928840637207,
                    0.0
                ],
                [
                    0.6613343954086304,
                    -0.13754189014434814,
                    -0.7373730540275574,
                    0.0
                ],
                [
                    -0.48068296909332275,
                    -0.8323759436607361,
                    -0.2758517265319824,
                    0.0
                ],
                [
                    1.697846531867981,
                    -0.414183646440506,
                    0.461057186126709,
                    1.0
                ]
            ],
            "location": [
                0.414183646440506,
                0.461057186126709,
                -1.697846531867981
            ],
            "location_world": [
                1.697846531867981,
                -0.414183646440506,
                0.461057186126709
            ],
            "name": "google_2_of_Jenga_Classic_Game_0",
            "projected_cuboid": [
                [
                    502.48706340789795,
                    94.85404193401337
                ],
                [
                    497.9499578475952,
                    124.44652616977692
                ],
                [
                    391.3413882255554,
                    106.24191164970398
                ],
                [
                    391.87753200531006,
                    78.55473458766937
                ],
                [
                    511.5659236907959,
                    80.48112690448761
                ],
                [
                    506.841778755188,
                    109.73674058914185
                ],
                [
                    402.28885412216187,
                    93.18630397319794
                ],
                [
                    403.1718373298645,
                    65.81147015094757
                ],
                [
                    448.66853952407837,
                    93.95827353000641
                ]
            ],
            "provenance": "nvisii",
            "quaternion_xyzw": [
                -0.42421022057533264,
                0.2823193073272705,
                -0.8298988938331604,
                0.227176696062088
            ],
            "quaternion_xyzw_world": [
                0.4575923681259155,
                0.6546258926391602,
                -0.5994832515716553,
                0.05190367251634598
            ],
            "segmentation_id": 1,
            "visibility": -1
        },
        {
            "bounding_box_minx_maxx_miny_maxy": [
                -1,
                -1,
                -1,
                -1
            ],
            "class": "2",
            "local_cuboid": null,
            "local_to_world_matrix": [
                [
                    0.06726223230361938,
                    0.9322275519371033,
                    0.35556650161743164,
                    0.0
                ],
                [
                    -0.9112297892570496,
                    0.202545166015625,
                    -0.35865822434425354,
                    0.0
                ],
                [
                    -0.4063693881034851,
                    -0.29987862706184387,
                    0.8630971908569336,
                    0.0
                ],
                [
                    1.957751989364624,
                    0.6799426674842834,
                    -0.46589434146881104,
                    1.0
                ]
            ],
            "location": [
                -0.6799426674842834,
                -0.46589434146881104,
                -1.957751989364624
            ],
            "location_world": [
                1.957751989364624,
                0.6799426674842834,
                -0.46589434146881104
            ],
            "name": "google_2_of_Jenga_Classic_Game_1",
            "projected_cuboid": [
                [
                    50.80331861972809,
                    309.26117300987244
                ],
                [
                    36.57962381839752,
                    321.92593812942505
                ],
                [
                    22.253289818763733,
                    396.65359258651733
                ],
                [
                    36.18378937244415,
                    381.86442852020264
                ],
                [
                    73.91323149204254,
                    318.4583783149719
                ],
                [
                    60.636550188064575,
                    331.5541744232178
                ],
                [
                    44.78068649768829,
                    405.89240193367004
                ],
                [
                    57.87880718708038,
                    390.7073140144348
                ],
                [
                    47.76310920715332,
                    358.04063081741333
                ]
            ],
            "provenance": "nvisii",
            "quaternion_xyzw": [
                0.07081891596317291,
                0.5401851534843445,
                0.8211660981178284,
                0.1699143946170807
            ],
            "quaternion_xyzw_world": [
                -0.020123843103647232,
                -0.26085713505744934,
                0.6311278939247131,
                0.7302233576774597
            ],
            "segmentation_id": 2,
            "visibility": -1
        },
        {
            "bounding_box_minx_maxx_miny_maxy": [
                -1,
                -1,
                -1,
                -1
            ],
            "class": "2",
            "local_cuboid": null,
            "local_to_world_matrix": [
                [
                    0.2666628956794739,
                    -0.43464723229408264,
                    -0.8602166771888733,
                    0.0
                ],
                [
                    0.2311076819896698,
                    -0.8376586437225342,
                    0.4948914051055908,
                    0.0
                ],
                [
                    -0.9356710314750671,
                    -0.33077186346054077,
                    -0.12292218208312988,
                    0.0
                ],
                [
                    1.5239216089248657,
                    0.7043805122375488,
                    -0.35206854343414307,
                    1.0
                ]
            ],
            "location": [
                -0.7043805122375488,
                -0.35206854343414307,
                -1.5239216089248657
            ],
            "location_world": [
                1.5239216089248657,
                0.7043805122375488,
                -0.35206854343414307
            ],
            "name": "google_2_of_Jenga_Classic_Game_2",
            "projected_cuboid": [
                [
                    -51.94041132926941,
                    463.56916427612305
                ],
                [
                    -13.713449239730835,
                    440.44432044029236
                ],
                [
                    -4.802018404006958,
                    392.70341396331787
                ],
                [
                    -36.062389612197876,
                    411.07189655303955
                ],
                [
                    -73.9234983921051,
                    433.9311122894287
                ],
                [
                    -34.70990061759949,
                    410.87985038757324
                ],
                [
                    -21.90786600112915,
                    367.7845299243927
                ],
                [
                    -53.827643394470215,
                    386.0865831375122
                ],
                [
                    -35.45317053794861,
                    410.98541021347046
                ]
            ],
            "provenance": "nvisii",
            "quaternion_xyzw": [
                -0.03195662796497345,
                0.1764746606349945,
                -0.5015307664871216,
                0.8463464975357056
            ],
            "quaternion_xyzw_world": [
                0.7461976408958435,
                -0.0681922435760498,
                -0.6016796231269836,
                0.27662351727485657
            ],
            "segmentation_id": 3,
            "visibility": -1
        },
        {
            "bounding_box_minx_maxx_miny_maxy": [
                -1,
                -1,
                -1,
                -1
            ],
            "class": "2",
            "local_cuboid": null,
            "local_to_world_matrix": [
                [
                    -0.8067785501480103,
                    0.01812802627682686,
                    0.5905759334564209,
                    0.0
                ],
                [
                    -0.10709536075592041,
                    -0.9874597787857056,
                    -0.11599107831716537,
                    0.0
                ],
                [
                    0.5810672044754028,
                    -0.15682703256607056,
                    0.7986026406288147,
                    0.0
                ],
                [
                    0.3587065637111664,
                    -0.514951765537262,
                    -0.073408342897892,
                    1.0
                ]
            ],
            "location": [
                0.514951765537262,
                -0.073408342897892,
                -0.3587065637111664
            ],
            "location_world": [
                0.3587065637111664,
                -0.514951765537262,
                -0.073408342897892
            ],
            "name": "google_2_of_Jenga_Classic_Game_3",
            "projected_cuboid": [
                [
                    874.2308616638184,
                    23.52994680404663
                ],
                [
                    987.9624247550964,
                    31.380385160446167
                ],
                [
                    1290.7235622406006,
                    353.00081968307495
                ],
                [
                    1110.487699508667,
                    332.35469460487366
                ],
                [
                    805.4176568984985,
                    98.83522987365723
                ],
                [
                    905.005156993866,
                    107.01195895671844
                ],
                [
                    1121.375560760498,
                    408.8605046272278
                ],
                [
                    974.0511775016785,
                    390.26182889938354
                ],
                [
                    981.767475605011,
                    191.19364023208618
                ]
            ],
            "provenance": "nvisii",
            "quaternion_xyzw": [
                0.6478676795959473,
                0.6089343428611755,
                0.3718372881412506,
                -0.2668396830558777
            ],
            "quaternion_xyzw_world": [
                0.30906254053115845,
                -0.07196547836065292,
                0.9477395415306091,
                0.033032119274139404
            ],
            "segmentation_id": 4,
            "visibility": -1
        },
        {
            "bounding_box_minx_maxx_miny_maxy": [
                -1,
                -1,
                -1,
                -1
            ],
            "class": "2",
            "local_cuboid": null,
            "local_to_world_matrix": [
                [
                    0.5323659181594849,
                    -0.28969308733940125,
                    0.7954020500183105,
                    0.0
                ],
                [
                    -0.6068782806396484,
                    0.5244553089141846,
                    0.5971978902816772,
                    0.0
                ],
                [
                    -0.5901569128036499,
                    -0.8006401062011719,
                    0.10339367389678955,
                    0.0
                ],
                [
                    1.3796100616455078,
                    0.16584239900112152,
                    -0.4164212644100189,
                    1.0
                ]
            ],
            "location": [
                -0.16584239900112152,
                -0.4164212644100189,
                -1.3796100616455078
            ],
            "location_world": [
                1.3796100616455078,
                0.16584239900112152,
                -0.4164212644100189
            ],
            "name": "google_2_of_Jenga_Classic_Game_4",
            "projected_cuboid": [
                [
                    298.9082634449005,
                    432.96176195144653
                ],
                [
                    278.76749634742737,
                    415.4505133628845
                ],
                [
                    172.50584065914154,
                    407.96467661857605
                ],
                [
                    194.03015077114105,
                    423.62838983535767
                ],
                [
                    289.22146558761597,
                    470.5527424812317
                ],
                [
                    267.9242193698883,
                    454.06752824783325
                ],
                [
                    159.71697866916656,
                    441.35189056396484
                ],
                [
                    182.36775696277618,
                    456.25483989715576
                ],
                [
                    227.18332707881927,
                    437.2851848602295
                ]
            ],
            "provenance": "nvisii",
            "quaternion_xyzw": [
                0.15995176136493683,
                0.42348194122314453,
                0.4193047881126404,
                0.7869319915771484
            ],
            "quaternion_xyzw_world": [
                0.4755304753780365,
                -0.47135329246520996,
                0.10790323466062546,
                0.7348834872245789
            ],
            "segmentation_id": 5,
            "visibility": -1
        },
        {
            "bounding_box_minx_maxx_miny_maxy": [
                -1,
                -1,
                -1,
                -1
            ],
            "class": "2",
            "local_cuboid": null,
            "local_to_world_matrix": [
                [
                    -0.5226675271987915,
                    -0.6643924713134766,
                    -0.5342296361923218,
                    0.0
                ],
                [
                    -0.44940778613090515,
                    0.7472167015075684,
                    -0.4895915389060974,
                    0.0
                ],
                [
                    0.7244662046432495,
                    -0.015806615352630615,
                    -0.689129114151001,
                    0.0
                ],
                [
                    0.5061320662498474,
                    0.47185391187667847,
                    -0.07477778196334839,
                    1.0
                ]
            ],
            "location": [
                -0.47185391187667847,
                -0.07477778196334839,
                -0.5061320662498474
            ],
            "location_world": [
                0.5061320662498474,
                0.47185391187667847,
                -0.07477778196334839
            ],
            "name": "google_2_of_Jenga_Classic_Game_5",
            "projected_cuboid": [
                [
                    -95.10219097137451,
                    482.98928141593933
                ],
                [
                    -170.56241631507874,
                    532.8168272972107
                ],
                [
                    -367.28358268737793,
                    400.6972908973694
                ],
                [
                    -245.3758418560028,
                    339.90734815597534
                ],
                [
                    -118.08225512504578,
                    436.7201626300812
                ],
                [
                    -190.42977690696716,
                    481.25138878822327
                ],
                [
                    -379.45717573165894,
                    338.370680809021
                ],
                [
                    -265.913188457489,
                    286.5072190761566
                ],
                [
                    -213.0790650844574,
                    422.9881167411804
                ]
            ],
            "provenance": "nvisii",
            "quaternion_xyzw": [
                -0.8482998013496399,
                0.3776513636112213,
                -0.1586921513080597,
                -0.3355349004268646
            ],
            "quaternion_xyzw_world": [
                -0.32374560832977295,
                0.860089123249054,
                -0.14690284430980682,
                0.36586204171180725
            ],
            "segmentation_id": 6,
            "visibility": -1
        },
        {
            "bounding_box_minx_maxx_miny_maxy": [
                -1,
                -1,
                -1,
                -1
            ],
            "class": "2",
            "local_cuboid": null,
            "local_to_world_matrix": [
                [
                    -0.22106361389160156,
                    -0.8761445879936218,
                    -0.42837125062942505,
                    0.0
                ],
                [
                    -0.18817704916000366,
                    -0.3926650285720825,
                    0.9002244472503662,
                    0.0
                ],
                [
                    -0.9569329619407654,
                    0.2796163558959961,
                    -0.07806658744812012,
                    0.0
                ],
                [
                    0.6955385804176331,
                    0.28400635719299316,
                    -0.5173574090003967,
                    1.0
                ]
            ],
            "location": [
                -0.28400635719299316,
                -0.5173574090003967,
                -0.6955385804176331
            ],
            "location_world": [
                0.6955385804176331,
                0.28400635719299316,
                -0.5173574090003967
            ],
            "name": "google_2_of_Jenga_Classic_Game_6",
            "projected_cuboid": [
                [
                    -255.41317462921143,
                    1114.9299144744873
                ],
                [
                    -225.4139482975006,
                    1034.464955329895
                ],
                [
                    42.94206202030182,
                    691.2024021148682
                ],
                [
                    18.87466013431549,
                    747.145414352417
                ],
                [
                    -331.45225048065186,
                    1032.933235168457
                ],
                [
                    -305.6068420410156,
                    952.7090787887573
                ],
                [
                    -11.780589818954468,
                    650.8618593215942
                ],
                [
                    -34.03782844543457,
                    706.3350081443787
                ],
                [
                    -102.79503464698792,
                    824.2248296737671
                ]
            ],
            "provenance": "nvisii",
            "quaternion_xyzw": [
                -0.0688973218202591,
                0.12956376373767853,
                0.21246416866779327,
                -0.9660876989364624
            ],
            "quaternion_xyzw_world": [
                -0.5589427351951599,
                0.47604233026504517,
                0.6196091771125793,
                -0.27758124470710754
            ],
            "segmentation_id": 7,
            "visibility": -1
        },
        {
            "bounding_box_minx_maxx_miny_maxy": [
                -1,
                -1,
                -1,
                -1
            ],
            "class": "2",
            "local_cuboid": null,
            "local_to_world_matrix": [
                [
                    0.5948164463043213,
                    0.7163965702056885,
                    -0.36464959383010864,
                    0.0
                ],
                [
                    -0.13395965099334717,
                    -0.3589411973953247,
                    -0.9236969351768494,
                    0.0
                ],
                [
                    -0.7926210761070251,
                    0.5982784628868103,
                    -0.11753594875335693,
                    0.0
                ],
                [
                    1.843274474143982,
                    0.5154191851615906,
                    -0.3159612715244293,
                    1.0
                ]
            ],
            "location": [
                -0.5154191851615906,
                -0.3159612715244293,
                -1.843274474143982
            ],
            "location_world": [
                1.843274474143982,
                0.5154191851615906,
                -0.3159612715244293
            ],
            "name": "google_2_of_Jenga_Classic_Game_7",
            "projected_cuboid": [
                [
                    -19.832998514175415,
                    369.77988481521606
                ],
                [
                    -10.480433702468872,
                    399.49923753738403
                ],
                [
                    78.5982757806778,
                    369.76706981658936
                ],
                [
                    69.86401975154877,
                    343.9021706581116
                ],
                [
                    -6.377041339874268,
                    362.41358518600464
                ],
                [
                    3.349006175994873,
                    392.96144247055054
                ],
                [
                    92.96679496765137,
                    363.2945716381073
                ],
                [
                    83.9189738035202,
                    336.80495619773865
                ],
                [
                    39.39563035964966,
                    366.3746118545532
                ]
            ],
            "provenance": "nvisii",
            "quaternion_xyzw": [
                -0.32197797298431396,
                0.004432231187820435,
                0.9263793230056763,
                -0.19527390599250793
            ],
            "quaternion_xyzw_world": [
                -0.7195994853973389,
                -0.20234760642051697,
                0.40205374360084534,
                0.5287578105926514
            ],
            "segmentation_id": 8,
            "visibility": -1
        },
        {
            "bounding_box_minx_maxx_miny_maxy": [
                -1,
                -1,
                -1,
                -1
            ],
            "class": "2",
            "local_cuboid": null,
            "local_to_world_matrix": [
                [
                    -0.8211214542388916,
                    -0.5602237582206726,
                    0.10912739485502243,
                    0.0
                ],
                [
                    -0.5442447066307068,
                    0.8261321783065796,
                    0.14595621824264526,
                    0.0
                ],
                [
                    -0.17192178964614868,
                    0.06045578047633171,
                    -0.9832537174224854,
                    0.0
                ],
                [
                    1.7866215705871582,
                    0.6365861296653748,
                    0.821875810623169,
                    1.0
                ]
            ],
            "location": [
                -0.6365861296653748,
                0.821875810623169,
                -1.7866215705871582
            ],
            "location_world": [
                1.7866215705871582,
                0.6365861296653748,
                0.821875810623169
            ],
            "name": "google_2_of_Jenga_Classic_Game_8",
            "projected_cuboid": [
                [
                    41.27460718154907,
                    63.798531889915466
                ],
                [
                    10.523974895477295,
                    54.28361892700195
                ],
                [
                    23.62644672393799,
                    -40.16387462615967
                ],
                [
                    53.169384598731995,
                    -28.475672006607056
                ],
                [
                    33.933818340301514,
                    73.42971861362457
                ],
                [
                    4.130855202674866,
                    64.52137231826782
                ],
                [
                    16.939550638198853,
                    -26.80608630180359
                ],
                [
                    45.61042785644531,
                    -15.86216688156128
                ],
                [
                    28.8686603307724,
                    17.60844886302948
                ]
            ],
            "provenance": "nvisii",
            "quaternion_xyzw": [
                -0.5573028326034546,
                0.32164058089256287,
                -0.34122639894485474,
                -0.6852192878723145
            ],
            "quaternion_xyzw_world": [
                -0.2898275554180145,
                0.9526945352554321,
                0.0541653148829937,
                -0.07375112920999527
            ],
            "segmentation_id": 9,
            "visibility": -1
        },
        {
            "bounding_box_minx_maxx_miny_maxy": [
                -1,
                -1,
                -1,
                -1
            ],
            "class": "2",
            "local_cuboid": null,
            "local_to_world_matrix": [
                [
                    -0.9583015441894531,
                    0.055369846522808075,
                    0.28034305572509766,
                    0.0
                ],
                [
                    0.2857178747653961,
                    0.202239990234375,
                    0.9367306232452393,
                    0.0
                ],
                [
                    -0.004829928278923035,
                    0.9777694940567017,
                    -0.2096269130706787,
                    0.0
                ],
                [
                    0.6115156412124634,
                    -0.6075315475463867,
                    0.3286716938018799,
                    1.0
                ]
            ],
            "location": [
                0.6075315475463867,
                0.3286716938018799,
                -0.6115156412124634
            ],
            "location_world": [
                0.6115156412124634,
                -0.6075315475463867,
                0.3286716938018799
            ],
            "name": "google_2_of_Jenga_Classic_Game_9",
            "projected_cuboid": [
                [
                    603.6598682403564,
                    -7.378339767456055
                ],
                [
                    571.4223384857178,
                    -78.44376564025879
                ],
                [
                    864.9141192436218,
                    -140.74134826660156
                ],
                [
                    909.6770882606506,
                    -72.53023982048035
                ],
                [
                    565.7586455345154,
                    44.21405494213104
                ],
                [
                    538.5992527008057,
                    -20.597130060195923
                ],
                [
                    798.6144423484802,
                    -75.89733600616455
                ],
                [
                    835.5572819709778,
                    -13.323217630386353
                ],
                [
                    709.2068195343018,
                    -44.474005699157715
                ]
            ],
            "provenance": "nvisii",
            "quaternion_xyzw": [
                0.027701914310455322,
                0.7048529386520386,
                -0.17569087445735931,
                -0.6866933107376099
            ],
            "quaternion_xyzw_world": [
                0.11077620834112167,
                0.7697675824165344,
                0.6217786073684692,
                -0.09261658042669296
            ],
            "segmentation_id": 10,
            "visibility": -1
        },
        {
            "bounding_box_minx_maxx_miny_maxy": [
                -1,
                -1,
                -1,
                -1
            ],
            "class": "2",
            "local_cuboid": null,
            "local_to_world_matrix": [
                [
                    -0.6912487745285034,
                    0.21608032286167145,
                    0.6895537376403809,
                    0.0
                ],
                [
                    -0.7159762978553772,
                    -0.3338702917098999,
                    -0.6131138205528259,
                    0.0
                ],
                [
                    0.09773969650268555,
                    -0.9175183176994324,
                    0.3854958415031433,
                    0.0
                ],
                [
                    1.6680288314819336,
                    0.812163233757019,
                    -0.7850604057312012,
                    1.0
                ]
            ],
            "location": [
                -0.812163233757019,
                -0.7850604057312012,
                -1.6680288314819336
            ],
            "location_world": [
                1.6680288314819336,
                0.812163233757019,
                -0.7850604057312012
            ],
            "name": "google_2_of_Jenga_Classic_Game_10",
            "projected_cuboid": [
                [
                    48.72478544712067,
                    469.949334859848
                ],
                [
                    51.681727170944214,
                    497.1243739128113
                ],
                [
                    -52.26728320121765,
                    543.7021255493164
                ],
                [
                    -51.51394009590149,
                    514.3777132034302
                ],
                [
                    60.84704399108887,
                    481.828510761261
                ],
                [
                    64.14148211479187,
                    508.552610874176
                ],
                [
                    -36.18961572647095,
                    553.8010001182556
                ],
                [
                    -36.02343797683716,
                    525.0494480133057
                ],
                [
                    6.7025721073150635,
                    511.44564151763916
                ]
            ],
            "provenance": "nvisii",
            "quaternion_xyzw": [
                0.6113045811653137,
                0.41854095458984375,
                0.657923698425293,
                0.13515374064445496
            ],
            "quaternion_xyzw_world": [
                0.2535378038883209,
                -0.49292054772377014,
                0.7763077616691589,
                0.30015692114830017
            ],
            "segmentation_id": 11,
            "visibility": -1
        },
        {
            "bounding_box_minx_maxx_miny_maxy": [
                -1,
                -1,
                -1,
                -1
            ],
            "class": "2",
            "local_cuboid": null,
            "local_to_world_matrix": [
                [
                    0.21664220094680786,
                    0.7598450183868408,
                    0.6129453182220459,
                    0.0
                ],
                [
                    0.14167210459709167,
                    0.5967400074005127,
                    -0.7898294925689697,
                    0.0
                ],
                [
                    -0.9659168720245361,
                    0.257947713136673,
                    0.021630167961120605,
                    0.0
                ],
                [
                    1.647498369216919,
                    0.6337653398513794,
                    0.7036067247390747,
                    1.0
                ]
            ],
            "location": [
                -0.6337653398513794,
                0.7036067247390747,
                -1.647498369216919
            ],
            "location_world": [
                1.647498369216919,
                0.6337653398513794,
                0.7036067247390747
            ],
            "name": "google_2_of_Jenga_Classic_Game_11",
            "projected_cuboid": [
                [
                    -64.96936082839966,
                    -88.62200379371643
                ],
                [
                    -84.27822589874268,
                    -56.515634059906006
                ],
                [
                    -0.1697838306427002,
                    -2.1873414516448975
                ],
                [
                    16.44723117351532,
                    -28.409957885742188
                ],
                [
                    -42.17192530632019,
                    -71.30163908004761
                ],
                [
                    -61.923056840896606,
                    -38.94466161727905
                ],
                [
                    19.22483742237091,
                    12.934297323226929
                ],
                [
                    36.15780174732208,
                    -13.452023267745972
                ],
                [
                    -19.001692533493042,
                    -33.17505121231079
                ]
            ],
            "provenance": "nvisii",
            "quaternion_xyzw": [
                -0.12655797600746155,
                -0.03201128542423248,
                0.9374955296516418,
                0.322584331035614
            ],
            "quaternion_xyzw_world": [
                -0.38674023747444153,
                -0.582766592502594,
                0.2281709909439087,
                0.6773132681846619
            ],
            "segmentation_id": 12,
            "visibility": -1
        },
        {
            "bounding_box_minx_maxx_miny_maxy": [
                -1,
                -1,
                -1,
                -1
            ],
            "class": "2",
            "local_cuboid": null,
            "local_to_world_matrix": [
                [
                    -0.7469953298568726,
                    0.37123486399650574,
                    -0.5515283942222595,
                    0.0
                ],
                [
                    -0.1354103982448578,
                    0.7272319793701172,
                    0.672902524471283,
                    0.0
                ],
                [
                    0.6508939862251282,
                    0.5773374438285828,
                    -0.4929698705673218,
                    0.0
                ],
                [
                    0.9927892684936523,
                    -0.629147469997406,
                    -0.08005116879940033,
                    1.0
                ]
            ],
            "location": [
                0.629147469997406,
                -0.08005116879940033,
                -0.9927892684936523
            ],
            "location_world": [
                0.9927892684936523,
                -0.629147469997406,
                -0.08005116879940033
            ],
            "name": "google_2_of_Jenga_Classic_Game_12",
            "projected_cuboid": [
                [
                    498.15040826797485,
                    392.77929067611694
                ],
                [
                    468.3317542076111,
                    364.32331800460815
                ],
                [
                    617.9648637771606,
                    296.2663471698761
                ],
                [
                    651.8683433532715,
                    331.10833168029785
                ],
                [
                    500.65624713897705,
                    364.3145263195038
                ],
                [
                    472.31751680374146,
                    336.9784355163574
                ],
                [
                    614.0220761299133,
                    267.75237917900085
                ],
                [
                    646.0259556770325,
                    300.9142279624939
                ],
                [
                    552.288293838501,
                    334.3639075756073
                ]
            ],
            "provenance": "nvisii",
            "quaternion_xyzw": [
                -0.38947296142578125,
                0.8208275437355042,
                -0.10890205204486847,
                -0.4033527970314026
            ],
            "quaternion_xyzw_world": [
                0.06845191866159439,
                0.86127769947052,
                0.3629026710987091,
                0.34902283549308777
            ],
            "segmentation_id": 13,
            "visibility": -1
        },
        {
            "bounding_box_minx_maxx_miny_maxy": [
                -1,
                -1,
                -1,
                -1
            ],
            "class": "2",
            "local_cuboid": null,
            "local_to_world_matrix": [
                [
                    0.5102299451828003,
                    0.47769272327423096,
