{
    "camera_data": {
        "camera_look_at": {
            "at": [
                1.0,
                0.0,
                0.0
            ],
            "eye": [
                0.0,
                0.0,
                0.0
            ],
            "up": [
                0.0,
                0.0,
                1.0
            ]
        },
        "camera_view_matrix": [
            [
                0.0,
                0.0,
                -1.0,
                0.0
            ],
            [
                -1.0,
                0.0,
                0.0,
                0.0
            ],
            [
                0.0,
                1.0,
                0.0,
                0.0
            ],
            [
                0.0,
                0.0,
                0.0,
                1.0
            ]
        ],
        "height": 500,
        "intrinsics": {
            "cx": 250.0,
            "cy": 250.0,
            "fx": 603.5535278320312,
            "fy": 603.5535278320312
        },
        "location_world": [
            0.0,
            0.0,
            0.0
        ],
        "quaternion_world_xyzw": [
            0.5,
            -0.5,
            -0.5,
            0.5
        ],
        "width": 500
    },
    "objects": [
        {
            "bounding_box_minx_maxx_miny_maxy": [
                -1,
                -1,
                -1,
                -1
            ],
            "class": "2",
            "local_cuboid": null,
            "local_to_world_matrix": [
                [
                    0.6525290012359619,
                    -0.6745461225509644,
                    0.34524402022361755,
                    0.0
                ],
                [
                    0.7566382884979248,
                    0.6048280596733093,
                    -0.2483576238155365,
                    0.0
                ],
                [
                    -0.04128462076187134,
                    0.4232853949069977,
                    0.9050552845001221,
                    0.0
                ],
                [
                    1.86775541305542,
                    -0.10771821439266205,
                    0.21510346233844757,
                    1.0
                ]
            ],
            "location": [
                0.10771821439266205,
                0.21510346233844757,
                -1.86775541305542
            ],
            "location_world": [
                1.86775541305542,
                -0.10771821439266205,
                0.21510346233844757
            ],
            "name": "google_2_of_Jenga_Classic_Game_0",
            "projected_cuboid": [
                [
                    261.82180643081665,
                    85.66252887248993
                ],
                [
                    245.31713128089905,
                    97.76510298252106
                ],
                [
                    284.10404920578003,
                    181.5887838602066
                ],
                [
                    301.83297395706177,
                    172.4415272474289
                ],
                [
                    244.29747462272644,
                    90.10002017021179
                ],
                [
                    227.93783247470856,
                    102.38488018512726
                ],
                [
                    267.90204644203186,
                    188.48150968551636
                ],
                [
                    285.56329011917114,
                    179.3173998594284
                ],
                [
                    264.8819386959076,
                    137.40991055965424
                ]
            ],
            "provenance": "nvisii",
            "quaternion_xyzw": [
                -0.6858605742454529,
                0.09461982548236847,
                0.39214032888412476,
                0.6056965589523315
            ],
            "quaternion_xyzw_world": [
                -0.1888422816991806,
                -0.10867819935083389,
                -0.4023984968662262,
                0.8891586661338806
            ],
            "segmentation_id": 1,
            "visibility": -1
        },
        {
            "bounding_box_minx_maxx_miny_maxy": [
                -1,
                -1,
                -1,
                -1
            ],
            "class": "2",
            "local_cuboid": null,
            "local_to_world_matrix": [
                [
                    -0.7921193838119507,
                    0.45458877086639404,
                    -0.4073032736778259,
                    0.0
                ],
                [
                    0.049352094531059265,
                    -0.6174230575561523,
                    -0.785081684589386,
                    0.0
                ],
                [
                    -0.6083677411079407,
                    -0.6419796347618103,
                    0.4666377902030945,
                    0.0
                ],
                [
                    1.976299524307251,
                    0.7962827086448669,
                    -0.4118901193141937,
                    1.0
                ]
            ],
            "location": [
                -0.7962827086448669,
                -0.4118901193141937,
                -1.976299524307251
            ],
            "location_world": [
                1.976299524307251,
                0.7962827086448669,
                -0.4118901193141937
            ],
            "name": "google_2_of_Jenga_Classic_Game_1",
            "projected_cuboid": [
                [
                    26.816710829734802,
                    338.3719325065613
                ],
                [
                    45.125097036361694,
                    360.775351524353
                ],
                [
                    5.697205662727356,
                    392.91542768478394
                ],
                [
                    -11.021196842193604,
                    372.62994050979614
                ],
                [
                    46.28878831863403,
                    324.74058866500854
                ],
                [
                    63.92835080623627,
                    346.4108407497406
                ],
                [
                    24.063795804977417,
                    378.8217604160309
                ],
                [
                    7.904410362243652,
                    359.13902521133423
                ],
                [
                    25.35116672515869,
                    359.90604758262634
                ]
            ],
            "provenance": "nvisii",
            "quaternion_xyzw": [
                0.4248897135257721,
                0.12363192439079285,
                0.8438065648078918,
                -0.3036022484302521
            ],
            "quaternion_xyzw_world": [
                -0.2994436025619507,
                -0.4207310676574707,
                0.8479652404785156,
                0.11947326362133026
            ],
            "segmentation_id": 2,
            "visibility": -1
        },
        {
            "bounding_box_minx_maxx_miny_maxy": [
                -1,
                -1,
                -1,
                -1
            ],
            "class": "2",
            "local_cuboid": null,
            "local_to_world_matrix": [
                [
                    0.05637705326080322,
                    -0.9977795481681824,
                    -0.035465896129608154,
                    0.0
                ],
                [
                    -0.6754806637763977,
                    -0.0642768144607544,
                    0.734571099281311,
                    0.0
                ],
                [
                    -0.7352195382118225,
                    -0.017456531524658203,
                    -0.6776046752929688,
                    0.0
                ],
                [
                    1.55507230758667,
                    0.7042838335037231,
                    -0.4615488648414612,
                    1.0
                ]
            ],
            "location": [
                -0.7042838335037231,
                -0.4615488648414612,
                -1.55507230758667
            ],
            "location_world": [
                1.55507230758667,
                0.7042838335037231,
                -0.4615488648414612
            ],
            "name": "google_2_of_Jenga_Classic_Game_2",
            "projected_cuboid": [
                [
                    -41.66322946548462,
                    554.5824766159058
                ],
                [
                    -51.83008313179016,
                    539.3138527870178
                ],
                [
                    -11.443883180618286,
                    420.5332398414612
                ],
                [
                    -4.106372594833374,
                    438.00628185272217
                ],
                [
                    -77.37436890602112,
                    554.3380975723267
                ],
                [
                    -89.13108706474304,
                    539.0069484710693
                ],
                [
                    -43.37194561958313,
                    419.92300748825073
                ],
                [
                    -34.862220287323,
                    437.46718764305115
                ],
                [
                    -42.562782764434814,
                    483.6885333061218
                ]
            ],
            "provenance": "nvisii",
            "quaternion_xyzw": [
                0.36331427097320557,
                0.01982496678829193,
                -0.026781708002090454,
                0.9310706853866577
            ],
            "quaternion_xyzw_world": [
                0.6704958081245422,
                -0.623889148235321,
                -0.28735655546188354,
                0.2803998291492462
            ],
            "segmentation_id": 3,
            "visibility": -1
        },
        {
            "bounding_box_minx_maxx_miny_maxy": [
                -1,
                -1,
                -1,
                -1
            ],
            "class": "2",
            "local_cuboid": null,
            "local_to_world_matrix": [
                [
                    -0.7261090278625488,
                    0.523615300655365,
                    0.445637583732605,
                    0.0
                ],
                [
                    -0.4941703975200653,
                    -0.8480633497238159,
                    0.19127051532268524,
                    0.0
                ],
                [
                    0.47808098793029785,
                    -0.08133767545223236,
                    0.8745414614677429,
                    0.0
                ],
                [
                    0.36506661772727966,
                    -0.5177238583564758,
                    -0.07076858729124069,
                    1.0
                ]
            ],
            "location": [
                0.5177238583564758,
                -0.07076858729124069,
                -0.36506661772727966
            ],
            "location_world": [
                0.36506661772727966,
                -0.5177238583564758,
                -0.07076858729124069
            ],
            "name": "google_2_of_Jenga_Classic_Game_3",
            "projected_cuboid": [
                [
                    839.0279412269592,
                    14.18311893939972
                ],
                [
                    987.9555702209473,
                    -28.843700885772705
                ],
                [
                    1269.054651260376,
                    336.3063633441925
                ],
                [
                    1029.0980339050293,
                    353.5076975822449
                ],
                [
                    823.1340050697327,
                    76.83679461479187
                ],
                [
                    954.1230201721191,
                    43.71969401836395
                ],
                [
                    1179.3694496154785,
                    379.95171546936035
                ],
                [
                    981.5911054611206,
                    390.3839588165283
                ],
                [
                    984.9220514297485,
                    170.97695171833038
                ]
            ],
            "provenance": "nvisii",
            "quaternion_xyzw": [
                0.43680524826049805,
                0.7404334545135498,
                0.46213194727897644,
                -0.21770061552524567
            ],
            "quaternion_xyzw_world": [
                0.24870304763317108,
                0.02959844470024109,
                0.9285356402397156,
                0.27402979135513306
            ],
            "segmentation_id": 4,
            "visibility": -1
        },
        {
            "bounding_box_minx_maxx_miny_maxy": [
                -1,
                -1,
                -1,
                -1
            ],
            "class": "2",
            "local_cuboid": null,
            "local_to_world_matrix": [
                [
                    -0.7141919136047363,
                    0.46059030294418335,
                    -0.5270546078681946,
                    0.0
                ],
                [
                    -0.25429368019104004,
                    -0.8722765445709229,
                    -0.4176941215991974,
                    0.0
                ],
                [
                    -0.6521232724189758,
                    -0.16428706049919128,
                    0.7400979995727539,
                    0.0
                ],
                [
                    1.3628604412078857,
                    0.09399925917387009,
                    -0.5136858820915222,
                    1.0
                ]
            ],
            "location": [
                -0.09399925917387009,
                -0.5136858820915222,
                -1.3628604412078857
            ],
            "location_world": [
                1.3628604412078857,
                0.09399925917387009,
                -0.5136858820915222
            ],
            "name": "google_2_of_Jenga_Classic_Game_4",
            "projected_cuboid": [
                [
                    197.20712304115295,
                    407.10312128067017
                ],
                [
                    235.4254424571991,
                    428.85905504226685
                ],
                [
                    215.64634144306183,
                    501.67548656463623
                ],
                [
                    183.15452337265015,
                    481.83757066726685
                ],
                [
                    217.76700019836426,
                    379.07904386520386
                ],
                [
                    254.5466423034668,
                    399.29908514022827
                ],
                [
                    232.93612897396088,
                    473.22264313697815
                ],
                [
                    201.48536562919617,
                    454.61785793304443
                ],
                [
                    216.6595757007599,
                    443.1014657020569
                ]
            ],
            "provenance": "nvisii",
            "quaternion_xyzw": [
                0.2761252522468567,
                0.31255918741226196,
                0.7953627705574036,
                -0.43984055519104004
            ],
            "quaternion_xyzw_world": [
                -0.3232594430446625,
                -0.15954414010047913,
                0.9119438529014587,
                0.1959780752658844
            ],
            "segmentation_id": 5,
            "visibility": -1
        },
        {
            "bounding_box_minx_maxx_miny_maxy": [
                -1,
                -1,
                -1,
                -1
            ],
            "class": "2",
            "local_cuboid": null,
            "local_to_world_matrix": [
                [
                    -0.6212725639343262,
                    0.6702767014503479,
                    -0.4058934152126312,
                    0.0
                ],
                [
                    0.21653209626674652,
                    -0.35096919536590576,
                    -0.9110074639320374,
                    0.0
                ],
                [
                    -0.7530831098556519,
                    -0.6538729071617126,
                    0.0729110836982727,
                    0.0
                ],
                [
                    0.8990606069564819,
                    0.27050352096557617,
                    -0.013390394859015942,
                    1.0
                ]
            ],
            "location": [
                -0.27050352096557617,
                -0.013390394859015942,
                -0.8990606069564819
            ],
            "location_world": [
                0.8990606069564819,
                0.27050352096557617,
                -0.013390394859015942
            ],
            "name": "google_2_of_Jenga_Classic_Game_5",
            "projected_cuboid": [
                [
                    137.07607984542847,
                    221.57591581344604
                ],
                [
                    167.13520884513855,
                    292.3086881637573
                ],
                [
                    57.315751910209656,
                    296.32267355918884
                ],
                [
                    32.576918601989746,
                    243.65375936031342
                ],
                [
                    191.00050628185272,
                    195.75338065624237
                ],
                [
                    217.60936081409454,
                    262.2847259044647
                ],
                [
                    101.65643692016602,
                    273.16880226135254
                ],
                [
                    79.130157828331,
                    222.85979986190796
                ],
                [
                    116.14252626895905,
                    252.06801295280457
                ]
            ],
            "provenance": "nvisii",
            "quaternion_xyzw": [
                0.3491588234901428,
                -0.03932613134384155,
                0.9130125045776367,
                -0.2072432041168213
            ],
            "quaternion_xyzw_world": [
                -0.40521150827407837,
                -0.5471271276473999,
                0.7150442004203796,
                0.15864215791225433
            ],
            "segmentation_id": 6,
            "visibility": -1
        },
        {
            "bounding_box_minx_maxx_miny_maxy": [
                -1,
                -1,
                -1,
                -1
            ],
            "class": "2",
            "local_cuboid": null,
            "local_to_world_matrix": [
                [
                    0.6169115304946899,
                    0.7854256629943848,
                    -0.050265297293663025,
                    0.0
                ],
                [
                    -0.7869930267333984,
                    0.6162606477737427,
                    -0.02940661832690239,
                    0.0
                ],
                [
                    0.007879810407757759,
                    0.057699721306562424,
                    0.9983028769493103,
                    0.0
                ],
                [
                    0.85434490442276,
                    0.23830565810203552,
                    -0.6325293183326721,
                    1.0
                ]
            ],
            "location": [
                -0.23830565810203552,
                -0.6325293183326721,
                -0.85434490442276
            ],
            "location_world": [
                0.85434490442276,
                0.23830565810203552,
                -0.6325293183326721
            ],
            "name": "google_2_of_Jenga_Classic_Game_6",
            "projected_cuboid": [
                [
                    78.29521596431732,
                    475.56135058403015
                ],
                [
                    27.790144085884094,
                    495.0096905231476
                ],
                [
                    39.2167866230011,
                    703.8430571556091
                ],
                [
                    89.01666104793549,
                    669.1278219223022
                ],
                [
                    111.84585094451904,
                    485.4786694049835
                ],
                [
                    61.0550194978714,
                    506.9361925125122
                ],
                [
                    73.2756108045578,
                    728.5590171813965
                ],
                [
                    123.26115369796753,
                    689.9839639663696
                ],
                [
                    75.95770061016083,
                    593.3790802955627
                ]
            ],
            "provenance": "nvisii",
            "quaternion_xyzw": [
                -0.2509286403656006,
                0.6640592813491821,
                0.6721146702766418,
                0.21052783727645874
            ],
            "quaternion_xyzw_world": [
                -0.02422809973359108,
                0.016172708943486214,
                0.4373587369918823,
                0.8988152146339417
            ],
            "segmentation_id": 7,
            "visibility": -1
        },
        {
            "bounding_box_minx_maxx_miny_maxy": [
                -1,
                -1,
                -1,
                -1
            ],
            "class": "2",
            "local_cuboid": null,
            "local_to_world_matrix": [
                [
                    0.6658720970153809,
                    0.03624910116195679,
                    -0.7451847195625305,
                    0.0
                ],
                [
                    0.6525098085403442,
                    -0.5125668048858643,
                    0.5581274032592773,
                    0.0
                ],
                [
                    -0.361725389957428,
                    -0.8578817844390869,
                    -0.3649568557739258,
                    0.0
                ],
                [
                    1.7128455638885498,
                    0.4214290380477905,
                    -0.3604450821876526,
                    1.0
                ]
            ],
            "location": [
                -0.4214290380477905,
                -0.3604450821876526,
                -1.7128455638885498
            ],
            "location_world": [
                1.7128455638885498,
                0.4214290380477905,
                -0.3604450821876526
            ],
            "name": "google_2_of_Jenga_Classic_Game_7",
            "projected_cuboid": [
                [
                    177.1136224269867,
                    445.44172286987305
                ],
                [
                    195.25831937789917,
                    421.83375358581543
                ],
                [
                    112.92164027690887,
                    375.13646483421326
                ],
                [
                    93.24656426906586,
                    395.7837224006653
                ],
                [
                    175.75997114181519,
                    429.20970916748047
                ],
                [
                    194.54360008239746,
                    405.3867757320404
                ],
                [
                    109.72777009010315,
                    358.2722246646881
                ],
                [
                    89.32363986968994,
                    379.01318073272705
                ],
                [
                    142.3223465681076,
                    400.436133146286
                ]
            ],
            "provenance": "nvisii",
            "quaternion_xyzw": [
                -0.10475941747426987,
                0.5551241040229797,
                -0.4582158625125885,
                0.68622225522995
            ],
            "quaternion_xyzw_world": [
                0.7974013686180115,
                0.21593858301639557,
                -0.3470366895198822,
                0.44394493103027344
            ],
            "segmentation_id": 8,
            "visibility": -1
        },
        {
            "bounding_box_minx_maxx_miny_maxy": [
                -1,
                -1,
                -1,
                -1
            ],
            "class": "2",
            "local_cuboid": null,
            "local_to_world_matrix": [
                [
                    -0.6539490222930908,
                    -0.28480249643325806,
                    0.7008844017982483,
                    0.0
                ],
                [
                    0.026329651474952698,
                    0.9173060655593872,
                    0.39731138944625854,
                    0.0
                ],
                [
                    -0.7560808062553406,
                    0.2782752513885498,
                    -0.5923727750778198,
                    0.0
                ],
                [
                    1.9668618440628052,
                    0.6807142496109009,
                    0.8047980666160583,
                    1.0
                ]
            ],
            "location": [
                -0.6807142496109009,
                0.8047980666160583,
                -1.9668618440628052
            ],
            "location_world": [
                1.9668618440628052,
                0.6807142496109009,
                0.8047980666160583
            ],
            "name": "google_2_of_Jenga_Classic_Game_8",
            "projected_cuboid": [
                [
                    0.024199485778808594,
                    24.390071630477905
                ],
                [
                    -26.811152696609497,
                    12.918442487716675
                ],
                [
                    29.925137758255005,
                    -13.89351487159729
                ],
                [
                    53.77054214477539,
                    -3.7586092948913574
                ],
                [
                    -0.3510117530822754,
                    49.80917274951935
                ],
                [
                    -26.40509605407715,
                    38.63942623138428
                ],
                [
                    28.81823480129242,
                    9.672120213508606
                ],
                [
                    52.04471945762634,
                    19.570842385292053
                ],
                [
                    15.486255288124084,
                    16.486749053001404
                ]
            ],
            "provenance": "nvisii",
            "quaternion_xyzw": [
                -0.18125292658805847,
                0.2985081076622009,
                -0.5181618928909302,
                -0.7807360291481018
            ],
            "quaternion_xyzw_world": [
                -0.07265947014093399,
                0.8893294930458069,
                0.18991461396217346,
                -0.4095684587955475
            ],
            "segmentation_id": 9,
            "visibility": -1
        },
        {
            "bounding_box_minx_maxx_miny_maxy": [
                -1,
                -1,
                -1,
                -1
            ],
            "class": "2",
            "local_cuboid": null,
            "local_to_world_matrix": [
                [
                    0.46209001541137695,
                    0.7042343020439148,
                    0.5390055179595947,
                    0.0
                ],
                [
                    0.8541434407234192,
                    -0.18992245197296143,
                    -0.48411625623703003,
                    0.0
                ],
                [
                    -0.23856203258037567,
                    0.6840932965278625,
                    -0.6892783641815186,
                    0.0
                ],
                [
                    0.5997999906539917,
                    -0.5856115818023682,
                    0.31179967522621155,
                    1.0
                ]
            ],
            "location": [
                0.5856115818023682,
                0.31179967522621155,
                -0.5997999906539917
            ],
            "location_world": [
                0.5997999906539917,
                -0.5856115818023682,
                0.31179967522621155
            ],
            "name": "google_2_of_Jenga_Classic_Game_9",
            "projected_cuboid": [
                [
                    662.3883843421936,
                    70.70960104465485
                ],
                [
                    628.0548572540283,
                    135.05752384662628
                ],
                [
                    772.1710801124573,
                    -38.4887158870697
                ],
                [
                    820.2546834945679,
                    -116.64009094238281
                ],
                [
                    764.4563913345337,
                    110.91160774230957
                ],
                [
                    714.4033312797546,
                    174.2488145828247
                ],
                [
                    857.2832942008972,
                    -13.96283507347107
                ],
                [
                    919.8336601257324,
                    -94.09397840499878
                ],
                [
                    768.9223885536194,
                    24.425745010375977
                ]
            ],
            "provenance": "nvisii",
            "quaternion_xyzw": [
                0.3678722679615021,
                0.49536752700805664,
                -0.7789275646209717,
                -0.11203969269990921
            ],
            "quaternion_xyzw_world": [
                0.7650638222694397,
                0.5092312693595886,
                0.09817595779895782,
                -0.38173598051071167
            ],
            "segmentation_id": 10,
            "visibility": -1
        },
        {
            "bounding_box_minx_maxx_miny_maxy": [
                -1,
                -1,
                -1,
                -1
            ],
            "class": "2",
            "local_cuboid": null,
            "local_to_world_matrix": [
                [
                    -0.08901870250701904,
                    0.9802747964859009,
                    -0.1764569878578186,
                    0.0
                ],
                [
                    0.43773019313812256,
                    0.197637677192688,
                    0.8771155476570129,
                    0.0
                ],
                [
                    0.8946887850761414,
                    0.0008390545845031738,
                    -0.4466893672943115,
                    0.0
                ],
                [
                    1.51979660987854,
                    0.7209687232971191,
                    -0.6720231771469116,
                    1.0
                ]
            ],
            "location": [
                -0.7209687232971191,
                -0.6720231771469116,
                -1.51979660987854
            ],
            "location_world": [
                1.51979660987854,
                0.7209687232971191,
                -0.6720231771469116
            ],
            "name": "google_2_of_Jenga_Classic_Game_10",
            "projected_cuboid": [
                [
                    -7.8411102294921875,
                    540.438175201416
                ],
                [
                    -8.142948150634766,
                    509.5738172531128
                ],
                [
                    -52.002936601638794,
                    502.4627447128296
                ],
                [
                    -52.7307391166687,
                    538.5368466377258
                ],
                [
                    19.610658288002014,
                    534.5263481140137
                ],
                [
                    18.747270107269287,
                    503.9033889770508
                ],
                [
                    -20.354926586151123,
                    495.8636164665222
                ],
                [
                    -20.30208706855774,
                    531.6072702407837
                ],
                [
                    -13.686001300811768,
                    519.6183919906616
                ]
            ],
            "provenance": "nvisii",
            "quaternion_xyzw": [
                -0.09656406939029694,
                0.9685142040252686,
                -0.22829285264015198,
                -0.023194700479507446
            ],
            "quaternion_xyzw_world": [
                0.5385241508483887,
                0.6582829356193542,
                0.33342599868774414,
                0.40679535269737244
            ],
            "segmentation_id": 11,
            "visibility": -1
        },
        {
            "bounding_box_minx_maxx_miny_maxy": [
                -1,
                -1,
                -1,
                -1
            ],
            "class": "2",
            "local_cuboid": null,
            "local_to_world_matrix": [
                [
                    -0.16090929508209229,
                    -0.9366114139556885,
                    -0.31123510003089905,
                    0.0
                ],
                [
                    0.16078460216522217,
                    -0.33600759506225586,
                    0.9280340671539307,
                    0.0
                ],
                [
                    -0.9737846851348877,
                    0.0992874801158905,
                    0.20465946197509766,
                    0.0
                ],
                [
                    1.7662293910980225,
                    0.6570956707000732,
                    0.664508044719696,
                    1.0
                ]
            ],
            "location": [
                -0.6570956707000732,
                0.664508044719696,
                -1.7662293910980225
            ],
            "location_world": [
                1.7662293910980225,
                0.6570956707000732,
                0.664508044719696
            ],
            "name": "google_2_of_Jenga_Classic_Game_11",
            "projected_cuboid": [
                [
                    -22.6171612739563,
                    -26.495784521102905
                ],
                [
                    -8.56730341911316,
                    -55.871546268463135
                ],
                [
                    42.971059679985046,
                    13.798147439956665
                ],
                [
                    31.599923968315125,
                    38.94717991352081
                ],
                [
                    -50.38514733314514,
                    -34.13000702857971
                ],
                [
                    -36.202430725097656,
                    -63.18700313568115
                ],
                [
                    19.385918974876404,
                    7.155060768127441
                ],
                [
                    7.91516900062561,
                    32.07223117351532
                ],
                [
                    0.3934502601623535,
                    -8.06078314781189
                ]
            ],
            "provenance": "nvisii",
            "quaternion_xyzw": [
                0.09326401352882385,
                0.06640410423278809,
                0.16518108546733856,
                -0.9795955419540405
            ],
            "quaternion_xyzw_world": [
                -0.49255427718162537,
                0.3937773108482361,
                0.6522223949432373,
                -0.42063719034194946
            ],
            "segmentation_id": 12,
            "visibility": -1
        },
        {
            "bounding_box_minx_maxx_miny_maxy": [
                -1,
                -1,
                -1,
                -1
            ],
            "class": "2",
            "local_cuboid": null,
            "local_to_world_matrix": [
                [
                    -0.6002166271209717,
                    0.692811131477356,
                    0.39969104528427124,
                    0.0
                ],
                [
                    0.4512937366962433,
                    -0.11922836303710938,
                    0.8843746781349182,
                    0.0
                ],
                [
                    0.6603590846061707,
                    0.7111943364143372,
                    -0.2410985231399536,
                    0.0
                ],
                [
                    1.017549753189087,
                    -0.6913371682167053,
                    -0.19213175773620605,
                    1.0
                ]
            ],
            "location": [
                0.6913371682167053,
                -0.19213175773620605,
                -1.017549753189087
            ],
            "location_world": [
                1.017549753189087,
                -0.6913371682167053,
                -0.19213175773620605
            ],
            "name": "google_2_of_Jenga_Classic_Game_12",
            "projected_cuboid": [
                [
                    483.2354784011841,
                    396.87666296958923
                ],
                [
                    480.9038043022156,
                    354.8576235771179
                ],
                [
                    648.6555933952332,
                    332.8630030155182
                ],
                [
                    658.0061912536621,
                    382.3366165161133
                ],
                [
                    501.2946128845215,
                    406.8151116371155
                ],
                [
                    498.50189685821533,
                    366.08150601387024
                ],
                [
                    661.9638204574585,
                    347.1109867095947
                ],
                [
                    671.3773012161255,
                    394.8240280151367
                ],
                [
                    568.2904720306396,
                    373.1936812400818
                ]
            ],
            "provenance": "nvisii",
            "quaternion_xyzw": [
                0.14419889450073242,
                0.8996589183807373,
                -0.192404106259346,
                -0.3644188940525055
            ],
            "quaternion_xyzw_world": [
                0.4359215199947357,
                0.6561415195465088,
                0.6079363226890564,
                0.09931852668523788
            ],
            "segmentation_id": 13,
            "visibility": -1
        },
        {
            "bounding_box_minx_maxx_miny_maxy": [
                -1,
                -1,
                -1,
                -1
            ],
            "class": "2",
            "local_cuboid": null,
            "local_to_world_matrix": [
                [
                    0.6813703775405884,
                    -0.7200828194618225,
