{
    "camera_data": {
        "camera_look_at": {
            "at": [
                1.0,
                0.0,
                0.0
            ],
            "eye": [
                0.0,
                0.0,
                0.0
            ],
            "up": [
                0.0,
                0.0,
                1.0
            ]
        },
        "camera_view_matrix": [
            [
                0.0,
                0.0,
                -1.0,
                0.0
            ],
            [
                -1.0,
                0.0,
                0.0,
                0.0
            ],
            [
                0.0,
                1.0,
                0.0,
                0.0
            ],
            [
                0.0,
                0.0,
                0.0,
                1.0
            ]
        ],
        "height": 500,
        "intrinsics": {
            "cx": 250.0,
            "cy": 250.0,
            "fx": 603.5535278320312,
            "fy": 603.5535278320312
        },
        "location_world": [
            0.0,
            0.0,
            0.0
        ],
        "quaternion_world_xyzw": [
            0.5,
            -0.5,
            -0.5,
            0.5
        ],
        "width": 500
    },
    "objects": [
        {
            "bounding_box_minx_maxx_miny_maxy": [
                -1,
                -1,
                -1,
                -1
            ],
            "class": "2",
            "local_cuboid": null,
            "local_to_world_matrix": [
                [
                    -0.2865424156188965,
                    -0.058513134717941284,
                    0.9562790393829346,
                    0.0
                ],
                [
                    -0.8014302253723145,
                    -0.5322942733764648,
                    -0.27271324396133423,
                    0.0
                ],
                [
                    0.5249791145324707,
                    -0.8445348143577576,
                    0.10563069581985474,
                    0.0
                ],
                [
                    1.5905423164367676,
                    0.48119989037513733,
                    -0.1161637082695961,
                    1.0
                ]
            ],
            "location": [
                -0.48119989037513733,
                -0.1161637082695961,
                -1.5905423164367676
            ],
            "location_world": [
                1.5905423164367676,
                0.48119989037513733,
                -0.1161637082695961
            ],
            "name": "google_2_of_Jenga_Classic_Game_0",
            "projected_cuboid": [
                [
                    162.97705471515656,
                    262.32969760894775
                ],
                [
                    175.47911405563354,
                    271.0021138191223
                ],
                [
                    71.74395024776459,
                    285.13598442077637
                ],
                [
                    62.40518391132355,
                    275.046169757843
                ],
                [
                    162.51936554908752,
                    287.6235246658325
                ],
                [
                    174.83924329280853,
                    297.17642068862915
                ],
                [
                    72.53693044185638,
                    313.6661946773529
                ],
                [
                    63.29445540904999,
                    302.5355041027069
                ],
                [
                    120.44769525527954,
                    286.47059202194214
                ]
            ],
            "provenance": "nvisii",
            "quaternion_xyzw": [
                0.6812131404876709,
                0.5462949275970459,
                0.4150967001914978,
                0.25535306334495544
            ],
            "quaternion_xyzw_world": [
                0.5338822603225708,
                -0.40268397331237793,
                0.6936258673667908,
                0.26776576042175293
            ],
            "segmentation_id": 1,
            "visibility": -1
        },
        {
            "bounding_box_minx_maxx_miny_maxy": [
                -1,
                -1,
                -1,
                -1
            ],
            "class": "2",
            "local_cuboid": null,
            "local_to_world_matrix": [
                [
                    -0.9121487140655518,
                    -0.25681188702583313,
                    0.31942665576934814,
                    0.0
                ],
                [
                    -0.09294387698173523,
                    -0.6294442415237427,
                    -0.7714675664901733,
                    0.0
                ],
                [
                    0.39918315410614014,
                    -0.7333815097808838,
                    0.5502768754959106,
                    0.0
                ],
                [
                    1.8510510921478271,
                    0.8456845283508301,
                    -0.22268325090408325,
                    1.0
                ]
            ],
            "location": [
                -0.8456845283508301,
                -0.22268325090408325,
                -1.8510510921478271
            ],
            "location_world": [
                1.8510510921478271,
                0.8456845283508301,
                -0.22268325090408325
            ],
            "name": "google_2_of_Jenga_Classic_Game_1",
            "projected_cuboid": [
                [
                    47.96481132507324,
                    255.22547960281372
                ],
                [
                    63.78239393234253,
                    275.64138174057007
                ],
                [
                    -19.592344760894775,
                    330.8553099632263
                ],
                [
                    -36.06414794921875,
                    308.89248847961426
                ],
                [
                    49.1156131029129,
                    262.61383295059204
                ],
                [
                    64.36854600906372,
                    282.3241055011749
                ],
                [
                    -15.78405499458313,
                    335.8420133590698
                ],
                [
                    -31.64491057395935,
                    314.69425559043884
                ],
                [
                    16.528531908988953,
                    294.97963190078735
                ]
            ],
            "provenance": "nvisii",
            "quaternion_xyzw": [
                0.7790158987045288,
                0.3045094311237335,
                0.5280796885490417,
                -0.14676633477210999
            ],
            "quaternion_xyzw_world": [
                0.20433960855007172,
                -0.4279099106788635,
                0.879185676574707,
                -0.04659653082489967
            ],
            "segmentation_id": 2,
            "visibility": -1
        },
        {
            "bounding_box_minx_maxx_miny_maxy": [
                -1,
                -1,
                -1,
                -1
            ],
            "class": "2",
            "local_cuboid": null,
            "local_to_world_matrix": [
                [
                    -0.7383695840835571,
                    0.25037673115730286,
                    0.6261962652206421,
                    0.0
                ],
                [
                    -0.17416763305664062,
                    0.8262341022491455,
                    -0.5357264280319214,
                    0.0
                ],
                [
                    -0.6515181064605713,
                    -0.5046272277832031,
                    -0.5664585828781128,
                    0.0
                ],
                [
                    1.2922579050064087,
                    0.5387237668037415,
                    -0.5161409378051758,
                    1.0
                ]
            ],
            "location": [
                -0.5387237668037415,
                -0.5161409378051758,
                -1.2922579050064087
            ],
            "location_world": [
                1.2922579050064087,
                0.5387237668037415,
                -0.5161409378051758
            ],
            "name": "google_2_of_Jenga_Classic_Game_2",
            "projected_cuboid": [
                [
                    45.34199833869934,
                    604.3999791145325
                ],
                [
                    2.9982030391693115,
                    634.9155306816101
                ],
                [
                    -30.413150787353516,
                    497.06149101257324
                ],
                [
                    5.974769592285156,
                    472.71251678466797
                ],
                [
                    66.28450751304626,
                    612.4564409255981
                ],
                [
                    26.409626007080078,
                    641.4955854415894
                ],
                [
                    -8.911281824111938,
                    508.79931449890137
                ],
                [
                    25.64355731010437,
                    485.38774251937866
                ],
                [
                    15.565887093544006,
                    551.9310235977173
                ]
            ],
            "provenance": "nvisii",
            "quaternion_xyzw": [
                -0.3980676829814911,
                0.12563054263591766,
                -0.7806441783905029,
                -0.46513843536376953
            ],
            "quaternion_xyzw_world": [
                0.021534312516450882,
                0.88474041223526,
                -0.293971449136734,
                -0.36104217171669006
            ],
            "segmentation_id": 3,
            "visibility": -1
        },
        {
            "bounding_box_minx_maxx_miny_maxy": [
                -1,
                -1,
                -1,
                -1
            ],
            "class": "2",
            "local_cuboid": null,
            "local_to_world_matrix": [
                [
                    -0.4180840253829956,
                    0.9083168506622314,
                    -0.012890681624412537,
                    0.0
                ],
                [
                    -0.8549705743789673,
                    -0.38865506649017334,
                    0.34347108006477356,
                    0.0
                ],
                [
                    0.3069705367088318,
                    0.1546209454536438,
                    0.9390748143196106,
                    0.0
                ],
                [
                    0.38118070363998413,
                    -0.5100033283233643,
                    -0.06881911307573318,
                    1.0
                ]
            ],
            "location": [
                0.5100033283233643,
                -0.06881911307573318,
                -0.38118070363998413
            ],
            "location_world": [
                0.38118070363998413,
                -0.5100033283233643,
                -0.06881911307573318
            ],
            "name": "google_2_of_Jenga_Classic_Game_3",
            "projected_cuboid": [
                [
                    757.7199339866638,
                    15.631034970283508
                ],
                [
                    892.6967978477478,
                    -66.66427850723267
                ],
                [
                    1151.0014533996582,
                    350.7096767425537
                ],
                [
                    939.3067955970764,
                    376.2417137622833
                ],
                [
                    808.3474040031433,
                    29.225021600723267
                ],
                [
                    941.5584802627563,
                    -44.881075620651245
                ],
                [
                    1188.4198188781738,
                    339.8270010948181
                ],
                [
                    986.5930676460266,
                    365.22895097732544
                ],
                [
                    940.4992461204529,
                    153.2125025987625
                ]
            ],
            "provenance": "nvisii",
            "quaternion_xyzw": [
                0.1174548789858818,
                0.7998059988021851,
                0.5607752203941345,
                -0.17901372909545898
            ],
            "quaternion_xyzw_world": [
                0.08873596787452698,
                0.15029482543468475,
                0.8285248875617981,
                0.5320562720298767
            ],
            "segmentation_id": 4,
            "visibility": -1
        },
        {
            "bounding_box_minx_maxx_miny_maxy": [
                -1,
                -1,
                -1,
                -1
            ],
            "class": "2",
            "local_cuboid": null,
            "local_to_world_matrix": [
                [
                    0.9540706276893616,
                    0.24112007021903992,
                    -0.17779313027858734,
                    0.0
                ],
                [
                    -0.1764734983444214,
                    -0.027237653732299805,
                    -0.9839284420013428,
                    0.0
                ],
                [
                    -0.24208755791187286,
                    0.9701130390167236,
                    0.016564667224884033,
                    0.0
                ],
                [
                    1.3321205377578735,
                    -0.048667438328266144,
                    -0.7027913928031921,
                    1.0
                ]
            ],
            "location": [
                0.048667438328266144,
                -0.7027913928031921,
                -1.3321205377578735
            ],
            "location_world": [
                1.3321205377578735,
                -0.048667438328266144,
                -0.7027913928031921
            ],
            "name": "google_2_of_Jenga_Classic_Game_4",
            "projected_cuboid": [
                [
                    136.65124773979187,
                    556.4662218093872
                ],
                [
                    136.41825318336487,
                    598.8256931304932
                ],
                [
                    267.85850524902344,
                    582.8626155853271
                ],
                [
                    266.65735244750977,
                    542.8508520126343
                ],
                [
                    139.04663920402527,
                    568.3249831199646
                ],
                [
                    138.8286054134369,
                    613.4508848190308
                ],
                [
                    277.82291173934937,
                    595.7508087158203
                ],
                [
                    276.43823623657227,
                    553.278386592865
                ],
                [
                    206.7076563835144,
                    575.9612321853638
                ]
            ],
            "provenance": "nvisii",
            "quaternion_xyzw": [
                -0.6125195622444153,
                0.06144927442073822,
                0.7853559255599976,
                -0.06526681780815125
            ],
            "quaternion_xyzw_world": [
                -0.7008465528488159,
                -0.023060167208313942,
                0.14977625012397766,
                0.6970289945602417
            ],
            "segmentation_id": 5,
            "visibility": -1
        },
        {
            "bounding_box_minx_maxx_miny_maxy": [
                -1,
                -1,
                -1,
                -1
            ],
            "class": "2",
            "local_cuboid": null,
            "local_to_world_matrix": [
                [
                    0.890464186668396,
                    -0.21786129474639893,
                    -0.3995121717453003,
                    0.0
                ],
                [
                    -0.42678284645080566,
                    -0.7044583559036255,
                    -0.5670931935310364,
                    0.0
                ],
                [
                    -0.15789204835891724,
                    0.6754811406135559,
                    -0.7202744483947754,
                    0.0
                ],
                [
                    1.760193109512329,
                    -0.050307635217905045,
                    -0.07038739323616028,
                    1.0
                ]
            ],
            "location": [
                0.050307635217905045,
                -0.07038739323616028,
                -1.760193109512329
            ],
            "location_world": [
                1.760193109512329,
                -0.050307635217905045,
                -0.07038739323616028
            ],
            "name": "google_2_of_Jenga_Classic_Game_5",
            "projected_cuboid": [
                [
                    192.56293773651123,
                    343.0902361869812
                ],
                [
                    212.105393409729,
                    361.72229051589966
                ],
                [
                    280.09235858917236,
                    287.3762845993042
                ],
                [
                    259.695827960968,
                    270.69559693336487
                ],
                [
                    184.07267332077026,
                    335.73442697525024
                ],
                [
                    204.25744354724884,
                    354.99489307403564
                ],
                [
                    275.25416016578674,
                    277.7712643146515
                ],
                [
                    254.13566827774048,
                    260.6169283390045
                ],
                [
                    233.1925928592682,
                    310.99629402160645
                ]
            ],
            "provenance": "nvisii",
            "quaternion_xyzw": [
                0.6377817988395691,
                0.11953393369913101,
                -0.6138248443603516,
                0.4496276378631592
            ],
            "quaternion_xyzw_world": [
                0.9103841185569763,
                -0.17702531814575195,
                -0.153068408370018,
                -0.3412225544452667
            ],
            "segmentation_id": 6,
            "visibility": -1
        },
        {
            "bounding_box_minx_maxx_miny_maxy": [
                -1,
                -1,
                -1,
                -1
            ],
            "class": "2",
            "local_cuboid": null,
            "local_to_world_matrix": [
                [
                    0.6440168619155884,
                    0.5794967412948608,
                    0.49942547082901,
                    0.0
                ],
                [
                    0.040285706520080566,
                    -0.677618145942688,
                    0.7343096137046814,
                    0.0
                ],
                [
                    0.7639498114585876,
                    -0.4527880549430847,
                    -0.45974302291870117,
                    0.0
                ],
                [
                    1.4526618719100952,
                    0.2035112828016281,
                    0.10646790266036987,
                    1.0
                ]
            ],
            "location": [
                -0.2035112828016281,
                0.10646790266036987,
                -1.4526618719100952
            ],
            "location_world": [
                1.4526618719100952,
                0.2035112828016281,
                0.10646790266036987
            ],
            "name": "google_2_of_Jenga_Classic_Game_6",
            "projected_cuboid": [
                [
                    206.4146250486374,
                    263.9070749282837
                ],
                [
                    226.78081691265106,
                    241.90351366996765
                ],
                [
                    169.33447122573853,
                    185.90907752513885
                ],
                [
                    145.75758576393127,
                    211.10938489437103
                ],
                [
                    221.80676460266113,
                    278.7584662437439
                ],
                [
                    242.7675575017929,
                    256.04769587516785
                ],
                [
                    185.77530980110168,
                    200.27123391628265
                ],
                [
                    161.39742732048035,
                    226.40389204025269
                ],
                [
                    196.98739051818848,
                    234.8407804965973
                ]
            ],
            "provenance": "nvisii",
            "quaternion_xyzw": [
                0.33546364307403564,
                0.8771767616271973,
                -0.1425108015537262,
                0.3125951588153839
            ],
            "quaternion_xyzw_world": [
                0.8338732123374939,
                0.18581435084342957,
                0.378767192363739,
                0.35589873790740967
            ],
            "segmentation_id": 7,
            "visibility": -1
        },
        {
            "bounding_box_minx_maxx_miny_maxy": [
                -1,
                -1,
                -1,
                -1
            ],
            "class": "2",
            "local_cuboid": null,
            "local_to_world_matrix": [
                [
                    -0.48527848720550537,
                    0.8695909976959229,
                    -0.09119445085525513,
                    0.0
                ],
                [
                    0.16123950481414795,
                    0.19151121377944946,
                    0.9681556224822998,
                    0.0
                ],
                [
                    0.8593641519546509,
                    0.45512089133262634,
                    -0.23314881324768066,
                    0.0
                ],
                [
                    1.4177560806274414,
                    0.2737910747528076,
                    -0.5382163524627686,
                    1.0
                ]
            ],
            "location": [
                -0.2737910747528076,
                -0.5382163524627686,
                -1.4177560806274414
            ],
            "location_world": [
                1.4177560806274414,
                0.2737910747528076,
                -0.5382163524627686
            ],
            "name": "google_2_of_Jenga_Classic_Game_7",
            "projected_cuboid": [
                [
                    90.95016121864319,
                    489.10248279571533
                ],
                [
                    86.36532723903656,
                    457.35061168670654
                ],
                [
                    114.22945559024811,
                    465.13861417770386
                ],
                [
                    119.91375684738159,
                    502.693235874176
                ],
                [
                    119.20058727264404,
                    481.07483983039856
                ],
                [
                    114.49237167835236,
                    450.1047134399414
                ],
                [
                    146.50806784629822,
                    456.42638206481934
                ],
                [
                    152.34750509262085,
                    492.8927719593048
                ],
                [
                    116.93704128265381,
                    473.81845116615295
                ]
            ],
            "provenance": "nvisii",
            "quaternion_xyzw": [
                -0.07351455092430115,
                0.9613935947418213,
                -0.10255637764930725,
                -0.24454066157341003
            ],
            "quaternion_xyzw_world": [
                0.3729473948478699,
                0.691002607345581,
                0.5149316787719727,
                0.34390556812286377
            ],
            "segmentation_id": 8,
            "visibility": -1
        },
        {
            "bounding_box_minx_maxx_miny_maxy": [
                -1,
                -1,
                -1,
                -1
            ],
            "class": "2",
            "local_cuboid": null,
            "local_to_world_matrix": [
                [
                    -0.13528847694396973,
                    0.93233722448349,
                    0.3353271782398224,
                    0.0
                ],
                [
                    -0.31225210428237915,
                    0.2810724377632141,
                    -0.9074673056602478,
                    0.0
                ],
                [
                    -0.9403167963027954,
                    -0.22747653722763062,
                    0.25309836864471436,
                    0.0
                ],
                [
                    1.98610258102417,
                    0.8214390277862549,
                    0.6589916944503784,
                    1.0
                ]
            ],
            "location": [
                -0.8214390277862549,
                0.6589916944503784,
                -1.98610258102417
            ],
            "location_world": [
                1.98610258102417,
                0.8214390277862549,
                0.6589916944503784
            ],
            "name": "google_2_of_Jenga_Classic_Game_8",
            "projected_cuboid": [
                [
                    -23.772329092025757,
                    -25.390714406967163
                ],
                [
                    -36.497265100479126,
                    -2.361863851547241
                ],
                [
                    -16.885876655578613,
                    55.54400384426117
                ],
                [
                    -6.173074245452881,
                    34.92167592048645
                ],
                [
                    3.576606512069702,
                    -14.462828636169434
                ],
                [
                    -8.645415306091309,
                    8.590877056121826
                ],
                [
                    6.993219256401062,
                    64.66367840766907
                ],
                [
                    17.334967851638794,
                    44.031187891960144
                ],
                [
                    -7.312148809432983,
                    22.79011905193329
                ]
            ],
            "provenance": "nvisii",
            "quaternion_xyzw": [
                0.09329161047935486,
                0.145390123128891,
                0.9721266627311707,
                0.15851834416389465
            ],
            "quaternion_xyzw_world": [
                -0.28746330738067627,
                -0.5392732620239258,
                0.5261450409889221,
                0.5913717746734619
            ],
            "segmentation_id": 9,
            "visibility": -1
        },
        {
            "bounding_box_minx_maxx_miny_maxy": [
                -1,
                -1,
                -1,
                -1
            ],
            "class": "2",
            "local_cuboid": null,
            "local_to_world_matrix": [
                [
                    -0.9644047021865845,
                    0.1524844616651535,
                    -0.21603932976722717,
                    0.0
                ],
                [
                    -0.1085495799779892,
                    0.5166949033737183,
                    0.8492605686187744,
                    0.0
                ],
                [
                    0.2411254644393921,
                    0.8424814939498901,
                    -0.4817512035369873,
                    0.0
                ],
                [
                    0.5981206893920898,
                    -0.4960816502571106,
                    0.30329710245132446,
                    1.0
                ]
            ],
            "location": [
                0.4960816502571106,
                0.30329710245132446,
                -0.5981206893920898
            ],
            "location_world": [
                0.5981206893920898,
                -0.4960816502571106,
                0.30329710245132446
            ],
            "name": "google_2_of_Jenga_Classic_Game_9",
            "projected_cuboid": [
                [
                    502.60162353515625,
                    137.69598305225372
                ],
                [
                    464.2329812049866,
                    66.9078379869461
                ],
                [
                    758.7593793869019,
                    -109.1911792755127
                ],
                [
                    797.1330881118774,
                    -26.71542763710022
                ],
                [
                    485.7884645462036,
                    135.24627685546875
                ],
                [
                    451.3583183288574,
                    72.09746539592743
                ],
                [
                    708.9719772338867,
                    -82.21092820167542
                ],
                [
                    743.5017824172974,
                    -9.913593530654907
                ],
                [
                    605.5002212524414,
                    28.04797887802124
                ]
            ],
            "provenance": "nvisii",
            "quaternion_xyzw": [
                -0.24463269114494324,
                0.7488108277320862,
                -0.12459798902273178,
                -0.6032518148422241
            ],
            "quaternion_xyzw_world": [
                0.012762174010276794,
                0.860646665096283,
                0.49141597747802734,
                0.13279688358306885
            ],
            "segmentation_id": 10,
            "visibility": -1
        },
        {
            "bounding_box_minx_maxx_miny_maxy": [
                -1,
                -1,
                -1,
                -1
            ],
            "class": "2",
            "local_cuboid": null,
            "local_to_world_matrix": [
                [
                    0.9483774900436401,
                    -0.05513208732008934,
                    -0.31231486797332764,
                    0.0
                ],
                [
                    -0.12181031703948975,
                    0.8459169268608093,
                    -0.5192174911499023,
                    0.0
                ],
                [
                    0.29281795024871826,
                    0.5304573774337769,
                    0.7955329418182373,
                    0.0
                ],
                [
                    1.3112579584121704,
                    0.49416887760162354,
                    -0.7291711568832397,
                    1.0
                ]
            ],
            "location": [
                -0.49416887760162354,
                -0.7291711568832397,
                -1.3112579584121704
            ],
            "location_world": [
                1.3112579584121704,
                0.49416887760162354,
                -0.7291711568832397
            ],
            "name": "google_2_of_Jenga_Classic_Game_10",
            "projected_cuboid": [
                [
                    -6.29502534866333,
                    454.2856216430664
                ],
                [
                    -38.3070707321167,
                    474.2724895477295
                ],
                [
                    12.94572651386261,
                    592.9410457611084
                ],
                [
                    46.59086465835571,
                    570.7898736000061
                ],
                [
                    -22.27112650871277,
                    454.5886516571045
                ],
                [
                    -56.17299675941467,
                    475.68199038505554
                ],
                [
                    -3.102332353591919,
                    601.4434099197388
                ],
                [
                    32.63990581035614,
                    577.9281854629517
                ],
                [
                    -4.799306392669678,
                    523.2284069061279
                ]
            ],
            "provenance": "nvisii",
            "quaternion_xyzw": [
                -0.683221697807312,
                0.42381253838539124,
                0.5411255359649658,
                0.2465241551399231
            ],
            "quaternion_xyzw_world": [
                -0.27700525522232056,
                0.15969228744506836,
                0.017596136778593063,
                0.9473419785499573
            ],
            "segmentation_id": 11,
            "visibility": -1
        },
        {
            "bounding_box_minx_maxx_miny_maxy": [
                -1,
                -1,
                -1,
                -1
            ],
            "class": "2",
            "local_cuboid": null,
            "local_to_world_matrix": [
                [
                    -0.12119626998901367,
                    0.5868561267852783,
                    -0.8005693554878235,
                    0.0
                ],
                [
                    0.9453704357147217,
                    -0.17764806747436523,
                    -0.273342102766037,
                    0.0
                ],
                [
                    -0.3026321530342102,
                    -0.789962649345398,
                    -0.5332661867141724,
                    0.0
                ],
                [
                    1.956694483757019,
                    0.7501689195632935,
                    0.4676068127155304,
                    1.0
                ]
            ],
            "location": [
                -0.7501689195632935,
                0.4676068127155304,
                -1.956694483757019
            ],
            "location_world": [
                1.956694483757019,
                0.7501689195632935,
                0.4676068127155304
            ],
            "name": "google_2_of_Jenga_Classic_Game_11",
            "projected_cuboid": [
                [
                    67.94403493404388,
                    153.4130573272705
                ],
                [
                    80.33561706542969,
                    164.78240489959717
                ],
                [
                    17.944812774658203,
                    121.3642954826355
                ],
                [
                    3.521263599395752,
                    108.70787501335144
                ],
                [
                    84.13611352443695,
                    133.12336802482605
                ],
                [
                    95.79010307788849,
                    145.2825665473938
                ],
                [
                    33.01475942134857,
                    102.93319821357727
                ],
                [
                    19.2890465259552,
                    89.57408368587494
                ],
                [
                    49.66762661933899,
                    126.99992954730988
                ]
            ],
            "provenance": "nvisii",
            "quaternion_xyzw": [
                -0.30977967381477356,
                0.5027130842208862,
                -0.735328197479248,
                0.33257851004600525
            ],
            "quaternion_xyzw_world": [
                0.6304200887680054,
                0.6076212525367737,
                -0.4374866485595703,
                0.2048715502023697
            ],
            "segmentation_id": 12,
            "visibility": -1
        },
        {
            "bounding_box_minx_maxx_miny_maxy": [
                -1,
                -1,
                -1,
                -1
            ],
            "class": "2",
            "local_cuboid": null,
            "local_to_world_matrix": [
                [
                    0.8140836358070374,
                    -0.5793873071670532,
                    -0.03972622752189636,
                    0.0
                ],
                [
                    0.10824622213840485,
                    0.218589186668396,
                    -0.9697945713996887,
                    0.0
                ],
                [
                    0.5705703496932983,
                    0.7851936221122742,
                    0.24066632986068726,
                    0.0
                ],
                [
                    1.0787941217422485,
                    -0.6835940480232239,
                    -0.38556116819381714,
                    1.0
                ]
            ],
            "location": [
                0.6835940480232239,
                -0.38556116819381714,
                -1.0787941217422485
            ],
            "location_world": [
                1.0787941217422485,
                -0.6835940480232239,
                -0.38556116819381714
            ],
            "name": "google_2_of_Jenga_Classic_Game_12",
            "projected_cuboid": [
                [
                    480.5758595466614,
                    380.7893395423889
                ],
                [
                    470.2433943748474,
                    418.4052348136902
                ],
                [
                    627.2495985031128,
                    481.6041588783264
                ],
                [
                    640.4356360435486,
                    438.84360790252686
                ],
                [
                    470.0043499469757,
                    386.1733078956604
                ],
                [
                    459.2064619064331,
                    425.7323145866394
                ],
                [
                    624.0543127059937,
                    493.9536452293396
                ],
                [
                    638.0250453948975,
                    448.6663043498993
                ],
                [
                    545.4707741737366,
                    431.9732189178467
                ]
            ],
            "provenance": "nvisii",
            "quaternion_xyzw": [
                -0.883141040802002,
                0.07312402874231339,
                0.4527241885662079,
                0.09877033531665802
            ],
            "quaternion_xyzw_world": [
                -0.5819854140281677,
                0.20238526165485382,
                -0.22803156077861786,
                0.7538797855377197
            ],
            "segmentation_id": 13,
            "visibility": -1
        },
        {
            "bounding_box_minx_maxx_miny_maxy": [
                -1,
                -1,
                -1,
                -1
            ],
            "class": "2",
            "local_cuboid": null,
            "local_to_world_matrix": [
                [
                    0.6493170857429504,
                    -0.3617706298828125,
