{
    "camera_data": {
        "camera_look_at": {
            "at": [
                1.0,
                0.0,
                0.0
            ],
            "eye": [
                0.0,
                0.0,
                0.0
            ],
            "up": [
                0.0,
                0.0,
                1.0
            ]
        },
        "camera_view_matrix": [
            [
                0.0,
                0.0,
                -1.0,
                0.0
            ],
            [
                -1.0,
                0.0,
                0.0,
                0.0
            ],
            [
                0.0,
                1.0,
                0.0,
                0.0
            ],
            [
                0.0,
                0.0,
                0.0,
                1.0
            ]
        ],
        "height": 500,
        "intrinsics": {
            "cx": 250.0,
            "cy": 250.0,
            "fx": 603.5535278320312,
            "fy": 603.5535278320312
        },
        "location_world": [
            0.0,
            0.0,
            0.0
        ],
        "quaternion_world_xyzw": [
            0.5,
            -0.5,
            -0.5,
            0.5
        ],
        "width": 500
    },
    "objects": [
        {
            "bounding_box_minx_maxx_miny_maxy": [
                -1,
                -1,
                -1,
                -1
            ],
            "class": "2",
            "local_cuboid": null,
            "local_to_world_matrix": [
                [
                    -0.4034680128097534,
                    0.6083806753158569,
                    0.6834372282028198,
                    0.0
                ],
                [
                    0.9148964881896973,
                    0.2791259288787842,
                    0.29163864254951477,
                    0.0
                ],
                [
                    -0.013337761163711548,
                    0.7429412603378296,
                    -0.6692236661911011,
                    0.0
                ],
                [
                    1.9368464946746826,
                    0.17689228057861328,
                    -0.00351001787930727,
                    1.0
                ]
            ],
            "location": [
                -0.17689228057861328,
                -0.00351001787930727,
                -1.9368464946746826
            ],
            "location_world": [
                1.9368464946746826,
                0.17689228057861328,
                -0.00351001787930727
            ],
            "name": "google_2_of_Jenga_Classic_Game_0",
            "projected_cuboid": [
                [
                    119.51524019241333,
                    309.2404007911682
                ],
                [
                    117.3957884311676,
                    299.30034279823303
                ],
                [
                    184.50087308883667,
                    238.99315297603607
                ],
                [
                    189.3700212240219,
                    246.43751978874207
                ],
                [
                    136.8533968925476,
                    325.2881169319153
                ],
                [
                    134.0939998626709,
                    314.8835003376007
                ],
                [
                    200.0938355922699,
                    255.50973415374756
                ],
                [
                    205.51133155822754,
                    263.49690556526184
                ],
                [
                    160.98074615001678,
                    281.5907597541809
                ]
            ],
            "provenance": "nvisii",
            "quaternion_xyzw": [
                0.1471758782863617,
                0.6867826581001282,
                -0.5766454339027405,
                -0.41731154918670654
            ],
            "quaternion_xyzw_world": [
                0.4966461956501007,
                0.7667818665504456,
                0.3373123109340668,
                -0.22717510163784027
            ],
            "segmentation_id": 1,
            "visibility": -1
        },
        {
            "bounding_box_minx_maxx_miny_maxy": [
                -1,
                -1,
                -1,
                -1
            ],
            "class": "2",
            "local_cuboid": null,
            "local_to_world_matrix": [
                [
                    -0.980668306350708,
                    -0.19550584256649017,
                    0.008256793022155762,
                    0.0
                ],
                [
                    0.12751255929470062,
                    -0.6704778671264648,
                    -0.7308903932571411,
                    0.0
                ],
                [
                    0.14842930436134338,
                    -0.7157077789306641,
                    0.6824450492858887,
                    0.0
                ],
                [
                    1.9154795408248901,
                    0.8531433343887329,
                    -0.3159697353839874,
                    1.0
                ]
            ],
            "location": [
                -0.8531433343887329,
                -0.3159697353839874,
                -1.9154795408248901
            ],
            "location_world": [
                1.9154795408248901,
                0.8531433343887329,
                -0.3159697353839874
            ],
            "name": "google_2_of_Jenga_Classic_Game_1",
            "projected_cuboid": [
                [
                    40.48006236553192,
                    276.92508697509766
                ],
                [
                    59.396892786026,
                    296.11873626708984
                ],
                [
                    -12.030690908432007,
                    361.10255122184753
                ],
                [
                    -31.796693801879883,
                    341.83812141418457
                ],
                [
                    43.94380748271942,
                    276.0768532752991
                ],
                [
                    62.11137771606445,
                    294.53369975090027
                ],
                [
                    -6.4362287521362305,
                    356.9169342517853
                ],
                [
                    -25.386691093444824,
                    338.3941054344177
                ],
                [
                    16.750812530517578,
                    317.3832297325134
                ]
            ],
            "provenance": "nvisii",
            "quaternion_xyzw": [
                0.7202127575874329,
                0.23560206592082977,
                0.5888453722000122,
                -0.28115227818489075
            ],
            "quaternion_xyzw_world": [
                0.042908597737550735,
                -0.39615190029144287,
                0.9129062294960022,
                -0.08845881372690201
            ],
            "segmentation_id": 2,
            "visibility": -1
        },
        {
            "bounding_box_minx_maxx_miny_maxy": [
                -1,
                -1,
                -1,
                -1
            ],
            "class": "2",
            "local_cuboid": null,
            "local_to_world_matrix": [
                [
                    0.18225133419036865,
                    0.8526119589805603,
                    -0.4897318482398987,
                    0.0
                ],
                [
                    0.6328220963478088,
                    -0.48291873931884766,
                    -0.6052485704421997,
                    0.0
                ],
                [
                    -0.7525427937507629,
                    -0.19960571825504303,
                    -0.6275643110275269,
                    0.0
                ],
                [
                    1.4247056245803833,
                    0.6211819052696228,
                    -0.48914408683776855,
                    1.0
                ]
            ],
            "location": [
                -0.6211819052696228,
                -0.48914408683776855,
                -1.4247056245803833
            ],
            "location_world": [
                1.4247056245803833,
                0.6211819052696228,
                -0.48914408683776855
            ],
            "name": "google_2_of_Jenga_Classic_Game_2",
            "projected_cuboid": [
                [
                    -64.11293148994446,
                    589.2132520675659
                ],
                [
                    -30.696451663970947,
                    599.4811058044434
                ],
                [
                    -12.520045042037964,
                    470.9599018096924
                ],
                [
                    -40.01781344413757,
                    457.4109613895416
                ],
                [
                    -33.30144286155701,
                    573.4649896621704
                ],
                [
                    -0.8372366428375244,
                    584.540843963623
                ],
                [
                    12.97539472579956,
                    457.01417326927185
                ],
                [
                    -13.827085494995117,
                    442.7892863750458
                ],
                [
                    -21.77417278289795,
                    516.606330871582
                ]
            ],
            "provenance": "nvisii",
            "quaternion_xyzw": [
                -0.004842817783355713,
                0.35171741247177124,
                -0.8958799242973328,
                0.27142325043678284
            ],
            "quaternion_xyzw_world": [
                0.7570888996124268,
                0.49050846695899963,
                -0.41021427512168884,
                -0.1339482218027115
            ],
            "segmentation_id": 3,
            "visibility": -1
        },
        {
            "bounding_box_minx_maxx_miny_maxy": [
                -1,
                -1,
                -1,
                -1
            ],
            "class": "2",
            "local_cuboid": null,
            "local_to_world_matrix": [
                [
                    -0.6039414405822754,
                    0.7637375593185425,
                    0.22794701159000397,
                    0.0
                ],
                [
                    -0.6934764385223389,
                    -0.6444988250732422,
                    0.32204318046569824,
                    0.0
                ],
                [
                    0.3928680419921875,
                    0.036419302225112915,
                    0.9188734292984009,
                    0.0
                ],
                [
                    0.3731922507286072,
                    -0.5138307213783264,
                    -0.06978555023670197,
                    1.0
                ]
            ],
            "location": [
                0.5138307213783264,
                -0.06978555023670197,
                -0.3731922507286072
            ],
            "location_world": [
                0.3731922507286072,
                -0.5138307213783264,
                -0.06978555023670197
            ],
            "name": "google_2_of_Jenga_Classic_Game_3",
            "projected_cuboid": [
                [
                    795.3457236289978,
                    12.711629271507263
                ],
                [
                    944.3017840385437,
                    -56.977778673172
                ],
                [
                    1213.2436037063599,
                    339.01000022888184
                ],
                [
                    977.5615930557251,
                    368.58659982681274
                ],
                [
                    814.532220363617,
                    53.66338789463043
                ],
                [
                    951.1091709136963,
                    -4.175543785095215
                ],
                [
                    1187.3350143432617,
                    356.98971152305603
                ],
                [
                    981.5496802330017,
                    380.7915449142456
                ],
                [
                    962.7406001091003,
                    159.73202884197235
                ]
            ],
            "provenance": "nvisii",
            "quaternion_xyzw": [
                0.277077317237854,
                0.7871862649917603,
                0.5120611190795898,
                -0.2033700942993164
            ],
            "quaternion_xyzw_world": [
                0.17441615462303162,
                0.1007089763879776,
                0.8898473978042603,
                0.40939998626708984
            ],
            "segmentation_id": 4,
            "visibility": -1
        },
        {
            "bounding_box_minx_maxx_miny_maxy": [
                -1,
                -1,
                -1,
                -1
            ],
            "class": "2",
            "local_cuboid": null,
            "local_to_world_matrix": [
                [
                    -0.08451199531555176,
                    -0.7253950834274292,
                    0.6831249594688416,
                    0.0
                ],
                [
                    0.8699138164520264,
                    0.28061121702194214,
                    0.405595064163208,
                    0.0
                ],
                [
                    -0.4859091639518738,
                    0.6285374164581299,
                    0.6073161959648132,
                    0.0
                ],
                [
                    1.3464670181274414,
                    0.023684296756982803,
                    -0.6088815927505493,
                    1.0
                ]
            ],
            "location": [
                -0.023684296756982803,
                -0.6088815927505493,
                -1.3464670181274414
            ],
            "location_world": [
                1.3464670181274414,
                0.023684296756982803,
                -0.6088815927505493
            ],
            "name": "google_2_of_Jenga_Classic_Game_4",
            "projected_cuboid": [
                [
                    163.53115439414978,
                    468.569815158844
                ],
                [
                    157.1095585823059,
                    438.9025568962097
                ],
                [
                    246.97072803974152,
                    497.0663785934448
                ],
                [
                    257.74726271629333,
                    526.7807245254517
                ],
                [
                    134.5318704843521,
                    495.0984716415405
                ],
                [
                    129.85621392726898,
                    464.0243947505951
                ],
                [
                    222.07516431808472,
                    519.3369388580322
                ],
                [
                    231.40427470207214,
                    550.1463413238525
                ],
                [
                    195.35121321678162,
                    496.16289138793945
                ]
            ],
            "provenance": "nvisii",
            "quaternion_xyzw": [
                -0.45658814907073975,
                -0.2203921526670456,
                0.29787537455558777,
                0.8088416457176208
            ],
            "quaternion_xyzw_world": [
                -0.08300700038671494,
                -0.435260534286499,
                -0.5939732789993286,
                0.671456515789032
            ],
            "segmentation_id": 5,
            "visibility": -1
        },
        {
            "bounding_box_minx_maxx_miny_maxy": [
                -1,
                -1,
                -1,
                -1
            ],
            "class": "2",
            "local_cuboid": null,
            "local_to_world_matrix": [
                [
                    0.38228970766067505,
                    0.32863229513168335,
                    -0.8636292219161987,
                    0.0
                ],
                [
                    0.014800161123275757,
                    -0.936678409576416,
                    -0.3498779535293579,
                    0.0
                ],
                [
                    -0.9239239692687988,
                    0.1209728866815567,
                    -0.3629462718963623,
                    0.0
                ],
                [
                    1.3237088918685913,
                    0.08631181716918945,
                    -0.022206731140613556,
                    1.0
                ]
            ],
            "location": [
                -0.08631181716918945,
                -0.022206731140613556,
                -1.3237088918685913
            ],
            "location_world": [
                1.3237088918685913,
                0.08631181716918945,
                -0.022206731140613556
            ],
            "name": "google_2_of_Jenga_Classic_Game_5",
            "projected_cuboid": [
                [
                    151.5917181968689,
                    333.3275616168976
                ],
                [
                    196.33936882019043,
                    349.90185499191284
                ],
                [
                    223.0743169784546,
                    282.0003926753998
                ],
                [
                    187.37627565860748,
                    268.7053680419922
                ],
                [
                    163.80539536476135,
                    296.13858461380005
                ],
                [
                    209.8367214202881,
                    313.2385015487671
                ],
                [
                    234.4052642583847,
                    251.3304352760315
                ],
                [
                    197.89499044418335,
                    237.69956827163696
                ],
                [
                    197.1951723098755,
                    288.17370533943176
                ]
            ],
            "provenance": "nvisii",
            "quaternion_xyzw": [
                0.155982106924057,
                0.11707940697669983,
                -0.8066030740737915,
                0.557990550994873
            ],
            "quaternion_xyzw_world": [
                0.8188275694847107,
                0.10485493391752243,
                -0.5457660555839539,
                -0.143757626414299
            ],
            "segmentation_id": 6,
            "visibility": -1
        },
        {
            "bounding_box_minx_maxx_miny_maxy": [
                -1,
                -1,
                -1,
                -1
            ],
            "class": "2",
            "local_cuboid": null,
            "local_to_world_matrix": [
                [
                    -0.016241908073425293,
                    -0.4626271724700928,
                    -0.8864041566848755,
                    0.0
                ],
                [
                    0.3167555332183838,
                    -0.8432400226593018,
                    0.4342951774597168,
                    0.0
                ],
                [
                    -0.9483681917190552,
                    -0.2737196087837219,
                    0.16023552417755127,
                    0.0
                ],
                [
                    1.0502753257751465,
                    0.24806475639343262,
                    -0.5902211666107178,
                    1.0
                ]
            ],
            "location": [
                -0.24806475639343262,
                -0.5902211666107178,
                -1.0502753257751465
            ],
            "location_world": [
                1.0502753257751465,
                0.24806475639343262,
                -0.5902211666107178
            ],
            "name": "google_2_of_Jenga_Classic_Game_6",
            "projected_cuboid": [
                [
                    102.53556072711945,
                    724.3569493293762
                ],
                [
                    162.2292697429657,
                    680.0553798675537
                ],
                [
                    139.70619440078735,
                    594.5578813552856
                ],
                [
                    95.38881480693817,
                    624.8098015785217
                ],
                [
                    73.82091879844666,
                    668.0638790130615
                ],
                [
                    134.39300656318665,
                    625.7468461990356
                ],
                [
                    119.14242804050446,
                    554.4880628585815
                ],
                [
                    74.34967160224915,
                    583.6696624755859
                ],
                [
                    112.22803592681885,
                    625.2143383026123
                ]
            ],
            "provenance": "nvisii",
            "quaternion_xyzw": [
                0.1413894146680832,
                -0.07632142305374146,
                0.5127001404762268,
                -0.8433994650840759
            ],
            "quaternion_xyzw_world": [
                -0.6455157995223999,
                0.056494228541851044,
                0.7105838060379028,
                -0.2742050588130951
            ],
            "segmentation_id": 7,
            "visibility": -1
        },
        {
            "bounding_box_minx_maxx_miny_maxy": [
                -1,
                -1,
                -1,
                -1
            ],
            "class": "2",
            "local_cuboid": null,
            "local_to_world_matrix": [
                [
                    -0.696537971496582,
                    0.6509996652603149,
                    -0.3017190098762512,
                    0.0
                ],
                [
                    0.424817830324173,
                    0.7130416631698608,
                    0.5577645897865295,
                    0.0
                ],
                [
                    0.5782427787780762,
                    0.26032859086990356,
                    -0.7732168436050415,
                    0.0
                ],
                [
                    1.5449519157409668,
                    0.36572006344795227,
                    -0.43487173318862915,
                    1.0
                ]
            ],
            "location": [
                -0.36572006344795227,
                -0.43487173318862915,
                -1.5449519157409668
            ],
            "location_world": [
                1.5449519157409668,
                0.36572006344795227,
                -0.43487173318862915
            ],
            "name": "google_2_of_Jenga_Classic_Game_7",
            "projected_cuboid": [
                [
                    91.80878102779388,
                    501.8436908721924
                ],
                [
                    73.81673157215118,
                    479.86477613449097
                ],
                [
                    84.32663977146149,
                    416.37006402015686
                ],
                [
                    104.59667444229126,
                    439.3058121204376
                ],
                [
                    114.83773589134216,
                    485.4784607887268
                ],
                [
                    96.93807363510132,
                    464.5196795463562
                ],
                [
                    109.54044759273529,
                    401.589035987854
                ],
                [
                    129.67582046985626,
                    423.37292432785034
                ],
                [
                    100.46215355396271,
                    452.9174268245697
                ]
            ],
            "provenance": "nvisii",
            "quaternion_xyzw": [
                -0.30392372608184814,
                0.8347165584564209,
                -0.3588148355484009,
                -0.2865842580795288
            ],
            "quaternion_xyzw_world": [
                0.3015117049217224,
                0.8920196890830994,
                0.22928114235401154,
                0.24662061035633087
            ],
            "segmentation_id": 8,
            "visibility": -1
        },
        {
            "bounding_box_minx_maxx_miny_maxy": [
                -1,
                -1,
                -1,
                -1
            ],
            "class": "2",
            "local_cuboid": null,
            "local_to_world_matrix": [
                [
                    -0.2149350643157959,
                    0.04143614321947098,
                    -0.9757492542266846,
                    0.0
                ],
                [
                    -0.05425948649644852,
                    -0.9980635643005371,
                    -0.030431628227233887,
                    0.0
                ],
                [
                    -0.9751201868057251,
                    0.04640281945466995,
                    0.2167665958404541,
                    0.0
                ],
                [
                    1.9890719652175903,
                    0.7516589760780334,
                    0.7387473583221436,
                    1.0
                ]
            ],
            "location": [
                -0.7516589760780334,
                0.7387473583221436,
                -1.9890719652175903
            ],
            "location_world": [
                1.9890719652175903,
                0.7516589760780334,
                0.7387473583221436
            ],
            "name": "google_2_of_Jenga_Classic_Game_8",
            "projected_cuboid": [
                [
                    -37.55494952201843,
                    -21.867990493774414
                ],
                [
                    -8.297532796859741,
                    -21.687686443328857
                ],
                [
                    33.026546239852905,
                    36.74621880054474
                ],
                [
                    7.876336574554443,
                    36.45683825016022
                ],
                [
                    -33.561646938323975,
                    -46.26908898353577
                ],
                [
                    -4.583537578582764,
                    -46.15592956542969
                ],
                [
                    35.85915267467499,
                    15.274345874786377
                ],
                [
                    10.915666818618774,
                    15.036553144454956
                ],
                [
                    2.106010913848877,
                    -1.8023550510406494
                ]
            ],
            "provenance": "nvisii",
            "quaternion_xyzw": [
                0.0588972307741642,
                0.09471610188484192,
                0.715364933013916,
                -0.6897921562194824
            ],
            "quaternion_xyzw_world": [
                -0.6257718801498413,
                0.005123009439557791,
                0.7793852090835571,
                0.030695870518684387
            ],
            "segmentation_id": 9,
            "visibility": -1
        },
        {
            "bounding_box_minx_maxx_miny_maxy": [
                -1,
                -1,
                -1,
                -1
            ],
            "class": "2",
            "local_cuboid": null,
            "local_to_world_matrix": [
                [
                    0.5172848701477051,
                    -0.7223066091537476,
                    -0.4590092599391937,
                    0.0
                ],
                [
                    -0.8555202484130859,
                    -0.422405481338501,
                    -0.2994304895401001,
                    0.0
                ],
                [
                    0.022392570972442627,
                    0.5475826263427734,
                    -0.8364520072937012,
                    0.0
                ],
                [
                    0.6005062460899353,
                    -0.5500704050064087,
                    0.30077117681503296,
                    1.0
                ]
            ],
            "location": [
                0.5500704050064087,
                0.30077117681503296,
                -0.6005062460899353
            ],
            "location_world": [
                0.6005062460899353,
                -0.5500704050064087,
                0.30077117681503296
            ],
            "name": "google_2_of_Jenga_Classic_Game_9",
            "projected_cuboid": [
                [
                    614.4945621490479,
                    203.614741563797
                ],
                [
                    695.4238414764404,
                    223.75348210334778
                ],
                [
                    865.4803037643433,
                    -28.697311878204346
                ],
                [
                    765.048623085022,
                    -21.281063556671143
                ],
                [
                    583.1562876701355,
                    165.48344492912292
                ],
                [
                    665.9721732139587,
                    182.11159110069275
                ],
                [
                    848.4309315681458,
                    -89.77693319320679
                ],
                [
                    743.3474063873291,
                    -74.70953464508057
                ],
                [
                    719.8795080184937,
                    71.44603133201599
                ]
            ],
            "provenance": "nvisii",
            "quaternion_xyzw": [
                0.7148652672767639,
                -0.012800931930541992,
                -0.3724014163017273,
                0.591710090637207
            ],
            "quaternion_xyzw_world": [
                0.8330879807472229,
                -0.4734874665737152,
                -0.1310235857963562,
                -0.2541787624359131
            ],
            "segmentation_id": 10,
            "visibility": -1
        },
        {
            "bounding_box_minx_maxx_miny_maxy": [
                -1,
                -1,
                -1,
                -1
            ],
            "class": "2",
            "local_cuboid": null,
            "local_to_world_matrix": [
                [
                    -0.13761389255523682,
                    -0.6685430407524109,
                    -0.7308300137519836,
                    0.0
                ],
                [
                    -0.7247745394706726,
                    0.5708765983581543,
                    -0.38574838638305664,
                    0.0
                ],
                [
                    0.6751031279563904,
                    0.4766026735305786,
                    -0.5631035566329956,
                    0.0
                ],
                [
                    1.411367416381836,
                    0.6284623742103577,
                    -0.5984981060028076,
                    1.0
                ]
            ],
            "location": [
                -0.6284623742103577,
                -0.5984981060028076,
                -1.411367416381836
            ],
            "location_world": [
                1.411367416381836,
                0.6284623742103577,
                -0.5984981060028076
            ],
            "name": "google_2_of_Jenga_Classic_Game_10",
            "projected_cuboid": [
                [
                    -14.952242374420166,
                    536.487340927124
                ],
                [
                    -43.76384615898132,
                    560.1374506950378
                ],
                [
                    -24.791181087493896,
                    532.4245691299438
                ],
                [
                    7.167160511016846,
                    506.70862197875977
                ],
                [
                    -32.55796432495117,
                    513.43834400177
                ],
                [
                    -61.852484941482544,
                    536.0355377197266
                ],
                [
                    -45.601606369018555,
                    505.11109828948975
                ],
                [
                    -13.00308108329773,
                    480.74281215667725
                ],
                [
                    -29.02078628540039,
                    522.0850706100464
                ]
            ],
            "provenance": "nvisii",
            "quaternion_xyzw": [
                -0.826043963432312,
                0.3939580023288727,
                0.1025940328836441,
                -0.38977286219596863
            ],
            "quaternion_xyzw_world": [
                -0.46222642064094543,
                0.7535904049873352,
                0.03014046885073185,
                0.4664115905761719
            ],
            "segmentation_id": 11,
            "visibility": -1
        },
        {
            "bounding_box_minx_maxx_miny_maxy": [
                -1,
                -1,
                -1,
                -1
            ],
            "class": "2",
            "local_cuboid": null,
            "local_to_world_matrix": [
                [
                    -0.08797633647918701,
                    -0.5843941569328308,
                    0.8066871166229248,
                    0.0
                ],
                [
                    -0.20827265083789825,
                    0.8027193546295166,
                    0.5588060021400452,
                    0.0
                ],
                [
                    -0.9741063117980957,
                    -0.1188492625951767,
                    -0.19233357906341553,
                    0.0
                ],
                [
                    1.871324062347412,
                    0.6922515630722046,
                    0.5800893902778625,
                    1.0
                ]
            ],
            "location": [
                -0.6922515630722046,
                0.5800893902778625,
                -1.871324062347412
            ],
            "location_world": [
                1.871324062347412,
                0.6922515630722046,
                0.5800893902778625
            ],
            "name": "google_2_of_Jenga_Classic_Game_11",
            "projected_cuboid": [
                [
                    22.32721447944641,
                    48.286810517311096
                ],
                [
                    -6.197303533554077,
                    27.946963906288147
                ],
                [
                    21.74369990825653,
                    43.69358718395233
                ],
                [
                    45.68152129650116,
                    60.80196797847748
                ],
                [
                    5.914822220802307,
                    73.1816440820694
                ],
                [
                    -22.666990756988525,
                    53.207919001579285
                ],
                [
                    7.681414484977722,
                    65.044105052948
                ],
                [
                    31.662344932556152,
                    81.89012110233307
                ],
                [
                    14.424324035644531,
                    57.32905864715576
                ]
            ],
            "provenance": "nvisii",
            "quaternion_xyzw": [
                0.11344823241233826,
                0.00874301791191101,
                0.4557703137397766,
                0.8827947974205017
            ],
            "quaternion_xyzw_world": [
                0.2746078670024872,
                -0.7216351628303528,
                -0.15241661667823792,
                0.6169299483299255
            ],
            "segmentation_id": 12,
            "visibility": -1
        },
        {
            "bounding_box_minx_maxx_miny_maxy": [
                -1,
                -1,
                -1,
                -1
            ],
            "class": "2",
            "local_cuboid": null,
            "local_to_world_matrix": [
                [
                    -0.8529617786407471,
                    0.5039629936218262,
                    0.13593217730522156,
                    0.0
                ],
                [
                    0.08374886214733124,
                    -0.12491321563720703,
                    0.9886267781257629,
                    0.0
                ],
                [
                    0.5152109861373901,
                    0.8546449542045593,
                    0.06433987617492676,
                    0.0
                ],
                [
                    1.0484650135040283,
                    -0.6944910883903503,
                    -0.28982943296432495,
                    1.0
                ]
            ],
            "location": [
                0.6944910883903503,
                -0.28982943296432495,
                -1.0484650135040283
            ],
            "location_world": [
                1.0484650135040283,
                -0.6944910883903503,
                -0.28982943296432495
            ],
            "name": "google_2_of_Jenga_Classic_Game_12",
            "projected_cuboid": [
                [
                    468.0366516113281,
                    409.71994400024414
                ],
                [
                    472.1637964248657,
                    365.6492233276367
                ],
                [
                    652.9475450515747,
                    393.8778042793274
                ],
                [
                    649.4703888893127,
                    444.7041451931
                ],
                [
                    475.622683763504,
                    406.24165534973145
                ],
                [
                    479.4817566871643,
                    364.58972096443176
                ],
                [
                    650.0751376152039,
                    390.9218907356262
                ],
                [
                    646.7961072921753,
                    438.55804204940796
                ],
                [
                    555.9725761413574,
                    400.6393253803253
                ]
            ],
            "provenance": "nvisii",
            "quaternion_xyzw": [
                0.07520186901092529,
                0.8671506643295288,
                -0.005595631897449493,
                -0.4923039674758911
            ],
            "quaternion_xyzw_world": [
                0.22782208025455475,
                0.6449241638183594,
                0.7145304083824158,
                0.14702458679676056
            ],
            "segmentation_id": 13,
            "visibility": -1
        },
        {
            "bounding_box_minx_maxx_miny_maxy": [
                -1,
                -1,
                -1,
                -1
            ],
            "class": "2",
            "local_cuboid": null,
            "local_to_world_matrix": [
                [
                    0.7990819215774536,
                    -0.3742668330669403,
