{
    "camera_data": {
        "camera_look_at": {
            "at": [
                1.0,
                0.0,
                0.0
            ],
            "eye": [
                0.0,
                0.0,
                0.0
            ],
            "up": [
                0.0,
                0.0,
                1.0
            ]
        },
        "camera_view_matrix": [
            [
                0.0,
                0.0,
                -1.0,
                0.0
            ],
            [
                -1.0,
                0.0,
                0.0,
                0.0
            ],
            [
                0.0,
                1.0,
                0.0,
                0.0
            ],
            [
                0.0,
                0.0,
                0.0,
                1.0
            ]
        ],
        "height": 500,
        "intrinsics": {
            "cx": 250.0,
            "cy": 250.0,
            "fx": 603.5535278320312,
            "fy": 603.5535278320312
        },
        "location_world": [
            0.0,
            0.0,
            0.0
        ],
        "quaternion_world_xyzw": [
            0.5,
            -0.5,
            -0.5,
            0.5
        ],
        "width": 500
    },
    "objects": [
        {
            "bounding_box_minx_maxx_miny_maxy": [
                -1,
                -1,
                -1,
                -1
            ],
            "class": "2",
            "local_cuboid": null,
            "local_to_world_matrix": [
                [
                    0.7322356104850769,
                    0.6764964461326599,
                    0.0786360502243042,
                    0.0
                ],
                [
                    0.5924240946769714,
                    -0.5757312774658203,
                    -0.5635310411453247,
                    0.0
                ],
                [
                    -0.3359535038471222,
                    0.4592233896255493,
                    -0.8223437070846558,
                    0.0
                ],
                [
                    1.4286582469940186,
                    -0.38811182975769043,
                    0.4733239412307739,
                    1.0
                ]
            ],
            "location": [
                0.38811182975769043,
                0.4733239412307739,
                -1.4286582469940186
            ],
            "location_world": [
                1.4286582469940186,
                -0.38811182975769043,
                0.4733239412307739
            ],
            "name": "google_2_of_Jenga_Classic_Game_0",
            "projected_cuboid": [
                [
                    341.80960059165955,
                    132.38535821437836
                ],
                [
                    359.68637466430664,
                    157.38026797771454
                ],
                [
                    407.0355296134949,
                    65.72015583515167
                ],
                [
                    392.0368552207947,
                    39.23666477203369
                ],
                [
                    371.1947202682495,
                    129.99631464481354
                ],
                [
                    388.7418508529663,
                    156.16962313652039
                ],
                [
                    436.0094666481018,
                    60.87672710418701
                ],
                [
                    421.43481969833374,
                    33.10425579547882
                ],
                [
                    390.4525935649872,
                    95.45975923538208
                ]
            ],
            "provenance": "nvisii",
            "quaternion_xyzw": [
                0.371174156665802,
                0.4407413899898529,
                -0.8024930953979492,
                0.15485966205596924
            ],
            "quaternion_xyzw_world": [
                0.8846341967582703,
                0.35860034823417664,
                -0.07271860539913177,
                -0.2890331447124481
            ],
            "segmentation_id": 1,
            "visibility": -1
        },
        {
            "bounding_box_minx_maxx_miny_maxy": [
                -1,
                -1,
                -1,
                -1
            ],
            "class": "2",
            "local_cuboid": null,
            "local_to_world_matrix": [
                [
                    0.8389613628387451,
                    0.3257635831832886,
                    -0.4359149932861328,
                    0.0
                ],
                [
                    -0.4566152095794678,
                    0.8571765422821045,
                    -0.23822447657585144,
                    0.0
                ],
                [
                    0.2960512638092041,
                    0.39890655875205994,
                    0.8678866624832153,
                    0.0
                ],
                [
                    1.334208369255066,
                    0.37922629714012146,
                    0.25349944829940796,
                    1.0
                ]
            ],
            "location": [
                -0.37922629714012146,
                0.25349944829940796,
                -1.334208369255066
            ],
            "location_world": [
                1.334208369255066,
                0.37922629714012146,
                0.25349944829940796
            ],
            "name": "google_2_of_Jenga_Classic_Game_1",
            "projected_cuboid": [
                [
                    56.45504593849182,
                    45.18060386180878
                ],
                [
                    20.80044150352478,
                    48.13887178897858
                ],
                [
                    58.26695263385773,
                    148.6932337284088
                ],
                [
                    95.10341286659241,
                    142.75440573692322
                ],
                [
                    58.37491154670715,
                    20.792722702026367
                ],
                [
                    21.049827337265015,
                    23.206889629364014
                ],
                [
                    60.4676753282547,
                    127.27104127407074
                ],
                [
                    99.08623993396759,
                    121.66008353233337
                ],
                [
                    58.322057127952576,
                    83.37686955928802
                ]
            ],
            "provenance": "nvisii",
            "quaternion_xyzw": [
                -0.5496617555618286,
                0.5881305932998657,
                0.5630134344100952,
                0.18705660104751587
            ],
            "quaternion_xyzw_world": [
                -0.1687440276145935,
                0.19386112689971924,
                0.20721286535263062,
                0.9439312219619751
            ],
            "segmentation_id": 2,
            "visibility": -1
        },
        {
            "bounding_box_minx_maxx_miny_maxy": [
                -1,
                -1,
                -1,
                -1
            ],
            "class": "2",
            "local_cuboid": null,
            "local_to_world_matrix": [
                [
                    -0.8627786636352539,
                    0.4823625385761261,
                    -0.1514575183391571,
                    0.0
                ],
                [
                    -0.4767553508281708,
                    -0.8759303092956543,
                    -0.07382696866989136,
                    0.0
                ],
                [
                    -0.1682775914669037,
                    0.008511852473020554,
                    0.9857028722763062,
                    0.0
                ],
                [
                    1.3394335508346558,
                    0.5026154518127441,
                    0.16889643669128418,
                    1.0
                ]
            ],
            "location": [
                -0.5026154518127441,
                0.16889643669128418,
                -1.3394335508346558
            ],
            "location_world": [
                1.3394335508346558,
                0.5026154518127441,
                0.16889643669128418
            ],
            "name": "google_2_of_Jenga_Classic_Game_2",
            "projected_cuboid": [
                [
                    -15.33094048500061,
                    35.33977270126343
                ],
                [
                    12.140318751335144,
                    31.392842531204224
                ],
                [
                    22.40423858165741,
                    174.95514452457428
                ],
                [
                    -4.360079765319824,
                    174.3958592414856
                ],
                [
                    15.183240175247192,
                    40.842995047569275
                ],
                [
                    42.16274619102478,
                    37.271901965141296
                ],
                [
                    50.82008242607117,
                    173.40083420276642
                ],
                [
                    24.542078375816345,
                    172.91375994682312
                ],
                [
                    18.71250569820404,
                    106.39043152332306
                ]
            ],
            "provenance": "nvisii",
            "quaternion_xyzw": [
                0.3252640664577484,
                0.55683434009552,
                0.6565948724746704,
                -0.3911803066730499
            ],
            "quaternion_xyzw_world": [
                -0.08283835649490356,
                -0.0169221218675375,
                0.9649367928504944,
                0.24849241971969604
            ],
            "segmentation_id": 3,
            "visibility": -1
        },
        {
            "bounding_box_minx_maxx_miny_maxy": [
                -1,
                -1,
                -1,
                -1
            ],
            "class": "2",
            "local_cuboid": null,
            "local_to_world_matrix": [
                [
                    -0.2742583751678467,
                    -0.6125881671905518,
                    0.7412948608398438,
                    0.0
                ],
                [
                    0.15279337763786316,
                    -0.7888185977935791,
                    -0.5953313708305359,
                    0.0
                ],
                [
                    0.9494401216506958,
                    -0.05000960826873779,
                    0.309939444065094,
                    0.0
                ],
                [
                    0.3111723065376282,
                    -0.4836560785770416,
                    -0.044908441603183746,
                    1.0
                ]
            ],
            "location": [
                0.4836560785770416,
                -0.044908441603183746,
                -0.3111723065376282
            ],
            "location_world": [
                0.3111723065376282,
                -0.4836560785770416,
                -0.044908441603183746
            ],
            "name": "google_2_of_Jenga_Classic_Game_3",
            "projected_cuboid": [
                [
                    766.7556405067444,
                    144.33857798576355
                ],
                [
                    824.1625428199768,
                    198.6117660999298
                ],
                [
                    1314.4234418869019,
                    330.2573561668396
                ],
                [
                    1224.3683338165283,
                    230.5508255958557
                ],
                [
                    698.7018585205078,
                    207.72665739059448
                ],
                [
                    755.5078268051147,
                    258.71142745018005
                ],
                [
                    1155.503511428833,
                    432.4319362640381
                ],
                [
                    1065.1253461837769,
                    343.73947978019714
                ],
                [
                    908.6747169494629,
                    249.5119571685791
                ]
            ],
            "provenance": "nvisii",
            "quaternion_xyzw": [
                0.8884480595588684,
                0.4305579364299774,
                0.09124559164047241,
                -0.13020819425582886
            ],
            "quaternion_xyzw_world": [
                0.5487760901451111,
                -0.20946376025676727,
                0.7702298760414124,
                -0.24842634797096252
            ],
            "segmentation_id": 4,
            "visibility": -1
        },
        {
            "bounding_box_minx_maxx_miny_maxy": [
                -1,
                -1,
                -1,
                -1
            ],
            "class": "2",
            "local_cuboid": null,
            "local_to_world_matrix": [
                [
                    -0.28325557708740234,
                    0.16503319144248962,
                    -0.9447383284568787,
                    0.0
                ],
                [
                    -0.956731915473938,
                    0.01974320411682129,
                    0.2903003692626953,
                    0.0
                ],
                [
                    0.06656140089035034,
                    0.9860904216766357,
                    0.15230011940002441,
                    0.0
                ],
                [
                    0.728382408618927,
                    0.2041255682706833,
                    0.2547271251678467,
                    1.0
                ]
            ],
            "location": [
                -0.2041255682706833,
                0.2547271251678467,
                -0.728382408618927
            ],
            "location_world": [
                0.728382408618927,
                0.2041255682706833,
                0.2547271251678467
            ],
            "name": "google_2_of_Jenga_Classic_Game_4",
            "projected_cuboid": [
                [
                    -136.66445016860962,
                    56.057676672935486
                ],
                [
                    -182.9703152179718,
                    12.308984994888306
                ],
                [
                    61.43444776535034,
                    45.1502650976181
                ],
                [
                    82.86859095096588,
                    86.51982247829437
                ],
                [
                    -116.02750420570374,
                    5.211636424064636
                ],
                [
                    -158.5736870765686,
                    -42.89248585700989
                ],
                [
                    78.69870960712433,
                    -12.635737657546997
                ],
                [
                    97.73071110248566,
                    33.53367745876312
                ],
                [
                    -34.663647413253784,
                    23.522883653640747
                ]
            ],
            "provenance": "nvisii",
            "quaternion_xyzw": [
                -0.39090532064437866,
                0.616825520992279,
                0.44949179887771606,
                -0.5144671201705933
            ],
            "quaternion_xyzw_world": [
                -0.36901935935020447,
                0.5363531112670898,
                0.5949395895004272,
                0.47137776017189026
            ],
            "segmentation_id": 5,
            "visibility": -1
        },
        {
            "bounding_box_minx_maxx_miny_maxy": [
                -1,
                -1,
                -1,
                -1
            ],
            "class": "2",
            "local_cuboid": null,
            "local_to_world_matrix": [
                [
                    -0.2678401470184326,
                    0.3677234649658203,
                    0.8905286192893982,
                    0.0
                ],
                [
                    -0.3597421646118164,
                    -0.895620584487915,
                    0.261628121137619,
                    0.0
                ],
                [
                    0.8937825560569763,
                    -0.25028619170188904,
                    0.37216871976852417,
                    0.0
                ],
                [
                    0.8796815276145935,
                    -0.45937177538871765,
                    -0.24777376651763916,
                    1.0
                ]
            ],
            "location": [
                0.45937177538871765,
                -0.24777376651763916,
                -0.8796815276145935
            ],
            "location_world": [
                0.8796815276145935,
                -0.45937177538871765,
                -0.24777376651763916
            ],
            "name": "google_2_of_Jenga_Classic_Game_5",
            "projected_cuboid": [
                [
                    503.0052065849304,
                    310.60290336608887
                ],
                [
                    550.8326888084412,
                    300.29597878456116
                ],
                [
                    591.1329984664917,
                    392.50653982162476
                ],
                [
                    527.801513671875,
                    402.68898010253906
                ],
                [
                    513.4314298629761,
                    345.852792263031
                ],
                [
                    560.6482028961182,
                    336.67996525764465
                ],
                [
                    602.9039025306702,
                    437.5189542770386
                ],
                [
                    540.6553149223328,
                    445.95369696617126
                ],
                [
                    546.2718605995178,
                    365.57090282440186
                ]
            ],
            "provenance": "nvisii",
            "quaternion_xyzw": [
                0.5622345805168152,
                0.7942188382148743,
                0.23038703203201294,
                -0.005525529384613037
            ],
            "quaternion_xyzw_world": [
                0.5602704286575317,
                0.0035613516811281443,
                0.7961829900741577,
                0.2284228801727295
            ],
            "segmentation_id": 6,
            "visibility": -1
        },
        {
            "bounding_box_minx_maxx_miny_maxy": [
                -1,
                -1,
                -1,
                -1
            ],
            "class": "2",
            "local_cuboid": null,
            "local_to_world_matrix": [
                [
                    -0.4268167018890381,
                    0.8890841007232666,
                    0.16539901494979858,
                    0.0
                ],
                [
                    -0.2936602532863617,
                    0.036724090576171875,
                    -0.9552041292190552,
                    0.0
                ],
                [
                    -0.8553310036659241,
                    -0.45626819133758545,
                    0.24541425704956055,
                    0.0
                ],
                [
                    1.5200281143188477,
                    -0.5213860273361206,
                    -0.03542160615324974,
                    1.0
                ]
            ],
            "location": [
                0.5213860273361206,
                -0.03542160615324974,
                -1.5200281143188477
            ],
            "location_world": [
                1.5200281143188477,
                -0.5213860273361206,
                -0.03542160615324974
            ],
            "name": "google_2_of_Jenga_Classic_Game_6",
            "projected_cuboid": [
                [
                    546.1878180503845,
                    210.35464107990265
                ],
                [
                    550.5979061126709,
                    248.78978729248047
                ],
                [
                    446.2653398513794,
                    278.014212846756
                ],
                [
                    444.2892074584961,
                    245.43677270412445
                ],
                [
                    571.0901021957397,
                    217.44230389595032
                ],
                [
                    575.8680105209351,
                    255.0000250339508
                ],
                [
                    469.69836950302124,
                    282.56118297576904
                ],
                [
                    467.39017963409424,
                    250.61902403831482
                ],
                [
                    504.39703464508057,
                    249.80545043945312
                ]
            ],
            "provenance": "nvisii",
            "quaternion_xyzw": [
                0.2295587956905365,
                0.14013296365737915,
                0.9617197513580322,
                0.05254209041595459
            ],
            "quaternion_xyzw_world": [
                -0.2697429358959198,
                -0.5518438220024109,
                0.6394346952438354,
                0.46241798996925354
            ],
            "segmentation_id": 7,
            "visibility": -1
        },
        {
            "bounding_box_minx_maxx_miny_maxy": [
                -1,
                -1,
                -1,
                -1
            ],
            "class": "2",
            "local_cuboid": null,
            "local_to_world_matrix": [
                [
                    -0.7265130281448364,
                    -0.09937450289726257,
                    -0.6799290776252747,
                    0.0
                ],
                [
                    -0.5372884273529053,
                    -0.5346914529800415,
                    0.6522470116615295,
                    0.0
                ],
                [
                    -0.4283689856529236,
                    0.8391839861869812,
                    0.3350675106048584,
                    0.0
                ],
                [
                    1.7502810955047607,
                    0.5340378880500793,
                    -0.41687241196632385,
                    1.0
                ]
            ],
            "location": [
                -0.5340378880500793,
                -0.41687241196632385,
                -1.7502810955047607
            ],
            "location_world": [
                1.7502810955047607,
                0.5340378880500793,
                -0.41687241196632385
            ],
            "name": "google_2_of_Jenga_Classic_Game_7",
            "projected_cuboid": [
                [
                    -47.38977551460266,
                    389.1693353652954
                ],
                [
                    -38.64845633506775,
                    372.06047773361206
                ],
                [
                    69.6893036365509,
                    397.83984422683716
                ],
                [
                    58.757275342941284,
                    413.05094957351685
                ],
                [
                    -40.04564881324768,
                    365.1021122932434
                ],
                [
                    -31.407177448272705,
                    347.925066947937
                ],
                [
                    72.87931442260742,
                    374.5827078819275
                ],
                [
                    62.21470236778259,
                    389.8955285549164
                ],
                [
                    15.186667442321777,
                    381.57984614372253
                ]
            ],
            "provenance": "nvisii",
            "quaternion_xyzw": [
                -0.06848080456256866,
                0.5302130579948425,
                0.41132330894470215,
                -0.7382395267486572
            ],
            "quaternion_xyzw_world": [
                -0.34391531348228455,
                0.46280503273010254,
                0.8056475520133972,
                0.13588881492614746
            ],
            "segmentation_id": 8,
            "visibility": -1
        },
        {
            "bounding_box_minx_maxx_miny_maxy": [
                -1,
                -1,
                -1,
                -1
            ],
            "class": "2",
            "local_cuboid": null,
            "local_to_world_matrix": [
                [
                    0.43482643365859985,
                    -0.8430535793304443,
                    0.3165226876735687,
                    0.0
                ],
                [
                    0.5036070346832275,
                    -0.06372976303100586,
                    -0.8615790605545044,
                    0.0
                ],
                [
                    0.746529221534729,
                    0.5340403318405151,
                    0.39685630798339844,
                    0.0
                ],
                [
                    1.5729886293411255,
                    0.6066111326217651,
                    0.3319645822048187,
                    1.0
                ]
            ],
            "location": [
                -0.6066111326217651,
                0.3319645822048187,
                -1.5729886293411255
            ],
            "location_world": [
                1.5729886293411255,
                0.6066111326217651,
                0.3319645822048187
            ],
            "name": "google_2_of_Jenga_Classic_Game_8",
            "projected_cuboid": [
                [
                    2.736985683441162,
                    82.21001923084259
                ],
                [
                    10.2597177028656,
                    110.11122167110443
                ],
                [
                    36.244869232177734,
                    134.59984958171844
                ],
                [
                    28.380900621414185,
                    103.48433256149292
                ],
                [
                    -25.005370378494263,
                    87.52486109733582
                ],
                [
                    -16.681700944900513,
                    115.83331227302551
                ],
                [
                    6.143465638160706,
                    141.64575934410095
                ],
                [
                    -2.730429172515869,
                    110.02995073795319
                ],
                [
                    4.333972930908203,
                    110.07413268089294
                ]
            ],
            "provenance": "nvisii",
            "quaternion_xyzw": [
                -0.9288651347160339,
                -0.10234332084655762,
                0.26076626777648926,
                0.24235576391220093
            ],
            "quaternion_xyzw_world": [
                -0.5248094797134399,
                0.16169990599155426,
                -0.5063989758491516,
                0.6648219227790833
            ],
            "segmentation_id": 9,
            "visibility": -1
        },
        {
            "bounding_box_minx_maxx_miny_maxy": [
                -1,
                -1,
                -1,
                -1
            ],
            "class": "2",
            "local_cuboid": null,
            "local_to_world_matrix": [
                [
                    -0.6441214084625244,
                    -0.6262308359146118,
                    0.43925219774246216,
                    0.0
                ],
                [
                    0.06263574957847595,
                    -0.6154956817626953,
                    -0.7856473326683044,
                    0.0
                ],
                [
                    0.7623544335365295,
                    -0.4785394072532654,
                    0.43567848205566406,
                    0.0
                ],
                [
                    0.789206862449646,
                    -0.37894102931022644,
                    0.18160633742809296,
                    1.0
                ]
            ],
            "location": [
                0.37894102931022644,
                0.18160633742809296,
                -0.789206862449646
            ],
            "location_world": [
                0.789206862449646,
                -0.37894102931022644,
                0.18160633742809296
            ],
            "name": "google_2_of_Jenga_Classic_Game_9",
            "projected_cuboid": [
                [
                    567.4077272415161,
                    29.534295201301575
                ],
                [
                    597.4224209785461,
                    71.19153439998627
                ],
                [
                    588.2892608642578,
                    119.45421993732452
                ],
                [
                    549.4301915168762,
                    65.9453272819519
                ],
                [
                    523.0020880699158,
                    60.57475507259369
                ],
                [
                    551.776111125946,
                    100.03870725631714
                ],
                [
                    530.7735204696655,
                    153.16073596477509
                ],
                [
                    493.971586227417,
                    103.2199114561081
                ],
                [
                    550.784707069397,
                    85.63056588172913
                ]
            ],
            "provenance": "nvisii",
            "quaternion_xyzw": [
                0.8908188343048096,
                0.2960051894187927,
                0.31506431102752686,
                -0.13984724879264832
            ],
            "quaternion_xyzw_world": [
                0.36595621705055237,
                -0.3850153386592865,
                0.8208677768707275,
                -0.20979827642440796
            ],
            "segmentation_id": 10,
            "visibility": -1
        },
        {
            "bounding_box_minx_maxx_miny_maxy": [
                -1,
                -1,
                -1,
                -1
            ],
            "class": "2",
            "local_cuboid": null,
            "local_to_world_matrix": [
                [
                    0.9362223148345947,
                    0.030703432857990265,
                    0.35006433725357056,
                    0.0
                ],
                [
                    -0.16983893513679504,
                    0.9116363525390625,
                    0.3742644190788269,
                    0.0
                ],
                [
                    -0.3076401948928833,
                    -0.40984928607940674,
                    0.8587089776992798,
                    0.0
                ],
                [
                    1.1173712015151978,
                    0.6328574419021606,
                    -0.2850933372974396,
                    1.0
                ]
            ],
            "location": [
                -0.6328574419021606,
                -0.2850933372974396,
                -1.1173712015151978
            ],
            "location_world": [
                1.1173712015151978,
                0.6328574419021606,
                -0.2850933372974396
            ],
            "name": "google_2_of_Jenga_Classic_Game_10",
            "projected_cuboid": [
                [
                    -18.002629280090332,
                    270.4322338104248
                ],
                [
                    -65.58153033256531,
                    252.66873836517334
                ],
                [
                    -103.8484275341034,
                    384.4321370124817
                ],
                [
                    -59.47825312614441,
                    399.1943597793579
                ],
                [
                    -36.37582063674927,
                    288.64991664886475
                ],
                [
                    -87.79597282409668,
                    269.817978143692
                ],
                [
                    -126.83627009391785,
                    409.21276807785034
                ],
                [
                    -79.14984226226807,
                    424.65072870254517
                ],
                [
                    -72.46166467666626,
                    339.87632393836975
                ]
            ],
            "provenance": "nvisii",
            "quaternion_xyzw": [
                -0.26804473996162415,
                0.5237669944763184,
                0.49093765020370483,
                0.642495334148407
            ],
            "quaternion_xyzw_world": [
                0.20363999903202057,
                -0.17081062495708466,
                0.05208230018615723,
                0.9626224040985107
            ],
            "segmentation_id": 11,
            "visibility": -1
        },
        {
            "bounding_box_minx_maxx_miny_maxy": [
                -1,
                -1,
                -1,
                -1
            ],
            "class": "2",
            "local_cuboid": null,
            "local_to_world_matrix": [
                [
                    0.2950003147125244,
                    0.44800305366516113,
                    0.8439597487449646,
                    0.0
                ],
                [
                    -0.8454748392105103,
                    -0.28909778594970703,
                    0.4489929676055908,
                    0.0
                ],
                [
                    0.445137083530426,
                    -0.8459998369216919,
                    0.2934914231300354,
                    0.0
                ],
                [
                    0.5207485556602478,
                    0.5849719047546387,
                    0.1809384524822235,
                    1.0
                ]
            ],
            "location": [
                -0.5849719047546387,
                0.1809384524822235,
                -0.5207485556602478
            ],
            "location_world": [
                0.5207485556602478,
                0.5849719047546387,
                0.1809384524822235
            ],
            "name": "google_2_of_Jenga_Classic_Game_11",
            "projected_cuboid": [
                [
                    -67.91698932647705,
                    7.093146443367004
                ],
                [
                    -80.62237501144409,
                    -57.085633277893066
                ],
                [
                    -467.43738651275635,
                    -33.30293297767639
                ],
                [
                    -403.21511030197144,
                    42.576029896736145
                ],
                [
                    -47.27241396903992,
                    58.259978890419006
                ],
                [
                    -58.025479316711426,
                    -2.34067440032959
                ],
                [
                    -457.64827728271484,
                    37.646010518074036
                ],
                [
                    -391.9655680656433,
                    107.46946930885315
                ],
                [
                    -225.41087865829468,
                    19.439876079559326
                ]
            ],
            "provenance": "nvisii",
            "quaternion_xyzw": [
                0.37018275260925293,
                0.7652014493942261,
                0.3721131980419159,
                0.37277767062187195
            ],
            "quaternion_xyzw_world": [
                0.5680243372917175,
                -0.17493608593940735,
                0.5673598647117615,
                0.5699548125267029
            ],
            "segmentation_id": 12,
            "visibility": -1
        },
        {
            "bounding_box_minx_maxx_miny_maxy": [
                -1,
                -1,
                -1,
                -1
            ],
            "class": "2",
            "local_cuboid": null,
            "local_to_world_matrix": [
                [
                    -0.8122276067733765,
                    -0.20770739018917084,
                    -0.5451091527938843,
                    0.0
                ],
                [
                    -0.0698687881231308,
                    0.9623733758926392,
                    -0.2625945210456848,
                    0.0
                ],
                [
                    0.57914137840271,
                    -0.17520038783550262,
                    -0.7961784601211548,
                    0.0
                ],
                [
                    0.820068359375,
                    -0.5513668060302734,
                    0.37997758388519287,
                    1.0
                ]
            ],
            "location": [
                0.5513668060302734,
                0.37997758388519287,
                -0.820068359375
            ],
            "location_world": [
                0.820068359375,
                -0.5513668060302734,
                0.37997758388519287
            ],
            "name": "google_2_of_Jenga_Classic_Game_12",
            "projected_cuboid": [
                [
                    659.4612002372742,
                    163.8711392879486
                ],
                [
                    610.5969548225403,
                    177.3625910282135
                ],
                [
                    648.9530801773071,
                    -17.0728862285614
                ],
                [
                    707.9817056655884,
                    -31.999528408050537
                ],
                [
                    624.1908669471741,
                    143.91940832138062
                ],
                [
                    578.1967639923096,
                    156.44636750221252
                ],
                [
                    607.2043180465698,
                    -27.484893798828125
                ],
                [
                    662.0978116989136,
                    -41.22114181518555
                ],
                [
                    634.9355578422546,
                    74.06236231327057
                ]
            ],
            "provenance": "nvisii",
            "quaternion_xyzw": [
                -0.7157938480377197,
                0.5265072584152222,
                -0.3448716104030609,
                -0.3024778664112091
            ],
            "quaternion_xyzw_world": [
                -0.07344643026590347,
                0.944825291633606,
                -0.11584018170833588,
                0.29747578501701355
            ],
            "segmentation_id": 13,
            "visibility": -1
        },
        {
            "bounding_box_minx_maxx_miny_maxy": [
                -1,
                -1,
                -1,
                -1
            ],
            "class": "2",
            "local_cuboid": null,
            "local_to_world_matrix": [
                [
                    -0.08316183090209961,
                    -0.4998026490211487,
