{
    "camera_data": {
        "camera_look_at": {
            "at": [
                1.0,
                0.0,
                0.0
            ],
            "eye": [
                0.0,
                0.0,
                0.0
            ],
            "up": [
                0.0,
                0.0,
                1.0
            ]
        },
        "camera_view_matrix": [
            [
                0.0,
                0.0,
                -1.0,
                0.0
            ],
            [
                -1.0,
                0.0,
                0.0,
                0.0
            ],
            [
                0.0,
                1.0,
                0.0,
                0.0
            ],
            [
                0.0,
                0.0,
                0.0,
                1.0
            ]
        ],
        "height": 500,
        "intrinsics": {
            "cx": 250.0,
            "cy": 250.0,
            "fx": 603.5535278320312,
            "fy": 603.5535278320312
        },
        "location_world": [
            0.0,
            0.0,
            0.0
        ],
        "quaternion_world_xyzw": [
            0.5,
            -0.5,
            -0.5,
            0.5
        ],
        "width": 500
    },
    "objects": [
        {
            "bounding_box_minx_maxx_miny_maxy": [
                -1,
                -1,
                -1,
                -1
            ],
            "class": "2",
            "local_cuboid": null,
            "local_to_world_matrix": [
                [
                    0.2548518776893616,
                    0.8183865547180176,
                    0.5150671005249023,
                    0.0
                ],
                [
                    0.9447885751724243,
                    -0.32419896125793457,
                    0.04764191806316376,
                    0.0
                ],
                [
                    0.20597364008426666,
                    0.474487841129303,
                    -0.8558249473571777,
                    0.0
                ],
                [
                    1.3228459358215332,
                    -0.7286558151245117,
                    0.590162456035614,
                    1.0
                ]
            ],
            "location": [
                0.7286558151245117,
                0.590162456035614,
                -1.3228459358215332
            ],
            "location_world": [
                1.3228459358215332,
                -0.7286558151245117,
                0.590162456035614
            ],
            "name": "google_2_of_Jenga_Classic_Game_0",
            "projected_cuboid": [
                [
                    492.68829822540283,
                    90.10861814022064
                ],
                [
                    490.70727825164795,
                    97.3159521818161
                ],
                [
                    562.1934533119202,
                    -19.285917282104492
                ],
                [
                    568.6773061752319,
                    -34.02292728424072
                ],
                [
                    525.5790948867798,
                    106.09401762485504
                ],
                [
                    521.7126607894897,
                    112.50127851963043
                ],
                [
                    595.6404209136963,
                    -5.15824556350708
                ],
                [
                    604.3230295181274,
                    -19.242584705352783
                ],
                [
                    544.1550016403198,
                    42.483851313591
                ]
            ],
            "provenance": "nvisii",
            "quaternion_xyzw": [
                0.29152411222457886,
                0.7197225689888,
                -0.6254540681838989,
                -0.07629188150167465
            ],
            "quaternion_xyzw_world": [
                0.7802044153213501,
                0.5649721622467041,
                0.23104225099086761,
                -0.1367737501859665
            ],
            "segmentation_id": 1,
            "visibility": -1
        },
        {
            "bounding_box_minx_maxx_miny_maxy": [
                -1,
                -1,
                -1,
                -1
            ],
            "class": "2",
            "local_cuboid": null,
            "local_to_world_matrix": [
                [
                    0.9929729104042053,
                    0.11792439222335815,
                    -0.009929298423230648,
                    0.0
                ],
                [
                    0.11647991836071014,
                    -0.9887298345565796,
                    -0.09405636787414551,
                    0.0
                ],
                [
                    -0.02090892568230629,
                    0.09223885834217072,
                    -0.9955177307128906,
                    0.0
                ],
                [
                    1.7808517217636108,
                    0.5132894515991211,
                    -0.14763246476650238,
                    1.0
                ]
            ],
            "location": [
                -0.5132894515991211,
                -0.14763246476650238,
                -1.7808517217636108
            ],
            "location_world": [
                1.7808517217636108,
                0.5132894515991211,
                -0.14763246476650238
            ],
            "name": "google_2_of_Jenga_Classic_Game_1",
            "projected_cuboid": [
                [
                    54.26473915576935,
                    395.08241415023804
                ],
                [
                    83.02737772464752,
                    396.93331718444824
                ],
                [
                    92.49702095985413,
                    300.26891827583313
                ],
                [
                    63.88247013092041,
                    297.9004383087158
                ],
                [
                    48.64959418773651,
                    401.375949382782
                ],
                [
                    78.7384957075119,
                    403.2745957374573
                ],
                [
                    88.64779770374298,
                    302.25276947021484
                ],
                [
                    58.72085690498352,
                    299.7886836528778
                ],
                [
                    71.1546242237091,
                    349.481999874115
                ]
            ],
            "provenance": "nvisii",
            "quaternion_xyzw": [
                0.4886776804924011,
                0.500739336013794,
                -0.5551778674125671,
                0.44970226287841797
            ],
            "quaternion_xyzw_world": [
                0.9971485137939453,
                0.058768656104803085,
                -0.007731602992862463,
                -0.04670698940753937
            ],
            "segmentation_id": 2,
            "visibility": -1
        },
        {
            "bounding_box_minx_maxx_miny_maxy": [
                -1,
                -1,
                -1,
                -1
            ],
            "class": "2",
            "local_cuboid": null,
            "local_to_world_matrix": [
                [
                    0.9461799263954163,
                    -0.2930735647678375,
                    0.13730069994926453,
                    0.0
                ],
                [
                    0.07205793261528015,
                    0.6043561697006226,
                    0.7934490442276001,
                    0.0
                ],
                [
                    -0.3155174255371094,
                    -0.7408519983291626,
                    0.5929479598999023,
                    0.0
                ],
                [
                    1.4673134088516235,
                    0.6329159736633301,
                    -0.13055384159088135,
                    1.0
                ]
            ],
            "location": [
                -0.6329159736633301,
                -0.13055384159088135,
                -1.4673134088516235
            ],
            "location_world": [
                1.4673134088516235,
                0.6329159736633301,
                -0.13055384159088135
            ],
            "name": "google_2_of_Jenga_Classic_Game_2",
            "projected_cuboid": [
                [
                    87.51863241195679,
                    243.775874376297
                ],
                [
                    66.45801663398743,
                    215.2356207370758
                ],
                [
                    -8.953273296356201,
                    286.6968512535095
                ],
                [
                    10.509118437767029,
                    313.7749433517456
                ],
                [
                    67.97830760478973,
                    248.32548201084137
                ],
                [
                    45.83398997783661,
                    218.17582845687866
                ],
                [
                    -32.17887878417969,
                    293.17015409469604
                ],
                [
                    -11.797428131103516,
                    321.6922879219055
                ],
                [
                    27.172893285751343,
                    268.67809891700745
                ]
            ],
            "provenance": "nvisii",
            "quaternion_xyzw": [
                -0.21453863382339478,
                0.5442559719085693,
                0.23926715552806854,
                0.7749258279800415
            ],
            "quaternion_xyzw_world": [
                0.43268802762031555,
                -0.12769918143749237,
                -0.1029706820845604,
                0.8864938020706177
            ],
            "segmentation_id": 3,
            "visibility": -1
        },
        {
            "bounding_box_minx_maxx_miny_maxy": [
                -1,
                -1,
                -1,
                -1
            ],
            "class": "2",
            "local_cuboid": null,
            "local_to_world_matrix": [
                [
                    0.620197594165802,
                    0.14683884382247925,
                    -0.7705799341201782,
                    0.0
                ],
                [
                    0.01438210904598236,
                    0.9800305366516113,
                    0.19832637906074524,
                    0.0
                ],
                [
                    0.7843139171600342,
                    -0.13408413529396057,
                    0.6057007312774658,
                    0.0
                ],
                [
                    0.32917919754981995,
                    -0.49338608980178833,
                    -0.06702639162540436,
                    1.0
                ]
            ],
            "location": [
                0.49338608980178833,
                -0.06702639162540436,
                -0.32917919754981995
            ],
            "location_world": [
                0.32917919754981995,
                -0.49338608980178833,
                -0.06702639162540436
            ],
            "name": "google_2_of_Jenga_Classic_Game_3",
            "projected_cuboid": [
                [
                    839.0910625457764,
                    176.24080181121826
                ],
                [
                    752.2445321083069,
                    159.06763076782227
                ],
                [
                    1010.3304386138916,
                    401.70344710350037
                ],
                [
                    1154.4241905212402,
                    430.8558702468872
                ],
                [
                    906.2578678131104,
                    100.66245496273041
                ],
                [
                    811.3077878952026,
                    82.08882808685303
                ],
                [
                    1155.0705432891846,
                    305.8440387248993
                ],
                [
                    1322.9252099990845,
                    339.30397033691406
                ],
                [
                    947.8005766868591,
                    220.82959115505219
                ]
            ],
            "provenance": "nvisii",
            "quaternion_xyzw": [
                -0.5998226404190063,
                0.7296367883682251,
                0.20260727405548096,
                0.25844430923461914
            ],
            "quaternion_xyzw_world": [
                0.09282559901475906,
                0.4342039227485657,
                0.036988526582717896,
                0.8952555060386658
            ],
            "segmentation_id": 4,
            "visibility": -1
        },
        {
            "bounding_box_minx_maxx_miny_maxy": [
                -1,
                -1,
                -1,
                -1
            ],
            "class": "2",
            "local_cuboid": null,
            "local_to_world_matrix": [
                [
                    -0.5790266990661621,
                    -0.6521130800247192,
                    -0.48936349153518677,
                    0.0
                ],
                [
                    0.3976021111011505,
                    0.29815447330474854,
                    -0.8677652478218079,
                    0.0
                ],
                [
                    0.7117869257926941,
                    -0.6970311999320984,
                    0.08664220571517944,
                    0.0
                ],
                [
                    1.0077214241027832,
                    0.16137579083442688,
                    0.015355262905359268,
                    1.0
                ]
            ],
            "location": [
                -0.16137579083442688,
                0.015355262905359268,
                -1.0077214241027832
            ],
            "location_world": [
                1.0077214241027832,
                0.16137579083442688,
                0.015355262905359268
            ],
            "name": "google_2_of_Jenga_Classic_Game_4",
            "projected_cuboid": [
                [
                    291.33161902427673,
                    220.21484375
                ],
                [
                    277.6223421096802,
                    257.6028108596802
                ],
                [
                    160.67616641521454,
                    274.43015575408936
                ],
                [
                    173.27407002449036,
                    229.59619760513306
                ],
                [
                    264.3715739250183,
                    202.25657522678375
                ],
                [
                    251.88225507736206,
                    238.76433074474335
                ],
                [
                    134.9266767501831,
                    251.11815333366394
                ],
                [
                    146.10418677330017,
                    207.53225684165955
                ],
                [
                    217.65458583831787,
                    234.77232456207275
                ]
            ],
            "provenance": "nvisii",
            "quaternion_xyzw": [
                -0.8988416790962219,
                0.21903690695762634,
                -0.35491734743118286,
                0.13468565046787262
            ],
            "quaternion_xyzw_world": [
                -0.09510088711977005,
                0.6690551042556763,
                -0.5847038626670837,
                0.4488234221935272
            ],
            "segmentation_id": 5,
            "visibility": -1
        },
        {
            "bounding_box_minx_maxx_miny_maxy": [
                -1,
                -1,
                -1,
                -1
            ],
            "class": "2",
            "local_cuboid": null,
            "local_to_world_matrix": [
                [
                    0.6225740909576416,
                    0.6223445534706116,
                    0.4744352400302887,
                    0.0
                ],
                [
                    -0.6112889647483826,
                    0.008229196071624756,
                    0.7913646697998047,
                    0.0
                ],
                [
                    0.48859724402427673,
                    -0.7827001810073853,
                    0.3855556845664978,
                    0.0
                ],
                [
                    0.8620840907096863,
                    -0.31784287095069885,
                    -0.2971073091030121,
                    1.0
                ]
            ],
            "location": [
                0.31784287095069885,
                -0.2971073091030121,
                -0.8620840907096863
            ],
            "location_world": [
                0.8620840907096863,
                -0.31784287095069885,
                -0.2971073091030121
            ],
            "name": "google_2_of_Jenga_Classic_Game_5",
            "projected_cuboid": [
                [
                    548.7418174743652,
                    363.95198106765747
                ],
                [
                    563.6889934539795,
                    329.6257257461548
                ],
                [
                    455.40159940719604,
                    421.78696393966675
                ],
                [
                    444.242000579834,
                    456.268846988678
                ],
                [
                    592.7783250808716,
                    391.9677138328552
                ],
                [
                    610.876202583313,
                    357.39022493362427
                ],
                [
                    504.33337688446045,
                    460.0091576576233
                ],
                [
                    489.61344361305237,
                    494.1674768924713
                ],
                [
                    529.433012008667,
                    405.71755170822144
                ]
            ],
            "provenance": "nvisii",
            "quaternion_xyzw": [
                0.13682840764522552,
                0.8518078327178955,
                0.2925673723220825,
                0.4124387502670288
            ],
            "quaternion_xyzw_world": [
                0.5542538166046143,
                0.004986681509763002,
                0.43438243865966797,
                0.7099927663803101
            ],
            "segmentation_id": 6,
            "visibility": -1
        },
        {
            "bounding_box_minx_maxx_miny_maxy": [
                -1,
                -1,
                -1,
                -1
            ],
            "class": "2",
            "local_cuboid": null,
            "local_to_world_matrix": [
                [
                    0.971057116985321,
                    0.19739073514938354,
                    0.1344805359840393,
                    0.0
                ],
                [
                    0.005219899117946625,
                    0.5453664064407349,
                    -0.8381815552711487,
                    0.0
                ],
                [
                    -0.23879042267799377,
                    0.8146241307258606,
                    0.5285515189170837,
                    0.0
                ],
                [
                    0.8710867762565613,
                    -0.39795029163360596,
                    0.36716970801353455,
                    1.0
                ]
            ],
            "location": [
                0.39795029163360596,
                0.36716970801353455,
                -0.8710867762565613
            ],
            "location_world": [
                0.8710867762565613,
                -0.39795029163360596,
                0.36716970801353455
            ],
            "name": "google_2_of_Jenga_Classic_Game_6",
            "projected_cuboid": [
                [
                    376.0170340538025,
                    -154.29404377937317
                ],
                [
                    342.85712242126465,
                    -103.21962833404541
                ],
                [
                    493.6271011829376,
                    26.31036937236786
                ],
                [
                    524.3160724639893,
                    -20.78285813331604
                ],
                [
                    400.99310874938965,
                    -186.50126457214355
                ],
                [
                    364.4906282424927,
                    -130.2819848060608
                ],
                [
                    527.3144245147705,
                    13.425961136817932
                ],
                [
                    560.844898223877,
                    -38.00719976425171
                ],
                [
                    451.3756036758423,
                    -70.75557112693787
                ]
            ],
            "provenance": "nvisii",
            "quaternion_xyzw": [
                -0.5920305252075195,
                0.17350706458091736,
                0.75404953956604,
                0.22539862990379333
            ],
            "quaternion_xyzw_world": [
                -0.47358715534210205,
                -0.10695530474185944,
                0.055063724517822266,
                0.8724928498268127
            ],
            "segmentation_id": 7,
            "visibility": -1
        },
        {
            "bounding_box_minx_maxx_miny_maxy": [
                -1,
                -1,
                -1,
                -1
            ],
            "class": "2",
            "local_cuboid": null,
            "local_to_world_matrix": [
                [
                    -0.060448288917541504,
                    -0.45818042755126953,
                    0.8868013620376587,
                    0.0
                ],
                [
                    0.9473885297775269,
                    -0.3061025142669678,
                    -0.09357467293739319,
                    0.0
                ],
                [
                    0.3143262565135956,
                    0.8344889879226685,
                    0.4525783061981201,
                    0.0
                ],
                [
                    1.867779016494751,
                    0.5236114263534546,
                    -0.2905550003051758,
                    1.0
                ]
            ],
            "location": [
                -0.5236114263534546,
                -0.2905550003051758,
                -1.867779016494751
            ],
            "location_world": [
                1.867779016494751,
                0.5236114263534546,
                -0.2905550003051758
            ],
            "name": "google_2_of_Jenga_Classic_Game_7",
            "projected_cuboid": [
                [
                    10.038301348686218,
                    287.6018285751343
                ],
                [
                    27.460753917694092,
                    288.48350048065186
                ],
                [
                    93.94966065883636,
                    332.21346139907837
                ],
                [
                    78.56467366218567,
                    333.20388197898865
                ],
                [
                    -0.7168352603912354,
                    309.477299451828
                ],
                [
                    17.093896865844727,
                    309.48275327682495
                ],
                [
                    82.91850984096527,
                    354.1129231452942
                ],
                [
                    67.09146499633789,
                    356.0579717159271
                ],
                [
                    46.41124606132507,
                    320.7961320877075
                ]
            ],
            "provenance": "nvisii",
            "quaternion_xyzw": [
                -0.6830229759216309,
                -0.4366265833377838,
                0.2833143174648285,
                0.5124157667160034
            ],
            "quaternion_xyzw_world": [
                -0.4452740550041199,
                -0.27466684579849243,
                -0.6743754744529724,
                0.5210632085800171
            ],
            "segmentation_id": 8,
            "visibility": -1
        },
        {
            "bounding_box_minx_maxx_miny_maxy": [
                -1,
                -1,
                -1,
                -1
            ],
            "class": "2",
            "local_cuboid": null,
            "local_to_world_matrix": [
                [
                    -0.5554863214492798,
                    -0.6078358292579651,
                    -0.5674244165420532,
                    0.0
                ],
                [
                    0.7239224314689636,
                    -0.01777362823486328,
                    -0.6896523237228394,
                    0.0
                ],
                [
                    0.4091101884841919,
                    -0.7938637733459473,
                    0.4498990774154663,
                    0.0
                ],
                [
                    1.409939169883728,
                    0.5887061953544617,
                    0.6254578828811646,
                    1.0
                ]
            ],
            "location": [
                -0.5887061953544617,
                0.6254578828811646,
                -1.409939169883728
            ],
            "location_world": [
                1.409939169883728,
                0.5887061953544617,
                0.6254578828811646
            ],
            "name": "google_2_of_Jenga_Classic_Game_8",
            "projected_cuboid": [
                [
                    113.67262899875641,
                    -62.060654163360596
                ],
                [
                    119.67948079109192,
                    -26.807695627212524
                ],
                [
                    10.042384266853333,
                    5.786299705505371
                ],
                [
                    -1.4302730560302734,
                    -31.102359294891357
                ],
                [
                    98.57068955898285,
                    -70.83368301391602
                ],
                [
                    104.99471426010132,
                    -36.21828556060791
                ],
                [
                    -2.557128667831421,
                    -5.370020866394043
                ],
                [
                    -14.220595359802246,
                    -41.59173369407654
                ],
                [
                    55.84549903869629,
                    -33.855706453323364
                ]
            ],
            "provenance": "nvisii",
            "quaternion_xyzw": [
                0.8225871324539185,
                -0.16704943776130676,
                0.41009336709976196,
                -0.3567468523979187
            ],
            "quaternion_xyzw_world": [
                -0.055651262402534485,
                -0.521491527557373,
                0.7111889719963074,
                -0.4681450128555298
            ],
            "segmentation_id": 9,
            "visibility": -1
        },
        {
            "bounding_box_minx_maxx_miny_maxy": [
                -1,
                -1,
                -1,
                -1
            ],
            "class": "2",
            "local_cuboid": null,
            "local_to_world_matrix": [
                [
                    0.9866756200790405,
                    0.1444142758846283,
                    0.07493816316127777,
                    0.0
                ],
                [
                    -0.12502485513687134,
                    0.9677308201789856,
                    -0.21878264844417572,
                    0.0
                ],
                [
                    -0.1041153073310852,
                    0.20649836957454681,
                    0.9728918075561523,
                    0.0
                ],
                [
                    0.6741790175437927,
                    -0.48498108983039856,
                    0.3417602479457855,
                    1.0
                ]
            ],
            "location": [
                0.48498108983039856,
                0.3417602479457855,
                -0.6741790175437927
            ],
            "location_world": [
                0.6741790175437927,
                -0.48498108983039856,
                0.3417602479457855
            ],
            "name": "google_2_of_Jenga_Classic_Game_9",
            "projected_cuboid": [
                [
                    653.4447073936462,
                    -309.8559379577637
                ],
                [
                    586.9259834289551,
                    -302.121102809906
                ],
                [
                    623.8831877708435,
                    -36.07439994812012
                ],
                [
                    687.0427131652832,
                    -47.391533851623535
                ],
                [
                    716.1846160888672,
                    -375.43219327926636
                ],
                [
                    642.1349048614502,
                    -367.8478002548218
                ],
                [
                    680.9931993484497,
                    -65.75670838356018
                ],
                [
                    750.8866190910339,
                    -77.959805727005
                ],
                [
                    666.612982749939,
                    -193.17585229873657
                ]
            ],
            "provenance": "nvisii",
            "quaternion_xyzw": [
                -0.4925071597099304,
                0.4531877636909485,
                0.6056633591651917,
                0.4303831458091736
            ],
            "quaternion_xyzw_world": [
                -0.10729982703924179,
                -0.045175790786743164,
                0.06798039376735687,
                0.9908707141876221
            ],
            "segmentation_id": 10,
            "visibility": -1
        },
        {
            "bounding_box_minx_maxx_miny_maxy": [
                -1,
                -1,
                -1,
                -1
            ],
            "class": "2",
            "local_cuboid": null,
            "local_to_world_matrix": [
                [
                    0.8996720910072327,
                    0.2198505848646164,
                    -0.377168208360672,
                    0.0
                ],
                [
                    -0.24446912109851837,
                    0.9694895148277283,
                    -0.01802700012922287,
                    0.0
                ],
                [
                    0.36169734597206116,
                    0.10842437297105789,
                    0.9259693026542664,
                    0.0
                ],
                [
                    1.6222724914550781,
                    0.7644123435020447,
                    -0.8117232918739319,
                    1.0
                ]
            ],
            "location": [
                -0.7644123435020447,
                -0.8117232918739319,
                -1.6222724914550781
            ],
            "location_world": [
                1.6222724914550781,
                0.7644123435020447,
                -0.8117232918739319
            ],
            "name": "google_2_of_Jenga_Classic_Game_10",
            "projected_cuboid": [
                [
                    -9.897887706756592,
                    438.973605632782
                ],
                [
                    -41.14165902137756,
                    441.7228698730469
                ],
                [
                    -48.2100248336792,
                    553.1092882156372
                ],
                [
                    -14.899879693984985,
                    548.8075017929077
                ],
                [
                    -14.583230018615723,
                    436.3038241863251
                ],
                [
                    -47.20276594161987,
                    439.136266708374
                ],
                [
                    -54.99553680419922,
                    555.3639531135559
                ],
                [
                    -20.11740207672119,
                    550.8419275283813
                ],
                [
                    -31.118959188461304,
                    493.7421381473541
                ]
            ],
            "provenance": "nvisii",
            "quaternion_xyzw": [
                -0.5384871959686279,
                0.6252041459083557,
                0.46802249550819397,
                0.31639569997787476
            ],
            "quaternion_xyzw_world": [
                -0.03245489299297333,
                0.18963655829429626,
                0.1191718727350235,
                0.974054753780365
            ],
            "segmentation_id": 11,
            "visibility": -1
        },
        {
            "bounding_box_minx_maxx_miny_maxy": [
                -1,
                -1,
                -1,
                -1
            ],
            "class": "2",
            "local_cuboid": null,
            "local_to_world_matrix": [
                [
                    0.07175397872924805,
                    -0.03269055485725403,
                    -0.9968864917755127,
                    0.0
                ],
                [
                    0.922932505607605,
                    -0.37681329250335693,
                    0.0787876546382904,
                    0.0
                ],
                [
                    -0.37821564078330994,
                    -0.9257122278213501,
                    0.0031332969665527344,
                    0.0
                ],
                [
                    1.1396450996398926,
                    0.6916887760162354,
                    0.6216235160827637,
                    1.0
                ]
            ],
            "location": [
                -0.6916887760162354,
                0.6216235160827637,
                -1.1396450996398926
            ],
            "location_world": [
                1.1396450996398926,
                0.6916887760162354,
                0.6216235160827637
            ],
            "name": "google_2_of_Jenga_Classic_Game_11",
            "projected_cuboid": [
                [
                    -14.955729246139526,
                    -102.47275233268738
                ],
                [
                    22.256389260292053,
                    -80.5729329586029
                ],
                [
                    -94.58717703819275,
                    -49.19278621673584
                ],
                [
                    -136.32559776306152,
                    -66.68394804000854
                ],
                [
                    -18.051117658615112,
                    -152.56625413894653
                ],
                [
                    19.585132598876953,
                    -126.88550353050232
                ],
                [
                    -97.56994247436523,
                    -91.00264310836792
                ],
                [
                    -139.73525166511536,
                    -111.55188083648682
                ],
                [
                    -59.74343419075012,
                    -96.2543785572052
                ]
            ],
            "provenance": "nvisii",
            "quaternion_xyzw": [
                -0.3793702721595764,
                0.40862002968788147,
                -0.5627471208572388,
                0.6102650761604309
            ],
            "quaternion_xyzw_world": [
                0.601131021976471,
                0.37023621797561646,
                -0.5718812346458435,
                0.4177541434764862
            ],
            "segmentation_id": 12,
            "visibility": -1
        },
        {
            "bounding_box_minx_maxx_miny_maxy": [
                -1,
                -1,
                -1,
                -1
            ],
            "class": "2",
            "local_cuboid": null,
            "local_to_world_matrix": [
                [
                    0.7238432765007019,
                    0.6275854706764221,
                    0.2866833806037903,
                    0.0
                ],
                [
                    0.6658797860145569,
                    -0.7442423105239868,
                    -0.05203281342983246,
                    0.0
                ],
                [
                    0.18070687353610992,
                    0.22856028378009796,
                    -0.9566112756729126,
                    0.0
                ],
                [
                    0.8681805729866028,
                    -0.5714757442474365,
                    0.21997018158435822,
                    1.0
                ]
            ],
            "location": [
                0.5714757442474365,
                0.21997018158435822,
                -0.8681805729866028
            ],
            "location_world": [
                0.8681805729866028,
                -0.5714757442474365,
                0.21997018158435822
            ],
            "name": "google_2_of_Jenga_Classic_Game_12",
            "projected_cuboid": [
                [
                    543.81263256073,
                    280.1035940647125
                ],
                [
                    565.7122135162354,
                    281.08474612236023
                ],
                [
                    627.3022890090942,
                    100.49957036972046
                ],
                [
                    608.0586910247803,
                    87.76906132698059
                ],
                [
                    597.7984666824341,
                    297.8859841823578
                ],
                [
                    617.759108543396,
                    297.8418171405792
                ],
                [
                    686.5683794021606,
                    106.39210045337677
                ],
                [
                    670.0769662857056,
                    93.17407011985779
                ],
                [
                    613.0496263504028,
                    195.85293531417847
                ]
            ],
            "provenance": "nvisii",
            "quaternion_xyzw": [
                0.38895830512046814,
                0.6626197099685669,
                -0.6121501922607422,
                0.18686549365520477
            ],
            "quaternion_xyzw_world": [
                0.9252968430519104,
                0.3494730591773987,
                0.12628117203712463,
                -0.07581164687871933
            ],
            "segmentation_id": 13,
            "visibility": -1
        },
        {
            "bounding_box_minx_maxx_miny_maxy": [
                -1,
                -1,
                -1,
                -1
            ],
            "class": "2",
            "local_cuboid": null,
            "local_to_world_matrix": [
                [
                    0.8365631699562073,
                    -0.07779388129711151,
