{
    "camera_data": {
        "camera_look_at": {
            "at": [
                1.0,
                0.0,
                0.0
            ],
            "eye": [
                0.0,
                0.0,
                0.0
            ],
            "up": [
                0.0,
                0.0,
                1.0
            ]
        },
        "camera_view_matrix": [
            [
                0.0,
                0.0,
                -1.0,
                0.0
            ],
            [
                -1.0,
                0.0,
                0.0,
                0.0
            ],
            [
                0.0,
                1.0,
                0.0,
                0.0
            ],
            [
                0.0,
                0.0,
                0.0,
                1.0
            ]
        ],
        "height": 500,
        "intrinsics": {
            "cx": 250.0,
            "cy": 250.0,
            "fx": 603.5535278320312,
            "fy": 603.5535278320312
        },
        "location_world": [
            0.0,
            0.0,
            0.0
        ],
        "quaternion_world_xyzw": [
            0.5,
            -0.5,
            -0.5,
            0.5
        ],
        "width": 500
    },
    "objects": [
        {
            "bounding_box_minx_maxx_miny_maxy": [
                -1,
                -1,
                -1,
                -1
            ],
            "class": "2",
            "local_cuboid": null,
            "local_to_world_matrix": [
                [
                    0.03544175624847412,
                    -0.9668930172920227,
                    -0.25270920991897583,
                    0.0
                ],
                [
                    -0.6487765908241272,
                    0.17007869482040405,
                    -0.7417292594909668,
                    0.0
                ],
                [
                    0.7601532340049744,
                    0.1902400553226471,
                    -0.621269702911377,
                    0.0
                ],
                [
                    0.9214873909950256,
                    0.625458300113678,
                    -0.10019772499799728,
                    1.0
                ]
            ],
            "location": [
                -0.625458300113678,
                -0.10019772499799728,
                -0.9214873909950256
            ],
            "location_world": [
                0.9214873909950256,
                0.625458300113678,
                -0.10019772499799728
            ],
            "name": "google_2_of_Jenga_Classic_Game_0",
            "projected_cuboid": [
                [
                    -77.28847861289978,
                    384.0068578720093
                ],
                [
                    -101.08771920204163,
                    424.40006136894226
                ],
                [
                    -150.68647265434265,
                    345.3349471092224
                ],
                [
                    -118.46724152565002,
                    300.06152391433716
                ],
                [
                    -117.43351817131042,
                    374.03932213783264
                ],
                [
                    -143.2652771472931,
                    414.04402256011963
                ],
                [
                    -203.50974798202515,
                    332.1554958820343
                ],
                [
                    -168.14148426055908,
                    287.5105142593384
                ],
                [
                    -131.85375928878784,
                    361.5916073322296
                ]
            ],
            "provenance": "nvisii",
            "quaternion_xyzw": [
                -0.9312324523925781,
                0.11350226402282715,
                0.06058688461780548,
                -0.3409584164619446
            ],
            "quaternion_xyzw_world": [
                -0.6096377372741699,
                0.6625531315803528,
                -0.20809245109558105,
                0.3821816146373749
            ],
            "segmentation_id": 1,
            "visibility": -1
        },
        {
            "bounding_box_minx_maxx_miny_maxy": [
                -1,
                -1,
                -1,
                -1
            ],
            "class": "2",
            "local_cuboid": null,
            "local_to_world_matrix": [
                [
                    -0.06410133838653564,
                    -0.6616098284721375,
                    -0.7471033930778503,
                    0.0
                ],
                [
                    0.46819695830345154,
                    0.641197681427002,
                    -0.6079944372177124,
                    0.0
                ],
                [
                    0.8812959790229797,
                    -0.38876476883888245,
                    0.2686620354652405,
                    0.0
                ],
                [
                    1.676006555557251,
                    0.7488445043563843,
                    0.0287217665463686,
                    1.0
                ]
            ],
            "location": [
                -0.7488445043563843,
                0.0287217665463686,
                -1.676006555557251
            ],
            "location_world": [
                1.676006555557251,
                0.7488445043563843,
                0.0287217665463686
            ],
            "name": "google_2_of_Jenga_Classic_Game_1",
            "projected_cuboid": [
                [
                    66.16297364234924,
                    217.33465790748596
                ],
                [
                    53.136855363845825,
                    233.8811606168747
                ],
                [
                    -17.27011799812317,
                    259.403258562088
                ],
                [
                    -3.8994252681732178,
                    240.89117348194122
                ],
                [
                    50.2086877822876,
                    198.85709881782532
                ],
                [
                    37.53872215747833,
                    215.7343477010727
                ],
                [
                    -35.02297401428223,
                    238.42976987361908
                ],
                [
                    -22.116124629974365,
                    219.47425603866577
                ],
                [
                    18.553316593170166,
                    227.2602766752243
                ]
            ],
            "provenance": "nvisii",
            "quaternion_xyzw": [
                -0.887538731098175,
                0.39105361700057983,
                -0.12756234407424927,
                0.2075568586587906
            ],
            "quaternion_xyzw_world": [
                -0.08068296313285828,
                0.5992989540100098,
                -0.41580215096473694,
                0.6792934536933899
            ],
            "segmentation_id": 2,
            "visibility": -1
        },
        {
            "bounding_box_minx_maxx_miny_maxy": [
                -1,
                -1,
                -1,
                -1
            ],
            "class": "2",
            "local_cuboid": null,
            "local_to_world_matrix": [
                [
                    -0.8324962854385376,
                    -0.5024856328964233,
                    -0.23336252570152283,
                    0.0
                ],
                [
                    0.05050823092460632,
                    0.35062116384506226,
                    -0.9351543188095093,
                    0.0
                ],
                [
                    0.5517234802246094,
                    -0.7902992963790894,
                    -0.26651108264923096,
                    0.0
                ],
                [
                    1.0348249673843384,
                    0.355991393327713,
                    -0.5402755737304688,
                    1.0
                ]
            ],
            "location": [
                -0.355991393327713,
                -0.5402755737304688,
                -1.0348249673843384
            ],
            "location_world": [
                1.0348249673843384,
                0.355991393327713,
                -0.5402755737304688
            ],
            "name": "google_2_of_Jenga_Classic_Game_2",
            "projected_cuboid": [
                [
                    202.94345915317535,
                    555.5699467658997
                ],
                [
                    187.7816617488861,
                    595.3496694564819
                ],
                [
                    39.04275596141815,
                    603.9844751358032
                ],
                [
                    56.01392686367035,
                    557.8300356864929
                ],
                [
                    185.95948815345764,
                    530.1532745361328
                ],
                [
                    171.66545987129211,
                    567.898690700531
                ],
                [
                    29.62951362133026,
                    571.8683004379272
                ],
                [
                    45.51699757575989,
                    528.4299850463867
                ],
                [
                    119.8299378156662,
                    563.3858442306519
                ]
            ],
            "provenance": "nvisii",
            "quaternion_xyzw": [
                -0.8644887804985046,
                0.16888123750686646,
                -0.4692934453487396,
                -0.062465518712997437
            ],
            "quaternion_xyzw_world": [
                -0.1443898230791092,
                0.7825644612312317,
                -0.5512177348136902,
                0.250805526971817
            ],
            "segmentation_id": 3,
            "visibility": -1
        },
        {
            "bounding_box_minx_maxx_miny_maxy": [
                -1,
                -1,
                -1,
                -1
            ],
            "class": "2",
            "local_cuboid": null,
            "local_to_world_matrix": [
                [
                    0.19895488023757935,
                    0.9783568382263184,
                    0.056875407695770264,
                    0.0
                ],
                [
                    -0.8389917612075806,
                    0.14004671573638916,
                    0.5258134007453918,
                    0.0
                ],
                [
                    0.5064679384231567,
                    -0.1523311287164688,
                    0.8486963510513306,
                    0.0
                ],
                [
                    0.41276052594184875,
                    -0.5252408981323242,
                    -0.06962280720472336,
                    1.0
                ]
            ],
            "location": [
                0.5252408981323242,
                -0.06962280720472336,
                -0.41276052594184875
            ],
            "location_world": [
                0.41276052594184875,
                -0.5252408981323242,
                -0.06962280720472336
            ],
            "name": "google_2_of_Jenga_Classic_Game_3",
            "projected_cuboid": [
                [
                    786.6929769515991,
                    91.80814027786255
                ],
                [
                    844.6198105812073,
                    20.526617765426636
                ],
                [
                    1003.2639503479004,
                    320.81499695777893
                ],
                [
                    901.9029140472412,
                    368.57298016548157
                ],
                [
                    880.1922798156738,
                    92.19089150428772
                ],
                [
                    952.6766538619995,
                    18.79975199699402
                ],
                [
                    1161.320447921753,
                    331.15124702453613
                ],
                [
                    1030.9194326400757,
                    378.94853949546814
                ],
                [
                    928.8910627365112,
                    182.65597522258759
                ]
            ],
            "provenance": "nvisii",
            "quaternion_xyzw": [
                -0.02396702766418457,
                0.867559552192688,
                0.4863320589065552,
                0.10122823715209961
            ],
            "quaternion_xyzw_world": [
                0.22924432158470154,
                0.1519831418991089,
                0.6143481731414795,
                0.7395434379577637
            ],
            "segmentation_id": 4,
            "visibility": -1
        },
        {
            "bounding_box_minx_maxx_miny_maxy": [
                -1,
                -1,
                -1,
                -1
            ],
            "class": "2",
            "local_cuboid": null,
            "local_to_world_matrix": [
                [
                    0.18335741758346558,
                    0.625499963760376,
                    -0.7583733201026917,
                    0.0
                ],
                [
                    -0.3774970769882202,
                    -0.667503833770752,
                    -0.6418217420578003,
                    0.0
                ],
                [
                    -0.9076762795448303,
                    0.4039665460586548,
                    0.11373233795166016,
                    0.0
                ],
                [
                    1.3672174215316772,
                    -0.11791983991861343,
                    -0.6946410536766052,
                    1.0
                ]
            ],
            "location": [
                0.11791983991861343,
                -0.6946410536766052,
                -1.3672174215316772
            ],
            "location_world": [
                1.3672174215316772,
                -0.11791983991861343,
                -0.6946410536766052
            ],
            "name": "google_2_of_Jenga_Classic_Game_4",
            "projected_cuboid": [
                [
                    221.60376608371735,
                    606.2542200088501
                ],
                [
                    251.88827514648438,
                    646.5553641319275
                ],
                [
                    303.94303798675537,
                    583.922266960144
                ],
                [
                    278.24005484580994,
                    552.7420043945312
                ],
                [
                    248.0449676513672,
                    578.3869028091431
                ],
                [
                    279.51666712760925,
                    618.4049844741821
                ],
                [
                    326.6816437244415,
                    560.6508255004883
                ],
                [
                    300.18162727355957,
                    529.681921005249
                ],
                [
                    278.79783511161804,
                    581.4322233200073
                ]
            ],
            "provenance": "nvisii",
            "quaternion_xyzw": [
                0.16480720043182373,
                -0.13784238696098328,
                -0.8909262418746948,
                0.4001108407974243
            ],
            "quaternion_xyzw_world": [
                0.6590009331703186,
                0.09408290684223175,
                -0.6320361495018005,
                -0.39673247933387756
            ],
            "segmentation_id": 5,
            "visibility": -1
        },
        {
            "bounding_box_minx_maxx_miny_maxy": [
                -1,
                -1,
                -1,
                -1
            ],
            "class": "2",
            "local_cuboid": null,
            "local_to_world_matrix": [
                [
                    0.3496233820915222,
                    -0.16772156953811646,
                    -0.9217554330825806,
                    0.0
                ],
                [
                    0.18252187967300415,
                    -0.9528013467788696,
                    0.24260151386260986,
                    0.0
                ],
                [
                    -0.9189392328262329,
                    -0.2530596852302551,
                    -0.3025088310241699,
                    0.0
                ],
                [
                    1.6518654823303223,
                    -0.4385257661342621,
                    0.18845713138580322,
                    1.0
                ]
            ],
            "location": [
                0.4385257661342621,
                0.18845713138580322,
                -1.6518654823303223
            ],
            "location_world": [
                1.6518654823303223,
                -0.4385257661342621,
                0.18845713138580322
            ],
            "name": "google_2_of_Jenga_Classic_Game_5",
            "projected_cuboid": [
                [
                    457.9724073410034,
                    226.75958275794983
                ],
                [
                    490.2533292770386,
                    218.21430325508118
                ],
                [
                    425.0531792640686,
                    191.44198298454285
                ],
                [
                    397.39248156547546,
                    198.35489988327026
                ],
                [
                    456.3206434249878,
                    194.06485557556152
                ],
                [
                    489.26645517349243,
                    185.71430444717407
                ],
                [
                    423.13456535339355,
                    163.79398107528687
                ],
                [
                    394.9878215789795,
                    170.5624908208847
                ],
                [
                    439.08292055130005,
                    192.61884689331055
                ]
            ],
            "provenance": "nvisii",
            "quaternion_xyzw": [
                0.03930922970175743,
                0.19744667410850525,
                -0.6141287088394165,
                0.7630960941314697
            ],
            "quaternion_xyzw_world": [
                0.8069903254508972,
                0.004585034679621458,
                -0.5702344179153442,
                0.15355239808559418
            ],
            "segmentation_id": 6,
            "visibility": -1
        },
        {
            "bounding_box_minx_maxx_miny_maxy": [
                -1,
                -1,
                -1,
                -1
            ],
            "class": "2",
            "local_cuboid": null,
            "local_to_world_matrix": [
                [
                    0.20757633447647095,
                    0.7054400444030762,
                    0.6776919364929199,
                    0.0
                ],
                [
                    -0.26369524002075195,
                    -0.6267836093902588,
                    0.7332168817520142,
                    0.0
                ],
                [
                    0.9420068264007568,
                    -0.3309025764465332,
                    0.0559157133102417,
                    0.0
                ],
                [
                    0.9877908229827881,
                    -0.27302026748657227,
                    0.44056570529937744,
                    1.0
                ]
            ],
            "location": [
                0.27302026748657227,
                0.44056570529937744,
                -0.9877908229827881
            ],
            "location_world": [
                0.9877908229827881,
                -0.27302026748657227,
                0.44056570529937744
            ],
            "name": "google_2_of_Jenga_Classic_Game_6",
            "projected_cuboid": [
                [
                    398.44727516174316,
                    36.94908320903778
                ],
                [
                    426.4216423034668,
                    3.528192639350891
                ],
                [
                    416.47785902023315,
                    -55.324286222457886
                ],
                [
                    381.0803294181824,
                    -11.471271514892578
                ],
                [
                    426.9002079963684,
                    59.682220220565796
                ],
                [
                    455.75234293937683,
                    26.22835338115692
                ],
                [
                    453.973650932312,
                    -27.16982364654541
                ],
                [
                    417.1484410762787,
                    16.775265336036682
                ],
                [
                    422.3397374153137,
                    9.35932993888855
                ]
            ],
            "provenance": "nvisii",
            "quaternion_xyzw": [
                0.35473576188087463,
                0.9193291068077087,
                0.08691418170928955,
                0.14643260836601257
            ],
            "quaternion_xyzw_world": [
                0.6667916178703308,
                0.1656232625246048,
                0.6072732210159302,
                0.3989700376987457
            ],
            "segmentation_id": 7,
            "visibility": -1
        },
        {
            "bounding_box_minx_maxx_miny_maxy": [
                -1,
                -1,
                -1,
                -1
            ],
            "class": "2",
            "local_cuboid": null,
            "local_to_world_matrix": [
                [
                    0.33374887704849243,
                    -0.7906816601753235,
                    0.5132583379745483,
                    0.0
                ],
                [
                    0.37513190507888794,
                    0.6109098792076111,
                    0.6971837282180786,
                    0.0
                ],
                [
                    -0.8648049831390381,
                    -0.04014468193054199,
                    0.5005004405975342,
                    0.0
                ],
                [
                    1.3119959831237793,
                    0.04184730723500252,
                    -0.6449652910232544,
                    1.0
                ]
            ],
            "location": [
                -0.04184730723500252,
                -0.6449652910232544,
                -1.3119959831237793
            ],
            "location_world": [
                1.3119959831237793,
                0.04184730723500252,
                -0.6449652910232544
            ],
            "name": "google_2_of_Jenga_Classic_Game_7",
            "projected_cuboid": [
                [
                    265.3433382511139,
                    540.1504039764404
                ],
                [
                    236.29097640514374,
                    499.0604519844055
                ],
                [
                    233.59563946723938,
                    517.9437398910522
                ],
                [
                    256.9776475429535,
                    551.5629053115845
                ],
                [
                    229.19850051403046,
                    571.281909942627
                ],
                [
                    200.50393044948578,
                    528.2447338104248
                ],
                [
                    204.63106036186218,
                    541.8984293937683
                ],
                [
                    227.77777910232544,
                    576.7989754676819
                ],
                [
                    231.68505728244781,
                    541.1194562911987
                ]
            ],
            "provenance": "nvisii",
            "quaternion_xyzw": [
                -0.23910923302173615,
                0.10209926962852478,
                0.3069770038127899,
                0.9155149459838867
            ],
            "quaternion_xyzw_world": [
                0.23576396703720093,
                -0.44064173102378845,
                -0.3727739453315735,
                0.7818502187728882
            ],
            "segmentation_id": 8,
            "visibility": -1
        },
        {
            "bounding_box_minx_maxx_miny_maxy": [
                -1,
                -1,
                -1,
                -1
            ],
            "class": "2",
            "local_cuboid": null,
            "local_to_world_matrix": [
                [
                    -0.3932180404663086,
                    0.9097360372543335,
                    0.13326802849769592,
                    0.0
                ],
                [
                    0.038694143295288086,
                    0.16118884086608887,
                    -0.986164927482605,
                    0.0
                ],
                [
                    -0.9186309576034546,
                    -0.3826209604740143,
                    -0.09858405590057373,
                    0.0
                ],
                [
                    1.9607336521148682,
                    0.8328828811645508,
                    0.5296690464019775,
                    1.0
                ]
            ],
            "location": [
                -0.8328828811645508,
                0.5296690464019775,
                -1.9607336521148682
            ],
            "location_world": [
                1.9607336521148682,
                0.8328828811645508,
                0.5296690464019775
            ],
            "name": "google_2_of_Jenga_Classic_Game_8",
            "projected_cuboid": [
                [
                    -20.267993211746216,
                    52.644237875938416
                ],
                [
                    -24.63585138320923,
                    82.96987414360046
                ],
                [
                    -21.43159508705139,
                    97.06392884254456
                ],
                [
                    -17.661333084106445,
                    70.94870507717133
                ],
                [
                    10.030895471572876,
                    59.95085835456848
                ],
                [
                    5.684345960617065,
                    89.71229195594788
                ],
                [
                    4.725024104118347,
                    102.67062485218048
                ],
                [
                    8.479312062263489,
                    76.97488367557526
                ],
                [
                    -6.736308336257935,
                    79.72946763038635
                ]
            ],
            "provenance": "nvisii",
            "quaternion_xyzw": [
                -0.1986190676689148,
                0.035143911838531494,
                -0.9765413403511047,
                -0.07538264989852905
            ],
            "quaternion_xyzw_world": [
                0.3688417971134186,
                0.64284348487854,
                -0.5323169231414795,
                -0.40908050537109375
            ],
            "segmentation_id": 9,
            "visibility": -1
        },
        {
            "bounding_box_minx_maxx_miny_maxy": [
                -1,
                -1,
                -1,
                -1
            ],
            "class": "2",
            "local_cuboid": null,
            "local_to_world_matrix": [
                [
                    -0.3828623294830322,
                    0.6354857087135315,
                    0.6705033183097839,
                    0.0
                ],
                [
                    0.14438767731189728,
                    -0.6757218837738037,
                    0.7228779792785645,
                    0.0
                ],
                [
                    0.9124521613121033,
                    0.37357500195503235,
                    0.16695189476013184,
                    0.0
                ],
                [
                    0.5965761542320251,
                    -0.39089617133140564,
                    0.3150598406791687,
                    1.0
                ]
            ],
            "location": [
                0.39089617133140564,
                0.3150598406791687,
                -0.5965761542320251
            ],
            "location_world": [
                0.5965761542320251,
                -0.39089617133140564,
                0.3150598406791687
            ],
            "name": "google_2_of_Jenga_Classic_Game_9",
            "projected_cuboid": [
                [
                    413.57284784317017,
                    -7.876783609390259
                ],
                [
                    451.5571594238281,
                    -47.32871055603027
                ],
                [
                    655.0717949867249,
                    -132.1052610874176
                ],
                [
                    603.8048267364502,
                    -76.17491483688354
                ],
                [
                    442.6019787788391,
                    37.65982389450073
                ],
                [
                    478.8888096809387,
                    -1.072525978088379
                ],
                [
                    684.2453479766846,
                    -61.74814701080322
                ],
                [
                    636.1225843429565,
                    -7.190942764282227
                ],
                [
                    528.1285643577576,
                    -30.676573514938354
                ]
            ],
            "provenance": "nvisii",
            "quaternion_xyzw": [
                0.372185617685318,
                0.9042699337005615,
                0.006238281726837158,
                -0.20912927389144897
            ],
            "quaternion_xyzw_world": [
                0.5305439829826355,
                0.3674876093864441,
                0.7459115386009216,
                0.16459660232067108
            ],
            "segmentation_id": 10,
            "visibility": -1
        },
        {
            "bounding_box_minx_maxx_miny_maxy": [
                -1,
                -1,
                -1,
                -1
            ],
            "class": "2",
            "local_cuboid": null,
            "local_to_world_matrix": [
                [
                    0.3440755009651184,
                    -0.2667098343372345,
                    0.9002654552459717,
                    0.0
                ],
                [
                    0.013359785079956055,
                    0.9601019620895386,
                    0.2793307900428772,
                    0.0
                ],
                [
                    -0.9388469457626343,
                    -0.08408352732658386,
                    0.3339107632637024,
                    0.0
                ],
                [
                    1.27314293384552,
                    0.4185655415058136,
                    -0.20756609737873077,
                    1.0
                ]
            ],
            "location": [
                -0.4185655415058136,
                -0.20756609737873077,
                -1.27314293384552
            ],
            "location_world": [
                1.27314293384552,
                0.4185655415058136,
                -0.20756609737873077
            ],
            "name": "google_2_of_Jenga_Classic_Game_10",
            "projected_cuboid": [
                [
                    45.46244442462921,
                    301.4982342720032
                ],
                [
                    -2.609819173812866,
                    287.38856315612793
                ],
                [
                    39.68970477581024,
                    325.1538872718811
                ],
                [
                    77.54893600940704,
                    336.2881541252136
                ],
                [
                    26.929572224617004,
                    346.4448153972626
                ],
                [
                    -22.444963455200195,
                    331.89526200294495
                ],
                [
                    25.082305073738098,
                    360.7882559299469
                ],
                [
                    63.74464929103851,
                    372.1945285797119
                ],
                [
                    34.15907919406891,
                    334.38199758529663
                ]
            ],
            "provenance": "nvisii",
            "quaternion_xyzw": [
                -0.11015000939369202,
                0.1358068734407425,
                0.5900861024856567,
                0.7881762981414795
            ],
            "quaternion_xyzw_world": [
                0.11187353730201721,
                -0.5661527514457703,
                -0.08621668815612793,
                0.812109649181366
            ],
            "segmentation_id": 11,
            "visibility": -1
        },
        {
            "bounding_box_minx_maxx_miny_maxy": [
                -1,
                -1,
                -1,
                -1
            ],
            "class": "2",
            "local_cuboid": null,
            "local_to_world_matrix": [
                [
                    -0.21715593338012695,
                    0.7725546360015869,
                    0.5966596007347107,
                    0.0
                ],
                [
                    -0.6670265197753906,
                    -0.5637165307998657,
                    0.48713377118110657,
                    0.0
                ],
                [
                    0.7126843333244324,
                    -0.29220375418663025,
                    0.6377288103103638,
                    0.0
                ],
                [
                    1.6107137203216553,
                    0.6487175226211548,
                    0.35777610540390015,
                    1.0
                ]
            ],
            "location": [
                -0.6487175226211548,
                0.35777610540390015,
                -1.6107137203216553
            ],
            "location_world": [
                1.6107137203216553,
                0.6487175226211548,
                0.35777610540390015
            ],
            "name": "google_2_of_Jenga_Classic_Game_11",
            "projected_cuboid": [
                [
                    47.23860323429108,
                    70.4297125339508
                ],
                [
                    56.950584053993225,
                    50.82486569881439
                ],
                [
                    -1.3095736503601074,
                    95.9111750125885
                ],
                [
                    -10.248959064483643,
                    116.46176874637604
                ],
                [
                    68.93286108970642,
                    87.39669620990753
                ],
                [
                    79.23145592212677,
                    68.50965321063995
                ],
                [
                    24.513572454452515,
                    115.424245595932
                ],
                [
                    14.784321188926697,
                    135.0940316915512
                ],
                [
                    36.695629358291626,
                    91.30436182022095
                ]
            ],
            "provenance": "nvisii",
            "quaternion_xyzw": [
                0.3365248739719391,
                0.8620285391807556,
                0.37839680910110474,
                0.02176487445831299
            ],
            "quaternion_xyzw_world": [
                0.42096075415611267,
                0.06267099827528,
                0.777592658996582,
                0.46283265948295593
            ],
            "segmentation_id": 12,
            "visibility": -1
        },
        {
            "bounding_box_minx_maxx_miny_maxy": [
                -1,
                -1,
                -1,
                -1
            ],
            "class": "2",
            "local_cuboid": null,
            "local_to_world_matrix": [
                [
                    -0.29737722873687744,
                    0.8029611110687256,
                    -0.5165464878082275,
                    0.0
                ],
                [
                    -0.8117965459823608,
                    0.072124183177948,
                    0.5794691443443298,
                    0.0
                ],
                [
                    0.5025466680526733,
                    0.5916516184806824,
                    0.6303929090499878,
                    0.0
                ],
                [
                    1.136511206626892,
                    -0.6515371799468994,
                    -0.5763152837753296,
                    1.0
                ]
            ],
            "location": [
                0.6515371799468994,
                -0.5763152837753296,
                -1.136511206626892
            ],
            "location_world": [
                1.136511206626892,
                -0.6515371799468994,
                -0.5763152837753296
            ],
            "name": "google_2_of_Jenga_Classic_Game_12",
            "projected_cuboid": [
                [
                    458.03093910217285,
                    451.9849419593811
                ],
                [
                    466.5849804878235,
                    439.30763006210327
                ],
                [
                    591.384768486023,
                    566.6986703872681
                ],
                [
                    574.3669867515564,
                    573.4478235244751
                ],
                [
                    483.1192195415497,
                    429.9195110797882
                ],
                [
                    492.8779900074005,
                    416.2784516811371
                ],
                [
                    618.5142993927002,
                    537.952184677124
                ],
                [
                    600.2615690231323,
                    546.2337732315063
                ],
                [
                    531.9100022315979,
                    491.56028032302856
                ]
            ],
            "provenance": "nvisii",
            "quaternion_xyzw": [
                -0.17328907549381256,
                0.8492609858512878,
                0.42454245686531067,
                -0.2617065906524658
            ],
            "quaternion_xyzw_world": [
                -0.005138598382472992,
                0.4298571050167084,
                0.6811105012893677,
                0.5926929712295532
            ],
            "segmentation_id": 13,
            "visibility": -1
        },
        {
            "bounding_box_minx_maxx_miny_maxy": [
                -1,
                -1,
                -1,
                -1
            ],
            "class": "2",
            "local_cuboid": null,
            "local_to_world_matrix": [
                [
                    0.12159079313278198,
                    0.03882124647498131,
                    0.9918208122253418,
