{
    "camera_data": {
        "camera_look_at": {
            "at": [
                1.0,
                0.0,
                0.0
            ],
            "eye": [
                0.0,
                0.0,
                0.0
            ],
            "up": [
                0.0,
                0.0,
                1.0
            ]
        },
        "camera_view_matrix": [
            [
                0.0,
                0.0,
                -1.0,
                0.0
            ],
            [
                -1.0,
                0.0,
                0.0,
                0.0
            ],
            [
                0.0,
                1.0,
                0.0,
                0.0
            ],
            [
                0.0,
                0.0,
                0.0,
                1.0
            ]
        ],
        "height": 500,
        "intrinsics": {
            "cx": 250.0,
            "cy": 250.0,
            "fx": 603.5535278320312,
            "fy": 603.5535278320312
        },
        "location_world": [
            0.0,
            0.0,
            0.0
        ],
        "quaternion_world_xyzw": [
            0.5,
            -0.5,
            -0.5,
            0.5
        ],
        "width": 500
    },
    "objects": [
        {
            "bounding_box_minx_maxx_miny_maxy": [
                -1,
                -1,
                -1,
                -1
            ],
            "class": "2",
            "local_cuboid": null,
            "local_to_world_matrix": [
                [
                    -0.5631968975067139,
                    0.7724580764770508,
                    0.2934584319591522,
                    0.0
                ],
                [
                    -0.033652305603027344,
                    -0.3762843608856201,
                    0.9258928298950195,
                    0.0
                ],
                [
                    0.8256372213363647,
                    0.5115844011306763,
                    0.23791718482971191,
                    0.0
                ],
                [
                    1.4738653898239136,
                    -0.6965033411979675,
                    0.7180084586143494,
                    1.0
                ]
            ],
            "location": [
                0.6965033411979675,
                0.7180084586143494,
                -1.4738653898239136
            ],
            "location_world": [
                1.4738653898239136,
                -0.6965033411979675,
                0.7180084586143494
            ],
            "name": "google_2_of_Jenga_Classic_Game_0",
            "projected_cuboid": [
                [
                    428.3735156059265,
                    -20.72235941886902
                ],
                [
                    440.01078605651855,
                    -49.074649810791016
                ],
                [
                    533.7984561920166,
                    -69.88692283630371
                ],
                [
                    520.0463533401489,
                    -36.788344383239746
                ],
                [
                    444.96873021125793,
                    -5.768418312072754
                ],
                [
                    456.33527636528015,
                    -33.370524644851685
                ],
                [
                    549.9690771102905,
                    -51.03027820587158
                ],
                [
                    536.5942716598511,
                    -18.949419260025024
                ],
                [
                    485.36625504493713,
                    -34.92790460586548
                ]
            ],
            "provenance": "nvisii",
            "quaternion_xyzw": [
                0.17838606238365173,
                0.9386144876480103,
                0.07233254611492157,
                -0.28626805543899536
            ],
            "quaternion_xyzw_world": [
                0.37919995188713074,
                0.48708194494247437,
                0.7378005385398865,
                0.27314645051956177
            ],
            "segmentation_id": 1,
            "visibility": -1
        },
        {
            "bounding_box_minx_maxx_miny_maxy": [
                -1,
                -1,
                -1,
                -1
            ],
            "class": "2",
            "local_cuboid": null,
            "local_to_world_matrix": [
                [
                    0.9188791513442993,
                    0.18268197774887085,
                    0.3496975004673004,
                    0.0
                ],
                [
                    0.20247116684913635,
                    0.5423884391784668,
                    -0.8153650164604187,
                    0.0
                ],
                [
                    -0.33862438797950745,
                    0.820025622844696,
                    0.46140164136886597,
                    0.0
                ],
                [
                    1.9512132406234741,
                    0.5777005553245544,
                    -0.4314054548740387,
                    1.0
                ]
            ],
            "location": [
                -0.5777005553245544,
                -0.4314054548740387,
                -1.9512132406234741
            ],
            "location_world": [
                1.9512132406234741,
                0.5777005553245544,
                -0.4314054548740387
            ],
            "name": "google_2_of_Jenga_Classic_Game_1",
            "projected_cuboid": [
                [
                    -7.32150673866272,
                    329.74493503570557
                ],
                [
                    -19.57327127456665,
                    350.93024373054504
                ],
                [
                    66.21506810188293,
                    386.68233156204224
                ],
                [
                    78.59563827514648,
                    366.86480045318604
                ],
                [
                    -12.828946113586426,
                    342.15471148490906
                ],
                [
                    -25.515854358673096,
                    364.0654385089874
                ],
                [
                    63.811033964157104,
                    400.4893898963928
                ],
                [
                    76.64072513580322,
                    380.0421357154846
                ],
                [
                    28.651699423789978,
                    365.5219078063965
                ]
            ],
            "provenance": "nvisii",
            "quaternion_xyzw": [
                -0.5687834620475769,
                0.08469434082508087,
                0.764308750629425,
                0.2917950451374054
            ],
            "quaternion_xyzw_world": [
                -0.47830143570899963,
                -0.20131297409534454,
                -0.005787727423012257,
                0.8547908067703247
            ],
            "segmentation_id": 2,
            "visibility": -1
        },
        {
            "bounding_box_minx_maxx_miny_maxy": [
                -1,
                -1,
                -1,
                -1
            ],
            "class": "2",
            "local_cuboid": null,
            "local_to_world_matrix": [
                [
                    -0.14608871936798096,
                    -0.9507241249084473,
                    -0.27346229553222656,
                    0.0
                ],
                [
                    0.732959508895874,
                    -0.28967154026031494,
                    0.6155166625976562,
                    0.0
                ],
                [
                    -0.6644008159637451,
                    -0.110516756772995,
                    0.7391600608825684,
                    0.0
                ],
                [
                    1.4967520236968994,
                    0.6923353672027588,
                    -0.23828743398189545,
                    1.0
                ]
            ],
            "location": [
                -0.6923353672027588,
                -0.23828743398189545,
                -1.4967520236968994
            ],
            "location_world": [
                1.4967520236968994,
                0.6923353672027588,
                -0.23828743398189545
            ],
            "name": "google_2_of_Jenga_Classic_Game_2",
            "projected_cuboid": [
                [
                    -52.651673555374146,
                    278.2081663608551
                ],
                [
                    -27.427703142166138,
                    253.26970219612122
                ],
                [
                    -4.852980375289917,
                    338.476300239563
                ],
                [
                    -25.767236948013306,
                    363.71174454689026
                ],
                [
                    -85.35560965538025,
                    267.76155829429626
                ],
                [
                    -58.837443590164185,
                    243.52040886878967
                ],
                [
                    -32.457172870635986,
                    329.3205201625824
                ],
                [
                    -54.368674755096436,
                    353.97323966026306
                ],
                [
                    -41.58967733383179,
                    306.20628595352173
                ]
            ],
            "provenance": "nvisii",
            "quaternion_xyzw": [
                -0.4095139503479004,
                -0.009895414113998413,
                -0.15665248036384583,
                0.8986992835998535
            ],
            "quaternion_xyzw_world": [
                0.31797119975090027,
                -0.17121413350105286,
                -0.7373805642127991,
                0.5708326697349548
            ],
            "segmentation_id": 3,
            "visibility": -1
        },
        {
            "bounding_box_minx_maxx_miny_maxy": [
                -1,
                -1,
                -1,
                -1
            ],
            "class": "2",
            "local_cuboid": null,
            "local_to_world_matrix": [
                [
                    -0.6690046787261963,
                    -0.6268610954284668,
                    0.39934685826301575,
                    0.0
                ],
                [
                    0.4342963695526123,
                    -0.7657184600830078,
                    -0.47440677881240845,
                    0.0
                ],
                [
                    0.6031744480133057,
                    -0.14394545555114746,
                    0.7845128178596497,
                    0.0
                ],
                [
                    0.34734171628952026,
                    -0.5082045197486877,
                    -0.07458630204200745,
                    1.0
                ]
            ],
            "location": [
                0.5082045197486877,
                -0.07458630204200745,
                -0.34734171628952026
            ],
            "location_world": [
                0.34734171628952026,
                -0.5082045197486877,
                -0.07458630204200745
            ],
            "name": "google_2_of_Jenga_Classic_Game_3",
            "projected_cuboid": [
                [
                    933.9849948883057,
                    10.044991970062256
                ],
                [
                    961.0292911529541,
                    74.01812076568604
                ],
                [
                    1255.4576396942139,
                    390.2718722820282
                ],
                [
                    1248.3465671539307,
                    327.3767828941345
                ],
                [
                    809.9316358566284,
                    69.63661313056946
                ],
                [
                    842.4699902534485,
                    123.82261455059052
                ],
                [
                    1043.9870357513428,
                    419.8867082595825
                ],
                [
                    1016.1113739013672,
                    369.38729882240295
                ],
                [
                    983.5077524185181,
                    194.55553591251373
                ]
            ],
            "provenance": "nvisii",
            "quaternion_xyzw": [
                0.8222594261169434,
                0.35422682762145996,
                0.2471696138381958,
                -0.37056711316108704
            ],
            "quaternion_xyzw_world": [
                0.27937477827072144,
                -0.17231754958629608,
                0.8971114754676819,
                -0.2957150638103485
            ],
            "segmentation_id": 4,
            "visibility": -1
        },
        {
            "bounding_box_minx_maxx_miny_maxy": [
                -1,
                -1,
                -1,
                -1
            ],
            "class": "2",
            "local_cuboid": null,
            "local_to_world_matrix": [
                [
                    0.6013512015342712,
                    0.47989386320114136,
                    -0.6388103365898132,
                    0.0
                ],
                [
                    0.75041264295578,
                    -0.6137491464614868,
                    0.24534206092357635,
                    0.0
                ],
                [
                    -0.27433115243911743,
                    -0.6269080638885498,
                    -0.7291972637176514,
                    0.0
                ],
                [
                    1.2420324087142944,
                    0.22055785357952118,
                    -0.20481424033641815,
                    1.0
                ]
            ],
            "location": [
                -0.22055785357952118,
                -0.20481424033641815,
                -1.2420324087142944
            ],
            "location_world": [
                1.2420324087142944,
                0.22055785357952118,
                -0.20481424033641815
            ],
            "name": "google_2_of_Jenga_Classic_Game_4",
            "projected_cuboid": [
                [
                    206.9580852985382,
                    487.13386058807373
                ],
                [
                    234.89424586296082,
                    464.5184278488159
                ],
                [
                    150.6398320198059,
                    352.1820306777954
                ],
                [
                    120.19149959087372,
                    367.56086349487305
                ],
                [
                    225.76315701007843,
                    469.81197595596313
                ],
                [
                    253.81362438201904,
                    447.2177028656006
                ],
                [
                    165.14861583709717,
                    331.72696828842163
                ],
                [
                    134.25776362419128,
                    346.6283082962036
                ],
                [
                    185.21805107593536,
                    406.32545948028564
                ]
            ],
            "provenance": "nvisii",
            "quaternion_xyzw": [
                -0.010402828454971313,
                0.6022675037384033,
                -0.6141829490661621,
                0.50984787940979
            ],
            "quaternion_xyzw_world": [
                0.8579477667808533,
                0.35850274562835693,
                -0.2660830616950989,
                0.2541676163673401
            ],
            "segmentation_id": 5,
            "visibility": -1
        },
        {
            "bounding_box_minx_maxx_miny_maxy": [
                -1,
                -1,
                -1,
                -1
            ],
            "class": "2",
            "local_cuboid": null,
            "local_to_world_matrix": [
                [
                    0.5825026631355286,
                    0.7170488834381104,
                    0.3827943801879883,
                    0.0
                ],
                [
                    0.20410874485969543,
                    -0.5848871469497681,
                    0.785013735294342,
                    0.0
                ],
                [
                    0.7867847681045532,
                    -0.3791409134864807,
                    -0.4870542287826538,
                    0.0
                ],
                [
                    0.48864907026290894,
                    0.550581157207489,
                    -0.19466432929039001,
                    1.0
                ]
            ],
            "location": [
                -0.550581157207489,
                -0.19466432929039001,
                -0.48864907026290894
            ],
            "location_world": [
                0.48864907026290894,
                0.550581157207489,
                -0.19466432929039001
            ],
            "name": "google_2_of_Jenga_Classic_Game_5",
            "projected_cuboid": [
                [
                    -155.89073300361633,
                    542.3919558525085
                ],
                [
                    -106.8231463432312,
                    482.3344051837921
                ],
                [
                    -392.940878868103,
                    419.91645097732544
                ],
                [
                    -474.2312431335449,
                    505.27578592300415
                ],
                [
                    -133.34017992019653,
                    588.4884595870972
                ],
                [
                    -81.62224292755127,
                    523.3830809593201
                ],
                [
                    -383.24999809265137,
                    474.80833530426025
                ],
                [
                    -472.34803438186646,
                    570.8197951316833
                ],
                [
                    -245.2223300933838,
                    515.8377885818481
                ]
            ],
            "provenance": "nvisii",
            "quaternion_xyzw": [
                0.2667968273162842,
                0.9067589640617371,
                -0.19055862724781036,
                0.2651320695877075
            ],
            "quaternion_xyzw_world": [
                0.814623236656189,
                0.28269436955451965,
                0.3589325249195099,
                0.3572677969932556
            ],
            "segmentation_id": 6,
            "visibility": -1
        },
        {
            "bounding_box_minx_maxx_miny_maxy": [
                -1,
                -1,
                -1,
                -1
            ],
            "class": "2",
            "local_cuboid": null,
            "local_to_world_matrix": [
                [
                    -0.4931439161300659,
                    -0.6664832234382629,
                    0.5591152310371399,
                    0.0
                ],
                [
                    0.6718878149986267,
                    -0.7000477313995361,
                    -0.2418690025806427,
                    0.0
                ],
                [
                    0.5526087880134583,
                    0.25638648867607117,
                    0.7930256128311157,
                    0.0
                ],
                [
                    0.30312448740005493,
                    -0.07681713998317719,
                    0.23946073651313782,
                    1.0
                ]
            ],
            "location": [
                0.07681713998317719,
                0.23946073651313782,
                -0.30312448740005493
            ],
            "location_world": [
                0.30312448740005493,
                -0.07681713998317719,
                0.23946073651313782
            ],
            "name": "google_2_of_Jenga_Classic_Game_6",
            "projected_cuboid": [
                [
                    248.00653755664825,
                    -479.0615439414978
                ],
                [
                    323.60050082206726,
                    -365.66245555877686
                ],
                [
                    506.53398036956787,
                    -236.09021306037903
                ],
                [
                    423.79647493362427,
                    -392.3940658569336
                ],
                [
                    178.52792143821716,
                    -358.38186740875244
                ],
                [
                    256.07550144195557,
                    -266.9562101364136
                ],
                [
                    387.67069578170776,
                    -106.34642839431763
                ],
                [
                    292.9522693157196,
                    -216.96212887763977
                ],
                [
                    311.85460090637207,
                    -308.67326259613037
                ]
            ],
            "provenance": "nvisii",
            "quaternion_xyzw": [
                0.7843725681304932,
                0.40132802724838257,
                0.07546071708202362,
                -0.46690621972084045
            ],
            "quaternion_xyzw_world": [
                0.3216668367385864,
                0.004200500436127186,
                0.8640337586402893,
                -0.3872449994087219
            ],
            "segmentation_id": 7,
            "visibility": -1
        },
        {
            "bounding_box_minx_maxx_miny_maxy": [
                -1,
                -1,
                -1,
                -1
            ],
            "class": "2",
            "local_cuboid": null,
            "local_to_world_matrix": [
                [
                    -0.6948472261428833,
                    -0.7016289234161377,
                    -0.15781128406524658,
                    0.0
                ],
                [
                    0.206126406788826,
                    -0.4045366048812866,
                    0.8909894227981567,
                    0.0
                ],
                [
                    -0.6889843344688416,
                    0.5865724086761475,
                    0.42571520805358887,
                    0.0
                ],
                [
                    1.936063528060913,
                    0.5501364469528198,
                    -0.27825894951820374,
                    1.0
                ]
            ],
            "location": [
                -0.5501364469528198,
                -0.27825894951820374,
                -1.936063528060913
            ],
            "location_world": [
                1.936063528060913,
                0.5501364469528198,
                -0.27825894951820374
            ],
            "name": "google_2_of_Jenga_Classic_Game_7",
            "projected_cuboid": [
                [
                    -2.5858283042907715,
                    320.26979327201843
                ],
                [
                    11.989295482635498,
                    293.09770464897156
                ],
                [
                    90.90529382228851,
                    327.71751284599304
                ],
                [
                    78.59694957733154,
                    352.3285686969757
                ],
                [
                    -13.74104619026184,
                    313.7882351875305
                ],
                [
                    0.492587685585022,
                    287.5208854675293
                ],
                [
                    78.38837802410126,
                    321.7475712299347
                ],
                [
                    66.3137137889862,
                    345.61535716056824
                ],
                [
                    40.917396545410156,
                    321.063756942749
                ]
            ],
            "provenance": "nvisii",
            "quaternion_xyzw": [
                0.17439551651477814,
                0.3536863923072815,
                0.15521438419818878,
                -0.9057597517967224
            ],
            "quaternion_xyzw_world": [
                -0.2664461135864258,
                0.4649181067943573,
                0.7945280075073242,
                -0.28562721610069275
            ],
            "segmentation_id": 8,
            "visibility": -1
        },
        {
            "bounding_box_minx_maxx_miny_maxy": [
                -1,
                -1,
                -1,
                -1
            ],
            "class": "2",
            "local_cuboid": null,
            "local_to_world_matrix": [
                [
                    0.5746668577194214,
                    -0.058496687561273575,
                    0.8162941336631775,
                    0.0
                ],
                [
                    0.14584806561470032,
                    -0.9741545915603638,
                    -0.17248547077178955,
                    0.0
                ],
                [
                    0.8052864670753479,
                    0.21817660331726074,
                    -0.5512827634811401,
                    0.0
                ],
                [
                    1.5188617706298828,
                    0.7323504686355591,
                    0.7598637342453003,
                    1.0
                ]
            ],
            "location": [
                -0.7323504686355591,
                0.7598637342453003,
                -1.5188617706298828
            ],
            "location_world": [
                1.5188617706298828,
                0.7323504686355591,
                0.7598637342453003
            ],
            "name": "google_2_of_Jenga_Classic_Game_8",
            "projected_cuboid": [
                [
                    -34.61146354675293,
                    32.41558372974396
                ],
                [
                    -4.799962043762207,
                    38.84892165660858
                ],
                [
                    -18.67300271987915,
                    -56.040048599243164
                ],
                [
                    -53.162962198257446,
                    -64.22004103660583
                ],
                [
                    -43.704479932785034,
                    49.22589659690857
                ],
                [
                    -13.050734996795654,
                    55.7079017162323
                ],
                [
                    -28.634220361709595,
                    -39.404720067977905
                ],
                [
                    -64.25595283508301,
                    -47.69611358642578
                ],
                [
                    -31.86774253845215,
                    -0.551372766494751
                ]
            ],
            "provenance": "nvisii",
            "quaternion_xyzw": [
                0.7134894728660583,
                0.6273564100265503,
                -0.2778049111366272,
                0.14206050336360931
            ],
            "quaternion_xyzw_world": [
                0.8803556561470032,
                0.0248057059943676,
                0.4604901969432831,
                -0.11093870550394058
            ],
            "segmentation_id": 9,
            "visibility": -1
        },
        {
            "bounding_box_minx_maxx_miny_maxy": [
                -1,
                -1,
                -1,
                -1
            ],
            "class": "2",
            "local_cuboid": null,
            "local_to_world_matrix": [
                [
                    -0.7073947191238403,
                    0.4445406496524811,
                    -0.5495235919952393,
                    0.0
                ],
                [
                    -0.704979419708252,
                    -0.49979519844055176,
                    0.5031983852386475,
                    0.0
                ],
                [
                    -0.050957128405570984,
                    0.7433627843856812,
                    0.6669446229934692,
                    0.0
                ],
                [
                    0.6365303993225098,
                    -0.5960332751274109,
                    0.34591880440711975,
                    1.0
                ]
            ],
            "location": [
                0.5960332751274109,
                0.34591880440711975,
                -0.6365303993225098
            ],
            "location_world": [
                0.6365303993225098,
                -0.5960332751274109,
                0.34591880440711975
            ],
            "name": "google_2_of_Jenga_Classic_Game_9",
            "projected_cuboid": [
                [
                    579.3454647064209,
                    -231.84815049171448
                ],
                [
                    659.2649817466736,
                    -328.17041873931885
                ],
                [
                    875.1233220100403,
                    -110.19569635391235
                ],
                [
                    776.9404649734497,
                    -36.44302487373352
                ],
                [
                    583.4476947784424,
                    -230.7809591293335
                ],
                [
                    656.56578540802,
                    -318.3285593986511
                ],
                [
                    853.5088896751404,
                    -119.74930763244629
                ],
                [
                    765.0716304779053,
                    -51.10594630241394
                ],
                [
                    717.6432013511658,
                    -175.30149221420288
                ]
            ],
            "provenance": "nvisii",
            "quaternion_xyzw": [
                -0.01805366575717926,
                0.688618540763855,
                0.4980710744857788,
                -0.5266913175582886
            ],
            "quaternion_xyzw_world": [
                -0.17709876596927643,
                0.367646187543869,
                0.8476636409759521,
                0.33902600407600403
            ],
            "segmentation_id": 10,
            "visibility": -1
        },
        {
            "bounding_box_minx_maxx_miny_maxy": [
                -1,
                -1,
                -1,
                -1
            ],
            "class": "2",
            "local_cuboid": null,
            "local_to_world_matrix": [
                [
                    0.6840100288391113,
                    -0.2203761637210846,
                    0.6953880786895752,
                    0.0
                ],
                [
                    0.10623485594987869,
                    0.9732058048248291,
                    0.2039230316877365,
                    0.0
                ],
                [
                    -0.7216955423355103,
                    -0.06561093032360077,
                    0.6890941858291626,
                    0.0
                ],
                [
                    1.7136600017547607,
                    0.7677929401397705,
                    -0.8086062073707581,
                    1.0
                ]
            ],
            "location": [
                -0.7677929401397705,
                -0.8086062073707581,
                -1.7136600017547607
            ],
            "location_world": [
                1.7136600017547607,
                0.7677929401397705,
                -0.8086062073707581
            ],
            "name": "google_2_of_Jenga_Classic_Game_10",
            "projected_cuboid": [
                [
                    -26.514023542404175,
                    482.870876789093
                ],
                [
                    -57.22308158874512,
                    474.73594546318054
                ],
                [
                    -26.73935890197754,
                    517.2029733657837
                ],
                [
                    0.39845705032348633,
                    524.5696306228638
                ],
                [
                    -43.78578066825867,
                    513.9131546020508
                ],
                [
                    -75.50957798957825,
                    505.293607711792
                ],
                [
                    -41.773706674575806,
                    545.3065633773804
                ],
                [
                    -13.845592737197876,
                    553.0593395233154
                ],
                [
                    -34.53719615936279,
                    515.6980752944946
                ]
            ],
            "provenance": "nvisii",
            "quaternion_xyzw": [
                -0.2714579105377197,
                0.25585705041885376,
                0.5695164799690247,
                0.7324606776237488
            ],
            "quaternion_xyzw_world": [
                0.07367165386676788,
                -0.38733112812042236,
                -0.08927251398563385,
                0.9146460890769958
            ],
            "segmentation_id": 11,
            "visibility": -1
        },
        {
            "bounding_box_minx_maxx_miny_maxy": [
                -1,
                -1,
                -1,
                -1
            ],
            "class": "2",
            "local_cuboid": null,
            "local_to_world_matrix": [
                [
                    -0.3094491958618164,
                    -0.545191764831543,
                    0.7791066765785217,
                    0.0
                ],
                [
                    -0.20255406200885773,
                    0.8383105397224426,
                    0.5061691999435425,
                    0.0
                ],
                [
                    -0.9290925860404968,
                    -0.0011775791645050049,
                    -0.36984527111053467,
                    0.0
                ],
                [
                    1.4678317308425903,
                    0.6852418184280396,
                    0.7237592935562134,
                    1.0
                ]
            ],
            "location": [
                -0.6852418184280396,
                0.7237592935562134,
                -1.4678317308425903
            ],
            "location_world": [
                1.4678317308425903,
                0.6852418184280396,
                0.7237592935562134
            ],
            "name": "google_2_of_Jenga_Classic_Game_11",
            "projected_cuboid": [
                [
                    -67.7575170993805,
                    -66.27616286277771
                ],
                [
                    -108.71818661689758,
                    -92.81796216964722
                ],
                [
                    -41.5877103805542,
                    -73.58375191688538
                ],
                [
                    -9.003221988677979,
                    -52.186161279678345
                ],
                [
                    -82.71050453186035,
                    -29.45759892463684
                ],
                [
                    -123.05110692977905,
                    -54.93482947349548
                ],
                [
                    -54.39087748527527,
                    -43.006449937820435
                ],
                [
                    -22.19364047050476,
                    -22.311031818389893
                ],
                [
                    -60.3751540184021,
                    -53.42426896095276
                ]
            ],
            "provenance": "nvisii",
            "quaternion_xyzw": [
                0.16577841341495514,
                -0.08928167074918747,
                0.46843665838241577,
                0.8631995320320129
            ],
            "quaternion_xyzw_world": [
                0.23562978208065033,
                -0.7933481335639954,
                -0.15913304686546326,
                0.5382880568504333
            ],
            "segmentation_id": 12,
            "visibility": -1
        },
        {
            "bounding_box_minx_maxx_miny_maxy": [
                -1,
                -1,
                -1,
                -1
            ],
            "class": "2",
            "local_cuboid": null,
            "local_to_world_matrix": [
                [
                    -0.19850730895996094,
                    -0.6924172639846802,
                    -0.6936521530151367,
                    0.0
                ],
                [
                    -0.9127906560897827,
                    0.3883604407310486,
                    -0.12644919753074646,
                    0.0
                ],
                [
                    0.35694265365600586,
                    0.6080580949783325,
                    -0.7091243267059326,
                    0.0
                ],
                [
                    0.9312357306480408,
                    -0.5917118787765503,
                    0.06860730797052383,
                    1.0
                ]
            ],
            "location": [
                0.5917118787765503,
                0.06860730797052383,
                -0.9312357306480408
            ],
            "location_world": [
                0.9312357306480408,
                -0.5917118787765503,
                0.06860730797052383
            ],
            "name": "google_2_of_Jenga_Classic_Game_12",
            "projected_cuboid": [
                [
                    509.1440677642822,
                    340.8702313899994
                ],
                [
                    509.3274712562561,
                    354.465514421463
                ],
                [
                    661.0239744186401,
                    225.49715638160706
                ],
                [
                    648.6666798591614,
                    220.76141834259033
                ],
                [
                    474.9211072921753,
                    309.0285062789917
                ],
                [
                    472.4765717983246,
                    319.9695348739624
                ],
                [
                    617.2689199447632,
                    189.25002217292786
                ],
                [
                    608.5590124130249,
                    187.44777143001556
                ],
                [
                    558.652400970459,
                    271.4461386203766
                ]
            ],
            "provenance": "nvisii",
            "quaternion_xyzw": [
                -0.7375311851501465,
                0.36676836013793945,
                0.13882488012313843,
                -0.5497784614562988
            ],
            "quaternion_xyzw_world": [
                -0.5296830534934998,
                0.7576265931129456,
                0.1589202582836151,
                0.34667301177978516
            ],
            "segmentation_id": 13,
            "visibility": -1
        },
        {
            "bounding_box_minx_maxx_miny_maxy": [
                -1,
                -1,
                -1,
                -1
            ],
            "class": "2",
            "local_cuboid": null,
            "local_to_world_matrix": [
                [
                    0.506230354309082,
