{
    "camera_data": {
        "camera_look_at": {
            "at": [
                1.0,
                0.0,
                0.0
            ],
            "eye": [
                0.0,
                0.0,
                0.0
            ],
            "up": [
                0.0,
                0.0,
                1.0
            ]
        },
        "camera_view_matrix": [
            [
                0.0,
                0.0,
                -1.0,
                0.0
            ],
            [
                -1.0,
                0.0,
                0.0,
                0.0
            ],
            [
                0.0,
                1.0,
                0.0,
                0.0
            ],
            [
                0.0,
                0.0,
                0.0,
                1.0
            ]
        ],
        "height": 500,
        "intrinsics": {
            "cx": 250.0,
            "cy": 250.0,
            "fx": 603.5535278320312,
            "fy": 603.5535278320312
        },
        "location_world": [
            0.0,
            0.0,
            0.0
        ],
        "quaternion_world_xyzw": [
            0.5,
            -0.5,
            -0.5,
            0.5
        ],
        "width": 500
    },
    "objects": [
        {
            "bounding_box_minx_maxx_miny_maxy": [
                -1,
                -1,
                -1,
                -1
            ],
            "class": "2",
            "local_cuboid": null,
            "local_to_world_matrix": [
                [
                    0.2908397316932678,
                    -0.8969846963882446,
                    -0.3329124450683594,
                    0.0
                ],
                [
                    -0.36742159724235535,
                    0.21656441688537598,
                    -0.9044894576072693,
                    0.0
                ],
                [
                    0.8834102153778076,
                    0.38538068532943726,
                    -0.2665860652923584,
                    0.0
                ],
                [
                    0.7410625219345093,
                    0.5233861804008484,
                    -0.09596096724271774,
                    1.0
                ]
            ],
            "location": [
                -0.5233861804008484,
                -0.09596096724271774,
                -0.7410625219345093
            ],
            "location_world": [
                0.7410625219345093,
                0.5233861804008484,
                -0.09596096724271774
            ],
            "name": "google_2_of_Jenga_Classic_Game_0",
            "projected_cuboid": [
                [
                    -97.88858890533447,
                    337.48874068260193
                ],
                [
                    -119.82646584510803,
                    386.54011487960815
                ],
                [
                    -157.1241319179535,
                    370.5771863460541
                ],
                [
                    -126.30924582481384,
                    305.6909143924713
                ],
                [
                    -148.41872453689575,
                    323.6887753009796
                ],
                [
                    -172.4870204925537,
                    373.4573721885681
                ],
                [
                    -230.0124168395996,
                    352.2540032863617
                ],
                [
                    -195.21382451057434,
                    286.13269329071045
                ],
                [
                    -152.10580825805664,
                    343.5477018356323
                ]
            ],
            "provenance": "nvisii",
            "quaternion_xyzw": [
                -0.9598026275634766,
                0.14312240481376648,
                0.17613530158996582,
                -0.1651400923728943
            ],
            "quaternion_xyzw_world": [
                -0.5789778232574463,
                0.5459648966789246,
                -0.23770244419574738,
                0.5569601058959961
            ],
            "segmentation_id": 1,
            "visibility": -1
        },
        {
            "bounding_box_minx_maxx_miny_maxy": [
                -1,
                -1,
                -1,
                -1
            ],
            "class": "2",
            "local_cuboid": null,
            "local_to_world_matrix": [
                [
                    -0.2548457384109497,
                    -0.1293775737285614,
                    -0.9582875967025757,
                    0.0
                ],
                [
                    0.20646679401397705,
                    0.960875391960144,
                    -0.18463446199893951,
                    0.0
                ],
                [
                    0.9446825981140137,
                    -0.24490787088871002,
                    -0.21816277503967285,
                    0.0
                ],
                [
                    1.591783881187439,
                    0.6861907243728638,
                    0.13807517290115356,
                    1.0
                ]
            ],
            "location": [
                -0.6861907243728638,
                0.13807517290115356,
                -1.591783881187439
            ],
            "location_world": [
                1.591783881187439,
                0.6861907243728638,
                0.13807517290115356
            ],
            "name": "google_2_of_Jenga_Classic_Game_1",
            "projected_cuboid": [
                [
                    64.27676975727081,
                    235.51583290100098
                ],
                [
                    39.77425396442413,
                    240.69267511367798
                ],
                [
                    -23.846864700317383,
                    214.89514410495758
                ],
                [
                    4.248782992362976,
                    208.52425694465637
                ],
                [
                    62.978655099868774,
                    211.26015484333038
                ],
                [
                    38.749292492866516,
                    216.60597622394562
                ],
                [
                    -24.253278970718384,
                    187.00364232063293
                ],
                [
                    3.4833699464797974,
                    180.40794134140015
                ],
                [
                    23.062139749526978,
                    212.931290268898
                ]
            ],
            "provenance": "nvisii",
            "quaternion_xyzw": [
                -0.7514476776123047,
                0.6384885311126709,
                -0.16626359522342682,
                -0.0038911476731300354
            ],
            "quaternion_xyzw_world": [
                0.024706637486815453,
                0.7800455093383789,
                -0.137665793299675,
                0.6098907589912415
            ],
            "segmentation_id": 2,
            "visibility": -1
        },
        {
            "bounding_box_minx_maxx_miny_maxy": [
                -1,
                -1,
                -1,
                -1
            ],
            "class": "2",
            "local_cuboid": null,
            "local_to_world_matrix": [
                [
                    -0.44690442085266113,
                    -0.8944991827011108,
                    -0.01215130090713501,
                    0.0
                ],
                [
                    -0.03734281659126282,
                    0.03222489356994629,
                    -0.9987828135490417,
                    0.0
                ],
                [
                    0.8938019275665283,
                    -0.44590669870376587,
                    -0.04780459403991699,
                    0.0
                ],
                [
                    0.9199444055557251,
                    0.27798646688461304,
                    -0.5251070857048035,
                    1.0
                ]
            ],
            "location": [
                -0.27798646688461304,
                -0.5251070857048035,
                -0.9199444055557251
            ],
            "location_world": [
                0.9199444055557251,
                0.27798646688461304,
                -0.5251070857048035
            ],
            "name": "google_2_of_Jenga_Classic_Game_2",
            "projected_cuboid": [
                [
                    192.43578612804413,
                    507.66634941101074
                ],
                [
                    190.86603820323944,
                    552.1765351295471
                ],
                [
                    86.45278215408325,
                    630.4042339324951
                ],
                [
                    88.84018659591675,
                    572.7651119232178
                ],
                [
                    158.64253044128418,
                    499.61578845977783
                ],
                [
                    157.03000128269196,
                    542.7939295768738
                ],
                [
                    47.111719846725464,
                    615.4581308364868
                ],
                [
                    49.541592597961426,
                    560.032844543457
                ],
                [
                    127.6928037405014,
                    555.6883811950684
                ]
            ],
            "provenance": "nvisii",
            "quaternion_xyzw": [
                -0.9730215072631836,
                0.011401653289794922,
                -0.22939139604568481,
                -0.021877050399780273
            ],
            "quaternion_xyzw_world": [
                -0.37705278396606445,
                0.6178458333015442,
                -0.584567129611969,
                0.3665773868560791
            ],
            "segmentation_id": 3,
            "visibility": -1
        },
        {
            "bounding_box_minx_maxx_miny_maxy": [
                -1,
                -1,
                -1,
                -1
            ],
            "class": "2",
            "local_cuboid": null,
            "local_to_world_matrix": [
                [
                    0.147536039352417,
                    0.9850400686264038,
                    0.08904671669006348,
                    0.0
                ],
                [
                    -0.7388160228729248,
                    0.04990410804748535,
                    0.6720569729804993,
                    0.0
                ],
                [
                    0.6575592160224915,
                    -0.16494178771972656,
                    0.7351258993148804,
                    0.0
                ],
                [
                    0.43496173620224,
                    -0.535749614238739,
                    -0.06839319318532944,
                    1.0
                ]
            ],
            "location": [
                0.535749614238739,
                -0.06839319318532944,
                -0.43496173620224
            ],
            "location_world": [
                0.43496173620224,
                -0.535749614238739,
                -0.06839319318532944
            ],
            "name": "google_2_of_Jenga_Classic_Game_3",
            "projected_cuboid": [
                [
                    747.3385334014893,
                    139.61562514305115
                ],
                [
                    794.677197933197,
                    71.2471604347229
                ],
                [
                    979.0917634963989,
                    303.8257658481598
                ],
                [
                    888.1152868270874,
                    369.27562952041626
                ],
                [
                    828.0962109565735,
                    144.14486289024353
                ],
                [
                    884.9068284034729,
                    74.90670680999756
                ],
                [
                    1118.2615756988525,
                    316.05324149131775
                ],
                [
                    1006.1259269714355,
                    381.500780582428
                ],
                [
                    886.3328695297241,
                    205.73118329048157
                ]
            ],
            "provenance": "nvisii",
            "quaternion_xyzw": [
                0.010749787092208862,
                0.910309910774231,
                0.4047912657260895,
                0.08581635355949402
            ],
            "quaternion_xyzw_world": [
                0.301042377948761,
                0.2044762372970581,
                0.6200172901153564,
                0.6950838565826416
            ],
            "segmentation_id": 4,
            "visibility": -1
        },
        {
            "bounding_box_minx_maxx_miny_maxy": [
                -1,
                -1,
                -1,
                -1
            ],
            "class": "2",
            "local_cuboid": null,
            "local_to_world_matrix": [
                [
                    0.639722466468811,
                    0.6069113612174988,
                    -0.47160762548446655,
                    0.0
                ],
                [
                    -0.4258785545825958,
                    -0.23088979721069336,
                    -0.8748242259025574,
                    0.0
                ],
                [
                    -0.6398301720619202,
                    0.7604922652244568,
                    0.11076515913009644,
                    0.0
                ],
                [
                    1.2936482429504395,
                    -0.23047621548175812,
                    -0.6950547695159912,
                    1.0
                ]
            ],
            "location": [
                0.23047621548175812,
                -0.6950547695159912,
                -1.2936482429504395
            ],
            "location_world": [
                1.2936482429504395,
                -0.23047621548175812,
                -0.6950547695159912
            ],
            "name": "google_2_of_Jenga_Classic_Game_4",
            "projected_cuboid": [
                [
                    236.69730126857758,
                    588.1723165512085
                ],
                [
                    246.83046340942383,
                    639.1094326972961
                ],
                [
                    350.34695267677307,
                    598.2190370559692
                ],
                [
                    338.8459086418152,
                    555.5028915405273
                ],
                [
                    262.36823201179504,
                    583.2716226577759
                ],
                [
                    273.8502025604248,
                    636.4600658416748
                ],
                [
                    377.50598788261414,
                    594.3154096603394
                ],
                [
                    364.7945523262024,
                    550.0326156616211
                ],
                [
                    310.0484013557434,
                    591.3724303245544
                ]
            ],
            "provenance": "nvisii",
            "quaternion_xyzw": [
                -0.39625829458236694,
                0.15186920762062073,
                0.8833976984024048,
                -0.1988055557012558
            ],
            "quaternion_xyzw_world": [
                -0.6632961630821228,
                -0.06823227554559708,
                0.4189070463180542,
                0.6163598299026489
            ],
            "segmentation_id": 5,
            "visibility": -1
        },
        {
            "bounding_box_minx_maxx_miny_maxy": [
                -1,
                -1,
                -1,
                -1
            ],
            "class": "2",
            "local_cuboid": null,
            "local_to_world_matrix": [
                [
                    -0.15983819961547852,
                    -0.7859550714492798,
                    -0.5972657799720764,
                    0.0
                ],
                [
                    0.8463525772094727,
                    -0.42052245140075684,
                    0.326876699924469,
                    0.0
                ],
                [
                    -0.5080739855766296,
                    -0.45325011014938354,
                    0.7324105501174927,
                    0.0
                ],
                [
                    1.5107297897338867,
                    -0.4381541609764099,
                    0.26673588156700134,
                    1.0
                ]
            ],
            "location": [
                0.4381541609764099,
                0.26673588156700134,
                -1.5107297897338867
            ],
            "location_world": [
                1.5107297897338867,
                -0.4381541609764099,
                0.26673588156700134
            ],
            "name": "google_2_of_Jenga_Classic_Game_5",
            "projected_cuboid": [
                [
                    516.8672204017639,
                    47.33949899673462
                ],
                [
                    518.5626149177551,
                    45.77629268169403
                ],
                [
                    440.8009648323059,
                    149.29337799549103
                ],
                [
                    435.4930520057678,
                    155.73570132255554
                ],
                [
                    486.2668514251709,
                    27.921274304389954
                ],
                [
                    489.50427770614624,
                    27.36029028892517
                ],
                [
                    415.1514172554016,
                    131.79689645767212
                ],
                [
                    408.6512327194214,
                    137.340247631073
                ],
                [
                    461.8939459323883,
                    92.98530220985413
                ]
            ],
            "provenance": "nvisii",
            "quaternion_xyzw": [
                -0.4875972867012024,
                0.09061962366104126,
                -0.3143414855003357,
                0.8094605803489685
            ],
            "quaternion_xyzw_world": [
                0.36341220140457153,
                0.04154888913035393,
                -0.7603898644447327,
                0.5366680026054382
            ],
            "segmentation_id": 6,
            "visibility": -1
        },
        {
            "bounding_box_minx_maxx_miny_maxy": [
                -1,
                -1,
                -1,
                -1
            ],
            "class": "2",
            "local_cuboid": null,
            "local_to_world_matrix": [
                [
                    0.26005351543426514,
                    0.5122121572494507,
                    0.818541944026947,
                    0.0
                ],
                [
                    0.6058051586151123,
                    0.5735660791397095,
                    -0.5513819456100464,
                    0.0
                ],
                [
                    -0.7519124150276184,
                    0.639265775680542,
                    -0.16114282608032227,
                    0.0
                ],
                [
                    1.0455963611602783,
                    -0.3604971766471863,
                    0.1479673534631729,
                    1.0
                ]
            ],
            "location": [
                0.3604971766471863,
                0.1479673534631729,
                -1.0455963611602783
            ],
            "location_world": [
                1.0455963611602783,
                -0.3604971766471863,
                0.1479673534631729
            ],
            "name": "google_2_of_Jenga_Classic_Game_6",
            "projected_cuboid": [
                [
                    382.38900899887085,
                    133.5027813911438
                ],
                [
                    340.6115174293518,
                    173.02505671977997
                ],
                [
                    426.4252185821533,
                    162.3881310224533
                ],
                [
                    463.5572135448456,
                    130.7631880044937
                ],
                [
                    416.69291257858276,
                    179.80417609214783
                ],
                [
                    371.81076407432556,
                    217.47486293315887
                ],
                [
                    452.82483100891113,
                    197.42996990680695
                ],
                [
                    492.0486509799957,
                    166.9377237558365
                ],
                [
                    422.3164916038513,
                    169.7407364845276
                ]
            ],
            "provenance": "nvisii",
            "quaternion_xyzw": [
                -0.26798197627067566,
                -0.22853761911392212,
                0.8389735221862793,
                0.4148247539997101
            ],
            "quaternion_xyzw_world": [
                -0.4603342115879059,
                -0.6071769595146179,
                -0.03618542104959488,
                0.6466213464736938
            ],
            "segmentation_id": 7,
            "visibility": -1
        },
        {
            "bounding_box_minx_maxx_miny_maxy": [
                -1,
                -1,
                -1,
                -1
            ],
            "class": "2",
            "local_cuboid": null,
            "local_to_world_matrix": [
                [
                    -0.33914458751678467,
                    0.34589797258377075,
                    -0.8748346567153931,
                    0.0
                ],
                [
                    -0.5661541223526001,
                    -0.8177326917648315,
                    -0.10384134948253632,
                    0.0
                ],
                [
                    -0.751299262046814,
                    0.4600740075111389,
                    0.473160982131958,
                    0.0
                ],
                [
                    1.3323824405670166,
                    -0.06615286320447922,
                    -0.6397952437400818,
                    1.0
                ]
            ],
            "location": [
                0.06615286320447922,
                -0.6397952437400818,
                -1.3323824405670166
            ],
            "location_world": [
                1.3323824405670166,
                -0.06615286320447922,
                -0.6397952437400818
            ],
            "name": "google_2_of_Jenga_Classic_Game_7",
            "projected_cuboid": [
                [
                    187.45578825473785,
                    535.632073879242
                ],
                [
                    223.4184592962265,
                    553.2458424568176
                ],
                [
                    290.5493378639221,
                    566.2704706192017
                ],
                [
                    258.07374715805054,
                    551.0714054107666
                ],
                [
                    203.22859287261963,
                    492.775559425354
                ],
                [
                    239.00243639945984,
                    508.10348987579346
                ],
                [
                    302.187442779541,
                    528.3588171005249
                ],
                [
                    269.940048456192,
                    514.779806137085
                ],
                [
                    249.47594106197357,
                    531.7004919052124
                ]
            ],
            "provenance": "nvisii",
            "quaternion_xyzw": [
                -0.04075568914413452,
                0.3502703905105591,
                0.7417949438095093,
                -0.5704296827316284
            ],
            "quaternion_xyzw_world": [
                -0.5013549327850342,
                0.10983043909072876,
                0.8108696341514587,
                0.28119567036628723
            ],
            "segmentation_id": 8,
            "visibility": -1
        },
        {
            "bounding_box_minx_maxx_miny_maxy": [
                -1,
                -1,
                -1,
                -1
            ],
            "class": "2",
            "local_cuboid": null,
            "local_to_world_matrix": [
                [
                    -0.31456005573272705,
                    0.08676183223724365,
                    0.9452642202377319,
                    0.0
                ],
                [
                    -0.9471988677978516,
                    0.036540865898132324,
                    -0.3185577690601349,
                    0.0
                ],
                [
                    -0.06217944622039795,
                    -0.9955587387084961,
                    0.0706864595413208,
                    0.0
                ],
                [
                    1.9410431385040283,
                    0.8442463278770447,
                    0.4851519465446472,
                    1.0
                ]
            ],
            "location": [
                -0.8442463278770447,
                0.4851519465446472,
                -1.9410431385040283
            ],
            "location_world": [
                1.9410431385040283,
                0.8442463278770447,
                0.4851519465446472
            ],
            "name": "google_2_of_Jenga_Classic_Game_8",
            "projected_cuboid": [
                [
                    78.16436886787415,
                    77.79154181480408
                ],
                [
                    69.82147693634033,
                    79.10741865634918
                ],
                [
                    -21.375030279159546,
                    87.34893798828125
                ],
                [
                    -9.404122829437256,
                    85.71036159992218
                ],
                [
                    82.41432905197144,
                    102.73928940296173
                ],
                [
                    74.36001300811768,
                    105.09072244167328
                ],
                [
                    -15.696942806243896,
                    112.9787415266037
                ],
                [
                    -4.102826118469238,
                    110.33226549625397
                ],
                [
                    31.683102250099182,
                    95.21664679050446
                ]
            ],
            "provenance": "nvisii",
            "quaternion_xyzw": [
                0.5407440662384033,
                0.42012637853622437,
                0.6057018637657166,
                0.4052344560623169
            ],
            "quaternion_xyzw_world": [
                0.3802014887332916,
                -0.5657770037651062,
                0.5806689262390137,
                0.44515931606292725
            ],
            "segmentation_id": 9,
            "visibility": -1
        },
        {
            "bounding_box_minx_maxx_miny_maxy": [
                -1,
                -1,
                -1,
                -1
            ],
            "class": "2",
            "local_cuboid": null,
            "local_to_world_matrix": [
                [
                    -0.04914450645446777,
                    -0.9720611572265625,
                    -0.2295253872871399,
                    0.0
                ],
                [
                    -0.28734660148620605,
                    0.23384767770767212,
                    -0.9288418292999268,
                    0.0
                ],
                [
                    0.9565650820732117,
                    0.020305931568145752,
                    -0.29081082344055176,
                    0.0
                ],
                [
                    0.5961906313896179,
                    -0.3269365131855011,
                    0.2936268448829651,
                    1.0
                ]
            ],
            "location": [
                0.3269365131855011,
                0.2936268448829651,
                -0.5961906313896179
            ],
            "location_world": [
                0.5961906313896179,
                -0.3269365131855011,
                0.2936268448829651
            ],
            "name": "google_2_of_Jenga_Classic_Game_9",
            "projected_cuboid": [
                [
                    501.56378746032715,
                    87.23826706409454
                ],
                [
                    494.8156177997589,
                    137.59830594062805
                ],
                [
                    618.4711456298828,
                    -4.422932863235474
                ],
                [
                    623.3810782432556,
                    -72.30493426322937
                ],
                [
                    448.44651222229004,
                    75.664222240448
                ],
                [
                    440.2393698692322,
                    125.47412514686584
                ],
                [
                    537.0547771453857,
                    -21.38841152191162
                ],
                [
                    545.1704263687134,
                    -88.16459774971008
                ],
                [
                    515.6946182250977,
                    43.98815333843231
                ]
            ],
            "provenance": "nvisii",
            "quaternion_xyzw": [
                -0.9820219278335571,
                0.11796404421329498,
                -0.007341623306274414,
                -0.14718545973300934
            ],
            "quaternion_xyzw_world": [
                -0.5019508600234985,
                0.6272565126419067,
                -0.3621070086956024,
                0.4727294147014618
            ],
            "segmentation_id": 10,
            "visibility": -1
        },
        {
            "bounding_box_minx_maxx_miny_maxy": [
                -1,
                -1,
                -1,
                -1
            ],
            "class": "2",
            "local_cuboid": null,
            "local_to_world_matrix": [
                [
                    -0.509345531463623,
                    0.7951461672782898,
                    -0.32910436391830444,
                    0.0
                ],
                [
                    -0.12637728452682495,
                    0.30916959047317505,
                    0.9425725340843201,
                    0.0
                ],
                [
                    0.8512319922447205,
                    0.5216864943504333,
                    -0.05698573589324951,
                    0.0
                ],
                [
                    1.2301713228225708,
                    0.371031790971756,
                    0.08847281336784363,
                    1.0
                ]
            ],
            "location": [
                -0.371031790971756,
                0.08847281336784363,
                -1.2301713228225708
            ],
            "location_world": [
                1.2301713228225708,
                0.371031790971756,
                0.08847281336784363
            ],
            "name": "google_2_of_Jenga_Classic_Game_10",
            "projected_cuboid": [
                [
                    26.687979698181152,
                    242.1562224626541
                ],
                [
                    14.207467436790466,
                    209.0478390455246
                ],
                [
                    41.883885860443115,
                    192.25704669952393
                ],
                [
                    56.67451024055481,
                    232.28590190410614
                ],
                [
                    57.820796966552734,
                    231.94897174835205
                ],
                [
                    45.89851200580597,
                    199.6583491563797
                ],
                [
                    79.01108264923096,
                    181.53418600559235
                ],
                [
                    93.01285445690155,
                    220.3732132911682
                ],
                [
                    50.73331296443939,
                    214.2970860004425
                ]
            ],
            "provenance": "nvisii",
            "quaternion_xyzw": [
                -0.16845867037773132,
                0.9472262859344482,
                0.01831439882516861,
                -0.2721187174320221
            ],
            "quaternion_xyzw_world": [
                0.2441672533750534,
                0.684744656085968,
                0.5346003770828247,
                0.43094033002853394
            ],
            "segmentation_id": 11,
            "visibility": -1
        },
        {
            "bounding_box_minx_maxx_miny_maxy": [
                -1,
                -1,
                -1,
                -1
            ],
            "class": "2",
            "local_cuboid": null,
            "local_to_world_matrix": [
                [
                    0.31763291358947754,
                    0.1606316864490509,
                    -0.9345090389251709,
                    0.0
                ],
                [
                    0.8717275857925415,
                    0.33831727504730225,
                    0.3544470965862274,
                    0.0
                ],
                [
                    0.3730960190296173,
                    -0.9272211790084839,
                    -0.03256642818450928,
                    0.0
                ],
                [
                    1.3806668519973755,
                    0.513382613658905,
                    0.2945120334625244,
                    1.0
                ]
            ],
            "location": [
                -0.513382613658905,
                0.2945120334625244,
                -1.3806668519973755
            ],
            "location_world": [
                1.3806668519973755,
                0.513382613658905,
                0.2945120334625244
            ],
            "name": "google_2_of_Jenga_Classic_Game_11",
            "projected_cuboid": [
                [
                    153.37982773780823,
                    153.95571291446686
                ],
                [
                    146.79759740829468,
                    146.81178331375122
                ],
                [
                    24.617493152618408,
                    134.93260741233826
                ],
                [
                    25.09818971157074,
                    142.00586080551147
                ],
                [
                    157.00900554656982,
                    121.39198184013367
                ],
                [
                    150.1413881778717,
                    115.71307480335236
                ],
                [
                    26.04156732559204,
                    101.20965540409088
                ],
                [
                    26.609942317008972,
                    106.55152797698975
                ],
                [
                    91.05120599269867,
                    128.1379759311676
                ]
            ],
            "provenance": "nvisii",
            "quaternion_xyzw": [
                -0.4631461501121521,
                0.6870543956756592,
                -0.32904738187789917,
                0.45296788215637207
            ],
            "quaternion_xyzw_world": [
                0.5029617547988892,
                0.5131400227546692,
                -0.2790535092353821,
                0.6370605230331421
            ],
            "segmentation_id": 12,
            "visibility": -1
        },
        {
            "bounding_box_minx_maxx_miny_maxy": [
                -1,
                -1,
                -1,
                -1
            ],
            "class": "2",
            "local_cuboid": null,
            "local_to_world_matrix": [
                [
                    -0.33064115047454834,
                    -0.6190229058265686,
                    0.7123812437057495,
                    0.0
                ],
                [
                    0.8947878479957581,
                    0.03436833620071411,
                    0.4451668858528137,
                    0.0
                ],
                [
                    -0.30005183815956116,
                    0.7846205830574036,
                    0.5425305962562561,
                    0.0
                ],
                [
                    1.1433595418930054,
                    -0.6228631138801575,
                    -0.6556907296180725,
                    1.0
                ]
            ],
            "location": [
                0.6228631138801575,
                -0.6556907296180725,
                -1.1433595418930054
            ],
            "location_world": [
                1.1433595418930054,
                -0.6228631138801575,
                -0.6556907296180725
            ],
            "name": "google_2_of_Jenga_Classic_Game_12",
            "projected_cuboid": [
                [
                    501.9821524620056,
                    543.0710315704346
                ],
                [
                    482.7399253845215,
                    501.57833099365234
                ],
                [
                    583.6992859840393,
                    564.5856857299805
                ],
                [
                    608.3798408508301,
                    607.1069240570068
                ],
                [
                    467.018723487854,
                    568.5560703277588
                ],
                [
                    450.61740279197693,
                    526.3015031814575
                ],
                [
                    551.7292022705078,
                    586.1178636550903
                ],
                [
                    573.6748576164246,
                    629.1019916534424
                ],
                [
                    528.9966464042664,
                    566.4470195770264
                ]
            ],
            "provenance": "nvisii",
            "quaternion_xyzw": [
                -0.46738746762275696,
                -0.3626610338687897,
                0.2428281605243683,
                0.7688045501708984
            ],
            "quaternion_xyzw_world": [
                -0.15203607082366943,
                -0.4534531235694885,
                -0.6780124306678772,
                0.5581795573234558
            ],
            "segmentation_id": 13,
            "visibility": -1
        },
        {
            "bounding_box_minx_maxx_miny_maxy": [
                -1,
                -1,
                -1,
                -1
            ],
            "class": "2",
            "local_cuboid": null,
            "local_to_world_matrix": [
                [
                    -0.18084192276000977,
                    0.3453710973262787,
                    -0.9208773970603943,
