{
    "camera_data": {
        "camera_look_at": {
            "at": [
                1.0,
                0.0,
                0.0
            ],
            "eye": [
                0.0,
                0.0,
                0.0
            ],
            "up": [
                0.0,
                0.0,
                1.0
            ]
        },
        "camera_view_matrix": [
            [
                0.0,
                0.0,
                -1.0,
                0.0
            ],
            [
                -1.0,
                0.0,
                0.0,
                0.0
            ],
            [
                0.0,
                1.0,
                0.0,
                0.0
            ],
            [
                0.0,
                0.0,
                0.0,
                1.0
            ]
        ],
        "height": 500,
        "intrinsics": {
            "cx": 250.0,
            "cy": 250.0,
            "fx": 603.5535278320312,
            "fy": 603.5535278320312
        },
        "location_world": [
            0.0,
            0.0,
            0.0
        ],
        "quaternion_world_xyzw": [
            0.5,
            -0.5,
            -0.5,
            0.5
        ],
        "width": 500
    },
    "objects": [
        {
            "bounding_box_minx_maxx_miny_maxy": [
                -1,
                -1,
                -1,
                -1
            ],
            "class": "2",
            "local_cuboid": null,
            "local_to_world_matrix": [
                [
                    -0.38452303409576416,
                    -0.806545615196228,
                    -0.44902801513671875,
                    0.0
                ],
                [
                    -0.02309092879295349,
                    0.4946784973144531,
                    -0.8687692284584045,
                    0.0
                ],
                [
                    0.9228265285491943,
                    -0.32369333505630493,
                    -0.20883917808532715,
                    0.0
                ],
                [
                    1.5083762407302856,
                    0.41810712218284607,
                    -0.05781952664256096,
                    1.0
                ]
            ],
            "location": [
                -0.41810712218284607,
                -0.05781952664256096,
                -1.5083762407302856
            ],
            "location_world": [
                1.5083762407302856,
                0.41810712218284607,
                -0.05781952664256096
            ],
            "name": "google_2_of_Jenga_Classic_Game_0",
            "projected_cuboid": [
                [
                    157.31269121170044,
                    284.1571867465973
                ],
                [
                    142.9007649421692,
                    309.3254864215851
                ],
                [
                    85.31279861927032,
                    295.3692376613617
                ],
                [
                    102.39982604980469,
                    265.678733587265
                ],
                [
                    137.47522234916687,
                    271.6630697250366
                ],
                [
                    123.28565120697021,
                    296.3917851448059
                ],
                [
                    63.37235867977142,
                    280.4238200187683
                ],
                [
                    80.14743030071259,
                    251.34316086769104
                ],
                [
                    113.78943920135498,
                    282.42748975753784
                ]
            ],
            "provenance": "nvisii",
            "quaternion_xyzw": [
                -0.9484384059906006,
                0.24875272810459137,
                -0.18667960166931152,
                -0.061134710907936096
            ],
            "quaternion_xyzw_world": [
                -0.2870703935623169,
                0.7225027084350586,
                -0.41261526942253113,
                0.4746883809566498
            ],
            "segmentation_id": 1,
            "visibility": -1
        },
        {
            "bounding_box_minx_maxx_miny_maxy": [
                -1,
                -1,
                -1,
                -1
            ],
            "class": "2",
            "local_cuboid": null,
            "local_to_world_matrix": [
                [
                    0.3514629602432251,
                    -0.22741949558258057,
                    0.9081597924232483,
                    0.0
                ],
                [
                    0.09974857419729233,
                    0.9736218452453613,
                    0.20520912110805511,
                    0.0
                ],
                [
                    -0.9308727383613586,
                    0.018464237451553345,
                    0.36487674713134766,
                    0.0
                ],
                [
                    0.9239704012870789,
                    0.40700873732566833,
                    -0.37926772236824036,
                    1.0
                ]
            ],
            "location": [
                -0.40700873732566833,
                -0.37926772236824036,
                -0.9239704012870789
            ],
            "location_world": [
                0.9239704012870789,
                0.40700873732566833,
                -0.37926772236824036
            ],
            "name": "google_2_of_Jenga_Classic_Game_1",
            "projected_cuboid": [
                [
                    -80.46013116836548,
                    473.97512197494507
                ],
                [
                    -150.35024285316467,
                    455.55397868156433
                ],
                [
                    -31.33857250213623,
                    464.5082652568817
                ],
                [
                    19.270285964012146,
                    477.6451587677002
                ],
                [
                    -111.99167370796204,
                    551.9741773605347
                ],
                [
                    -184.4848394393921,
                    531.7353010177612
                ],
                [
                    -51.71293020248413,
                    518.3055400848389
                ],
                [
                    0.25548040866851807,
                    532.3446989059448
                ],
                [
                    -63.782691955566406,
                    499.69297647476196
                ]
            ],
            "provenance": "nvisii",
            "quaternion_xyzw": [
                -0.15111061930656433,
                0.1083015501499176,
                0.6120139360427856,
                0.7686842083930969
            ],
            "quaternion_xyzw_world": [
                0.05693058669567108,
                -0.5606429576873779,
                -0.09973966330289841,
                0.8200551271438599
            ],
            "segmentation_id": 2,
            "visibility": -1
        },
        {
            "bounding_box_minx_maxx_miny_maxy": [
                -1,
                -1,
                -1,
                -1
            ],
            "class": "2",
            "local_cuboid": null,
            "local_to_world_matrix": [
                [
                    0.21349644660949707,
                    -0.9712444543838501,
                    -0.10537354648113251,
                    0.0
                ],
                [
                    0.8832495212554932,
                    0.14580261707305908,
                    0.44565901160240173,
                    0.0
                ],
                [
                    -0.4174800515174866,
                    -0.18821778893470764,
                    0.888979434967041,
                    0.0
                ],
                [
                    1.9446295499801636,
                    -0.1779802143573761,
                    -0.3825109601020813,
                    1.0
                ]
            ],
            "location": [
                0.1779802143573761,
                -0.3825109601020813,
                -1.9446295499801636
            ],
            "location_world": [
                1.9446295499801636,
                -0.1779802143573761,
                -0.3825109601020813
            ],
            "name": "google_2_of_Jenga_Classic_Game_2",
            "projected_cuboid": [
                [
                    343.3398902416229,
                    299.0654706954956
                ],
                [
                    335.63703298568726,
                    284.95079278945923
                ],
                [
                    313.71819972991943,
                    361.5531623363495
                ],
                [
                    320.07744908332825,
                    377.75152921676636
                ],
                [
                    318.20040941238403,
                    296.70706391334534
                ],
                [
                    311.440110206604,
                    282.55900740623474
                ],
                [
                    290.8293902873993,
                    359.9628806114197
                ],
                [
                    296.3460683822632,
                    376.242458820343
                ],
                [
                    315.83237648010254,
                    330.96644282341003
                ]
            ],
            "provenance": "nvisii",
            "quaternion_xyzw": [
                -0.5263329148292542,
                0.1193048357963562,
                0.012007005512714386,
                0.8417813777923584
            ],
            "quaternion_xyzw_world": [
                0.21137313544750214,
                -0.10407532006502151,
                -0.6184012293815613,
                0.7497130632400513
            ],
            "segmentation_id": 3,
            "visibility": -1
        },
        {
            "bounding_box_minx_maxx_miny_maxy": [
                -1,
                -1,
                -1,
                -1
            ],
            "class": "2",
            "local_cuboid": null,
            "local_to_world_matrix": [
                [
                    0.9138244390487671,
                    -0.2873550057411194,
                    0.28697046637535095,
                    0.0
                ],
                [
                    -0.2438034564256668,
                    -0.9533084630966187,
                    -0.17822173237800598,
                    0.0
                ],
                [
                    0.3247842490673065,
                    0.09289898723363876,
                    -0.9412146806716919,
                    0.0
                ],
                [
                    1.240587592124939,
                    -0.3330157995223999,
                    -0.26754072308540344,
                    1.0
                ]
            ],
            "location": [
                0.3330157995223999,
                -0.26754072308540344,
                -1.240587592124939
            ],
            "location_world": [
                1.240587592124939,
                -0.3330157995223999,
                -0.26754072308540344
            ],
            "name": "google_2_of_Jenga_Classic_Game_3",
            "projected_cuboid": [
                [
                    370.9607720375061,
                    478.7158966064453
                ],
                [
                    408.4817171096802,
                    488.84743452072144
                ],
                [
                    433.2878887653351,
                    375.70640444755554
                ],
                [
                    392.60414242744446,
                    366.63779616355896
                ],
                [
                    367.1723008155823,
                    501.73747539520264
                ],
                [
                    406.7309498786926,
                    512.8031969070435
                ],
                [
                    432.8954219818115,
                    394.73557472229004
                ],
                [
                    389.8041248321533,
                    384.806364774704
                ],
                [
                    399.67358112335205,
                    439.7827982902527
                ]
            ],
            "provenance": "nvisii",
            "quaternion_xyzw": [
                0.6690219044685364,
                0.46346724033355713,
                -0.37619227170944214,
                0.4428173899650574
            ],
            "quaternion_xyzw_world": [
                0.9757493734359741,
                -0.13608987629413605,
                0.1567397117614746,
                -0.06946474313735962
            ],
            "segmentation_id": 4,
            "visibility": -1
        },
        {
            "bounding_box_minx_maxx_miny_maxy": [
                -1,
                -1,
                -1,
                -1
            ],
            "class": "2",
            "local_cuboid": null,
            "local_to_world_matrix": [
                [
                    0.10390639305114746,
                    0.2067931443452835,
                    0.9728515148162842,
                    0.0
                ],
                [
                    -0.7035332918167114,
                    -0.6761219501495361,
                    0.2188607156276703,
                    0.0
                ],
                [
                    0.7030251026153564,
                    -0.7071744203567505,
                    0.07523256540298462,
                    0.0
                ],
                [
                    0.2566777765750885,
                    0.49996665120124817,
                    0.4659822881221771,
                    1.0
                ]
            ],
            "location": [
                -0.49996665120124817,
                0.4659822881221771,
                -0.2566777765750885
            ],
            "location_world": [
                0.2566777765750885,
                0.49996665120124817,
                0.4659822881221771
            ],
            "name": "google_2_of_Jenga_Classic_Game_4",
            "projected_cuboid": [
                [
                    -151.82378888130188,
                    -379.37110662460327
                ],
                [
                    -127.56717205047607,
                    -490.5904531478882
                ],
                [
                    -1002.5568008422852,
                    -1091.286540031433
                ],
                [
                    -865.032434463501,
                    -778.6104679107666
                ],
                [
                    -138.38759064674377,
                    -294.9652671813965
                ],
                [
                    -111.80287599563599,
                    -396.60507440567017
                ],
                [
                    -1004.4456720352173,
                    -932.8044652938843
                ],
                [
                    -862.5308275222778,
                    -644.3988084793091
                ],
                [
                    -416.2386655807495,
                    -551.0017275810242
                ]
            ],
            "provenance": "nvisii",
            "quaternion_xyzw": [
                0.5651042461395264,
                0.7294996380805969,
                0.26688352227211,
                0.27795785665512085
            ],
            "quaternion_xyzw_world": [
                0.6528391242027283,
                -0.19022302329540253,
                0.641764760017395,
                0.3546184301376343
            ],
            "segmentation_id": 5,
            "visibility": -1
        },
        {
            "bounding_box_minx_maxx_miny_maxy": [
                -1,
                -1,
                -1,
                -1
            ],
            "class": "2",
            "local_cuboid": null,
            "local_to_world_matrix": [
                [
                    0.7686497569084167,
                    -0.5176670551300049,
                    0.375763863325119,
                    0.0
                ],
                [
                    -0.46054691076278687,
                    -0.8555377721786499,
                    -0.23654282093048096,
                    0.0
                ],
                [
                    0.44393041729927063,
                    0.008761733770370483,
                    -0.8960189819335938,
                    0.0
                ],
                [
                    0.6478288769721985,
                    0.26367539167404175,
                    0.030421629548072815,
                    1.0
                ]
            ],
            "location": [
                -0.26367539167404175,
                0.030421629548072815,
                -0.6478288769721985
            ],
            "location_world": [
                0.6478288769721985,
                0.26367539167404175,
                0.030421629548072815
            ],
            "name": "google_2_of_Jenga_Classic_Game_5",
            "projected_cuboid": [
                [
                    44.27756369113922,
                    400.6557762622833
                ],
                [
                    89.4344300031662,
                    423.3779311180115
                ],
                [
                    60.17081439495087,
                    217.69660711288452
                ],
                [
                    8.251309394836426,
                    202.21665501594543
                ],
                [
                    -4.144638776779175,
                    435.9092712402344
                ],
                [
                    42.18730330467224,
                    462.40848302841187
                ],
                [
                    -0.2872347831726074,
                    244.33624744415283
                ],
                [
                    -53.45827341079712,
                    225.7561981678009
                ],
                [
                    25.578215718269348,
                    335.06420254707336
                ]
            ],
            "provenance": "nvisii",
            "quaternion_xyzw": [
                0.7413063645362854,
                0.4152471423149109,
                -0.2621762454509735,
                0.45749154686927795
            ],
            "quaternion_xyzw_world": [
                0.9381106495857239,
                -0.2606872618198395,
                0.2184428572654724,
                -0.06537196785211563
            ],
            "segmentation_id": 6,
            "visibility": -1
        },
        {
            "bounding_box_minx_maxx_miny_maxy": [
                -1,
                -1,
                -1,
                -1
            ],
            "class": "2",
            "local_cuboid": null,
            "local_to_world_matrix": [
                [
                    -0.2481839656829834,
                    -0.06601020693778992,
                    -0.9664612412452698,
                    0.0
                ],
                [
                    -0.9658573865890503,
                    0.09340882301330566,
                    0.24164891242980957,
                    0.0
                ],
                [
                    0.07432466745376587,
                    0.9934371709823608,
                    -0.08693909645080566,
                    0.0
                ],
                [
                    1.1018339395523071,
                    0.3335121273994446,
                    0.6246784329414368,
                    1.0
                ]
            ],
            "location": [
                -0.3335121273994446,
                0.6246784329414368,
                -1.1018339395523071
            ],
            "location_world": [
                1.1018339395523071,
                0.3335121273994446,
                0.6246784329414368
            ],
            "name": "google_2_of_Jenga_Classic_Game_6",
            "projected_cuboid": [
                [
                    -72.61443138122559,
                    -38.02165389060974
                ],
                [
                    -101.57135128974915,
                    -71.39000296592712
                ],
                [
                    57.76132643222809,
                    -92.60603785514832
                ],
                [
                    75.8027583360672,
                    -57.07085132598877
                ],
                [
                    -69.91168856620789,
                    -72.40968942642212
                ],
                [
                    -98.14807772636414,
                    -107.74701833724976
                ],
                [
                    58.34104120731354,
                    -129.31224703788757
                ],
                [
                    76.03497803211212,
                    -91.78313612937927
                ],
                [
                    -9.59894061088562,
                    -81.95045590400696
                ]
            ],
            "provenance": "nvisii",
            "quaternion_xyzw": [
                -0.47399523854255676,
                0.5590088367462158,
                0.3930700123310089,
                -0.555277943611145
            ],
            "quaternion_xyzw_world": [
                -0.4316672086715698,
                0.5976060032844543,
                0.5166807770729065,
                0.43539804220199585
            ],
            "segmentation_id": 7,
            "visibility": -1
        },
        {
            "bounding_box_minx_maxx_miny_maxy": [
                -1,
                -1,
                -1,
                -1
            ],
            "class": "2",
            "local_cuboid": null,
            "local_to_world_matrix": [
                [
                    0.20848792791366577,
                    -0.009625956416130066,
                    0.9779775738716125,
                    0.0
                ],
                [
                    0.4689292907714844,
                    -0.8765344619750977,
                    -0.1085951179265976,
                    0.0
                ],
                [
                    0.8582763075828552,
                    0.4812430739402771,
                    -0.17823302745819092,
                    0.0
                ],
                [
                    1.4156997203826904,
                    -0.17206229269504547,
                    -0.7401298880577087,
                    1.0
                ]
            ],
            "location": [
                0.17206229269504547,
                -0.7401298880577087,
                -1.4156997203826904
            ],
            "location_world": [
                1.4156997203826904,
                -0.17206229269504547,
                -0.7401298880577087
            ],
            "name": "google_2_of_Jenga_Classic_Game_7",
            "projected_cuboid": [
                [
                    248.1163591146469,
                    523.1980085372925
                ],
                [
                    274.524062871933,
                    520.080029964447
                ],
                [
                    337.5493288040161,
                    545.2150106430054
                ],
                [
                    308.20387601852417,
                    549.5984554290771
                ],
                [
                    247.81768023967743,
                    554.3615818023682
                ],
                [
                    274.49125051498413,
                    550.4777431488037
                ],
                [
                    338.23707699775696,
                    581.2417268753052
                ],
                [
                    308.5634410381317,
                    586.7050886154175
                ],
                [
                    289.8498475551605,
                    550.0770807266235
                ]
            ],
            "provenance": "nvisii",
            "quaternion_xyzw": [
                0.7029397487640381,
                0.6595557928085327,
                -0.24530231952667236,
                -0.10338591039180756
            ],
            "quaternion_xyzw_world": [
                0.7522059679031372,
                0.15265211462974548,
                0.6102895736694336,
                -0.19603613018989563
            ],
            "segmentation_id": 8,
            "visibility": -1
        },
        {
            "bounding_box_minx_maxx_miny_maxy": [
                -1,
                -1,
                -1,
                -1
            ],
            "class": "2",
            "local_cuboid": null,
            "local_to_world_matrix": [
                [
                    0.19193392992019653,
                    -0.27904966473579407,
                    0.9408999085426331,
                    0.0
                ],
                [
                    0.8303307294845581,
                    0.557255744934082,
                    -0.004109442234039307,
                    0.0
                ],
                [
                    -0.5231751799583435,
                    0.7820468544960022,
                    0.3386598229408264,
                    0.0
                ],
                [
                    1.9607157707214355,
                    -0.35403206944465637,
                    -0.8641920685768127,
                    1.0
                ]
            ],
            "location": [
                0.35403206944465637,
                -0.8641920685768127,
                -1.9607157707214355
            ],
            "location_world": [
                1.9607157707214355,
                -0.35403206944465637,
                -0.8641920685768127
            ],
            "name": "google_2_of_Jenga_Classic_Game_8",
            "projected_cuboid": [
                [
                    304.28874492645264,
                    496.79452180862427
                ],
                [
                    286.8849039077759,
                    487.55717277526855
                ],
                [
                    352.89353132247925,
                    499.23861026763916
                ],
                [
                    371.31553888320923,
                    508.16941261291504
                ],
                [
                    297.22779989242554,
                    524.289608001709
                ],
                [
                    279.9501419067383,
                    513.9256715774536
                ],
                [
                    346.99445962905884,
                    523.6692428588867
                ],
                [
                    365.3462529182434,
                    533.5636138916016
                ],
                [
                    326.81894302368164,
                    510.97285747528076
                ]
            ],
            "provenance": "nvisii",
            "quaternion_xyzw": [
                -0.4358852803707123,
                -0.2200373262166977,
                0.5586221814155579,
                0.6704691052436829
            ],
            "quaternion_xyzw_world": [
                -0.2720378339290619,
                -0.5066216588020325,
                -0.3838847875595093,
                0.7224696278572083
            ],
            "segmentation_id": 9,
            "visibility": -1
        },
        {
            "bounding_box_minx_maxx_miny_maxy": [
                -1,
                -1,
                -1,
                -1
            ],
            "class": "2",
            "local_cuboid": null,
            "local_to_world_matrix": [
                [
                    -0.017777442932128906,
                    -0.9911946058273315,
                    0.13121473789215088,
                    0.0
                ],
                [
                    -0.5929540395736694,
                    -0.09521484375,
                    -0.7995871901512146,
                    0.0
                ],
                [
                    0.8050400614738464,
                    -0.0920189619064331,
                    -0.5860401391983032,
                    0.0
                ],
                [
                    1.200541377067566,
                    -0.483550488948822,
                    -0.5273898839950562,
                    1.0
                ]
            ],
            "location": [
                0.483550488948822,
                -0.5273898839950562,
                -1.200541377067566
            ],
            "location_world": [
                1.200541377067566,
                -0.483550488948822,
                -0.5273898839950562
            ],
            "name": "google_2_of_Jenga_Classic_Game_9",
            "projected_cuboid": [
                [
                    475.49164295196533,
                    522.6714611053467
                ],
                [
                    486.94026470184326,
                    561.2545013427734
                ],
                [
                    520.557165145874,
                    535.6122851371765
                ],
                [
                    505.53661584854126,
                    490.67026376724243
                ],
                [
                    442.98315048217773,
                    526.6846418380737
                ],
                [
                    453.2671570777893,
                    565.3717517852783
                ],
                [
                    480.11207580566406,
                    540.5831933021545
                ],
                [
                    466.75997972488403,
                    495.4896569252014
                ],
                [
                    477.553129196167,
                    530.6631326675415
                ]
            ],
            "provenance": "nvisii",
            "quaternion_xyzw": [
                0.9481326341629028,
                0.05970406532287598,
                0.02895069122314453,
                0.3108726739883423
            ],
            "quaternion_xyzw_world": [
                0.6448793411254883,
                -0.6141259670257568,
                0.3629573583602905,
                -0.27430257201194763
            ],
            "segmentation_id": 10,
            "visibility": -1
        },
        {
            "bounding_box_minx_maxx_miny_maxy": [
                -1,
                -1,
                -1,
                -1
            ],
            "class": "2",
            "local_cuboid": null,
            "local_to_world_matrix": [
                [
                    0.2830277681350708,
                    0.7654467821121216,
                    0.5779156684875488,
                    0.0
                ],
                [
                    -0.9589767456054688,
                    0.23595458269119263,
                    0.15712739527225494,
                    0.0
                ],
                [
                    -0.016089200973510742,
                    -0.5986791253089905,
                    0.8008273839950562,
                    0.0
                ],
                [
                    1.6240932941436768,
                    0.16740426421165466,
                    -0.6104129552841187,
                    1.0
                ]
            ],
            "location": [
                -0.16740426421165466,
                -0.6104129552841187,
                -1.6240932941436768
            ],
            "location_world": [
                1.6240932941436768,
                0.16740426421165466,
                -0.6104129552841187
            ],
            "name": "google_2_of_Jenga_Classic_Game_10",
            "projected_cuboid": [
                [
                    245.39948999881744,
                    380.14912605285645
                ],
                [
                    237.6028150320053,
                    381.740927696228
                ],
                [
                    171.45836353302002,
                    469.8801636695862
                ],
                [
                    182.42929875850677,
                    464.03396129608154
                ],
                [
                    267.44183897972107,
                    398.6007273197174
                ],
                [
                    260.67259907722473,
                    401.1681377887726
                ],
                [
                    193.51999461650848,
                    490.500807762146
                ],
                [
                    203.55865359306335,
                    483.5658073425293
                ],
                [
                    220.2482968568802,
                    433.64769220352173
                ]
            ],
            "provenance": "nvisii",
            "quaternion_xyzw": [
                0.12383119016885757,
                0.6903775930404663,
                0.6372615098953247,
                0.3192843198776245
            ],
            "quaternion_xyzw_world": [
                0.24811580777168274,
                -0.19499965012073517,
                0.5660929679870605,
                0.7615460753440857
            ],
            "segmentation_id": 11,
            "visibility": -1
        },
        {
            "bounding_box_minx_maxx_miny_maxy": [
                -1,
                -1,
                -1,
                -1
            ],
            "class": "2",
            "local_cuboid": null,
            "local_to_world_matrix": [
                [
                    -0.5437090396881104,
                    0.5699407458305359,
                    -0.616074800491333,
                    0.0
                ],
                [
                    0.838751494884491,
                    0.34310245513916016,
                    -0.4228198528289795,
                    0.0
                ],
                [
                    -0.029605507850646973,
                    -0.7466245889663696,
                    -0.6645865440368652,
                    0.0
                ],
                [
                    1.5387887954711914,
                    0.689382791519165,
                    0.4778394103050232,
                    1.0
                ]
            ],
            "location": [
                -0.689382791519165,
                0.4778394103050232,
                -1.5387887954711914
            ],
            "location_world": [
                1.5387887954711914,
                0.689382791519165,
                0.4778394103050232
            ],
            "name": "google_2_of_Jenga_Classic_Game_11",
            "projected_cuboid": [
                [
                    53.65884304046631,
                    136.40235364437103
                ],
                [
                    51.340252161026,
                    155.56791424751282
                ],
                [
                    -32.32461214065552,
                    80.63715696334839
                ],
                [
                    -34.01800990104675,
                    58.00236761569977
                ],
                [
                    77.11133360862732,
                    120.26916444301605
                ],
                [
                    73.80880415439606,
                    139.63672518730164
                ],
                [
                    -7.728874683380127,
                    66.80642068386078
                ],
                [
                    -8.232265710830688,
                    44.1659539937973
                ],
                [
                    21.741211414337158,
                    100.21695494651794
                ]
            ],
            "provenance": "nvisii",
            "quaternion_xyzw": [
                -0.4536721110343933,
                0.5285630226135254,
                -0.7110496163368225,
                0.09597516059875488
            ],
            "quaternion_xyzw_world": [
                0.44095781445503235,
                0.7986547946929932,
                -0.36606693267822266,
                0.18358033895492554
            ],
            "segmentation_id": 12,
            "visibility": -1
        },
        {
            "bounding_box_minx_maxx_miny_maxy": [
                -1,
                -1,
                -1,
                -1
            ],
            "class": "2",
            "local_cuboid": null,
            "local_to_world_matrix": [
                [
                    -0.8427470922470093,
                    -0.08407378941774368,
                    0.5317044854164124,
                    0.0
                ],
                [
                    -0.21394973993301392,
                    0.9586768746376038,
                    -0.18752118945121765,
                    0.0
                ],
                [
                    -0.493967205286026,
                    -0.27179089188575745,
                    -0.8259097337722778,
                    0.0
                ],
                [
                    1.6263903379440308,
                    -0.38932865858078003,
                    0.5066527128219604,
                    1.0
                ]
            ],
            "location": [
                0.38932865858078003,
                0.5066527128219604,
                -1.6263903379440308
            ],
            "location_world": [
                1.6263903379440308,
                -0.38932865858078003,
                0.5066527128219604
            ],
            "name": "google_2_of_Jenga_Classic_Game_12",
            "projected_cuboid": [
                [
                    462.1826708316803,
                    128.16908955574036
                ],
                [
                    430.9130012989044,
                    133.27769935131073
                ],
                [
                    384.187787771225,
                    51.99462175369263
                ],
                [
                    413.1683111190796,
                    48.26255142688751
                ],
                [
                    450.3031075000763,
                    150.08938312530518
                ],
                [
                    420.2710688114166,
                    155.2354395389557
                ],
                [
                    376.3580322265625,
                    75.30680298805237
                ],
                [
                    404.2687118053436,
                    71.47103548049927
                ],
                [
                    416.61012172698975,
                    100.09941458702087
                ]
            ],
            "provenance": "nvisii",
            "quaternion_xyzw": [
                -0.4409160912036896,
                0.2420940101146698,
                -0.6319443583488464,
                -0.5896015763282776
            ],
            "quaternion_xyzw_world": [
                -0.07823962718248367,
                0.9522780179977417,
                -0.1205824539065361,
                -0.2692679166793823
            ],
            "segmentation_id": 13,
            "visibility": -1
        },
        {
            "bounding_box_minx_maxx_miny_maxy": [
                -1,
                -1,
                -1,
                -1
            ],
            "class": "2",
            "local_cuboid": null,
            "local_to_world_matrix": [
                [
                    -0.8814585208892822,
                    0.37935495376586914,
