{
    "camera_data": {
        "camera_look_at": {
            "at": [
                1.0,
                0.0,
                0.0
            ],
            "eye": [
                0.0,
                0.0,
                0.0
            ],
            "up": [
                0.0,
                0.0,
                1.0
            ]
        },
        "camera_view_matrix": [
            [
                0.0,
                0.0,
                -1.0,
                0.0
            ],
            [
                -1.0,
                0.0,
                0.0,
                0.0
            ],
            [
                0.0,
                1.0,
                0.0,
                0.0
            ],
            [
                0.0,
                0.0,
                0.0,
                1.0
            ]
        ],
        "height": 500,
        "intrinsics": {
            "cx": 250.0,
            "cy": 250.0,
            "fx": 603.5535278320312,
            "fy": 603.5535278320312
        },
        "location_world": [
            0.0,
            0.0,
            0.0
        ],
        "quaternion_world_xyzw": [
            0.5,
            -0.5,
            -0.5,
            0.5
        ],
        "width": 500
    },
    "objects": [
        {
            "bounding_box_minx_maxx_miny_maxy": [
                -1,
                -1,
                -1,
                -1
            ],
            "class": "2",
            "local_cuboid": null,
            "local_to_world_matrix": [
                [
                    -0.7509409189224243,
                    -0.28083276748657227,
                    0.5976794958114624,
                    0.0
                ],
                [
                    0.5377126336097717,
                    0.2653583288192749,
                    0.800281286239624,
                    0.0
                ],
                [
                    -0.38334447145462036,
                    0.9223437309265137,
                    -0.048261165618896484,
                    0.0
                ],
                [
                    1.8965448141098022,
                    0.273186057806015,
                    -0.6278184652328491,
                    1.0
                ]
            ],
            "location": [
                -0.273186057806015,
                -0.6278184652328491,
                -1.8965448141098022
            ],
            "location_world": [
                1.8965448141098022,
                0.273186057806015,
                -0.6278184652328491
            ],
            "name": "google_2_of_Jenga_Classic_Game_0",
            "projected_cuboid": [
                [
                    68.70903074741364,
                    477.2294759750366
                ],
                [
                    65.7319724559784,
                    448.4826922416687
                ],
                [
                    162.70339488983154,
                    432.2184920310974
                ],
                [
                    167.88709163665771,
                    458.8194191455841
                ],
                [
                    67.24007427692413,
                    485.60020327568054
                ],
                [
                    64.39536809921265,
                    457.57362246513367
                ],
                [
                    158.4959477186203,
                    441.28143787384033
                ],
                [
                    163.41793537139893,
                    467.27070212364197
                ],
                [
                    116.24427139759064,
                    458.19777250289917
                ]
            ],
            "provenance": "nvisii",
            "quaternion_xyzw": [
                0.15589025616645813,
                0.5329409241676331,
                -0.2748774588108063,
                -0.7849297523498535
            ],
            "quaternion_xyzw_world": [
                0.08938945084810257,
                0.718428909778595,
                0.5994417071342468,
                -0.34137824177742004
            ],
            "segmentation_id": 1,
            "visibility": -1
        },
        {
            "bounding_box_minx_maxx_miny_maxy": [
                -1,
                -1,
                -1,
                -1
            ],
            "class": "2",
            "local_cuboid": null,
            "local_to_world_matrix": [
                [
                    0.0222928524017334,
                    -0.43186527490615845,
                    -0.9016625881195068,
                    0.0
                ],
                [
                    -0.32015717029571533,
                    0.8513072729110718,
                    -0.4156624674797058,
                    0.0
                ],
                [
                    0.9471020698547363,
                    0.2979400157928467,
                    -0.11928677558898926,
                    0.0
                ],
                [
                    0.8113001585006714,
                    0.5385001301765442,
                    -0.3544073700904846,
                    1.0
                ]
            ],
            "location": [
                -0.5385001301765442,
                -0.3544073700904846,
                -0.8113001585006714
            ],
            "location_world": [
                0.8113001585006714,
                0.5385001301765442,
                -0.3544073700904846
            ],
            "name": "google_2_of_Jenga_Classic_Game_1",
            "projected_cuboid": [
                [
                    -63.469260931015015,
                    472.9667901992798
                ],
                [
                    -111.69600486755371,
                    498.2716739177704
                ],
                [
                    -171.21469974517822,
                    557.937502861023
                ],
                [
                    -104.88143563270569,
                    522.2010016441345
                ],
                [
                    -82.65295624732971,
                    434.3165159225464
                ],
                [
                    -131.44171237945557,
                    458.6896300315857
                ],
                [
                    -197.9464292526245,
                    504.7464370727539
                ],
                [
                    -130.59452176094055,
                    470.67874670028687
                ],
                [
                    -119.8945939540863,
                    486.30115389823914
                ]
            ],
            "provenance": "nvisii",
            "quaternion_xyzw": [
                -0.8358572721481323,
                0.5243029594421387,
                0.09577976167201996,
                -0.1314350813627243
            ],
            "quaternion_xyzw_world": [
                -0.26938459277153015,
                0.6979078054428101,
                -0.042169760912656784,
                0.6622524857521057
            ],
            "segmentation_id": 2,
            "visibility": -1
        },
        {
            "bounding_box_minx_maxx_miny_maxy": [
                -1,
                -1,
                -1,
                -1
            ],
            "class": "2",
            "local_cuboid": null,
            "local_to_world_matrix": [
                [
                    -0.1873253583908081,
                    -0.9776185750961304,
                    -0.095765620470047,
                    0.0
                ],
                [
                    -0.8899276256561279,
                    0.1276286244392395,
                    0.4378809928894043,
                    0.0
                ],
                [
                    -0.4158581793308258,
                    0.16725069284439087,
                    -0.8939177989959717,
                    0.0
                ],
                [
                    1.9427062273025513,
                    -0.311237633228302,
                    -0.5983111262321472,
                    1.0
                ]
            ],
            "location": [
                0.311237633228302,
                -0.5983111262321472,
                -1.9427062273025513
            ],
            "location_world": [
                1.9427062273025513,
                -0.311237633228302,
                -0.5983111262321472
            ],
            "name": "google_2_of_Jenga_Classic_Game_2",
            "projected_cuboid": [
                [
                    349.8564660549164,
                    537.4255180358887
                ],
                [
                    350.4190146923065,
                    537.0215773582458
                ],
                [
                    359.52848196029663,
                    435.6083571910858
                ],
                [
                    358.65360498428345,
                    439.84997272491455
                ],
                [
                    324.1240680217743,
                    532.7063202857971
                ],
                [
                    323.6024081707001,
                    532.1077704429626
                ],
                [
                    334.34465527534485,
                    431.79017305374146
                ],
                [
                    334.4283401966095,
                    436.14462018013
                ],
                [
                    341.9746458530426,
                    483.7503731250763
                ]
            ],
            "provenance": "nvisii",
            "quaternion_xyzw": [
                -0.5300658941268921,
                0.10536151379346848,
                -0.009468019008636475,
                -0.841331958770752
            ],
            "quaternion_xyzw_world": [
                -0.6282841563224792,
                0.7431136965751648,
                0.20357976853847504,
                -0.10768626630306244
            ],
            "segmentation_id": 3,
            "visibility": -1
        },
        {
            "bounding_box_minx_maxx_miny_maxy": [
                -1,
                -1,
                -1,
                -1
            ],
            "class": "2",
            "local_cuboid": null,
            "local_to_world_matrix": [
                [
                    -0.34613680839538574,
                    0.19100572168827057,
                    -0.9185348153114319,
                    0.0
                ],
                [
                    -0.5964212417602539,
                    -0.8005530834197998,
                    0.05828091502189636,
                    0.0
                ],
                [
                    -0.7242037653923035,
                    0.5680068731307983,
                    0.39102065563201904,
                    0.0
                ],
                [
                    1.416322112083435,
                    -0.705194354057312,
                    0.23823182284832,
                    1.0
                ]
            ],
            "location": [
                0.705194354057312,
                0.23823182284832,
                -1.416322112083435
            ],
            "location_world": [
                1.416322112083435,
                -0.705194354057312,
                0.23823182284832
            ],
            "name": "google_2_of_Jenga_Classic_Game_3",
            "projected_cuboid": [
                [
                    497.07314372062683,
                    94.30326521396637
                ],
                [
                    542.7355766296387,
                    85.03109216690063
                ],
                [
                    570.4761147499084,
                    160.4081690311432
                ],
                [
                    530.6001305580139,
                    165.64813256263733
                ],
                [
                    498.9609718322754,
                    62.55592405796051
                ],
                [
                    543.6581373214722,
                    52.156031131744385
                ],
                [
                    570.7205533981323,
                    131.01834058761597
                ],
                [
                    531.5843820571899,
                    137.17713952064514
                ],
                [
                    536.5447998046875,
                    113.98084461688995
                ]
            ],
            "provenance": "nvisii",
            "quaternion_xyzw": [
                -0.0814087837934494,
                0.36231303215026855,
                0.6813458204269409,
                -0.6307691931724548
            ],
            "quaternion_xyzw_world": [
                -0.5156053900718689,
                0.19657257199287415,
                0.7965096235275269,
                0.24714922904968262
            ],
            "segmentation_id": 4,
            "visibility": -1
        },
        {
            "bounding_box_minx_maxx_miny_maxy": [
                -1,
                -1,
                -1,
                -1
            ],
            "class": "2",
            "local_cuboid": null,
            "local_to_world_matrix": [
                [
                    0.6162704825401306,
                    0.5782889723777771,
                    -0.5345957279205322,
                    0.0
                ],
                [
                    0.7263278365135193,
                    -0.6797378063201904,
                    0.1020013839006424,
                    0.0
                ],
                [
                    -0.30439868569374084,
                    -0.4511522054672241,
                    -0.8389296531677246,
                    0.0
                ],
                [
                    0.2403465360403061,
                    0.35606861114501953,
                    0.4155915081501007,
                    1.0
                ]
            ],
            "location": [
                -0.35606861114501953,
                0.4155915081501007,
                -0.2403465360403061
            ],
            "location_world": [
                0.2403465360403061,
                0.35606861114501953,
                0.4155915081501007
            ],
            "name": "google_2_of_Jenga_Classic_Game_4",
            "projected_cuboid": [
                [
                    -897.718071937561,
                    -354.034960269928
                ],
                [
                    -388.771116733551,
                    -199.71394538879395
                ],
                [
                    -465.7849073410034,
                    -565.1761293411255
                ],
                [
                    -801.4944791793823,
                    -756.6514015197754
                ],
                [
                    -1190.8366680145264,
                    -922.5618839263916
                ],
                [
                    -411.08793020248413,
                    -499.65572357177734
                ],
                [
                    -495.23597955703735,
                    -829.0293216705322
                ],
                [
                    -928.7508726119995,
                    -1158.0415964126587
                ],
                [
                    -644.2650556564331,
                    -653.1508564949036
                ]
            ],
            "provenance": "nvisii",
            "quaternion_xyzw": [
                0.06186877191066742,
                0.5864920616149902,
                -0.6672117710113525,
                0.455003023147583
            ],
            "quaternion_xyzw_world": [
                0.8852878212928772,
                0.3684160113334656,
                -0.23692700266838074,
                0.15620726346969604
            ],
            "segmentation_id": 5,
            "visibility": -1
        },
        {
            "bounding_box_minx_maxx_miny_maxy": [
                -1,
                -1,
                -1,
                -1
            ],
            "class": "2",
            "local_cuboid": null,
            "local_to_world_matrix": [
                [
                    -0.5540944337844849,
                    -0.4097433090209961,
                    0.7246307730674744,
                    0.0
                ],
                [
                    0.019032731652259827,
                    0.8640125393867493,
                    0.503110408782959,
                    0.0
                ],
                [
                    -0.8322362303733826,
                    0.2925623655319214,
                    -0.4709460735321045,
                    0.0
                ],
                [
                    0.9186333417892456,
                    0.18050670623779297,
                    0.5898224115371704,
                    1.0
                ]
            ],
            "location": [
                -0.18050670623779297,
                0.5898224115371704,
                -0.9186333417892456
            ],
            "location_world": [
                0.9186333417892456,
                0.18050670623779297,
                0.5898224115371704
            ],
            "name": "google_2_of_Jenga_Classic_Game_5",
            "projected_cuboid": [
                [
                    52.81388759613037,
                    -174.8426854610443
                ],
                [
                    -13.979017734527588,
                    -212.97454833984375
                ],
                [
                    114.97706174850464,
                    -180.08622527122498
                ],
                [
                    163.87926042079926,
                    -152.241051197052
                ],
                [
                    37.18116879463196,
                    -98.65570068359375
                ],
                [
                    -25.39423108100891,
                    -134.57581400871277
                ],
                [
                    100.52156448364258,
                    -123.46139550209045
                ],
                [
                    147.12432026863098,
                    -96.81472182273865
                ],
                [
                    80.9832513332367,
                    -144.50424909591675
                ]
            ],
            "provenance": "nvisii",
            "quaternion_xyzw": [
                -0.13637879490852356,
                0.255504846572876,
                -0.4794222116470337,
                -0.8284156322479248
            ],
            "quaternion_xyzw_world": [
                -0.11493370682001114,
                0.8498607277870178,
                0.23405975103378296,
                -0.4579771161079407
            ],
            "segmentation_id": 6,
            "visibility": -1
        },
        {
            "bounding_box_minx_maxx_miny_maxy": [
                -1,
                -1,
                -1,
                -1
            ],
            "class": "2",
            "local_cuboid": null,
            "local_to_world_matrix": [
                [
                    0.982725977897644,
                    0.03913172334432602,
                    0.1808822751045227,
                    0.0
                ],
                [
                    -0.1771046221256256,
                    -0.08474814891815186,
                    0.9805364608764648,
                    0.0
                ],
                [
                    0.053699515759944916,
                    -0.9956337213516235,
                    -0.07635378837585449,
                    0.0
                ],
                [
                    1.6721481084823608,
                    0.8251206874847412,
                    0.7354249358177185,
                    1.0
                ]
            ],
            "location": [
                -0.8251206874847412,
                0.7354249358177185,
                -1.6721481084823608
            ],
            "location_world": [
                1.6721481084823608,
                0.8251206874847412,
                0.7354249358177185
            ],
            "name": "google_2_of_Jenga_Classic_Game_6",
            "projected_cuboid": [
                [
                    62.25065886974335,
                    13.7300044298172
                ],
                [
                    63.12979757785797,
                    -17.393261194229126
                ],
                [
                    -41.63485765457153,
                    -27.757763862609863
                ],
                [
                    -41.61030054092407,
                    3.739774227142334
                ],
                [
                    54.58889901638031,
                    7.871761918067932
                ],
                [
                    55.43972551822662,
                    -24.7747004032135
                ],
                [
                    -54.39436435699463,
                    -35.704612731933594
                ],
                [
                    -54.25238609313965,
                    -2.6464760303497314
                ],
                [
                    5.805656313896179,
                    -10.191619396209717
                ]
            ],
            "provenance": "nvisii",
            "quaternion_xyzw": [
                0.09223794937133789,
                0.7199596166610718,
                0.03498488664627075,
                0.6869689226150513
            ],
            "quaternion_xyzw_world": [
                0.7320908308029175,
                -0.04711604490876198,
                0.08010678738355637,
                0.6748377680778503
            ],
            "segmentation_id": 7,
            "visibility": -1
        },
        {
            "bounding_box_minx_maxx_miny_maxy": [
                -1,
                -1,
                -1,
                -1
            ],
            "class": "2",
            "local_cuboid": null,
            "local_to_world_matrix": [
                [
                    -0.24874842166900635,
                    0.8587157726287842,
                    0.448030561208725,
                    0.0
                ],
                [
                    -0.6994891166687012,
                    -0.47922635078430176,
                    0.5301480293273926,
                    0.0
                ],
                [
                    0.6699545979499817,
                    -0.1815190315246582,
                    0.7198692560195923,
                    0.0
                ],
                [
                    1.4645837545394897,
                    -0.3583410382270813,
                    -0.7611101269721985,
                    1.0
                ]
            ],
            "location": [
                0.3583410382270813,
                -0.7611101269721985,
                -1.4645837545394897
            ],
            "location_world": [
                1.4645837545394897,
                -0.3583410382270813,
                -0.7611101269721985
            ],
            "name": "google_2_of_Jenga_Classic_Game_7",
            "projected_cuboid": [
                [
                    378.3467411994934,
                    449.5910406112671
                ],
                [
                    398.090124130249,
                    440.19582867622375
                ],
                [
                    395.9704637527466,
                    555.3532838821411
                ],
                [
                    373.70842695236206,
                    561.4049434661865
                ],
                [
                    400.9202718734741,
                    459.8374366760254
                ],
                [
                    421.2402105331421,
                    450.9234428405762
                ],
                [
                    422.28469252586365,
                    565.9699440002441
                ],
                [
                    399.27971363067627,
                    571.5256929397583
                ],
                [
                    398.66262674331665,
                    503.4019947052002
                ]
            ],
            "provenance": "nvisii",
            "quaternion_xyzw": [
                0.2650899589061737,
                0.8744739294052124,
                0.4057749807834625,
                -0.019219964742660522
            ],
            "quaternion_xyzw_world": [
                0.3572844862937927,
                0.11141447722911835,
                0.782279372215271,
                0.49796944856643677
            ],
            "segmentation_id": 8,
            "visibility": -1
        },
        {
            "bounding_box_minx_maxx_miny_maxy": [
                -1,
                -1,
                -1,
                -1
            ],
            "class": "2",
            "local_cuboid": null,
            "local_to_world_matrix": [
                [
                    -0.3469820022583008,
                    -0.9325836896896362,
                    0.09945586323738098,
                    0.0
                ],
                [
                    0.21282348036766052,
                    0.024983882904052734,
                    0.976771354675293,
                    0.0
                ],
                [
                    -0.9134057760238647,
                    0.3600884675979614,
                    0.1898065209388733,
                    0.0
                ],
                [
                    1.9530537128448486,
                    -0.8200260400772095,
                    -0.8524308800697327,
                    1.0
                ]
            ],
            "location": [
                0.8200260400772095,
                -0.8524308800697327,
                -1.9530537128448486
            ],
            "location_world": [
                1.9530537128448486,
                -0.8200260400772095,
                -0.8524308800697327
            ],
            "name": "google_2_of_Jenga_Classic_Game_8",
            "projected_cuboid": [
                [
                    523.0708718299866,
                    552.7018904685974
                ],
                [
                    519.3954706192017,
                    519.8637843132019
                ],
                [
                    515.0874853134155,
                    500.0837445259094
                ],
                [
                    518.2148218154907,
                    528.1989574432373
                ],
                [
                    492.39152669906616,
                    550.6021976470947
                ],
                [
                    489.097535610199,
                    518.3122158050537
                ],
                [
                    488.9407455921173,
                    499.015748500824
                ],
                [
                    491.78436398506165,
                    526.7281532287598
                ],
                [
                    504.54211235046387,
                    523.5564708709717
                ]
            ],
            "provenance": "nvisii",
            "quaternion_xyzw": [
                0.10296455025672913,
                0.18081900477409363,
                -0.03182300925254822,
                -0.9775941371917725
            ],
            "quaternion_xyzw_world": [
                -0.33099377155303955,
                0.5436357855796814,
                0.6147773265838623,
                -0.4657813310623169
            ],
            "segmentation_id": 9,
            "visibility": -1
        },
        {
            "bounding_box_minx_maxx_miny_maxy": [
                -1,
                -1,
                -1,
                -1
            ],
            "class": "2",
            "local_cuboid": null,
            "local_to_world_matrix": [
                [
                    0.22672128677368164,
                    -0.9406672120094299,
                    -0.25247296690940857,
                    0.0
                ],
                [
                    -0.8586347699165344,
                    -0.31540000438690186,
                    0.40406572818756104,
                    0.0
                ],
                [
                    -0.4597213566303253,
                    0.12517178058624268,
                    -0.8791974782943726,
                    0.0
                ],
                [
                    1.467769742012024,
                    -0.24750275909900665,
                    0.05247761309146881,
                    1.0
                ]
            ],
            "location": [
                0.24750275909900665,
                0.05247761309146881,
                -1.467769742012024
            ],
            "location_world": [
                1.467769742012024,
                -0.24750275909900665,
                0.05247761309146881
            ],
            "name": "google_2_of_Jenga_Classic_Game_9",
            "projected_cuboid": [
                [
                    352.74386405944824,
                    351.2832224369049
                ],
                [
                    370.75236439704895,
                    341.13994240760803
                ],
                [
                    374.81510639190674,
                    225.04131495952606
                ],
                [
                    358.2102358341217,
                    239.84770476818085
                ],
                [
                    321.1820125579834,
                    343.7808156013489
                ],
                [
                    337.66433596611023,
                    333.07453989982605
                ],
                [
                    344.9014723300934,
                    216.2775993347168
                ],
                [
                    329.54856753349304,
                    231.6860854625702
                ],
                [
                    348.7612009048462,
                    282.7225923538208
                ]
            ],
            "provenance": "nvisii",
            "quaternion_xyzw": [
                0.5188641548156738,
                0.03031962364912033,
                -0.16954970359802246,
                0.8373252749443054
            ],
            "quaternion_xyzw_world": [
                0.7780293822288513,
                -0.5781600475311279,
                -0.22884558141231537,
                0.08961549401283264
            ],
            "segmentation_id": 10,
            "visibility": -1
        },
        {
            "bounding_box_minx_maxx_miny_maxy": [
                -1,
                -1,
                -1,
                -1
            ],
            "class": "2",
            "local_cuboid": null,
            "local_to_world_matrix": [
                [
                    0.21007239818572998,
                    0.05623403191566467,
                    0.976067304611206,
                    0.0
                ],
                [
                    -0.8883755207061768,
                    -0.4058854579925537,
                    0.2145833671092987,
                    0.0
                ],
                [
                    0.4082382917404175,
                    -0.9121923446655273,
                    -0.0353083610534668,
                    0.0
                ],
                [
                    1.6622254848480225,
                    0.7123003005981445,
                    -0.787449061870575,
                    1.0
                ]
            ],
            "location": [
                -0.7123003005981445,
                -0.787449061870575,
                -1.6622254848480225
            ],
            "location_world": [
                1.6622254848480225,
                0.7123003005981445,
                -0.787449061870575
            ],
            "name": "google_2_of_Jenga_Classic_Game_10",
            "projected_cuboid": [
                [
                    96.3394045829773,
                    503.78549098968506
                ],
                [
                    101.56607627868652,
                    508.40890407562256
                ],
                [
                    -7.750034332275391,
                    523.4663486480713
                ],
                [
                    -8.54077935218811,
                    517.8589820861816
                ],
                [
                    96.41171991825104,
                    531.7737460136414
                ],
                [
                    101.69143974781036,
                    537.6508235931396
                ],
                [
                    -8.73616337776184,
                    555.0198554992676
                ],
                [
                    -9.49084758758545,
                    547.9581356048584
                ],
                [
                    47.018036246299744,
                    527.8342962265015
                ]
            ],
            "provenance": "nvisii",
            "quaternion_xyzw": [
                0.5332497358322144,
                0.6478918790817261,
                0.3291703462600708,
                0.43304479122161865
            ],
            "quaternion_xyzw_world": [
                0.6425080299377441,
                -0.3237864375114441,
                0.5386335849761963,
                0.4384286403656006
            ],
            "segmentation_id": 11,
            "visibility": -1
        },
        {
            "bounding_box_minx_maxx_miny_maxy": [
                -1,
                -1,
                -1,
                -1
            ],
            "class": "2",
            "local_cuboid": null,
            "local_to_world_matrix": [
                [
                    -0.5251916646957397,
                    -0.7665319442749023,
                    -0.3695976734161377,
                    0.0
                ],
                [
                    -0.17796757817268372,
                    0.5236483216285706,
                    -0.8331385850906372,
                    0.0
                ],
                [
                    0.8321665525436401,
                    -0.3717811107635498,
                    -0.4114335775375366,
                    0.0
                ],
                [
                    1.5694905519485474,
                    0.6131306290626526,
                    0.4749308228492737,
                    1.0
                ]
            ],
            "location": [
                -0.6131306290626526,
                0.4749308228492737,
                -1.5694905519485474
            ],
            "location_world": [
                1.5694905519485474,
                0.6131306290626526,
                0.4749308228492737
            ],
            "name": "google_2_of_Jenga_Classic_Game_11",
            "projected_cuboid": [
                [
                    98.325714468956,
                    124.08837676048279
                ],
                [
                    82.09241926670074,
                    146.8232274055481
                ],
                [
                    13.086259365081787,
                    83.49011838436127
                ],
                [
                    32.52120316028595,
                    57.81586468219757
                ],
                [
                    81.91308379173279,
                    117.3626184463501
                ],
                [
                    65.91309607028961,
                    139.52618837356567
                ],
                [
                    -3.7715137004852295,
                    76.73025131225586
                ],
                [
                    15.31800627708435,
                    51.78537964820862
                ],
                [
                    50.54745078086853,
                    101.92631185054779
                ]
            ],
            "provenance": "nvisii",
            "quaternion_xyzw": [
                -0.9262609481811523,
                0.24108918011188507,
                -0.24209506809711456,
                -0.15908075869083405
            ],
            "quaternion_xyzw_world": [
                -0.3010787069797516,
                0.7842629551887512,
                -0.3840930163860321,
                0.3830871284008026
            ],
            "segmentation_id": 12,
            "visibility": -1
        },
        {
            "bounding_box_minx_maxx_miny_maxy": [
                -1,
                -1,
                -1,
                -1
            ],
            "class": "2",
            "local_cuboid": null,
            "local_to_world_matrix": [
                [
                    0.6026325225830078,
                    0.5988515615463257,
                    0.5274569988250732,
                    0.0
                ],
                [
                    0.0019192993640899658,
                    0.6598685383796692,
                    -0.75137859582901,
                    0.0
                ],
                [
                    -0.7980165481567383,
                    0.45381754636764526,
                    0.3965088725090027,
                    0.0
                ],
                [
                    1.5167547464370728,
                    -0.37362146377563477,
                    0.5161125063896179,
                    1.0
                ]
            ],
            "location": [
                0.37362146377563477,
                0.5161125063896179,
                -1.5167547464370728
            ],
            "location_world": [
                1.5167547464370728,
                -0.37362146377563477,
                0.5161125063896179
            ],
            "name": "google_2_of_Jenga_Classic_Game_12",
            "projected_cuboid": [
                [
                    363.2625341415405,
                    -66.00022315979004
                ],
                [
                    337.52840757369995,
                    -36.674171686172485
                ],
                [
                    376.2173056602478,
                    52.07523703575134
                ],
                [
                    398.0613350868225,
                    27.196213603019714
                ],
                [
                    390.169620513916,
                    -57.99025297164917
                ],
                [
                    363.46107721328735,
                    -27.558714151382446
                ],
                [
                    399.3331789970398,
                    62.59346008300781
                ],
                [
                    421.8752980232239,
                    36.92325949668884
                ],
                [
                    382.49391317367554,
                    2.5607794523239136
                ]
            ],
            "provenance": "nvisii",
            "quaternion_xyzw": [
                -0.29770398139953613,
                0.11119396239519119,
                0.8871649503707886,
                0.33458420634269714
            ],
            "quaternion_xyzw_world": [
                -0.3695453703403473,
                -0.4064256250858307,
                0.18303538858890533,
                0.815323531627655
            ],
            "segmentation_id": 13,
            "visibility": -1
        },
        {
            "bounding_box_minx_maxx_miny_maxy": [
                -1,
                -1,
                -1,
                -1
            ],
            "class": "2",
            "local_cuboid": null,
            "local_to_world_matrix": [
                [
                    0.8912892937660217,
                    -0.3734234869480133,
                    -0.2572125792503357,
                    0.0
