{
    "camera_data": {
        "camera_look_at": {
            "at": [
                1.0,
                0.0,
                0.0
            ],
            "eye": [
                0.0,
                0.0,
                0.0
            ],
            "up": [
                0.0,
                0.0,
                1.0
            ]
        },
        "camera_view_matrix": [
            [
                0.0,
                0.0,
                -1.0,
                0.0
            ],
            [
                -1.0,
                0.0,
                0.0,
                0.0
            ],
            [
                0.0,
                1.0,
                0.0,
                0.0
            ],
            [
                0.0,
                0.0,
                0.0,
                1.0
            ]
        ],
        "height": 500,
        "intrinsics": {
            "cx": 250.0,
            "cy": 250.0,
            "fx": 603.5535278320312,
            "fy": 603.5535278320312
        },
        "location_world": [
            0.0,
            0.0,
            0.0
        ],
        "quaternion_world_xyzw": [
            0.5,
            -0.5,
            -0.5,
            0.5
        ],
        "width": 500
    },
    "objects": [
        {
            "bounding_box_minx_maxx_miny_maxy": [
                -1,
                -1,
                -1,
                -1
            ],
            "class": "2",
            "local_cuboid": null,
            "local_to_world_matrix": [
                [
                    0.22902417182922363,
                    -0.22652104496955872,
                    -0.946697473526001,
                    0.0
                ],
                [
                    0.8307751417160034,
                    -0.4613666534423828,
                    0.31137385964393616,
                    0.0
                ],
                [
                    -0.5073072910308838,
                    -0.8578048944473267,
                    0.08252382278442383,
                    0.0
                ],
                [
                    1.9120302200317383,
                    0.20465296506881714,
                    -0.8203917741775513,
                    1.0
                ]
            ],
            "location": [
                -0.20465296506881714,
                -0.8203917741775513,
                -1.9120302200317383
            ],
            "location_world": [
                1.9120302200317383,
                0.20465296506881714,
                -0.8203917741775513
            ],
            "name": "google_2_of_Jenga_Classic_Game_0",
            "projected_cuboid": [
                [
                    262.2770369052887,
                    544.0938472747803
                ],
                [
                    274.8059630393982,
                    523.9055156707764
                ],
                [
                    195.6159621477127,
                    510.5935335159302
                ],
                [
                    181.1259537935257,
                    528.7005305290222
                ],
                [
                    256.1344504356384,
                    520.9728479385376
                ],
                [
                    269.0306007862091,
                    501.4868974685669
                ],
                [
                    189.5439177751541,
                    489.7650182247162
                ],
                [
                    174.68571662902832,
                    507.2648525238037
                ],
                [
                    223.92915189266205,
                    515.4494047164917
                ]
            ],
            "provenance": "nvisii",
            "quaternion_xyzw": [
                -0.3193117082118988,
                0.3799820840358734,
                -0.49229371547698975,
                0.7150528430938721
            ],
            "quaternion_xyzw_world": [
                0.6340084671974182,
                0.23826734721660614,
                -0.5733380913734436,
                0.46102645993232727
            ],
            "segmentation_id": 1,
            "visibility": -1
        },
        {
            "bounding_box_minx_maxx_miny_maxy": [
                -1,
                -1,
                -1,
                -1
            ],
            "class": "2",
            "local_cuboid": null,
            "local_to_world_matrix": [
                [
                    0.48421621322631836,
                    -0.5229927897453308,
                    -0.7014365196228027,
                    0.0
                ],
                [
                    0.5134318470954895,
                    0.8189902305603027,
                    -0.25620850920677185,
                    0.0
                ],
                [
                    0.7084648609161377,
                    -0.23607954382896423,
                    0.66508948802948,
                    0.0
                ],
                [
                    0.7612735033035278,
                    0.6025536060333252,
                    -0.37168586254119873,
                    1.0
                ]
            ],
            "location": [
                -0.6025536060333252,
                -0.37168586254119873,
                -0.7612735033035278
            ],
            "location_world": [
                0.7612735033035278,
                0.6025536060333252,
                -0.37168586254119873
            ],
            "name": "google_2_of_Jenga_Classic_Game_1",
            "projected_cuboid": [
                [
                    -49.00538921356201,
                    371.4100420475006
                ],
                [
                    -77.52493023872375,
                    379.1344165802002
                ],
                [
                    -213.92786502838135,
                    558.6506128311157
                ],
                [
                    -185.4236125946045,
                    559.0774416923523
                ],
                [
                    -88.17079663276672,
                    340.3996229171753
                ],
                [
                    -116.06347560882568,
                    349.8128056526184
                ],
                [
                    -269.72895860671997,
                    530.3624868392944
                ],
                [
                    -243.07116866111755,
                    529.1097164154053
                ],
                [
                    -146.4904546737671,
                    441.6131377220154
                ]
            ],
            "provenance": "nvisii",
            "quaternion_xyzw": [
                -0.7886168956756592,
                0.4819915294647217,
                0.07866198569536209,
                0.373603880405426
            ],
            "quaternion_xyzw_world": [
                -0.005841680336743593,
                0.40917128324508667,
                -0.30078360438346863,
                0.8614371418952942
            ],
            "segmentation_id": 2,
            "visibility": -1
        },
        {
            "bounding_box_minx_maxx_miny_maxy": [
                -1,
                -1,
                -1,
                -1
            ],
            "class": "2",
            "local_cuboid": null,
            "local_to_world_matrix": [
                [
                    0.3816235661506653,
                    0.867509126663208,
                    0.3190474510192871,
                    0.0
                ],
                [
                    0.7987067699432373,
                    -0.13576626777648926,
                    -0.586203932762146,
                    0.0
                ],
                [
                    -0.4652214050292969,
                    0.4785345792770386,
                    -0.744697093963623,
                    0.0
                ],
                [
                    1.9515645503997803,
                    -0.38440099358558655,
                    -0.5539796352386475,
                    1.0
                ]
            ],
            "location": [
                0.38440099358558655,
                -0.5539796352386475,
                -1.9515645503997803
            ],
            "location_world": [
                1.9515645503997803,
                -0.38440099358558655,
                -0.5539796352386475
            ],
            "name": "google_2_of_Jenga_Classic_Game_2",
            "projected_cuboid": [
                [
                    318.74775886535645,
                    496.5839385986328
                ],
                [
                    319.97203826904297,
                    503.68785858154297
                ],
                [
                    357.39415884017944,
                    420.8197593688965
                ],
                [
                    357.5616776943207,
                    411.32381558418274
                ],
                [
                    343.29625964164734,
                    509.3829035758972
                ],
                [
                    343.6380922794342,
                    516.1328315734863
                ],
                [
                    379.99969720840454,
                    431.14012479782104
                ],
                [
                    380.97110390663147,
                    421.8597412109375
                ],
                [
                    350.78203678131104,
                    462.35740184783936
                ]
            ],
            "provenance": "nvisii",
            "quaternion_xyzw": [
                0.25173065066337585,
                0.4516867995262146,
                -0.8542444705963135,
                -0.05363839119672775
            ],
            "quaternion_xyzw_world": [
                0.752011775970459,
                0.5539194941520691,
                -0.04859430715441704,
                -0.35396337509155273
            ],
            "segmentation_id": 3,
            "visibility": -1
        },
        {
            "bounding_box_minx_maxx_miny_maxy": [
                -1,
                -1,
                -1,
                -1
            ],
            "class": "2",
            "local_cuboid": null,
            "local_to_world_matrix": [
                [
                    0.7680791020393372,
                    0.6399344205856323,
                    -0.02320443093776703,
                    0.0
                ],
                [
                    0.46384453773498535,
                    -0.5809794664382935,
                    -0.6688132286071777,
                    0.0
                ],
                [
                    -0.44147789478302,
                    0.5029381513595581,
                    -0.7430682182312012,
                    0.0
                ],
                [
                    1.6033947467803955,
                    -0.7674472332000732,
                    0.6662403345108032,
                    1.0
                ]
            ],
            "location": [
                0.7674472332000732,
                0.6662403345108032,
                -1.6033947467803955
            ],
            "location_world": [
                1.6033947467803955,
                -0.7674472332000732,
                0.6662403345108032
            ],
            "name": "google_2_of_Jenga_Classic_Game_3",
            "projected_cuboid": [
                [
                    481.9580316543579,
                    56.33653700351715
                ],
                [
                    495.42236328125,
                    83.67370069026947
                ],
                [
                    529.9108624458313,
                    17.40877330303192
                ],
                [
                    518.3591842651367,
                    -9.352266788482666
                ],
                [
                    513.2129192352295,
                    47.32361435890198
                ],
                [
                    526.3983607292175,
                    76.0335624217987
                ],
                [
                    559.6908330917358,
                    7.866278290748596
                ],
                [
                    548.4394431114197,
                    -20.17909288406372
                ],
                [
                    522.1823453903198,
                    31.254708766937256
                ]
            ],
            "provenance": "nvisii",
            "quaternion_xyzw": [
                0.3832104206085205,
                0.36388295888900757,
                -0.829190194606781,
                0.18216082453727722
            ],
            "quaternion_xyzw_world": [
                0.8792222142219543,
                0.3138509690761566,
                -0.13212880492210388,
                -0.33317840099334717
            ],
            "segmentation_id": 4,
            "visibility": -1
        },
        {
            "bounding_box_minx_maxx_miny_maxy": [
                -1,
                -1,
                -1,
                -1
            ],
            "class": "2",
            "local_cuboid": null,
            "local_to_world_matrix": [
                [
                    0.7090352773666382,
                    -0.6477897763252258,
                    -0.2786349058151245,
                    0.0
                ],
                [
                    -0.5997610688209534,
                    -0.7617913484573364,
                    0.2448684722185135,
                    0.0
                ],
                [
                    -0.3708849549293518,
                    -0.006506010890007019,
                    -0.9286561012268066,
                    0.0
                ],
                [
                    0.2564866542816162,
                    0.3002725839614868,
                    0.29485833644866943,
                    1.0
                ]
            ],
            "location": [
                -0.3002725839614868,
                0.29485833644866943,
                -0.2564866542816162
            ],
            "location_world": [
                0.2564866542816162,
                0.3002725839614868,
                0.29485833644866943
            ],
            "name": "google_2_of_Jenga_Classic_Game_4",
            "projected_cuboid": [
                [
                    -663.8782620429993,
                    243.20833384990692
                ],
                [
                    -713.3345603942871,
                    158.17567706108093
                ],
                [
                    -315.02997875213623,
                    -435.22119522094727
                ],
                [
                    -347.98383712768555,
                    -282.9175591468811
                ],
                [
                    -1227.1288633346558,
                    149.42613244056702
                ],
                [
                    -1606.4164638519287,
                    -35.80334782600403
                ],
                [
                    -622.3428845405579,
                    -689.1213059425354
                ],
                [
                    -601.248562335968,
                    -452.60506868362427
                ],
                [
                    -643.0201530456543,
                    -224.98223185539246
                ]
            ],
            "provenance": "nvisii",
            "quaternion_xyzw": [
                0.5079459547996521,
                0.23779915273189545,
                -0.3457697033882141,
                0.7522538304328918
            ],
            "quaternion_xyzw_world": [
                0.921884298324585,
                -0.3383154571056366,
                -0.1761392056941986,
                0.06816866248846054
            ],
            "segmentation_id": 5,
            "visibility": -1
        },
        {
            "bounding_box_minx_maxx_miny_maxy": [
                -1,
                -1,
                -1,
                -1
            ],
            "class": "2",
            "local_cuboid": null,
            "local_to_world_matrix": [
                [
                    0.08879727125167847,
                    0.9526877999305725,
                    -0.29069074988365173,
                    0.0
                ],
                [
                    0.11226767301559448,
                    -0.2995567321777344,
                    -0.9474501609802246,
                    0.0
                ],
                [
                    -0.9897024631500244,
                    0.05149582028388977,
                    -0.13355588912963867,
                    0.0
                ],
                [
                    1.3804181814193726,
                    -0.25922226905822754,
                    0.3734063506126404,
                    1.0
                ]
            ],
            "location": [
                0.25922226905822754,
                0.3734063506126404,
                -1.3804181814193726
            ],
            "location_world": [
                1.3804181814193726,
                -0.25922226905822754,
                0.3734063506126404
            ],
            "name": "google_2_of_Jenga_Classic_Game_5",
            "projected_cuboid": [
                [
                    357.3937118053436,
                    49.034133553504944
                ],
                [
                    370.35176157951355,
                    94.67944502830505
                ],
                [
                    351.83456540107727,
                    110.0584864616394
                ],
                [
                    341.46538376808167,
                    74.08668100833893
                ],
                [
                    399.96880292892456,
                    34.955501556396484
                ],
                [
                    412.6405417919159,
                    81.01560175418854
                ],
                [
                    385.18112897872925,
                    99.33160245418549
                ],
                [
                    374.98942017555237,
                    63.10203671455383
                ],
                [
                    372.9262948036194,
                    77.1494209766388
                ]
            ],
            "provenance": "nvisii",
            "quaternion_xyzw": [
                0.03556644916534424,
                0.06231999397277832,
                -0.9861339330673218,
                0.14963676035404205
            ],
            "quaternion_xyzw_world": [
                0.6168285608291626,
                0.4316253662109375,
                -0.51894211769104,
                -0.40487179160118103
            ],
            "segmentation_id": 6,
            "visibility": -1
        },
        {
            "bounding_box_minx_maxx_miny_maxy": [
                -1,
                -1,
                -1,
                -1
            ],
            "class": "2",
            "local_cuboid": null,
            "local_to_world_matrix": [
                [
                    0.5188201665878296,
                    0.8211537599563599,
                    0.23776495456695557,
                    0.0
                ],
                [
                    0.7936877012252808,
                    -0.3593411445617676,
                    -0.490850031375885,
                    0.0
                ],
                [
                    -0.31762462854385376,
                    0.44337403774261475,
                    -0.8381731510162354,
                    0.0
                ],
                [
                    1.8591028451919556,
                    0.6170455813407898,
                    0.7065228223800659,
                    1.0
                ]
            ],
            "location": [
                -0.6170455813407898,
                0.7065228223800659,
                -1.8591028451919556
            ],
            "location_world": [
                1.8591028451919556,
                0.6170455813407898,
                0.7065228223800659
            ],
            "name": "google_2_of_Jenga_Classic_Game_6",
            "projected_cuboid": [
                [
                    -23.372501134872437,
                    80.69607615470886
                ],
                [
                    -3.2469332218170166,
                    100.67203640937805
                ],
                [
                    49.89421367645264,
                    30.671969056129456
                ],
                [
                    32.709360122680664,
                    9.158730506896973
                ],
                [
                    -7.073789834976196,
                    83.26062560081482
                ],
                [
                    12.900784611701965,
                    103.59945893287659
                ],
                [
                    66.40350818634033,
                    31.92390501499176
                ],
                [
                    49.44196343421936,
                    9.969398379325867
                ],
                [
                    22.987276315689087,
                    55.51046133041382
                ]
            ],
            "provenance": "nvisii",
            "quaternion_xyzw": [
                0.2966781258583069,
                0.503159761428833,
                -0.8108064532279968,
                0.03748616576194763
            ],
            "quaternion_xyzw_world": [
                0.8240652680397034,
                0.48990097641944885,
                -0.024227352812886238,
                -0.28341931104660034
            ],
            "segmentation_id": 7,
            "visibility": -1
        },
        {
            "bounding_box_minx_maxx_miny_maxy": [
                -1,
                -1,
                -1,
                -1
            ],
            "class": "2",
            "local_cuboid": null,
            "local_to_world_matrix": [
                [
                    0.15345674753189087,
                    -0.9482501149177551,
                    -0.2779797315597534,
                    0.0
                ],
                [
                    0.9557626843452454,
                    0.07099497318267822,
                    0.2854425311088562,
                    0.0
                ],
                [
                    -0.25093573331832886,
                    -0.3094857335090637,
                    0.9171967506408691,
                    0.0
                ],
                [
                    1.6245448589324951,
                    -0.6004858613014221,
                    -0.7745599150657654,
                    1.0
                ]
            ],
            "location": [
                0.6004858613014221,
                -0.7745599150657654,
                -1.6245448589324951
            ],
            "location_world": [
                1.6245448589324951,
                -0.6004858613014221,
                -0.7745599150657654
            ],
            "name": "google_2_of_Jenga_Classic_Game_7",
            "projected_cuboid": [
                [
                    540.9597754478455,
                    460.74506640434265
                ],
                [
                    523.99742603302,
                    440.993994474411
                ],
                [
                    479.3244004249573,
                    529.388427734375
                ],
                [
                    493.23776364326477,
                    552.7151226997375
                ],
                [
                    513.2975578308105,
                    453.64511013031006
                ],
                [
                    497.61372804641724,
                    434.1046214103699
                ],
                [
                    453.78050208091736,
                    523.4485268592834
                ],
                [
                    466.4943218231201,
                    546.6504096984863
                ],
                [
                    495.42248249053955,
                    493.4976100921631
                ]
            ],
            "provenance": "nvisii",
            "quaternion_xyzw": [
                -0.5941110849380493,
                0.14684739708900452,
                -0.06565648317337036,
                0.7881351709365845
            ],
            "quaternion_xyzw_world": [
                0.2032640278339386,
                0.009239882230758667,
                -0.6505276560783386,
                0.7317185997962952
            ],
            "segmentation_id": 8,
            "visibility": -1
        },
        {
            "bounding_box_minx_maxx_miny_maxy": [
                -1,
                -1,
                -1,
                -1
            ],
            "class": "2",
            "local_cuboid": null,
            "local_to_world_matrix": [
                [
                    0.7065899968147278,
                    0.6682049036026001,
                    -0.23287929594516754,
                    0.0
                ],
                [
                    -0.6387697458267212,
                    0.4607023000717163,
                    -0.6162195801734924,
                    0.0
                ],
                [
                    -0.30447298288345337,
                    0.5841708779335022,
                    0.7523567080497742,
                    0.0
                ],
                [
                    1.952645182609558,
                    0.036818813532590866,
                    -0.8091934323310852,
                    1.0
                ]
            ],
            "location": [
                -0.036818813532590866,
                -0.8091934323310852,
                -1.952645182609558
            ],
            "location_world": [
                1.952645182609558,
                0.036818813532590866,
                -0.8091934323310852
            ],
            "name": "google_2_of_Jenga_Classic_Game_8",
            "projected_cuboid": [
                [
                    182.5735569000244,
                    430.1249086856842
                ],
                [
                    168.03143918514252,
                    452.1774649620056
                ],
                [
                    224.48106110095978,
                    510.86902618408203
                ],
                [
                    236.86227202415466,
                    488.2165789604187
                ],
                [
                    197.63493537902832,
                    429.5624792575836
                ],
                [
                    183.09378623962402,
                    452.2778391838074
                ],
                [
                    240.49553275108337,
                    512.6886367797852
                ],
                [
                    252.78779864311218,
                    489.33887481689453
                ],
                [
                    211.37714385986328,
                    471.1824059486389
                ]
            ],
            "provenance": "nvisii",
            "quaternion_xyzw": [
                -0.4011053144931793,
                0.43229395151138306,
                0.8045024871826172,
                0.07079623639583588
            ],
            "quaternion_xyzw_world": [
                -0.3512588143348694,
                -0.020949773490428925,
                0.3824475109577179,
                0.8543490171432495
            ],
            "segmentation_id": 9,
            "visibility": -1
        },
        {
            "bounding_box_minx_maxx_miny_maxy": [
                -1,
                -1,
                -1,
                -1
            ],
            "class": "2",
            "local_cuboid": null,
            "local_to_world_matrix": [
                [
                    -0.13534283638000488,
                    0.8290350437164307,
                    0.5425710082054138,
                    0.0
                ],
                [
                    -0.8790957927703857,
                    0.15211760997772217,
                    -0.45171988010406494,
                    0.0
                ],
                [
                    -0.4570261836051941,
                    -0.5381088852882385,
                    0.7082131505012512,
                    0.0
                ],
                [
                    1.7283717393875122,
                    -0.03202149644494057,
                    0.5886515974998474,
                    1.0
                ]
            ],
            "location": [
                0.03202149644494057,
                0.5886515974998474,
                -1.7283717393875122
            ],
            "location_world": [
                1.7283717393875122,
                -0.03202149644494057,
                0.5886515974998474
            ],
            "name": "google_2_of_Jenga_Classic_Game_9",
            "projected_cuboid": [
                [
                    310.45860052108765,
                    -60.18289923667908
                ],
                [
                    308.35574865341187,
                    -60.18522381782532
                ],
                [
                    247.46595323085785,
                    38.432374596595764
                ],
                [
                    251.9770860671997,
                    34.27574038505554
                ],
                [
                    334.17174220085144,
                    -42.382895946502686
                ],
                [
                    333.2093358039856,
                    -41.53996706008911
                ],
                [
                    270.7471549510956,
                    54.98996376991272
                ],
                [
                    274.2552161216736,
                    50.16432702541351
                ],
                [
                    290.18500447273254,
                    -1.3844966888427734
                ]
            ],
            "provenance": "nvisii",
            "quaternion_xyzw": [
                0.20350594818592072,
                0.47965845465660095,
                0.8273121118545532,
                0.2099233865737915
            ],
            "quaternion_xyzw_world": [
                0.03288785368204117,
                -0.38054147362709045,
                0.6502765417098999,
                0.6566939949989319
            ],
            "segmentation_id": 10,
            "visibility": -1
        },
        {
            "bounding_box_minx_maxx_miny_maxy": [
                -1,
                -1,
                -1,
                -1
            ],
            "class": "2",
            "local_cuboid": null,
            "local_to_world_matrix": [
                [
                    0.12160325050354004,
                    0.1063278317451477,
                    -0.9868673086166382,
                    0.0
                ],
                [
                    0.658403217792511,
                    -0.7526654005050659,
                    3.516674041748047e-05,
                    0.0
                ],
                [
                    -0.7427771091461182,
                    -0.649760901927948,
                    -0.16153323650360107,
                    0.0
                ],
                [
                    1.7179172039031982,
                    0.7710101008415222,
                    -0.6739441752433777,
                    1.0
                ]
            ],
            "location": [
                -0.7710101008415222,
                -0.6739441752433777,
                -1.7179172039031982
            ],
            "location_world": [
                1.7179172039031982,
                0.7710101008415222,
                -0.6739441752433777
            ],
            "name": "google_2_of_Jenga_Classic_Game_10",
            "projected_cuboid": [
                [
                    -2.0546019077301025,
                    560.3821277618408
                ],
                [
                    32.096028327941895,
                    549.1287708282471
                ],
                [
                    -6.3352882862091064,
                    495.78481912612915
                ],
                [
                    -37.37488389015198,
                    503.8478374481201
                ],
                [
                    -0.25349855422973633,
                    530.409574508667
                ],
                [
                    34.04642641544342,
                    520.1787948608398
                ],
                [
                    -4.839807748794556,
                    470.14886140823364
                ],
                [
                    -36.00668907165527,
                    477.4121046066284
                ],
                [
                    -3.56099009513855,
                    511.57963275909424
                ]
            ],
            "provenance": "nvisii",
            "quaternion_xyzw": [
                -0.1942034363746643,
                0.3014903962612152,
                -0.6799025535583496,
                0.6396257877349854
            ],
            "quaternion_xyzw_world": [
                0.7134076356887817,
                0.2679853141307831,
                -0.6061206459999084,
                0.22770854830741882
            ],
            "segmentation_id": 11,
            "visibility": -1
        },
        {
            "bounding_box_minx_maxx_miny_maxy": [
                -1,
                -1,
                -1,
                -1
            ],
            "class": "2",
            "local_cuboid": null,
            "local_to_world_matrix": [
                [
                    -0.8830461502075195,
                    -0.1858961582183838,
                    -0.43089696764945984,
                    0.0
                ],
                [
                    0.05968277156352997,
                    0.8662542700767517,
                    -0.4960257411003113,
                    0.0
                ],
                [
                    0.46547558903694153,
                    -0.46373075246810913,
                    -0.7538477182388306,
                    0.0
                ],
                [
                    1.6216965913772583,
                    0.47962236404418945,
                    0.45609867572784424,
                    1.0
                ]
            ],
            "location": [
                -0.47962236404418945,
                0.45609867572784424,
                -1.6216965913772583
            ],
            "location_world": [
                1.6216965913772583,
                0.47962236404418945,
                0.45609867572784424
            ],
            "name": "google_2_of_Jenga_Classic_Game_11",
            "projected_cuboid": [
                [
                    144.66592669487,
                    165.84476828575134
                ],
                [
                    119.386687874794,
                    180.74189126491547
                ],
                [
                    56.77635967731476,
                    91.20030701160431
                ],
                [
                    84.02581512928009,
                    74.7399628162384
                ],
                [
                    143.82049441337585,
                    157.65824913978577
                ],
                [
                    119.52467262744904,
                    172.0002442598343
                ],
                [
                    59.55451726913452,
                    85.50195395946503
                ],
                [
                    85.66480875015259,
                    69.71746683120728
                ],
                [
                    102.88168489933014,
                    126.4016330242157
                ]
            ],
            "provenance": "nvisii",
            "quaternion_xyzw": [
                -0.7327001094818115,
                0.4425928592681885,
                -0.45952528715133667,
                -0.23685164749622345
            ],
            "quaternion_xyzw_world": [
                -0.03371678665280342,
                0.9358349442481995,
                -0.25639042258262634,
                0.23945797979831696
            ],
            "segmentation_id": 12,
            "visibility": -1
        },
        {
            "bounding_box_minx_maxx_miny_maxy": [
                -1,
                -1,
                -1,
                -1
            ],
            "class": "2",
            "local_cuboid": null,
            "local_to_world_matrix": [
                [
                    -0.07436752319335938,
                    0.9961450695991516,
                    -0.046525150537490845,
                    0.0
                ],
                [
                    0.9725707173347473,
                    0.0827605128288269,
                    0.21738693118095398,
                    0.0
                ],
                [
                    0.22039934992790222,
                    -0.02908249944448471,
                    -0.9749761819839478,
                    0.0
                ],
                [
                    1.3828307390213013,
                    -0.3596082925796509,
                    0.4408404231071472,
                    1.0
                ]
            ],
            "location": [
                0.3596082925796509,
                0.4408404231071472,
                -1.3828307390213013
            ],
            "location_world": [
                1.3828307390213013,
                -0.3596082925796509,
                0.4408404231071472
            ],
            "name": "google_2_of_Jenga_Classic_Game_12",
            "projected_cuboid": [
                [
                    392.94469356536865,
                    187.61779367923737
                ],
                [
                    382.2017014026642,
                    183.6080700159073
                ],
                [
                    384.58311557769775,
                    59.63316559791565
                ],
                [
                    395.98870277404785,
                    56.23118579387665
                ],
                [
                    426.00977420806885,
                    186.305433511734
                ],
                [
                    413.48809003829956,
                    182.383731007576
                ],
                [
                    417.27137565612793,
                    58.86337161064148
                ],
                [
                    430.62353134155273,
                    55.42922019958496
                ],
                [
                    405.2095115184784,
                    122.70349264144897
                ]
            ],
            "provenance": "nvisii",
            "quaternion_xyzw": [
                -0.041434913873672485,
                0.7800530791282654,
                -0.624171257019043,
                -0.014513406902551651
            ],
            "quaternion_xyzw_world": [
                0.6741380095481873,
                0.7300863265991211,
                0.06448019295930862,
                0.09140169620513916
            ],
            "segmentation_id": 13,
            "visibility": -1
        },
        {
            "bounding_box_minx_maxx_miny_maxy": [
                -1,
                -1,
                -1,
                -1
            ],
            "class": "2",
            "local_cuboid": null,
            "local_to_world_matrix": [
                [
                    0.14155077934265137,
                    0.9874955415725708,
