{
    "camera_data": {
        "camera_look_at": {
            "at": [
                1.0,
                0.0,
                0.0
            ],
            "eye": [
                0.0,
                0.0,
                0.0
            ],
            "up": [
                0.0,
                0.0,
                1.0
            ]
        },
        "camera_view_matrix": [
            [
                0.0,
                0.0,
                -1.0,
                0.0
            ],
            [
                -1.0,
                0.0,
                0.0,
                0.0
            ],
            [
                0.0,
                1.0,
                0.0,
                0.0
            ],
            [
                0.0,
                0.0,
                0.0,
                1.0
            ]
        ],
        "height": 500,
        "intrinsics": {
            "cx": 250.0,
            "cy": 250.0,
            "fx": 603.5535278320312,
            "fy": 603.5535278320312
        },
        "location_world": [
            0.0,
            0.0,
            0.0
        ],
        "quaternion_world_xyzw": [
            0.5,
            -0.5,
            -0.5,
            0.5
        ],
        "width": 500
    },
    "objects": [
        {
            "bounding_box_minx_maxx_miny_maxy": [
                -1,
                -1,
                -1,
                -1
            ],
            "class": "2",
            "local_cuboid": null,
            "local_to_world_matrix": [
                [
                    0.09113049507141113,
                    -0.8227645754814148,
                    -0.5610290765762329,
                    0.0
                ],
                [
                    0.5221944451332092,
                    -0.44022321701049805,
                    0.7304220199584961,
                    0.0
                ],
                [
                    -0.8479434251785278,
                    -0.359529972076416,
                    0.3895253539085388,
                    0.0
                ],
                [
                    1.9745111465454102,
                    0.22741295397281647,
                    -0.84492027759552,
                    1.0
                ]
            ],
            "location": [
                -0.22741295397281647,
                -0.84492027759552,
                -1.9745111465454102
            ],
            "location_world": [
                1.9745111465454102,
                0.22741295397281647,
                -0.84492027759552
            ],
            "name": "google_2_of_Jenga_Classic_Game_0",
            "projected_cuboid": [
                [
                    211.64704859256744,
                    527.025580406189
                ],
                [
                    225.41414201259613,
                    498.81401658058167
                ],
                [
                    196.76877558231354,
                    502.33638286590576
                ],
                [
                    184.0992122888565,
                    527.055025100708
                ],
                [
                    188.45728039741516,
                    512.4940872192383
                ],
                [
                    202.86697149276733,
                    484.53348875045776
                ],
                [
                    176.92047357559204,
                    489.84333872795105
                ],
                [
                    163.75505924224854,
                    514.3705010414124
                ],
                [
                    192.94869899749756,
                    507.004976272583
                ]
            ],
            "provenance": "nvisii",
            "quaternion_xyzw": [
                -0.2471836805343628,
                0.12218219041824341,
                -0.2714575529098511,
                0.9221076965332031
            ],
            "quaternion_xyzw_world": [
                0.534281849861145,
                -0.14064212143421173,
                -0.6592833399772644,
                0.5100079774856567
            ],
            "segmentation_id": 1,
            "visibility": -1
        },
        {
            "bounding_box_minx_maxx_miny_maxy": [
                -1,
                -1,
                -1,
                -1
            ],
            "class": "2",
            "local_cuboid": null,
            "local_to_world_matrix": [
                [
                    0.44652700424194336,
                    -0.5087813138961792,
                    -0.7360404133796692,
                    0.0
                ],
                [
                    0.2980990707874298,
                    0.860197901725769,
                    -0.41375911235809326,
                    0.0
                ],
                [
                    0.8436532616615295,
                    -0.03465823829174042,
                    0.5357687473297119,
                    0.0
                ],
                [
                    0.768279492855072,
                    0.5992922782897949,
                    -0.36456018686294556,
                    1.0
                ]
            ],
            "location": [
                -0.5992922782897949,
                -0.36456018686294556,
                -0.768279492855072
            ],
            "location_world": [
                0.768279492855072,
                0.5992922782897949,
                -0.36456018686294556
            ],
            "name": "google_2_of_Jenga_Classic_Game_1",
            "projected_cuboid": [
                [
                    -65.33423066139221,
                    379.9758553504944
                ],
                [
                    -99.69282150268555,
                    397.0252275466919
                ],
                [
                    -215.27108550071716,
                    560.6971979141235
                ],
                [
                    -173.725426197052,
                    543.5422658920288
                ],
                [
                    -101.22284293174744,
                    349.02966022491455
                ],
                [
                    -135.88544726371765,
                    367.44534969329834
                ],
                [
                    -268.4835195541382,
                    529.120683670044
                ],
                [
                    -226.7698049545288,
                    510.0700855255127
                ],
                [
                    -152.29713916778564,
                    443.8207745552063
                ]
            ],
            "provenance": "nvisii",
            "quaternion_xyzw": [
                -0.831593930721283,
                0.4798732399940491,
                0.12381915748119354,
                0.25068366527557373
            ],
            "quaternion_xyzw_world": [
                -0.11242812126874924,
                0.4684821665287018,
                -0.23929263651371002,
                0.8429849743843079
            ],
            "segmentation_id": 2,
            "visibility": -1
        },
        {
            "bounding_box_minx_maxx_miny_maxy": [
                -1,
                -1,
                -1,
                -1
            ],
            "class": "2",
            "local_cuboid": null,
            "local_to_world_matrix": [
                [
                    -0.23375022411346436,
                    0.8809115886688232,
                    0.41152843832969666,
                    0.0
                ],
                [
                    0.8133169412612915,
                    0.40908747911453247,
                    -0.4137185215950012,
                    0.0
                ],
                [
                    -0.5328006148338318,
                    0.23799622058868408,
                    -0.8120846748352051,
                    0.0
                ],
                [
                    1.9398219585418701,
                    -0.3528551757335663,
                    -0.5646759867668152,
                    1.0
                ]
            ],
            "location": [
                0.3528551757335663,
                -0.5646759867668152,
                -1.9398219585418701
            ],
            "location_world": [
                1.9398219585418701,
                -0.3528551757335663,
                -0.5646759867668152
            ],
            "name": "google_2_of_Jenga_Classic_Game_2",
            "projected_cuboid": [
                [
                    342.19759702682495,
                    516.3654088973999
                ],
                [
                    327.17517018318176,
                    517.9083347320557
                ],
                [
                    342.41610765457153,
                    423.82678389549255
                ],
                [
                    356.75761103630066,
                    419.0031886100769
                ],
                [
                    365.07490277290344,
                    524.712085723877
                ],
                [
                    349.3443727493286,
                    525.9257555007935
                ],
                [
                    362.7040982246399,
                    432.08980560302734
                ],
                [
                    377.63512134552,
                    427.60902643203735
                ],
                [
                    353.11922430992126,
                    471.4808762073517
                ]
            ],
            "provenance": "nvisii",
            "quaternion_xyzw": [
                0.001262575387954712,
                0.4833199083805084,
                -0.8407483100891113,
                -0.24401356279850006
            ],
            "quaternion_xyzw_world": [
                0.5406585931777954,
                0.783409595489502,
                -0.05607612803578377,
                -0.30135226249694824
            ],
            "segmentation_id": 3,
            "visibility": -1
        },
        {
            "bounding_box_minx_maxx_miny_maxy": [
                -1,
                -1,
                -1,
                -1
            ],
            "class": "2",
            "local_cuboid": null,
            "local_to_world_matrix": [
                [
                    0.5348623394966125,
                    0.4786651134490967,
                    -0.6962772011756897,
                    0.0
                ],
                [
                    -0.2961592674255371,
                    -0.6655713319778442,
                    -0.6850578784942627,
                    0.0
                ],
                [
                    -0.7913355231285095,
                    0.5726206302642822,
                    -0.21422791481018066,
                    0.0
                ],
                [
                    1.5100324153900146,
                    -0.7518079876899719,
                    0.45822733640670776,
                    1.0
                ]
            ],
            "location": [
                0.7518079876899719,
                0.45822733640670776,
                -1.5100324153900146
            ],
            "location_world": [
                1.5100324153900146,
                -0.7518079876899719,
                0.45822733640670776
            ],
            "name": "google_2_of_Jenga_Classic_Game_3",
            "projected_cuboid": [
                [
                    497.1970319747925,
                    67.36975908279419
                ],
                [
                    528.3441543579102,
                    90.939462184906
                ],
                [
                    552.4531602859497,
                    90.28016030788422
                ],
                [
                    525.579571723938,
                    70.2504813671112
                ],
                [
                    523.3490467071533,
                    35.205960273742676
                ],
                [
                    556.0766458511353,
                    58.928340673446655
                ],
                [
                    576.5329599380493,
                    63.26182186603546
                ],
                [
                    548.503041267395,
                    43.11931133270264
                ],
                [
                    539.1968488693237,
                    65.1950091123581
                ]
            ],
            "provenance": "nvisii",
            "quaternion_xyzw": [
                0.3221246600151062,
                -0.023830711841583252,
                -0.8595141768455505,
                0.3961099684238434
            ],
            "quaternion_xyzw_world": [
                0.7769590616226196,
                0.05872439965605736,
                -0.4786650836467743,
                -0.4046798050403595
            ],
            "segmentation_id": 4,
            "visibility": -1
        },
        {
            "bounding_box_minx_maxx_miny_maxy": [
                -1,
                -1,
                -1,
                -1
            ],
            "class": "2",
            "local_cuboid": null,
            "local_to_world_matrix": [
                [
                    0.8932127356529236,
                    -0.08759935200214386,
                    -0.4410185217857361,
                    0.0
                ],
                [
                    0.16270630061626434,
                    -0.851396918296814,
                    0.4986483156681061,
                    0.0
                ],
                [
                    -0.4191630482673645,
                    -0.5171555280685425,
                    -0.7462255954742432,
                    0.0
                ],
                [
                    0.2932884693145752,
                    0.2983643114566803,
                    0.37163493037223816,
                    1.0
                ]
            ],
            "location": [
                -0.2983643114566803,
                0.37163493037223816,
                -0.2932884693145752
            ],
            "location_world": [
                0.2932884693145752,
                0.2983643114566803,
                0.37163493037223816
            ],
            "name": "google_2_of_Jenga_Classic_Game_4",
            "projected_cuboid": [
                [
                    -294.8695421218872,
                    -99.08077120780945
                ],
                [
                    -55.93842267990112,
                    -195.9049105644226
                ],
                [
                    -216.10620617866516,
                    -425.39191246032715
                ],
                [
                    -370.92292308807373,
                    -375.2294182777405
                ],
                [
                    -625.5210638046265,
                    -453.28080654144287
                ],
                [
                    -236.52973771095276,
                    -563.8365149497986
                ],
                [
                    -355.83293437957764,
                    -684.3096613883972
                ],
                [
                    -561.7258548736572,
                    -634.2373490333557
                ],
                [
                    -329.667329788208,
                    -433.12758207321167
                ]
            ],
            "provenance": "nvisii",
            "quaternion_xyzw": [
                0.20602668821811676,
                0.49796736240386963,
                -0.45632100105285645,
                0.7080626487731934
            ],
            "quaternion_xyzw_world": [
                0.9341888427734375,
                0.02009950764477253,
                -0.23019477725028992,
                0.2718411386013031
            ],
            "segmentation_id": 5,
            "visibility": -1
        },
        {
            "bounding_box_minx_maxx_miny_maxy": [
                -1,
                -1,
                -1,
                -1
            ],
            "class": "2",
            "local_cuboid": null,
            "local_to_world_matrix": [
                [
                    -0.8968081474304199,
                    0.21954001486301422,
                    -0.3841058611869812,
                    0.0
                ],
                [
                    -0.38686156272888184,
                    0.03208303451538086,
                    0.9215794801712036,
                    0.0
                ],
                [
                    0.2146468609571457,
                    0.9750758409500122,
                    0.056159257888793945,
                    0.0
                ],
                [
                    1.0791951417922974,
                    -0.08924630284309387,
                    0.395452618598938,
                    1.0
                ]
            ],
            "location": [
                0.08924630284309387,
                0.395452618598938,
                -1.0791951417922974
            ],
            "location_world": [
                1.0791951417922974,
                -0.08924630284309387,
                0.395452618598938
            ],
            "name": "google_2_of_Jenga_Classic_Game_5",
            "projected_cuboid": [
                [
                    140.9551203250885,
                    57.694658637046814
                ],
                [
                    136.18811964988708,
                    8.852913975715637
                ],
                [
                    296.5421974658966,
                    3.773927688598633
                ],
                [
                    296.65037989616394,
                    55.66060543060303
                ],
                [
                    156.175434589386,
                    53.771063685417175
                ],
                [
                    152.12717652320862,
                    7.795229554176331
                ],
                [
                    303.06172370910645,
                    2.9830336570739746
                ],
                [
                    302.9748201370239,
                    51.64675414562225
                ],
                [
                    221.11012041568756,
                    30.642062425613403
                ]
            ],
            "provenance": "nvisii",
            "quaternion_xyzw": [
                -0.13557961583137512,
                0.7674252986907959,
                0.14432048797607422,
                -0.6097935438156128
            ],
            "quaternion_xyzw_world": [
                -0.06113417446613312,
                0.6842389702796936,
                0.6929798722267151,
                0.21876594424247742
            ],
            "segmentation_id": 6,
            "visibility": -1
        },
        {
            "bounding_box_minx_maxx_miny_maxy": [
                -1,
                -1,
                -1,
                -1
            ],
            "class": "2",
            "local_cuboid": null,
            "local_to_world_matrix": [
                [
                    -0.4521232843399048,
                    -0.8369896411895752,
                    0.30827492475509644,
                    0.0
                ],
                [
                    -0.6959527730941772,
                    0.5472018718719482,
                    0.4649946093559265,
                    0.0
                ],
                [
                    -0.5578842759132385,
                    -0.004309982061386108,
                    -0.829908013343811,
                    0.0
                ],
                [
                    1.8607591390609741,
                    0.7533568739891052,
                    0.7395753860473633,
                    1.0
                ]
            ],
            "location": [
                -0.7533568739891052,
                0.7395753860473633,
                -1.8607591390609741
            ],
            "location_world": [
                1.8607591390609741,
                0.7533568739891052,
                0.7395753860473633
            ],
            "name": "google_2_of_Jenga_Classic_Game_6",
            "projected_cuboid": [
                [
                    4.261374473571777,
                    77.10739970207214
                ],
                [
                    -21.382272243499756,
                    56.595370173454285
                ],
                [
                    2.5835782289505005,
                    -6.701439619064331
                ],
                [
                    25.243088603019714,
                    14.011934399604797
                ],
                [
                    -13.552755117416382,
                    89.0522450208664
                ],
                [
                    -39.27484154701233,
                    69.39026713371277
                ],
                [
                    -14.194488525390625,
                    6.186768412590027
                ],
                [
                    8.5582435131073,
                    26.116058230400085
                ],
                [
                    -5.329310894012451,
                    40.25346040725708
                ]
            ],
            "provenance": "nvisii",
            "quaternion_xyzw": [
                -0.45114049315452576,
                0.1324017345905304,
                -0.25293290615081787,
                -0.8455573320388794
            ],
            "quaternion_xyzw_world": [
                -0.45568159222602844,
                0.8410162329673767,
                0.13694284856319427,
                -0.25747397541999817
            ],
            "segmentation_id": 7,
            "visibility": -1
        },
        {
            "bounding_box_minx_maxx_miny_maxy": [
                -1,
                -1,
                -1,
                -1
            ],
            "class": "2",
            "local_cuboid": null,
            "local_to_world_matrix": [
                [
                    -0.9872201681137085,
                    -0.1202368289232254,
                    0.10459359735250473,
                    0.0
                ],
                [
                    0.07172836363315582,
                    -0.9213297367095947,
                    -0.38210833072662354,
                    0.0
                ],
                [
                    0.14230868220329285,
                    -0.3697226643562317,
                    0.9181793928146362,
                    0.0
                ],
                [
                    1.5401889085769653,
                    -0.4907321035861969,
                    -0.7713896632194519,
                    1.0
                ]
            ],
            "location": [
                0.4907321035861969,
                -0.7713896632194519,
                -1.5401889085769653
            ],
            "location_world": [
                1.5401889085769653,
                -0.4907321035861969,
                -0.7713896632194519
            ],
            "name": "google_2_of_Jenga_Classic_Game_7",
            "projected_cuboid": [
                [
                    471.28117084503174,
                    439.2891824245453
                ],
                [
                    500.78797340393066,
                    451.14463567733765
                ],
                [
                    464.3881320953369,
                    564.3094778060913
                ],
                [
                    433.91555547714233,
                    552.5826215744019
                ],
                [
                    457.089364528656,
                    433.25483798980713
                ],
                [
                    485.2338433265686,
                    444.56419348716736
                ],
                [
                    450.217068195343,
                    551.9858598709106
                ],
                [
                    421.19574546813965,
                    540.7910346984863
                ],
                [
                    460.6062173843384,
                    496.40220403671265
                ]
            ],
            "provenance": "nvisii",
            "quaternion_xyzw": [
                0.6412203311920166,
                0.39998859167099,
                0.5290470123291016,
                -0.3859468400478363
            ],
            "quaternion_xyzw_world": [
                0.06310753524303436,
                -0.19216592609882355,
                0.978101372718811,
                -0.04906577244400978
            ],
            "segmentation_id": 8,
            "visibility": -1
        },
        {
            "bounding_box_minx_maxx_miny_maxy": [
                -1,
                -1,
                -1,
                -1
            ],
            "class": "2",
            "local_cuboid": null,
            "local_to_world_matrix": [
                [
                    -0.29835355281829834,
                    -0.9498521089553833,
                    0.09363070130348206,
                    0.0
                ],
                [
                    0.23080959916114807,
                    0.023386001586914062,
                    0.9727180004119873,
                    0.0
                ],
                [
                    -0.9261277914047241,
                    0.31182441115379333,
                    0.21225738525390625,
                    0.0
                ],
                [
                    1.9619601964950562,
                    -0.8114115595817566,
                    -0.8609710335731506,
                    1.0
                ]
            ],
            "location": [
                0.8114115595817566,
                -0.8609710335731506,
                -1.9619601964950562
            ],
            "location_world": [
                1.9619601964950562,
                -0.8114115595817566,
                -0.8609710335731506
            ],
            "name": "google_2_of_Jenga_Classic_Game_8",
            "projected_cuboid": [
                [
                    524.2364406585693,
                    552.2887706756592
                ],
                [
                    520.3673839569092,
                    519.458532333374
                ],
                [
                    511.09856367111206,
                    501.35910511016846
                ],
                [
                    514.3351554870605,
                    529.4306874275208
                ],
                [
                    493.7193989753723,
                    550.7199764251709
                ],
                [
                    490.25067687034607,
                    518.3586478233337
                ],
                [
                    485.1994514465332,
                    500.62406063079834
                ],
                [
                    488.1402254104614,
                    528.351902961731
                ],
                [
                    503.0428171157837,
                    524.2394208908081
                ]
            ],
            "provenance": "nvisii",
            "quaternion_xyzw": [
                0.11292305588722229,
                0.15551398694515228,
                -0.029823705554008484,
                -0.9809049367904663
            ],
            "quaternion_xyzw_world": [
                -0.3413220942020416,
                0.5266597867012024,
                0.6097591519355774,
                -0.4840688705444336
            ],
            "segmentation_id": 9,
            "visibility": -1
        },
        {
            "bounding_box_minx_maxx_miny_maxy": [
                -1,
                -1,
                -1,
                -1
            ],
            "class": "2",
            "local_cuboid": null,
            "local_to_world_matrix": [
                [
                    -0.2752124071121216,
                    0.08617240190505981,
                    0.9575137495994568,
                    0.0
                ],
                [
                    0.36239537596702576,
                    0.9318033456802368,
                    0.02030251920223236,
                    0.0
                ],
                [
                    -0.8904649615287781,
                    0.352586030960083,
                    -0.2876722812652588,
                    0.0
                ],
                [
                    1.596915602684021,
                    -0.13617539405822754,
                    0.33106863498687744,
                    1.0
                ]
            ],
            "location": [
                0.13617539405822754,
                0.33106863498687744,
                -1.596915602684021
            ],
            "location_world": [
                1.596915602684021,
                -0.13617539405822754,
                0.33106863498687744
            ],
            "name": "google_2_of_Jenga_Classic_Game_9",
            "projected_cuboid": [
                [
                    281.84738755226135,
                    119.24989521503448
                ],
                [
                    245.71548402309418,
                    121.46146595478058
                ],
                [
                    285.2284908294678,
                    110.6690913438797
                ],
                [
                    316.14699959754944,
                    108.613520860672
                ],
                [
                    284.4078540802002,
                    155.59770166873932
                ],
                [
                    248.79400432109833,
                    156.9579839706421
                ],
                [
                    287.28511929512024,
                    140.62149822711945
                ],
                [
                    317.8216218948364,
                    139.16948437690735
                ],
                [
                    284.85581278800964,
                    131.07363879680634
                ]
            ],
            "provenance": "nvisii",
            "quaternion_xyzw": [
                -0.027659326791763306,
                -0.23238436877727509,
                0.6993452310562134,
                0.6753878593444824
            ],
            "quaternion_xyzw_world": [
                -0.14200052618980408,
                -0.7897290587425232,
                -0.1180431917309761,
                0.5850040316581726
            ],
            "segmentation_id": 10,
            "visibility": -1
        },
        {
            "bounding_box_minx_maxx_miny_maxy": [
                -1,
                -1,
                -1,
                -1
            ],
            "class": "2",
            "local_cuboid": null,
            "local_to_world_matrix": [
                [
                    -0.7562483549118042,
                    0.10805723071098328,
                    -0.645300030708313,
                    0.0
                ],
                [
                    0.6435813903808594,
                    -0.05481076240539551,
                    -0.7634125351905823,
                    0.0
                ],
                [
                    -0.11786165833473206,
                    -0.9926325678825378,
                    -0.02809309959411621,
                    0.0
                ],
                [
                    1.7030001878738403,
                    0.8180427551269531,
                    -0.7492530941963196,
                    1.0
                ]
            ],
            "location": [
                -0.8180427551269531,
                -0.7492530941963196,
                -1.7030001878738403
            ],
            "location_world": [
                1.7030001878738403,
                0.8180427551269531,
                -0.7492530941963196
            ],
            "name": "google_2_of_Jenga_Classic_Game_10",
            "projected_cuboid": [
                [
                    49.75852370262146,
                    531.1263203620911
                ],
                [
                    57.96724557876587,
                    545.3099012374878
                ],
                [
                    -41.06426239013672,
                    536.4178419113159
                ],
                [
                    -52.37084627151489,
                    522.2374200820923
                ],
                [
                    59.98508632183075,
                    502.70652770996094
                ],
                [
                    67.5879418849945,
                    517.2947645187378
                ],
                [
                    -28.274893760681152,
                    509.25207138061523
                ],
                [
                    -38.77851366996765,
                    494.7021007537842
                ],
                [
                    9.024158120155334,
                    519.7076797485352
                ]
            ],
            "provenance": "nvisii",
            "quaternion_xyzw": [
                0.6199785470962524,
                -0.23810869455337524,
                0.7052183151245117,
                -0.24818938970565796
            ],
            "quaternion_xyzw_world": [
                -0.28576892614364624,
                -0.6575580835342407,
                0.6676387786865234,
                -0.20052917301654816
            ],
            "segmentation_id": 11,
            "visibility": -1
        },
        {
            "bounding_box_minx_maxx_miny_maxy": [
                -1,
                -1,
                -1,
                -1
            ],
            "class": "2",
            "local_cuboid": null,
            "local_to_world_matrix": [
                [
                    0.5710561275482178,
                    0.736996591091156,
                    0.36156755685806274,
                    0.0
                ],
                [
                    0.4075325131416321,
                    -0.6368550062179565,
                    0.6544719338417053,
                    0.0
                ],
                [
                    0.7126094698905945,
                    -0.22638976573944092,
                    -0.6640301942825317,
                    0.0
                ],
                [
                    1.5988984107971191,
                    0.5538336038589478,
                    0.46910029649734497,
                    1.0
                ]
            ],
            "location": [
                -0.5538336038589478,
                0.46910029649734497,
                -1.5988984107971191
            ],
            "location_world": [
                1.5988984107971191,
                0.5538336038589478,
                0.46910029649734497
            ],
            "name": "google_2_of_Jenga_Classic_Game_11",
            "projected_cuboid": [
                [
                    68.94557178020477,
                    162.83485293388367
                ],
                [
                    89.89378809928894,
                    146.3983654975891
                ],
                [
                    45.19835114479065,
                    61.7951899766922
                ],
                [
                    20.573243498802185,
                    78.54960858821869
                ],
                [
                    84.18577909469604,
                    170.35391926765442
                ],
                [
                    105.36669194698334,
                    153.36284041404724
                ],
                [
                    61.42883002758026,
                    67.2776997089386
                ],
                [
                    36.45038604736328,
                    84.63717997074127
                ],
                [
                    65.42862951755524,
                    118.12549829483032
                ]
            ],
            "provenance": "nvisii",
            "quaternion_xyzw": [
                0.283346563577652,
                0.8809197545051575,
                -0.3041033446788788,
                0.22631068527698517
            ],
            "quaternion_xyzw_world": [
                0.8473401665687561,
                0.33768290281295776,
                0.31692615151405334,
                0.25989022850990295
            ],
            "segmentation_id": 12,
            "visibility": -1
        },
        {
            "bounding_box_minx_maxx_miny_maxy": [
                -1,
                -1,
                -1,
                -1
            ],
            "class": "2",
            "local_cuboid": null,
            "local_to_world_matrix": [
                [
                    0.3332390785217285,
                    -0.8360859155654907,
                    -0.4357895255088806,
                    0.0
                ],
                [
                    -0.5894700288772583,
                    -0.5454879999160767,
                    0.5957924127578735,
                    0.0
                ],
                [
                    -0.7358513474464417,
                    0.05834341049194336,
                    -0.6746255159378052,
                    0.0
                ],
                [
                    1.445237636566162,
                    -0.3756888508796692,
                    0.4829128086566925,
                    1.0
                ]
            ],
            "location": [
                0.3756888508796692,
                0.4829128086566925,
                -1.445237636566162
            ],
            "location_world": [
                1.445237636566162,
                -0.3756888508796692,
                0.4829128086566925
            ],
            "name": "google_2_of_Jenga_Classic_Game_12",
            "projected_cuboid": [
                [
                    425.38371682167053,
                    134.12748277187347
                ],
                [
                    455.36088943481445,
                    104.47731614112854
                ],
                [
                    431.74415826797485,
                    43.32965612411499
                ],
                [
                    406.903475522995,
                    70.73517143726349
                ],
                [
                    397.04543352127075,
                    114.96955156326294
                ],
                [
                    426.500529050827,
                    83.86583626270294
                ],
                [
                    406.85081481933594,
                    24.724125862121582
                ],
                [
                    382.412314414978,
                    53.25967073440552
                ],
                [
                    415.6363010406494,
                    76.58641040325165
                ]
            ],
            "provenance": "nvisii",
            "quaternion_xyzw": [
                0.35512053966522217,
                0.07722610235214233,
                -0.2756688594818115,
                0.8899059295654297
            ],
            "quaternion_xyzw_world": [
                0.7989606857299805,
                -0.4460657238960266,
                -0.36661404371261597,
                0.16817128658294678
            ],
            "segmentation_id": 13,
            "visibility": -1
        },
        {
            "bounding_box_minx_maxx_miny_maxy": [
                -1,
                -1,
                -1,
                -1
            ],
            "class": "2",
            "local_cuboid": null,
            "local_to_world_matrix": [
                [
                    0.07603371143341064,
                    -0.9196865558624268,
                    -0.3852218687534332,
