{
    "camera_data": {
        "camera_look_at": {
            "at": [
                1.0,
                0.0,
                0.0
            ],
            "eye": [
                0.0,
                0.0,
                0.0
            ],
            "up": [
                0.0,
                0.0,
                1.0
            ]
        },
        "camera_view_matrix": [
            [
                0.0,
                0.0,
                -1.0,
                0.0
            ],
            [
                -1.0,
                0.0,
                0.0,
                0.0
            ],
            [
                0.0,
                1.0,
                0.0,
                0.0
            ],
            [
                0.0,
                0.0,
                0.0,
                1.0
            ]
        ],
        "height": 500,
        "intrinsics": {
            "cx": 250.0,
            "cy": 250.0,
            "fx": 603.5535278320312,
            "fy": 603.5535278320312
        },
        "location_world": [
            0.0,
            0.0,
            0.0
        ],
        "quaternion_world_xyzw": [
            0.5,
            -0.5,
            -0.5,
            0.5
        ],
        "width": 500
    },
    "objects": [
        {
            "bounding_box_minx_maxx_miny_maxy": [
                -1,
                -1,
                -1,
                -1
            ],
            "class": "2",
            "local_cuboid": null,
            "local_to_world_matrix": [
                [
                    -0.9004840850830078,
                    -0.42835909128189087,
                    0.07508404552936554,
                    0.0
                ],
                [
                    -0.1347435563802719,
                    0.11065572500228882,
                    -0.984682559967041,
                    0.0
                ],
                [
                    0.4134891629219055,
                    -0.8968076705932617,
                    -0.15736258029937744,
                    0.0
                ],
                [
                    1.8415216207504272,
                    0.1803644448518753,
                    -0.7823357582092285,
                    1.0
                ]
            ],
            "location": [
                -0.1803644448518753,
                -0.7823357582092285,
                -1.8415216207504272
            ],
            "location_world": [
                1.8415216207504272,
                0.1803644448518753,
                -0.7823357582092285
            ],
            "name": "google_2_of_Jenga_Classic_Game_0",
            "projected_cuboid": [
                [
                    282.2175920009613,
                    494.77535486221313
                ],
                [
                    279.4729471206665,
                    522.3463773727417
                ],
                [
                    193.6309188604355,
                    525.2076387405396
                ],
                [
                    197.09762930870056,
                    495.7805275917053
                ],
                [
                    270.89565992355347,
                    487.88100481033325
                ],
                [
                    268.18421483039856,
                    514.4295692443848
                ],
                [
                    184.8721206188202,
                    516.6712403297424
                ],
                [
                    188.26095759868622,
                    488.40606212615967
                ],
                [
                    234.32695865631104,
                    505.54734468460083
                ]
            ],
            "provenance": "nvisii",
            "quaternion_xyzw": [
                -0.8406144976615906,
                0.010579109191894531,
                -0.5345171689987183,
                -0.08687275648117065
            ],
            "quaternion_xyzw_world": [
                -0.19119548797607422,
                0.736291766166687,
                -0.6388399004936218,
                0.11490184813737869
            ],
            "segmentation_id": 1,
            "visibility": -1
        },
        {
            "bounding_box_minx_maxx_miny_maxy": [
                -1,
                -1,
                -1,
                -1
            ],
            "class": "2",
            "local_cuboid": null,
            "local_to_world_matrix": [
                [
                    0.5093902349472046,
                    -0.5460832715034485,
                    -0.6650673747062683,
                    0.0
                ],
                [
                    0.6815770268440247,
                    0.7278323173522949,
                    -0.07558383047580719,
                    0.0
                ],
                [
                    0.5253326296806335,
                    -0.4147929549217224,
                    0.7429484724998474,
                    0.0
                ],
                [
                    0.7543861865997314,
                    0.6057596802711487,
                    -0.37869083881378174,
                    1.0
                ]
            ],
            "location": [
                -0.6057596802711487,
                -0.37869083881378174,
                -0.7543861865997314
            ],
            "location_world": [
                0.7543861865997314,
                0.6057596802711487,
                -0.37869083881378174
            ],
            "name": "google_2_of_Jenga_Classic_Game_1",
            "projected_cuboid": [
                [
                    -40.20240902900696,
                    373.9849328994751
                ],
                [
                    -61.51688098907471,
                    370.5527186393738
                ],
                [
                    -212.071031332016,
                    556.6506385803223
                ],
                [
                    -197.99017906188965,
                    575.1522779464722
                ],
                [
                    -84.04961228370667,
                    342.91940927505493
                ],
                [
                    -103.54527831077576,
                    341.28743410110474
                ],
                [
                    -270.4801559448242,
                    531.3006639480591
                ],
                [
                    -260.361909866333,
                    548.7881302833557
                ],
                [
                    -145.91485261917114,
                    446.2030529975891
                ]
            ],
            "provenance": "nvisii",
            "quaternion_xyzw": [
                -0.7326321601867676,
                0.47530660033226013,
                0.032279931008815765,
                0.48609843850135803
            ],
            "quaternion_xyzw_world": [
                0.09824647009372711,
                0.34478020668029785,
                -0.35557204484939575,
                0.8631585836410522
            ],
            "segmentation_id": 2,
            "visibility": -1
        },
        {
            "bounding_box_minx_maxx_miny_maxy": [
                -1,
                -1,
                -1,
                -1
            ],
            "class": "2",
            "local_cuboid": null,
            "local_to_world_matrix": [
                [
                    0.6061213612556458,
                    -0.3131619095802307,
                    -0.7311269044876099,
                    0.0
                ],
                [
                    -0.7089425921440125,
                    -0.6294432878494263,
                    -0.31812208890914917,
                    0.0
                ],
                [
                    -0.36057913303375244,
                    0.7111476063728333,
                    -0.6035329103469849,
                    0.0
                ],
                [
                    1.9058773517608643,
                    -0.3948882222175598,
                    -0.5483198761940002,
                    1.0
                ]
            ],
            "location": [
                0.3948882222175598,
                -0.5483198761940002,
                -1.9058773517608643
            ],
            "location_world": [
                1.9058773517608643,
                -0.3948882222175598,
                -0.5483198761940002
            ],
            "name": "google_2_of_Jenga_Classic_Game_2",
            "projected_cuboid": [
                [
                    306.2781095504761,
                    490.8464550971985
                ],
                [
                    326.0308504104614,
                    507.91478157043457
                ],
                [
                    387.80635595321655,
                    437.6121759414673
                ],
                [
                    367.2281801700592,
                    423.60860109329224
                ],
                [
                    299.5142340660095,
                    477.95212268829346
                ],
                [
                    319.5759057998657,
                    495.04584074020386
                ],
                [
                    383.3133578300476,
                    423.6599802970886
                ],
                [
                    362.36125230789185,
                    409.7430408000946
                ],
                [
                    344.77126598358154,
                    457.27455615997314
                ]
            ],
            "provenance": "nvisii",
            "quaternion_xyzw": [
                0.5636277198791504,
                -0.045102328062057495,
                -0.5842814445495605,
                0.5821552872657776
            ],
            "quaternion_xyzw_world": [
                0.8424810767173767,
                -0.30330193042755127,
                -0.3239556550979614,
                -0.3054281175136566
            ],
            "segmentation_id": 3,
            "visibility": -1
        },
        {
            "bounding_box_minx_maxx_miny_maxy": [
                -1,
                -1,
                -1,
                -1
            ],
            "class": "2",
            "local_cuboid": null,
            "local_to_world_matrix": [
                [
                    0.9645752310752869,
                    -0.01844986528158188,
                    -0.2631620466709137,
                    0.0
                ],
                [
                    -0.1813240647315979,
                    -0.7709306478500366,
                    -0.6105634570121765,
                    0.0
                ],
                [
                    -0.19161485135555267,
                    0.6366519331932068,
                    -0.7469660043716431,
                    0.0
                ],
                [
                    1.6734950542449951,
                    -0.7822778820991516,
                    0.8025947213172913,
                    1.0
                ]
            ],
            "location": [
                0.7822778820991516,
                0.8025947213172913,
                -1.6734950542449951
            ],
            "location_world": [
                1.6734950542449951,
                -0.7822778820991516,
                0.8025947213172913
            ],
            "name": "google_2_of_Jenga_Classic_Game_3",
            "projected_cuboid": [
                [
                    454.83559370040894,
                    32.33177959918976
                ],
                [
                    480.5804491043091,
                    49.19165372848511
                ],
                [
                    538.8795137405396,
                    -21.499305963516235
                ],
                [
                    513.4536027908325,
                    -37.180691957473755
                ],
                [
                    464.10271525382996,
                    14.00129497051239
                ],
                [
                    491.18417501449585,
                    31.49878978729248
                ],
                [
                    551.8437623977661,
                    -41.888296604156494
                ],
                [
                    525.1196622848511,
                    -58.10597538948059
                ],
                [
                    502.8175115585327,
                    -4.378765821456909
                ]
            ],
            "provenance": "nvisii",
            "quaternion_xyzw": [
                0.5994578003883362,
                0.21176160871982574,
                -0.6677814722061157,
                0.38713735342025757
            ],
            "quaternion_xyzw_world": [
                0.933069109916687,
                -0.053526025265455246,
                -0.12184973806142807,
                -0.3341701626777649
            ],
            "segmentation_id": 4,
            "visibility": -1
        },
        {
            "bounding_box_minx_maxx_miny_maxy": [
                -1,
                -1,
                -1,
                -1
            ],
            "class": "2",
            "local_cuboid": null,
            "local_to_world_matrix": [
                [
                    0.5380603075027466,
                    -0.7264153361320496,
                    -0.42756497859954834,
                    0.0
                ],
                [
                    -0.8329605460166931,
                    -0.3805348873138428,
                    -0.4017087519168854,
                    0.0
                ],
                [
                    0.12910401821136475,
                    0.5722882747650146,
                    -0.8098260164260864,
                    0.0
                ],
                [
                    0.21875394880771637,
                    0.3014276325702667,
                    0.22051160037517548,
                    1.0
                ]
            ],
            "location": [
                -0.3014276325702667,
                0.22051160037517548,
                -0.21875394880771637
            ],
            "location_world": [
                0.21875394880771637,
                0.3014276325702667,
                0.22051160037517548
            ],
            "name": "google_2_of_Jenga_Classic_Game_4",
            "projected_cuboid": [
                [
                    -629.7224164009094,
                    280.71463108062744
                ],
                [
                    -804.8731088638306,
                    374.029666185379
                ],
                [
                    -506.51365518569946,
                    -300.1596927642822
                ],
                [
                    -383.6213946342468,
                    -233.9349091053009
                ],
                [
                    -895.6996202468872,
                    210.25638282299042
                ],
                [
                    -1201.498031616211,
                    298.60007762908936
                ],
                [
                    -917.2588586807251,
                    -569.3376660346985
                ],
                [
                    -647.8121876716614,
                    -409.6801280975342
                ],
                [
                    -727.9658913612366,
                    -9.725600481033325
                ]
            ],
            "provenance": "nvisii",
            "quaternion_xyzw": [
                0.751203715801239,
                -0.01565156877040863,
                -0.3695231080055237,
                0.5467181205749512
            ],
            "quaternion_xyzw_world": [
                0.825896680355072,
                -0.4720251262187958,
                -0.09034451842308044,
                -0.29483017325401306
            ],
            "segmentation_id": 5,
            "visibility": -1
        },
        {
            "bounding_box_minx_maxx_miny_maxy": [
                -1,
                -1,
                -1,
                -1
            ],
            "class": "2",
            "local_cuboid": null,
            "local_to_world_matrix": [
                [
                    -0.7678514719009399,
                    0.3178403973579407,
                    0.5562210083007812,
                    0.0
                ],
                [
                    0.03159807622432709,
                    -0.8483961820602417,
                    0.5284180045127869,
                    0.0
                ],
                [
                    0.6398483514785767,
                    0.42332199215888977,
                    0.6413989067077637,
                    0.0
                ],
                [
                    1.3604322671890259,
                    -0.16858543455600739,
                    0.4546777904033661,
                    1.0
                ]
            ],
            "location": [
                0.16858543455600739,
                0.4546777904033661,
                -1.3604322671890259
            ],
            "location_world": [
                1.3604322671890259,
                -0.16858543455600739,
                0.4546777904033661
            ],
            "name": "google_2_of_Jenga_Classic_Game_5",
            "projected_cuboid": [
                [
                    248.628631234169,
                    -5.494475364685059
                ],
                [
                    277.106374502182,
                    -22.781163454055786
                ],
                [
                    336.9612693786621,
                    23.853763937950134
                ],
                [
                    304.598331451416,
                    43.66546869277954
                ],
                [
                    258.28179717063904,
                    21.12443745136261
                ],
                [
                    285.65073013305664,
                    4.4559091329574585
                ],
                [
                    344.04829144477844,
                    52.71844565868378
                ],
                [
                    313.1098747253418,
                    71.7218667268753
                ],
                [
                    294.3095266819,
                    22.374242544174194
                ]
            ],
            "provenance": "nvisii",
            "quaternion_xyzw": [
                0.4454183578491211,
                0.7883696556091309,
                0.19337405264377594,
                -0.37773314118385315
            ],
            "quaternion_xyzw_world": [
                0.33134040236473083,
                0.2636552155017853,
                0.9024475812911987,
                0.07929611206054688
            ],
            "segmentation_id": 6,
            "visibility": -1
        },
        {
            "bounding_box_minx_maxx_miny_maxy": [
                -1,
                -1,
                -1,
                -1
            ],
            "class": "2",
            "local_cuboid": null,
            "local_to_world_matrix": [
                [
                    0.2580840587615967,
                    -0.7150845527648926,
                    -0.6496511697769165,
                    0.0
                ],
                [
                    -0.9023580551147461,
                    -0.41865789890289307,
                    0.1023496687412262,
                    0.0
                ],
                [
                    -0.345170259475708,
                    0.5598031282424927,
                    -0.753311276435852,
                    0.0
                ],
                [
                    1.8212536573410034,
                    0.48010385036468506,
                    0.6592874526977539,
                    1.0
                ]
            ],
            "location": [
                -0.48010385036468506,
                0.6592874526977539,
                -1.8212536573410034
            ],
            "location_world": [
                1.8212536573410034,
                0.48010385036468506,
                0.6592874526977539
            ],
            "name": "google_2_of_Jenga_Classic_Game_6",
            "projected_cuboid": [
                [
                    33.957019448280334,
                    110.32930016517639
                ],
                [
                    36.837294697761536,
                    100.95992684364319
                ],
                [
                    103.85298728942871,
                    35.28454899787903
                ],
                [
                    98.39685261249542,
                    46.82524502277374
                ],
                [
                    11.967673897743225,
                    91.01121127605438
                ],
                [
                    13.881087303161621,
                    80.6475430727005
                ],
                [
                    82.97178149223328,
                    15.3731107711792
                ],
                [
                    78.31591367721558,
                    27.86123752593994
                ],
                [
                    58.49394202232361,
                    62.79395520687103
                ]
            ],
            "provenance": "nvisii",
            "quaternion_xyzw": [
                0.5629308819770813,
                -0.1025850921869278,
                -0.3632271885871887,
                0.7352898120880127
            ],
            "quaternion_xyzw_world": [
                0.7794314026832581,
                -0.5187892913818359,
                -0.31908562779426575,
                -0.14672666788101196
            ],
            "segmentation_id": 7,
            "visibility": -1
        },
        {
            "bounding_box_minx_maxx_miny_maxy": [
                -1,
                -1,
                -1,
                -1
            ],
            "class": "2",
            "local_cuboid": null,
            "local_to_world_matrix": [
                [
                    0.46841639280319214,
                    -0.7834469676017761,
                    0.4084077775478363,
                    0.0
                ],
                [
                    0.7306073307991028,
                    0.6034058332443237,
                    0.31955331563949585,
                    0.0
                ],
                [
                    -0.49678871035575867,
                    0.14870169758796692,
                    0.8550373315811157,
                    0.0
                ],
                [
                    1.7044588327407837,
                    -0.6619511842727661,
                    -0.757299542427063,
                    1.0
                ]
            ],
            "location": [
                0.6619511842727661,
                -0.757299542427063,
                -1.7044588327407837
            ],
            "location_world": [
                1.7044588327407837,
                -0.6619511842727661,
                -0.757299542427063
            ],
            "name": "google_2_of_Jenga_Classic_Game_7",
            "projected_cuboid": [
                [
                    513.3169889450073,
                    447.00825214385986
                ],
                [
                    484.10236835479736,
                    429.3292164802551
                ],
                [
                    479.68029975891113,
                    500.44429302215576
                ],
                [
                    506.2282085418701,
                    519.1998481750488
                ],
                [
                    495.0574040412903,
                    464.70707654953003
                ],
                [
                    465.87270498275757,
                    445.9177851676941
                ],
                [
                    462.8962576389313,
                    517.1612501144409
                ],
                [
                    489.41129446029663,
                    536.9586944580078
                ],
                [
                    486.7946207523346,
                    483.9102625846863
                ]
            ],
            "provenance": "nvisii",
            "quaternion_xyzw": [
                -0.4917074739933014,
                0.09914335608482361,
                0.3137628138065338,
                0.8061931133270264
            ],
            "quaternion_xyzw_world": [
                0.0499330572783947,
                -0.2645525336265564,
                -0.442497193813324,
                0.8554033637046814
            ],
            "segmentation_id": 8,
            "visibility": -1
        },
        {
            "bounding_box_minx_maxx_miny_maxy": [
                -1,
                -1,
                -1,
                -1
            ],
            "class": "2",
            "local_cuboid": null,
            "local_to_world_matrix": [
                [
                    -0.9736517667770386,
                    0.1444632112979889,
                    -0.17644472420215607,
                    0.0
                ],
                [
                    0.15609249472618103,
                    0.9862741231918335,
                    -0.05383788421750069,
                    0.0
                ],
                [
                    0.1662452667951584,
                    -0.07996104657649994,
                    -0.9828372001647949,
                    0.0
                ],
                [
                    0.45217445492744446,
                    0.12776008248329163,
                    0.5676897764205933,
                    1.0
                ]
            ],
            "location": [
                -0.12776008248329163,
                0.5676897764205933,
                -0.45217445492744446
            ],
            "location_world": [
                0.45217445492744446,
                0.12776008248329163,
                0.5676897764205933
            ],
            "name": "google_2_of_Jenga_Classic_Game_8",
            "projected_cuboid": [
                [
                    159.38273072242737,
                    -115.40201306343079
                ],
                [
                    54.74333465099335,
                    -99.28089380264282
                ],
                [
                    -1.3459622859954834,
                    -551.8108606338501
                ],
                [
                    113.95663022994995,
                    -584.502100944519
                ],
                [
                    185.36734580993652,
                    -78.47681641578674
                ],
                [
                    94.82745826244354,
                    -65.51626324653625
                ],
                [
                    51.31825804710388,
                    -444.83840465545654
                ],
                [
                    149.75716173648834,
                    -469.4286584854126
                ],
                [
                    103.00147533416748,
                    -287.2812747955322
                ]
            ],
            "provenance": "nvisii",
            "quaternion_xyzw": [
                -0.518560528755188,
                0.5605512261390686,
                -0.5079507827758789,
                -0.3985767364501953
            ],
            "quaternion_xyzw_world": [
                0.07568235695362091,
                0.992819607257843,
                -0.0336916521191597,
                0.08629211038351059
            ],
            "segmentation_id": 9,
            "visibility": -1
        },
        {
            "bounding_box_minx_maxx_miny_maxy": [
                -1,
                -1,
                -1,
                -1
            ],
            "class": "2",
            "local_cuboid": null,
            "local_to_world_matrix": [
                [
                    -0.7800779342651367,
                    0.215177521109581,
                    -0.5875177383422852,
                    0.0
                ],
                [
                    0.5897815823554993,
                    -0.06061673164367676,
                    -0.8052846193313599,
                    0.0
                ],
                [
                    -0.20889253914356232,
                    -0.9746918678283691,
                    -0.07962191104888916,
                    0.0
                ],
                [
                    1.863893747329712,
                    0.08968052268028259,
                    0.7284104228019714,
                    1.0
                ]
            ],
            "location": [
                -0.08968052268028259,
                0.7284104228019714,
                -1.863893747329712
            ],
            "location_world": [
                1.863893747329712,
                0.08968052268028259,
                0.7284104228019714
            ],
            "name": "google_2_of_Jenga_Classic_Game_9",
            "projected_cuboid": [
                [
                    313.55494260787964,
                    2.6597976684570312
                ],
                [
                    313.51274251937866,
                    32.35211968421936
                ],
                [
                    218.94410252571106,
                    31.944692134857178
                ],
                [
                    216.38040244579315,
                    3.2431334257125854
                ],
                [
                    317.0568645000458,
                    -4.3906569480896
                ],
                [
                    316.92224740982056,
                    24.50740337371826
                ],
                [
                    225.27693212032318,
                    24.3624746799469
                ],
                [
                    222.9662835597992,
                    -3.5964250564575195
                ],
                [
                    267.3411965370178,
                    14.021188020706177
                ]
            ],
            "provenance": "nvisii",
            "quaternion_xyzw": [
                -0.5876253843307495,
                0.22416535019874573,
                -0.7465511560440063,
                0.21704286336898804
            ],
            "quaternion_xyzw_world": [
                0.3000669777393341,
                0.670649528503418,
                -0.6635270714759827,
                0.14114122092723846
            ],
            "segmentation_id": 10,
            "visibility": -1
        },
        {
            "bounding_box_minx_maxx_miny_maxy": [
                -1,
                -1,
                -1,
                -1
            ],
            "class": "2",
            "local_cuboid": null,
            "local_to_world_matrix": [
                [
                    -0.16642940044403076,
                    0.7494306564331055,
                    0.6408237218856812,
                    0.0
                ],
                [
                    0.1577014923095703,
                    0.6617521047592163,
                    -0.7329491376876831,
                    0.0
                ],
                [
                    -0.9733610153198242,
                    -0.02092534303665161,
                    -0.22832131385803223,
                    0.0
                ],
                [
                    1.730997920036316,
                    0.7244082689285278,
                    -0.5968559384346008,
                    1.0
                ]
            ],
            "location": [
                -0.7244082689285278,
                -0.5968559384346008,
                -1.730997920036316
            ],
            "location_world": [
                1.730997920036316,
                0.7244082689285278,
                -0.5968559384346008
            ],
            "name": "google_2_of_Jenga_Classic_Game_10",
            "projected_cuboid": [
                [
                    -53.10460925102234,
                    505.70935010910034
                ],
                [
                    -73.62529635429382,
                    529.1742086410522
                ],
                [
                    -22.603601217269897,
                    460.069477558136
                ],
                [
                    -5.08388876914978,
                    439.9527907371521
                ],
                [
                    -25.687098503112793,
                    524.4804620742798
                ],
                [
                    -46.273261308670044,
                    547.5630760192871
                ],
                [
                    -0.09417533874511719,
                    475.98105669021606
                ],
                [
                    17.465800046920776,
                    456.13935589790344
                ],
                [
                    -24.007320404052734,
                    489.39162492752075
                ]
            ],
            "provenance": "nvisii",
            "quaternion_xyzw": [
                0.0503922700881958,
                -0.10382747650146484,
                0.9294811487197876,
                0.3503502607345581
            ],
            "quaternion_xyzw_world": [
                -0.31628304719924927,
                -0.7170255780220032,
                0.2628478407859802,
                0.5628058314323425
            ],
            "segmentation_id": 11,
            "visibility": -1
        },
        {
            "bounding_box_minx_maxx_miny_maxy": [
                -1,
                -1,
                -1,
                -1
            ],
            "class": "2",
            "local_cuboid": null,
            "local_to_world_matrix": [
                [
                    0.4485964775085449,
                    -0.5285607576370239,
                    0.7206835746765137,
                    0.0
                ],
                [
                    -0.8188068866729736,
                    -0.5662591457366943,
                    0.09437084197998047,
                    0.0
                ],
                [
                    0.358212947845459,
                    -0.6324350833892822,
                    -0.6868109703063965,
                    0.0
                ],
                [
                    1.6479448080062866,
                    0.40775832533836365,
                    0.44383445382118225,
                    1.0
                ]
            ],
            "location": [
                -0.40775832533836365,
                0.44383445382118225,
                -1.6479448080062866
            ],
            "location_world": [
                1.6479448080062866,
                0.40775832533836365,
                0.44383445382118225
            ],
            "name": "google_2_of_Jenga_Classic_Game_11",
            "projected_cuboid": [
                [
                    174.38727617263794,
                    160.49936413764954
                ],
                [
                    188.00146877765656,
                    154.16346490383148
                ],
                [
                    115.66732823848724,
                    73.78140091896057
                ],
                [
                    104.15671765804291,
                    83.77587795257568
                ],
                [
                    158.6526781320572,
                    178.10137569904327
                ],
                [
                    171.91043496131897,
                    172.34933376312256
                ],
                [
                    96.91697359085083,
                    91.37710928916931
                ],
                [
                    85.94037592411041,
                    100.85329413414001
                ],
                [
                    138.0346119403839,
                    128.06399166584015
                ]
            ],
            "provenance": "nvisii",
            "quaternion_xyzw": [
                0.6694031953811646,
                0.4806306064128876,
                0.06865766644477844,
                0.5622985363006592
            ],
            "quaternion_xyzw_world": [
                0.8218373656272888,
                -0.4098644256591797,
                0.3281964659690857,
                0.22109177708625793
            ],
            "segmentation_id": 12,
            "visibility": -1
        },
        {
            "bounding_box_minx_maxx_miny_maxy": [
                -1,
                -1,
                -1,
                -1
            ],
            "class": "2",
            "local_cuboid": null,
            "local_to_world_matrix": [
                [
                    0.900431752204895,
                    0.061325203627347946,
                    0.4306528866291046,
                    0.0
                ],
                [
                    0.09075607359409332,
                    -0.9947103261947632,
                    -0.04811028391122818,
                    0.0
                ],
                [
                    0.4254245460033417,
                    0.08240439742803574,
                    -0.9012343883514404,
                    0.0
                ],
                [
                    1.3402161598205566,
                    -0.36262786388397217,
                    0.40128791332244873,
                    1.0
                ]
            ],
            "location": [
                0.36262786388397217,
                0.40128791332244873,
                -1.3402161598205566
            ],
            "location_world": [
                1.3402161598205566,
                -0.36262786388397217,
                0.40128791332244873
            ],
            "name": "google_2_of_Jenga_Classic_Game_12",
            "projected_cuboid": [
                [
                    368.6460852622986,
                    186.64593994617462
                ],
                [
                    401.75139904022217,
                    188.59921395778656
                ],
                [
                    425.9514808654785,
                    67.89650022983551
                ],
                [
                    389.9827003479004,
                    65.092071890831
                ],
                [
                    376.608669757843,
                    197.87612557411194
                ],
                [
                    411.31260991096497,
                    199.8661756515503
                ],
                [
                    437.7344250679016,
                    73.68110120296478
                ],
                [
                    399.87093210220337,
                    70.75764238834381
                ],
                [
                    400.8792042732239,
                    133.94227623939514
                ]
            ],
            "provenance": "nvisii",
            "quaternion_xyzw": [
                0.5941821336746216,
                0.5997164845466614,
                -0.4135247766971588,
                0.3410058617591858
            ],
            "quaternion_xyzw_world": [
                0.9742146134376526,
                0.03902663663029671,
                0.21968398988246918,
                -0.033492282032966614
            ],
            "segmentation_id": 13,
            "visibility": -1
        },
        {
            "bounding_box_minx_maxx_miny_maxy": [
                -1,
                -1,
                -1,
                -1
            ],
            "class": "2",
            "local_cuboid": null,
            "local_to_world_matrix": [
                [
                    0.5773892402648926,
                    -0.7864232063293457,
