{
    "camera_data": {
        "camera_look_at": {
            "at": [
                1.0,
                0.0,
                0.0
            ],
            "eye": [
                0.0,
                0.0,
                0.0
            ],
            "up": [
                0.0,
                0.0,
                1.0
            ]
        },
        "camera_view_matrix": [
            [
                0.0,
                0.0,
                -1.0,
                0.0
            ],
            [
                -1.0,
                0.0,
                0.0,
                0.0
            ],
            [
                0.0,
                1.0,
                0.0,
                0.0
            ],
            [
                0.0,
                0.0,
                0.0,
                1.0
            ]
        ],
        "height": 500,
        "intrinsics": {
            "cx": 250.0,
            "cy": 250.0,
            "fx": 603.5535278320312,
            "fy": 603.5535278320312
        },
        "location_world": [
            0.0,
            0.0,
            0.0
        ],
        "quaternion_world_xyzw": [
            0.5,
            -0.5,
            -0.5,
            0.5
        ],
        "width": 500
    },
    "objects": [
        {
            "bounding_box_minx_maxx_miny_maxy": [
                -1,
                -1,
                -1,
                -1
            ],
            "class": "2",
            "local_cuboid": null,
            "local_to_world_matrix": [
                [
                    0.1739884614944458,
                    -0.308649480342865,
                    0.9351275563240051,
                    0.0
                ],
                [
                    -0.7149254679679871,
                    -0.6926350593566895,
                    -0.09559404850006104,
                    0.0
                ],
                [
                    0.6772071719169617,
                    -0.6519142389297485,
                    -0.34117186069488525,
                    0.0
                ],
                [
                    1.762286901473999,
                    0.15480324625968933,
                    -0.7423582673072815,
                    1.0
                ]
            ],
            "location": [
                -0.15480324625968933,
                -0.7423582673072815,
                -1.762286901473999
            ],
            "location_world": [
                1.762286901473999,
                0.15480324625968933,
                -0.7423582673072815
            ],
            "name": "google_2_of_Jenga_Classic_Game_0",
            "projected_cuboid": [
                [
                    255.5980086326599,
                    492.09922552108765
                ],
                [
                    273.9977538585663,
                    502.1604299545288
                ],
                [
                    210.63709259033203,
                    496.25611305236816
                ],
                [
                    192.34028458595276,
                    485.2869510650635
                ],
                [
                    248.22759628295898,
                    516.2222385406494
                ],
                [
                    266.52729511260986,
                    527.1125435829163
                ],
                [
                    201.80606842041016,
                    524.0222215652466
                ],
                [
                    183.66718292236328,
                    512.0300054550171
                ],
                [
                    230.6666076183319,
                    506.8948268890381
                ]
            ],
            "provenance": "nvisii",
            "quaternion_xyzw": [
                0.7213616967201233,
                0.5641285181045532,
                0.1656331717967987,
                0.3660082519054413
            ],
            "quaternion_xyzw_world": [
                0.7429326176643372,
                -0.3444373309612274,
                0.5425575375556946,
                0.18720412254333496
            ],
            "segmentation_id": 1,
            "visibility": -1
        },
        {
            "bounding_box_minx_maxx_miny_maxy": [
                -1,
                -1,
                -1,
                -1
            ],
            "class": "2",
            "local_cuboid": null,
            "local_to_world_matrix": [
                [
                    0.9847093224525452,
                    0.09815814346075058,
                    -0.1439184546470642,
                    0.0
                ],
                [
                    0.023793473839759827,
                    0.7426174879074097,
                    0.6692931056022644,
                    0.0
                ],
                [
                    0.17257291078567505,
                    -0.6624835133552551,
                    0.7289267778396606,
                    0.0
                ],
                [
                    0.7483140826225281,
                    0.609423041343689,
                    -0.3879060745239258,
                    1.0
                ]
            ],
            "location": [
                -0.609423041343689,
                -0.3879060745239258,
                -0.7483140826225281
            ],
            "location_world": [
                0.7483140826225281,
                0.609423041343689,
                -0.3879060745239258
            ],
            "name": "google_2_of_Jenga_Classic_Game_1",
            "projected_cuboid": [
                [
                    -30.229657888412476,
                    400.7474184036255
                ],
                [
                    -74.69093799591064,
                    359.70988869667053
                ],
                [
                    -243.64686012268066,
                    529.7784805297852
                ],
                [
                    -196.76634669303894,
                    573.8821029663086
                ],
                [
                    -52.75678634643555,
                    407.14895725250244
                ],
                [
                    -101.69786214828491,
                    361.9047999382019
                ],
                [
                    -291.04340076446533,
                    550.7242679595947
                ],
                [
                    -239.15693163871765,
                    599.723219871521
                ],
                [
                    -150.00838041305542,
                    469.6243405342102
                ]
            ],
            "provenance": "nvisii",
            "quaternion_xyzw": [
                -0.31824591755867004,
                0.6964238286018372,
                0.2531266212463379,
                0.5913041234016418
            ],
            "quaternion_xyzw_world": [
                0.35817769169807434,
                0.08511949330568314,
                0.020000174641609192,
                0.9295502305030823
            ],
            "segmentation_id": 2,
            "visibility": -1
        },
        {
            "bounding_box_minx_maxx_miny_maxy": [
                -1,
                -1,
                -1,
                -1
            ],
            "class": "2",
            "local_cuboid": null,
            "local_to_world_matrix": [
                [
                    -0.855294942855835,
                    -0.3735692799091339,
                    -0.35904958844184875,
                    0.0
                ],
                [
                    -0.48641034960746765,
                    0.3401121497154236,
                    0.804815948009491,
                    0.0
                ],
                [
                    -0.17853739857673645,
                    0.8630004525184631,
                    -0.47260427474975586,
                    0.0
                ],
                [
                    1.8610293865203857,
                    -0.4051828384399414,
                    -0.5427640676498413,
                    1.0
                ]
            ],
            "location": [
                0.4051828384399414,
                -0.5427640676498413,
                -1.8610293865203857
            ],
            "location_world": [
                1.8610293865203857,
                -0.4051828384399414,
                -0.5427640676498413
            ],
            "name": "google_2_of_Jenga_Classic_Game_2",
            "projected_cuboid": [
                [
                    311.23843789100647,
                    495.013564825058
                ],
                [
                    302.79341340065,
                    477.37306356430054
                ],
                [
                    385.4764699935913,
                    424.6961772441864
                ],
                [
                    391.8454051017761,
                    443.0095851421356
                ],
                [
                    299.47444796562195,
                    476.9655466079712
                ],
                [
                    291.07698798179626,
                    459.5714807510376
                ],
                [
                    371.1095452308655,
                    409.2862010002136
                ],
                [
                    377.5622248649597,
                    427.28495597839355
                ],
                [
                    341.81469678878784,
                    451.2324929237366
                ]
            ],
            "provenance": "nvisii",
            "quaternion_xyzw": [
                -0.31233635544776917,
                0.5596225261688232,
                0.006167620420455933,
                -0.7676135897636414
            ],
            "quaternion_xyzw_world": [
                -0.263247549533844,
                0.8167024254798889,
                0.5105336904525757,
                0.05525641888380051
            ],
            "segmentation_id": 3,
            "visibility": -1
        },
        {
            "bounding_box_minx_maxx_miny_maxy": [
                -1,
                -1,
                -1,
                -1
            ],
            "class": "2",
            "local_cuboid": null,
            "local_to_world_matrix": [
                [
                    -0.5242156982421875,
                    -0.849949061870575,
                    -0.052768856287002563,
                    0.0
                ],
                [
                    -0.4083845019340515,
                    0.19653332233428955,
                    0.8914015889167786,
                    0.0
                ],
                [
                    -0.7472751140594482,
                    0.48883670568466187,
                    -0.45013177394866943,
                    0.0
                ],
                [
                    1.7339816093444824,
                    -0.7653471231460571,
                    0.7549447417259216,
                    1.0
                ]
            ],
            "location": [
                0.7653471231460571,
                0.7549447417259216,
                -1.7339816093444824
            ],
            "location_world": [
                1.7339816093444824,
                -0.7653471231460571,
                0.7549447417259216
            ],
            "name": "google_2_of_Jenga_Classic_Game_3",
            "projected_cuboid": [
                [
                    515.1493549346924,
                    17.039060592651367
                ],
                [
                    514.5587921142578,
                    -19.137263298034668
                ],
                [
                    531.322717666626,
                    -31.288832426071167
                ],
                [
                    531.50475025177,
                    0.5666017532348633
                ],
                [
                    482.0445775985718,
                    21.622687578201294
                ],
                [
                    480.7186722755432,
                    -13.464748859405518
                ],
                [
                    501.3350248336792,
                    -26.039838790893555
                ],
                [
                    502.09641456604004,
                    4.970043897628784
                ],
                [
                    507.76374340057373,
                    -5.992680788040161
                ]
            ],
            "provenance": "nvisii",
            "quaternion_xyzw": [
                -0.22982187569141388,
                0.27119067311286926,
                -0.038485243916511536,
                -0.9338931441307068
            ],
            "quaternion_xyzw_world": [
                -0.42701956629753113,
                0.7366954684257507,
                0.4683883488178253,
                -0.23568293452262878
            ],
            "segmentation_id": 4,
            "visibility": -1
        },
        {
            "bounding_box_minx_maxx_miny_maxy": [
                -1,
                -1,
                -1,
                -1
            ],
            "class": "2",
            "local_cuboid": null,
            "local_to_world_matrix": [
                [
                    0.336259663105011,
                    -0.8754134178161621,
                    -0.34724727272987366,
                    0.0
                ],
                [
                    -0.8258930444717407,
                    -0.096915602684021,
                    -0.5554349422454834,
                    0.0
                ],
                [
                    0.4525814950466156,
                    0.47355949878692627,
                    -0.7555866241455078,
                    0.0
                ],
                [
                    0.1628006100654602,
                    0.3119834065437317,
                    0.1481401026248932,
                    1.0
                ]
            ],
            "location": [
                -0.3119834065437317,
                0.1481401026248932,
                -0.1628006100654602
            ],
            "location_world": [
                0.1628006100654602,
                0.3119834065437317,
                0.1481401026248932
            ],
            "name": "google_2_of_Jenga_Classic_Game_4",
            "projected_cuboid": [
                [
                    -488.5290861129761,
                    360.4355454444885
                ],
                [
                    -658.8324904441833,
                    492.1325445175171
                ],
                [
                    -918.425440788269,
                    -224.48083758354187
                ],
                [
                    -555.5824637413025,
                    -201.81140303611755
                ],
                [
                    -682.0423603057861,
                    317.4704909324646
                ],
                [
                    -925.3039360046387,
                    451.1813819408417
                ],
                [
                    -1552.0862340927124,
                    -478.3782958984375
                ],
                [
                    -897.4512815475464,
                    -356.44304752349854
                ],
                [
                    -754.9523115158081,
                    150.31084418296814
                ]
            ],
            "provenance": "nvisii",
            "quaternion_xyzw": [
                0.8490332365036011,
                -0.07371078431606293,
                -0.23845331370830536,
                0.46567076444625854
            ],
            "quaternion_xyzw_world": [
                0.739723265171051,
                -0.5749807357788086,
                0.035599201917648315,
                -0.3477632999420166
            ],
            "segmentation_id": 5,
            "visibility": -1
        },
        {
            "bounding_box_minx_maxx_miny_maxy": [
                -1,
                -1,
                -1,
                -1
            ],
            "class": "2",
            "local_cuboid": null,
            "local_to_world_matrix": [
                [
                    -0.8403351306915283,
                    -0.05342105031013489,
                    0.5394284725189209,
                    0.0
                ],
                [
                    -0.4592687785625458,
                    0.5987676382064819,
                    -0.6561627388000488,
                    0.0
                ],
                [
                    -0.2879393994808197,
                    -0.7991392612457275,
                    -0.5277000665664673,
                    0.0
                ],
                [
                    1.497291088104248,
                    0.18605098128318787,
                    0.3092726469039917,
                    1.0
                ]
            ],
            "location": [
                -0.18605098128318787,
                0.3092726469039917,
                -1.497291088104248
            ],
            "location_world": [
                1.497291088104248,
                0.18605098128318787,
                0.3092726469039917
            ],
            "name": "google_2_of_Jenga_Classic_Game_5",
            "projected_cuboid": [
                [
                    282.2520136833191,
                    161.96708381175995
                ],
                [
                    260.74498891830444,
                    184.03403460979462
                ],
                [
                    162.6063585281372,
                    123.48274886608124
                ],
                [
                    185.45940518379211,
                    104.24962639808655
                ],
                [
                    279.0580689907074,
                    183.4709793329239
                ],
                [
                    258.46338272094727,
                    205.09718358516693
                ],
                [
                    164.7571176290512,
                    146.02993428707123
                ],
                [
                    186.57885491847992,
                    127.05530226230621
                ],
                [
                    221.25160694122314,
                    153.69293093681335
                ]
            ],
            "provenance": "nvisii",
            "quaternion_xyzw": [
                -0.5961636304855347,
                0.024883732199668884,
                -0.6875101327896118,
                -0.4138833284378052
            ],
            "quaternion_xyzw_world": [
                -0.14882653951644897,
                0.8612204790115356,
                -0.422453373670578,
                -0.2401730865240097
            ],
            "segmentation_id": 6,
            "visibility": -1
        },
        {
            "bounding_box_minx_maxx_miny_maxy": [
                -1,
                -1,
                -1,
                -1
            ],
            "class": "2",
            "local_cuboid": null,
            "local_to_world_matrix": [
                [
                    -0.8089570999145508,
                    -0.5874759554862976,
                    -0.02147376537322998,
                    0.0
                ],
                [
                    -0.48053303360939026,
                    0.6397709250450134,
                    0.59981769323349,
                    0.0
                ],
                [
                    -0.33864015340805054,
                    0.4955454170703888,
                    -0.7998489141464233,
                    0.0
                ],
                [
                    1.8554569482803345,
                    0.3834465742111206,
                    0.5986321568489075,
                    1.0
                ]
            ],
            "location": [
                -0.3834465742111206,
                0.5986321568489075,
                -1.8554569482803345
            ],
            "location_world": [
                1.8554569482803345,
                0.3834465742111206,
                0.5986321568489075
            ],
            "name": "google_2_of_Jenga_Classic_Game_6",
            "projected_cuboid": [
                [
                    84.66555178165436,
                    132.81181454658508
                ],
                [
                    61.59962713718414,
                    112.08672821521759
                ],
                [
                    120.38040161132812,
                    41.45538806915283
                ],
                [
                    140.9154236316681,
                    62.62293457984924
                ],
                [
                    75.03457367420197,
                    136.3811492919922
                ],
                [
                    52.58011817932129,
                    116.48593842983246
                ],
                [
                    109.82964932918549,
                    48.03566634654999
                ],
                [
                    129.90215420722961,
                    68.35515797138214
                ],
                [
                    97.67314791679382,
                    88.9902263879776
                ]
            ],
            "provenance": "nvisii",
            "quaternion_xyzw": [
                -0.40280836820602417,
                0.4103966951370239,
                -0.19451647996902466,
                -0.7946593761444092
            ],
            "quaternion_xyzw_world": [
                -0.2962772846221924,
                0.901190459728241,
                0.30386561155319214,
                -0.08798539638519287
            ],
            "segmentation_id": 7,
            "visibility": -1
        },
        {
            "bounding_box_minx_maxx_miny_maxy": [
                -1,
                -1,
                -1,
                -1
            ],
            "class": "2",
            "local_cuboid": null,
            "local_to_world_matrix": [
                [
                    0.5681677460670471,
                    -0.23552390933036804,
                    -0.7884883880615234,
                    0.0
                ],
                [
                    -0.820625901222229,
                    -0.09077930450439453,
                    -0.5642093420028687,
                    0.0
                ],
                [
                    0.061306387186050415,
                    0.9676195383071899,
                    -0.24485492706298828,
                    0.0
                ],
                [
                    1.773024559020996,
                    -0.6828066110610962,
                    -0.7193610072135925,
                    1.0
                ]
            ],
            "location": [
                0.6828066110610962,
                -0.7193610072135925,
                -1.773024559020996
            ],
            "location_world": [
                1.773024559020996,
                -0.6828066110610962,
                -0.7193610072135925
            ],
            "name": "google_2_of_Jenga_Classic_Game_7",
            "projected_cuboid": [
                [
                    382.4726939201355,
                    510.66696643829346
                ],
                [
                    390.2342915534973,
                    536.9870662689209
                ],
                [
                    488.54127526283264,
                    515.390157699585
                ],
                [
                    476.9815504550934,
                    489.63022232055664
                ],
                [
                    379.546582698822,
                    496.3265061378479
                ],
                [
                    387.3918652534485,
                    522.753894329071
                ],
                [
                    488.2369637489319,
                    500.44435262680054
                ],
                [
                    476.3988256454468,
                    474.61777925491333
                ],
                [
                    433.3959221839905,
                    505.7450532913208
                ]
            ],
            "provenance": "nvisii",
            "quaternion_xyzw": [
                -0.6820996403694153,
                0.2557210922241211,
                0.5628896951675415,
                -0.3905150890350342
            ],
            "quaternion_xyzw_world": [
                -0.6898916363716125,
                0.3827230930328369,
                0.26351311802864075,
                0.5550976395606995
            ],
            "segmentation_id": 8,
            "visibility": -1
        },
        {
            "bounding_box_minx_maxx_miny_maxy": [
                -1,
                -1,
                -1,
                -1
            ],
            "class": "2",
            "local_cuboid": null,
            "local_to_world_matrix": [
                [
                    0.7152066230773926,
                    0.3502720892429352,
                    -0.6048048734664917,
                    0.0
                ],
                [
                    -0.3773529827594757,
                    0.9219087362289429,
                    0.08768701553344727,
                    0.0
                ],
                [
                    0.5882892608642578,
                    0.16551059484481812,
                    0.7915314435958862,
                    0.0
                ],
                [
                    0.35983172059059143,
                    0.513026237487793,
                    -0.517562747001648,
                    1.0
                ]
            ],
            "location": [
                -0.513026237487793,
                -0.517562747001648,
                -0.35983172059059143
            ],
            "location_world": [
                0.35983172059059143,
                0.513026237487793,
                -0.517562747001648
            ],
            "name": "google_2_of_Jenga_Classic_Game_8",
            "projected_cuboid": [
                [
                    -312.06369400024414,
                    579.0289640426636
                ],
                [
                    -431.3620328903198,
                    590.0871157646179
                ],
                [
                    -667.5957441329956,
                    1122.145652770996
                ],
                [
                    -478.9189100265503,
                    1064.418077468872
                ],
                [
                    -341.01033210754395,
                    559.3284368515015
                ],
                [
                    -476.0066866874695,
                    570.3786611557007
                ],
                [
                    -778.7617444992065,
                    1186.7997646331787
                ],
                [
                    -549.2640733718872,
                    1113.7735843658447
                ],
                [
                    -477.32633352279663,
                    794.2469120025635
                ]
            ],
            "provenance": "nvisii",
            "quaternion_xyzw": [
                -0.5362672209739685,
                0.7117317318916321,
                0.41057756543159485,
                0.1930840015411377
            ],
            "quaternion_xyzw_world": [
                -0.021014537662267685,
                0.3221686780452728,
                0.19647906720638275,
                0.9258303046226501
            ],
            "segmentation_id": 9,
            "visibility": -1
        },
        {
            "bounding_box_minx_maxx_miny_maxy": [
                -1,
                -1,
                -1,
                -1
            ],
            "class": "2",
            "local_cuboid": null,
            "local_to_world_matrix": [
                [
                    0.12332385778427124,
                    -0.8033549785614014,
                    0.5825908184051514,
                    0.0
                ],
                [
                    -0.946802020072937,
                    0.08059823513031006,
                    0.3115604519844055,
                    0.0
                ],
                [
                    -0.29724937677383423,
                    -0.5900209546089172,
                    -0.750678300857544,
                    0.0
                ],
                [
                    1.962496042251587,
                    0.20011107623577118,
                    0.8481152653694153,
                    1.0
                ]
            ],
            "location": [
                -0.20011107623577118,
                0.8481152653694153,
                -1.962496042251587
            ],
            "location_world": [
                1.962496042251587,
                0.20011107623577118,
                0.8481152653694153
            ],
            "name": "google_2_of_Jenga_Classic_Game_9",
            "projected_cuboid": [
                [
                    252.29761004447937,
                    49.29710924625397
                ],
                [
                    250.16579031944275,
                    31.95302188396454
                ],
                [
                    196.19029760360718,
                    -26.887476444244385
                ],
                [
                    200.37956535816193,
                    -7.950097322463989
                ],
                [
                    232.29172825813293,
                    62.79195845127106
                ],
                [
                    229.27498817443848,
                    45.944944024086
                ],
                [
                    175.97153782844543,
                    -13.827621936798096
                ],
                [
                    180.99039793014526,
                    4.679381847381592
                ],
                [
                    214.1628861427307,
                    17.758235335350037
                ]
            ],
            "provenance": "nvisii",
            "quaternion_xyzw": [
                0.5464762449264526,
                0.22964978218078613,
                0.2135029137134552,
                0.7765572667121887
            ],
            "quaternion_xyzw_world": [
                0.669590175151825,
                -0.6534433364868164,
                0.10653583705425262,
                0.3366168737411499
            ],
            "segmentation_id": 10,
            "visibility": -1
        },
        {
            "bounding_box_minx_maxx_miny_maxy": [
                -1,
                -1,
                -1,
                -1
            ],
            "class": "2",
            "local_cuboid": null,
            "local_to_world_matrix": [
                [
                    0.24756067991256714,
                    -0.7435392737388611,
                    -0.6211791038513184,
                    0.0
                ],
                [
                    -0.35977524518966675,
                    -0.6658426523208618,
                    0.6536177396774292,
                    0.0
                ],
                [
                    -0.8995976448059082,
                    0.06167462468147278,
                    -0.4323437213897705,
                    0.0
                ],
                [
                    1.7434301376342773,
                    0.6650370359420776,
                    -0.5199605226516724,
                    1.0
                ]
            ],
            "location": [
                -0.6650370359420776,
                -0.5199605226516724,
                -1.7434301376342773
            ],
            "location_world": [
                1.7434301376342773,
                0.6650370359420776,
                -0.5199605226516724
            ],
            "name": "google_2_of_Jenga_Classic_Game_10",
            "projected_cuboid": [
                [
                    -23.340284824371338,
                    529.9474000930786
                ],
                [
                    -5.967170000076294,
                    513.132631778717
                ],
                [
                    38.9886349439621,
                    429.4942617416382
                ],
                [
                    23.42475950717926,
                    445.2472925186157
                ],
                [
                    -50.75451731681824,
                    513.7245059013367
                ],
                [
                    -33.72037410736084,
                    496.3456392288208
                ],
                [
                    15.990018844604492,
                    414.3236577510834
                ],
                [
                    0.6518065929412842,
                    430.5160641670227
                ],
                [
                    -2.3767948150634766,
                    468.3187007904053
                ]
            ],
            "provenance": "nvisii",
            "quaternion_xyzw": [
                0.21813076734542847,
                0.05118870735168457,
                -0.35441529750823975,
                0.9078484177589417
            ],
            "quaternion_xyzw_world": [
                0.7657915949821472,
                -0.3601875901222229,
                -0.4964721202850342,
                0.1932455152273178
            ],
            "segmentation_id": 11,
            "visibility": -1
        },
        {
            "bounding_box_minx_maxx_miny_maxy": [
                -1,
                -1,
                -1,
                -1
            ],
            "class": "2",
            "local_cuboid": null,
            "local_to_world_matrix": [
                [
                    0.7219610810279846,
                    0.5324423313140869,
                    -0.44190192222595215,
                    0.0
                ],
                [
                    0.6496016979217529,
                    -0.3016061782836914,
                    0.6978906393051147,
                    0.0
                ],
                [
                    0.2383061647415161,
                    -0.7909101247787476,
                    -0.5636234283447266,
                    0.0
                ],
                [
                    1.6742304563522339,
                    0.3377343714237213,
                    0.43214601278305054,
                    1.0
                ]
            ],
            "location": [
                -0.3377343714237213,
                0.43214601278305054,
                -1.6742304563522339
            ],
            "location_world": [
                1.6742304563522339,
                0.3377343714237213,
                0.43214601278305054
            ],
            "name": "google_2_of_Jenga_Classic_Game_11",
            "projected_cuboid": [
                [
                    201.41977071762085,
                    173.6924946308136
                ],
                [
                    211.4410549402237,
                    156.2558114528656
                ],
                [
                    129.2959749698639,
                    95.05094587802887
                ],
                [
                    116.16872251033783,
                    111.20818555355072
                ],
                [
                    214.79977667331696,
                    158.65248441696167
                ],
                [
                    224.72742199897766,
                    141.1193311214447
                ],
                [
                    140.3389275074005,
                    77.20132172107697
                ],
                [
                    127.12396681308746,
                    93.32220256328583
                ],
                [
                    171.52011394500732,
                    126.45912170410156
                ]
            ],
            "provenance": "nvisii",
            "quaternion_xyzw": [
                -0.04464632272720337,
                0.785595178604126,
                -0.3860846757888794,
                0.48144105076789856
            ],
            "quaternion_xyzw_world": [
                0.8042373061180115,
                0.3674425482749939,
                -0.06328846514225006,
                0.46279895305633545
            ],
            "segmentation_id": 12,
            "visibility": -1
        },
        {
            "bounding_box_minx_maxx_miny_maxy": [
                -1,
                -1,
                -1,
                -1
            ],
            "class": "2",
            "local_cuboid": null,
            "local_to_world_matrix": [
                [
                    -0.40526700019836426,
                    0.714004635810852,
                    0.5709255337715149,
                    0.0
                ],
                [
                    0.45264899730682373,
                    -0.38586533069610596,
                    0.8038761615753174,
                    0.0
                ],
                [
                    0.7942716479301453,
                    0.584213376045227,
                    -0.16681504249572754,
                    0.0
                ],
                [
                    1.29560387134552,
                    -0.36787188053131104,
                    0.3555237352848053,
                    1.0
                ]
            ],
            "location": [
                0.36787188053131104,
                0.3555237352848053,
                -1.29560387134552
            ],
            "location_world": [
                1.29560387134552,
                -0.36787188053131104,
                0.3555237352848053
            ],
            "name": "google_2_of_Jenga_Classic_Game_12",
            "projected_cuboid": [
                [
                    311.778724193573,
                    130.56787848472595
                ],
                [
                    323.082834482193,
                    106.78640007972717
                ],
                [
                    415.44318199157715,
                    58.558061718940735
                ],
                [
                    404.85894680023193,
                    85.25438606739044
                ],
                [
                    332.78295397758484,
                    150.90370178222656
                ],
                [
                    343.342125415802,
                    127.11133062839508
                ],
                [
                    437.0156228542328,
                    83.58538150787354
                ],
                [
                    427.3311495780945,
                    110.36141216754913
                ],
                [
                    370.8081245422363,
                    108.42300951480865
                ]
            ],
            "provenance": "nvisii",
            "quaternion_xyzw": [
                0.26286444067955017,
                0.909965991973877,
                -0.1701887845993042,
                -0.2718454599380493
            ],
            "quaternion_xyzw_world": [
                0.5355868935585022,
                0.544567883014679,
                0.6372435688972473,
                0.10253365337848663
            ],
            "segmentation_id": 13,
            "visibility": -1
        },
        {
            "bounding_box_minx_maxx_miny_maxy": [
                -1,
                -1,
                -1,
                -1
            ],
            "class": "2",
            "local_cuboid": null,
            "local_to_world_matrix": [
                [
                    0.5048108696937561,
                    -0.42245885729789734,
                    0.752791166305542,
