{
    "camera_data": {
        "camera_look_at": {
            "at": [
                1.0,
                0.0,
                0.0
            ],
            "eye": [
                0.0,
                0.0,
                0.0
            ],
            "up": [
                0.0,
                0.0,
                1.0
            ]
        },
        "camera_view_matrix": [
            [
                0.0,
                0.0,
                -1.0,
                0.0
            ],
            [
                -1.0,
                0.0,
                0.0,
                0.0
            ],
            [
                0.0,
                1.0,
                0.0,
                0.0
            ],
            [
                0.0,
                0.0,
                0.0,
                1.0
            ]
        ],
        "height": 500,
        "intrinsics": {
            "cx": 250.0,
            "cy": 250.0,
            "fx": 603.5535278320312,
            "fy": 603.5535278320312
        },
        "location_world": [
            0.0,
            0.0,
            0.0
        ],
        "quaternion_world_xyzw": [
            0.5,
            -0.5,
            -0.5,
            0.5
        ],
        "width": 500
    },
    "objects": [
        {
            "bounding_box_minx_maxx_miny_maxy": [
                -1,
                -1,
                -1,
                -1
            ],
            "class": "2",
            "local_cuboid": null,
            "local_to_world_matrix": [
                [
                    0.8870735764503479,
                    0.14716249704360962,
                    0.43754279613494873,
                    0.0
                ],
                [
                    -0.3532319664955139,
                    -0.3938295841217041,
                    0.8486019968986511,
                    0.0
                ],
                [
                    0.29719972610473633,
                    -0.9073265194892883,
                    -0.29737329483032227,
                    0.0
                ],
                [
                    1.347830057144165,
                    0.5087728500366211,
                    0.24589405953884125,
                    1.0
                ]
            ],
            "location": [
                -0.5087728500366211,
                0.24589405953884125,
                -1.347830057144165
            ],
            "location_world": [
                1.347830057144165,
                0.5087728500366211,
                0.24589405953884125
            ],
            "name": "google_2_of_Jenga_Classic_Game_0",
            "projected_cuboid": [
                [
                    141.7800784111023,
                    192.90851056575775
                ],
                [
                    153.35825085639954,
                    162.00894117355347
                ],
                [
                    30.287712812423706,
                    118.0988997220993
                ],
                [
                    20.61663568019867,
                    151.85463428497314
                ],
                [
                    141.37975871562958,
                    204.81137931346893
                ],
                [
                    153.5344123840332,
                    172.60664701461792
                ],
                [
                    23.840174078941345,
                    127.03800201416016
                ],
                [
                    13.804271817207336,
                    162.37199306488037
                ],
                [
                    86.76517009735107,
                    162.18218207359314
                ]
            ],
            "provenance": "nvisii",
            "quaternion_xyzw": [
                0.2745155394077301,
                0.7571268677711487,
                0.01844426989555359,
                0.5925030708312988
            ],
            "quaternion_xyzw_world": [
                0.802850604057312,
                -0.0641680583357811,
                0.22879178822040558,
                0.5467793345451355
            ],
            "segmentation_id": 1,
            "visibility": -1
        },
        {
            "bounding_box_minx_maxx_miny_maxy": [
                -1,
                -1,
                -1,
                -1
            ],
            "class": "2",
            "local_cuboid": null,
            "local_to_world_matrix": [
                [
                    0.0709572434425354,
                    0.5979262590408325,
                    -0.7984042167663574,
                    0.0
                ],
                [
                    -0.853934645652771,
                    0.45008939504623413,
                    0.26118022203445435,
                    0.0
                ],
                [
                    0.5155197381973267,
                    0.6632524132728577,
                    0.5425270795822144,
                    0.0
                ],
                [
                    0.9784280061721802,
                    0.40373238921165466,
                    -0.4199444651603699,
                    1.0
                ]
            ],
            "location": [
                -0.40373238921165466,
                -0.4199444651603699,
                -0.9784280061721802
            ],
            "location_world": [
                0.9784280061721802,
                0.40373238921165466,
                -0.4199444651603699
            ],
            "name": "google_2_of_Jenga_Classic_Game_1",
            "projected_cuboid": [
                [
                    -61.11988425254822,
                    407.09590911865234
                ],
                [
                    -102.52496600151062,
                    405.2860736846924
                ],
                [
                    -34.97835993766785,
                    531.2158465385437
                ],
                [
                    7.7679455280303955,
                    524.3679285049438
                ],
                [
                    -38.124650716781616,
                    375.1463294029236
                ],
                [
                    -78.2213807106018,
                    371.2141215801239
                ],
                [
                    -6.37739896774292,
                    492.43366718292236
                ],
                [
                    34.5669686794281,
                    488.31185698509216
                ],
                [
                    -36.71351075172424,
                    445.14283537864685
                ]
            ],
            "provenance": "nvisii",
            "quaternion_xyzw": [
                -0.4050966799259186,
                0.7704911231994629,
                0.45310765504837036,
                -0.1921810805797577
            ],
            "quaternion_xyzw_world": [
                -0.13994714617729187,
                0.457330584526062,
                0.5053415894508362,
                0.7182571887969971
            ],
            "segmentation_id": 2,
            "visibility": -1
        },
        {
            "bounding_box_minx_maxx_miny_maxy": [
                -1,
                -1,
                -1,
                -1
            ],
            "class": "2",
            "local_cuboid": null,
            "local_to_world_matrix": [
                [
                    0.9708155989646912,
                    -0.101727694272995,
                    0.21718329191207886,
                    0.0
                ],
                [
                    0.20111942291259766,
                    -0.14798319339752197,
                    -0.9683243036270142,
                    0.0
                ],
                [
                    0.13064488768577576,
                    0.9837441444396973,
                    -0.12320494651794434,
                    0.0
                ],
                [
                    1.6426795721054077,
                    -0.025365818291902542,
                    -0.17561641335487366,
                    1.0
                ]
            ],
            "location": [
                0.025365818291902542,
                -0.17561641335487366,
                -1.6426795721054077
            ],
            "location_world": [
                1.6426795721054077,
                -0.025365818291902542,
                -0.17561641335487366
            ],
            "name": "google_2_of_Jenga_Classic_Game_2",
            "projected_cuboid": [
                [
                    156.77297115325928,
                    307.20359086990356
                ],
                [
                    162.05476224422455,
                    335.20612120628357
                ],
                [
                    262.72425055503845,
                    324.2740333080292
                ],
                [
                    258.3441436290741,
                    295.5215573310852
                ],
                [
                    149.43942427635193,
                    316.2129521369934
                ],
                [
                    155.0416350364685,
                    345.4217314720154
                ],
                [
                    260.3254020214081,
                    334.2122733592987
                ],
                [
                    255.70955872535706,
                    304.1857182979584
                ],
                [
                    207.0261389017105,
                    320.31068205833435
                ]
            ],
            "provenance": "nvisii",
            "quaternion_xyzw": [
                -0.7417372465133667,
                -0.1230781078338623,
                0.6587775945663452,
                0.026260796934366226
            ],
            "quaternion_xyzw_world": [
                -0.7486661076545715,
                -0.03318960592150688,
                -0.11614929884672165,
                0.6518487930297852
            ],
            "segmentation_id": 3,
            "visibility": -1
        },
        {
            "bounding_box_minx_maxx_miny_maxy": [
                -1,
                -1,
                -1,
                -1
            ],
            "class": "2",
            "local_cuboid": null,
            "local_to_world_matrix": [
                [
                    -0.6331830024719238,
                    -0.7488994598388672,
                    0.19552212953567505,
                    0.0
                ],
                [
                    -0.18954768776893616,
                    0.3949528932571411,
                    0.8989348411560059,
                    0.0
                ],
                [
                    -0.7504338622093201,
                    0.5321295261383057,
                    -0.39202964305877686,
                    0.0
                ],
                [
                    1.1443734169006348,
                    -0.140818253159523,
                    -0.5363080501556396,
                    1.0
                ]
            ],
            "location": [
                0.140818253159523,
                -0.5363080501556396,
                -1.1443734169006348
            ],
            "location_world": [
                1.1443734169006348,
                -0.140818253159523,
                -0.5363080501556396
            ],
            "name": "google_2_of_Jenga_Classic_Game_3",
            "projected_cuboid": [
                [
                    270.996630191803,
                    702.6187181472778
                ],
                [
                    248.81374835968018,
                    659.3912243843079
                ],
                [
                    333.4561884403229,
                    516.463041305542
                ],
                [
                    350.1245677471161,
                    553.3150434494019
                ],
                [
                    232.68833756446838,
                    688.7391209602356
                ],
                [
                    211.0307514667511,
                    647.567629814148
                ],
                [
                    299.1640567779541,
                    513.0184292793274
                ],
                [
                    315.5914545059204,
                    548.3537912368774
                ],
                [
                    286.8030369281769,
                    596.2228775024414
                ]
            ],
            "provenance": "nvisii",
            "quaternion_xyzw": [
                -0.1577424705028534,
                0.31607022881507874,
                -0.16015581786632538,
                -0.9217196106910706
            ],
            "quaternion_xyzw_world": [
                -0.3016180098056793,
                0.7778440713882446,
                0.45994576811790466,
                -0.3040313720703125
            ],
            "segmentation_id": 4,
            "visibility": -1
        },
        {
            "bounding_box_minx_maxx_miny_maxy": [
                -1,
                -1,
                -1,
                -1
            ],
            "class": "2",
            "local_cuboid": null,
            "local_to_world_matrix": [
                [
                    0.010092020034790039,
                    0.0206434428691864,
                    0.9997358918190002,
                    0.0
                ],
                [
                    -0.6363533735275269,
                    0.7713391184806824,
                    -0.009503543376922607,
                    0.0
                ],
                [
                    -0.7713316082954407,
                    -0.6360894441604614,
                    0.020920932292938232,
                    0.0
                ],
                [
                    0.4457440972328186,
                    0.43803054094314575,
                    0.37132492661476135,
                    1.0
                ]
            ],
            "location": [
                -0.43803054094314575,
                0.37132492661476135,
                -0.4457440972328186
            ],
            "location_world": [
                0.4457440972328186,
                0.43803054094314575,
                0.37132492661476135
            ],
            "name": "google_2_of_Jenga_Classic_Game_4",
            "projected_cuboid": [
                [
                    -287.1100902557373,
                    -766.5919065475464
                ],
                [
                    -638.5178565979004,
                    -1045.675277709961
                ],
                [
                    -428.5309910774231,
                    -340.65955877304077
                ],
                [
                    -268.3526873588562,
                    -274.588942527771
                ],
                [
                    -284.8612666130066,
                    -577.1001577377319
                ],
                [
                    -637.0918154716492,
                    -804.6311140060425
                ],
                [
                    -427.4730682373047,
                    -228.04361581802368
                ],
                [
                    -267.14521646499634,
                    -174.67543482780457
                ],
                [
                    -375.28157234191895,
                    -428.29328775405884
                ]
            ],
            "provenance": "nvisii",
            "quaternion_xyzw": [
                0.23319971561431885,
                0.24485111236572266,
                0.6710958480834961,
                0.6597697734832764
            ],
            "quaternion_xyzw_world": [
                0.2333623766899109,
                -0.6596071124076843,
                0.2446884661912918,
                0.6712585091590881
            ],
            "segmentation_id": 5,
            "visibility": -1
        },
        {
            "bounding_box_minx_maxx_miny_maxy": [
                -1,
                -1,
                -1,
                -1
            ],
            "class": "2",
            "local_cuboid": null,
            "local_to_world_matrix": [
                [
                    0.40321123600006104,
                    0.3039182126522064,
                    0.8631654381752014,
                    0.0
                ],
                [
                    0.06519728153944016,
                    0.9313023090362549,
                    -0.3583647310733795,
                    0.0
                ],
                [
                    -0.9127815365791321,
                    0.2007727324962616,
                    0.3556969165802002,
                    0.0
                ],
                [
                    1.2481328248977661,
                    0.08289164304733276,
                    -0.15982678532600403,
                    1.0
                ]
            ],
            "location": [
                -0.08289164304733276,
                -0.15982678532600403,
                -1.2481328248977661
            ],
            "location_world": [
                1.2481328248977661,
                0.08289164304733276,
                -0.15982678532600403
            ],
            "name": "google_2_of_Jenga_Classic_Game_5",
            "projected_cuboid": [
                [
                    180.7219237089157,
                    254.09993529319763
                ],
                [
                    133.6488127708435,
                    272.33779430389404
                ],
                [
                    186.07893586158752,
                    317.1384930610657
                ],
                [
                    223.4300822019577,
                    302.951455116272
                ],
                [
                    193.46201419830322,
                    296.9188690185547
                ],
                [
                    144.77023482322693,
                    315.51238894462585
                ],
                [
                    196.14973664283752,
                    352.14585065841675
                ],
                [
                    234.51228439807892,
                    337.74852752685547
                ],
                [
                    189.26726281642914,
                    308.406800031662
                ]
            ],
            "provenance": "nvisii",
            "quaternion_xyzw": [
                -0.18819209933280945,
                0.09051522612571716,
                0.8023503422737122,
                0.5591285228729248
            ],
            "quaternion_xyzw_world": [
                -0.1704493910074234,
                -0.5413857698440552,
                0.07277251034975052,
                0.8200930953025818
            ],
            "segmentation_id": 6,
            "visibility": -1
        },
        {
            "bounding_box_minx_maxx_miny_maxy": [
                -1,
                -1,
                -1,
                -1
            ],
            "class": "2",
            "local_cuboid": null,
            "local_to_world_matrix": [
                [
                    -0.7202800512313843,
                    -0.5233128666877747,
                    0.45534634590148926,
                    0.0
                ],
                [
                    -0.45907872915267944,
                    -0.13249826431274414,
                    -0.8784594535827637,
                    0.0
                ],
                [
                    0.5200417041778564,
                    -0.8417766094207764,
                    -0.144805908203125,
                    0.0
                ],
                [
                    0.6511951088905334,
                    -0.044157255440950394,
                    0.5478055477142334,
                    1.0
                ]
            ],
            "location": [
                0.044157255440950394,
                0.5478055477142334,
                -0.6511951088905334
            ],
            "location_world": [
                0.6511951088905334,
                -0.044157255440950394,
                0.5478055477142334
            ],
            "name": "google_2_of_Jenga_Classic_Game_6",
            "projected_cuboid": [
                [
                    481.8699061870575,
                    -176.06434226036072
                ],
                [
                    502.7090311050415,
                    -138.65980505943298
                ],
                [
                    320.3936219215393,
                    -278.80364656448364
                ],
                [
                    305.6298792362213,
                    -316.5966272354126
                ],
                [
                    437.10511922836304,
                    -122.13513255119324
                ],
                [
                    454.3497562408447,
                    -84.77351069450378
                ],
                [
                    276.5982151031494,
                    -200.45924186706543
                ],
                [
                    265.4632329940796,
                    -239.52463269233704
                ],
                [
                    388.6798024177551,
                    -187.13921308517456
                ]
            ],
            "provenance": "nvisii",
            "quaternion_xyzw": [
                -0.8546657562255859,
                -0.17195162177085876,
                -0.456920325756073,
                -0.1766435205936432
            ],
            "quaternion_xyzw_world": [
                -0.37317025661468506,
                0.6581389904022217,
                -0.6534470915794373,
                0.024575121700763702
            ],
            "segmentation_id": 7,
            "visibility": -1
        },
        {
            "bounding_box_minx_maxx_miny_maxy": [
                -1,
                -1,
                -1,
                -1
            ],
            "class": "2",
            "local_cuboid": null,
            "local_to_world_matrix": [
                [
                    0.9116948843002319,
                    -0.3539397418498993,
                    -0.20866043865680695,
                    0.0
                ],
                [
                    -0.36026737093925476,
                    -0.44448864459991455,
                    -0.8201447129249573,
                    0.0
                ],
                [
                    0.19753460586071014,
                    0.8228952288627625,
                    -0.5327509641647339,
                    0.0
                ],
                [
                    1.5681538581848145,
                    0.12040282785892487,
                    -0.5220542550086975,
                    1.0
                ]
            ],
            "location": [
                -0.12040282785892487,
                -0.5220542550086975,
                -1.5681538581848145
            ],
            "location_world": [
                1.5681538581848145,
                0.12040282785892487,
                -0.5220542550086975
            ],
            "name": "google_2_of_Jenga_Classic_Game_7",
            "projected_cuboid": [
                [
                    118.4227466583252,
                    484.38072204589844
                ],
                [
                    129.74895536899567,
                    514.0945911407471
                ],
                [
                    216.68678522109985,
                    464.5734429359436
                ],
                [
                    203.32376658916473,
                    434.73106622695923
                ],
                [
                    102.0280122756958,
                    488.6932373046875
                ],
                [
                    113.55485022068024,
                    519.847571849823
                ],
                [
                    203.99846136569977,
                    468.19740533828735
                ],
                [
                    190.2637779712677,
                    436.89680099487305
                ],
                [
                    159.06664729118347,
                    476.6944944858551
                ]
            ],
            "provenance": "nvisii",
            "quaternion_xyzw": [
                0.7700031399726868,
                0.07656725496053696,
                -0.5631763935089111,
                0.289939820766449
            ],
            "quaternion_xyzw_world": [
                0.8498432636260986,
                -0.21009965240955353,
                -0.003272906644269824,
                -0.4833361804485321
            ],
            "segmentation_id": 8,
            "visibility": -1
        },
        {
            "bounding_box_minx_maxx_miny_maxy": [
                -1,
                -1,
                -1,
                -1
            ],
            "class": "2",
            "local_cuboid": null,
            "local_to_world_matrix": [
                [
                    0.09164267778396606,
                    -0.9929842948913574,
                    -0.07472501695156097,
                    0.0
                ],
                [
                    0.9288203716278076,
                    0.11229318380355835,
                    -0.3531046509742737,
                    0.0
                ],
                [
                    0.3590185046195984,
                    -0.03704662621021271,
                    0.932594895362854,
                    0.0
                ],
                [
                    0.17664580047130585,
                    0.015271947719156742,
                    0.2205829918384552,
                    1.0
                ]
            ],
            "location": [
                -0.015271947719156742,
                0.2205829918384552,
                -0.17664580047130585
            ],
            "location_world": [
                0.17664580047130585,
                0.015271947719156742,
                0.2205829918384552
            ],
            "name": "google_2_of_Jenga_Classic_Game_8",
            "projected_cuboid": [
                [
                    346.8141257762909,
                    -989.5093441009521
                ],
                [
                    305.75576424598694,
                    -634.2729926109314
                ],
                [
                    302.6379644870758,
                    -307.622492313385
                ],
                [
                    372.49621748924255,
                    -745.3652620315552
                ],
                [
                    151.64220333099365,
                    -1041.9650077819824
                ],
                [
                    157.9219549894333,
                    -665.6548380851746
                ],
                [
                    81.6434919834137,
                    -343.38438510894775
                ],
                [
                    25.72530508041382,
                    -825.7462978363037
                ],
                [
                    223.97388517856598,
                    -690.1918649673462
                ]
            ],
            "provenance": "nvisii",
            "quaternion_xyzw": [
                -0.8223605155944824,
                0.05685409903526306,
                0.01659737527370453,
                0.5658756494522095
            ],
            "quaternion_xyzw_world": [
                -0.1081140786409378,
                0.14837078750133514,
                -0.6573923826217651,
                0.7308438420295715
            ],
            "segmentation_id": 9,
            "visibility": -1
        },
        {
            "bounding_box_minx_maxx_miny_maxy": [
                -1,
                -1,
                -1,
                -1
            ],
            "class": "2",
            "local_cuboid": null,
            "local_to_world_matrix": [
                [
                    0.030654072761535645,
                    0.9995103478431702,
                    -0.006275296211242676,
                    0.0
                ],
                [
                    -0.5261769890785217,
                    0.010798811912536621,
                    -0.850306510925293,
                    0.0
                ],
                [
                    -0.8498224020004272,
                    0.029367297887802124,
                    0.5262503623962402,
                    0.0
                ],
                [
                    1.1511224508285522,
                    -0.6460601687431335,
                    -0.5693941116333008,
                    1.0
                ]
            ],
            "location": [
                0.6460601687431335,
                -0.5693941116333008,
                -1.1511224508285522
            ],
            "location_world": [
                1.1511224508285522,
                -0.6460601687431335,
                -0.5693941116333008
            ],
            "name": "google_2_of_Jenga_Classic_Game_9",
            "projected_cuboid": [
                [
                    639.9767398834229,
                    497.5881576538086
                ],
                [
                    658.9993238449097,
                    559.1986179351807
                ],
                [
                    573.744535446167,
                    573.3768939971924
                ],
                [
                    561.9670748710632,
                    524.2509841918945
                ],
                [
                    692.5058960914612,
                    497.91282415390015
                ],
                [
                    714.2343521118164,
                    559.7089529037476
                ],
                [
                    616.6385412216187,
                    573.8054513931274
                ],
                [
                    603.2108664512634,
                    524.561882019043
                ],
                [
                    627.1635293960571,
                    539.4330620765686
                ]
            ],
            "provenance": "nvisii",
            "quaternion_xyzw": [
                -0.01560257375240326,
                0.27357882261276245,
                0.9617223143577576,
                0.001175910234451294
            ],
            "quaternion_xyzw_world": [
                -0.35128509998321533,
                -0.3368584215641022,
                0.6092613339424133,
                0.6260398030281067
            ],
            "segmentation_id": 10,
            "visibility": -1
        },
        {
            "bounding_box_minx_maxx_miny_maxy": [
                -1,
                -1,
                -1,
                -1
            ],
            "class": "2",
            "local_cuboid": null,
            "local_to_world_matrix": [
                [
                    -0.40650761127471924,
                    -0.7751119136810303,
                    0.4836873710155487,
                    0.0
                ],
                [
                    0.526504397392273,
                    0.2339240312576294,
                    0.8173572421073914,
                    0.0
                ],
                [
                    -0.7466894388198853,
                    0.586925208568573,
                    0.3130077123641968,
                    0.0
                ],
                [
                    1.6294654607772827,
                    -0.07597606629133224,
                    -0.3005504906177521,
                    1.0
                ]
            ],
            "location": [
                0.07597606629133224,
                -0.3005504906177521,
                -1.6294654607772827
            ],
            "location_world": [
                1.6294654607772827,
                -0.07597606629133224,
                -0.3005504906177521
            ],
            "name": "google_2_of_Jenga_Classic_Game_10",
            "projected_cuboid": [
                [
                    225.814089179039,
                    348.7194776535034
                ],
                [
                    218.1626707315445,
                    316.2382245063782
                ],
                [
                    285.66914796829224,
                    341.142863035202
                ],
                [
                    294.15789246559143,
                    369.8677122592926
                ],
                [
                    200.10197162628174,
                    362.8558814525604
                ],
                [
                    193.40839982032776,
                    330.6596279144287
                ],
                [
                    262.8542184829712,
                    353.1993627548218
                ],
                [
                    270.55037021636963,
                    381.6869258880615
                ],
                [
                    246.1286038160324,
                    351.1764705181122
                ]
            ],
            "provenance": "nvisii",
            "quaternion_xyzw": [
                -0.22970923781394958,
                -0.27182531356811523,
                0.19635450839996338,
                0.9136682748794556
            ],
            "quaternion_xyzw_world": [
                0.10788959264755249,
                -0.5760694146156311,
                -0.6094241738319397,
                0.5339533686637878
            ],
            "segmentation_id": 11,
            "visibility": -1
        },
        {
            "bounding_box_minx_maxx_miny_maxy": [
                -1,
                -1,
                -1,
                -1
            ],
            "class": "2",
            "local_cuboid": null,
            "local_to_world_matrix": [
                [
                    -0.8619475364685059,
                    -0.08750246465206146,
                    -0.4993894100189209,
                    0.0
                ],
                [
                    0.3323691487312317,
                    0.6462844014167786,
                    -0.6869113445281982,
                    0.0
                ],
                [
                    0.38285404443740845,
                    -0.7580631971359253,
                    -0.5279802083969116,
                    0.0
                ],
                [
                    1.5512914657592773,
                    0.7230680584907532,
                    0.4890611171722412,
                    1.0
                ]
            ],
            "location": [
                -0.7230680584907532,
                0.4890611171722412,
                -1.5512914657592773
            ],
            "location_world": [
                1.5512914657592773,
                0.7230680584907532,
                0.4890611171722412
            ],
            "name": "google_2_of_Jenga_Classic_Game_11",
            "projected_cuboid": [
                [
                    74.03422892093658,
                    121.3841587305069
                ],
                [
                    56.995078921318054,
                    144.88549530506134
                ],
                [
                    -44.372886419296265,
                    76.42467319965363
                ],
                [
                    -27.958601713180542,
                    49.896955490112305
                ],
                [
                    78.66781949996948,
                    112.45311796665192
                ],
                [
                    62.22976744174957,
                    135.16706228256226
                ],
                [
                    -34.462422132492065,
                    68.93734633922577
                ],
                [
                    -18.58144998550415,
                    43.42387616634369
                ],
                [
                    20.052015781402588,
                    95.28939425945282
                ]
            ],
            "provenance": "nvisii",
            "quaternion_xyzw": [
                -0.7343820333480835,
                0.39001286029815674,
                -0.5514877438545227,
                -0.0665903389453888
            ],
            "quaternion_xyzw_world": [
                0.07026413083076477,
                0.8712365031242371,
                -0.41463327407836914,
                0.25315842032432556
            ],
            "segmentation_id": 12,
            "visibility": -1
        },
        {
            "bounding_box_minx_maxx_miny_maxy": [
                -1,
                -1,
                -1,
                -1
            ],
            "class": "2",
            "local_cuboid": null,
            "local_to_world_matrix": [
                [
                    0.4482612609863281,
                    -0.1275932490825653,
                    0.8847495913505554,
                    0.0
                ],
                [
                    -0.6789475679397583,
                    -0.6924071311950684,
                    0.24413619935512543,
                    0.0
                ],
                [
                    0.5814568400382996,
                    -0.7101353406906128,
                    -0.39700841903686523,
                    0.0
                ],
                [
                    1.6792718172073364,
                    -0.4103805422782898,
                    0.49622753262519836,
                    1.0
                ]
            ],
            "location": [
                0.4103805422782898,
                0.49622753262519836,
                -1.6792718172073364
            ],
            "location_world": [
                1.6792718172073364,
                -0.4103805422782898,
                0.49622753262519836
            ],
            "name": "google_2_of_Jenga_Classic_Game_12",
            "projected_cuboid": [
                [
                    439.0084743499756,
                    121.09589576721191
                ],
                [
                    464.10050988197327,
                    110.30685901641846
                ],
                [
                    410.8540415763855,
                    54.13179099559784
                ],
                [
                    385.0613236427307,
                    67.84896552562714
                ],
                [
                    439.3357038497925,
                    141.29188656806946
                ],
                [
                    464.93035554885864,
                    130.933478474617
                ],
                [
                    410.61708331108093,
                    75.68725943565369
                ],
                [
                    384.2928409576416,
                    88.96033465862274
                ],
                [
                    425.86904764175415,
                    100.08090734481812
                ]
            ],
            "provenance": "nvisii",
            "quaternion_xyzw": [
                0.6051681041717529,
                0.6515365839004517,
                0.10818237066268921,
                0.4444863498210907
            ],
            "quaternion_xyzw_world": [
                0.7965043783187866,
                -0.2531501352787018,
                0.46020036935806274,
                0.2995186150074005
            ],
            "segmentation_id": 13,
            "visibility": -1
        },
        {
            "bounding_box_minx_maxx_miny_maxy": [
                -1,
                -1,
                -1,
                -1
            ],
            "class": "2",
            "local_cuboid": null,
            "local_to_world_matrix": [
                [
                    0.3297935128211975,
