{
    "camera_data": {
        "camera_look_at": {
            "at": [
                1.0,
                0.0,
                0.0
            ],
            "eye": [
                0.0,
                0.0,
                0.0
            ],
            "up": [
                0.0,
                0.0,
                1.0
            ]
        },
        "camera_view_matrix": [
            [
                0.0,
                0.0,
                -1.0,
                0.0
            ],
            [
                -1.0,
                0.0,
                0.0,
                0.0
            ],
            [
                0.0,
                1.0,
                0.0,
                0.0
            ],
            [
                0.0,
                0.0,
                0.0,
                1.0
            ]
        ],
        "height": 500,
        "intrinsics": {
            "cx": 250.0,
            "cy": 250.0,
            "fx": 603.5535278320312,
            "fy": 603.5535278320312
        },
        "location_world": [
            0.0,
            0.0,
            0.0
        ],
        "quaternion_world_xyzw": [
            0.5,
            -0.5,
            -0.5,
            0.5
        ],
        "width": 500
    },
    "objects": [
        {
            "bounding_box_minx_maxx_miny_maxy": [
                -1,
                -1,
                -1,
                -1
            ],
            "class": "2",
            "local_cuboid": null,
            "local_to_world_matrix": [
                [
                    0.8014917373657227,
                    0.3905481696128845,
                    0.4528610110282898,
                    0.0
                ],
                [
                    0.5040863156318665,
                    -0.033814072608947754,
                    -0.8629910349845886,
                    0.0
                ],
                [
                    -0.3217265009880066,
                    0.9199612736701965,
                    -0.22397172451019287,
                    0.0
                ],
                [
                    0.2423752397298813,
                    -0.09479355812072754,
                    0.2994804084300995,
                    1.0
                ]
            ],
            "location": [
                0.09479355812072754,
                0.2994804084300995,
                -0.2423752397298813
            ],
            "location_world": [
                0.2423752397298813,
                -0.09479355812072754,
                0.2994804084300995
            ],
            "name": "google_2_of_Jenga_Classic_Game_0",
            "projected_cuboid": [
                [
                    -475.4617214202881,
                    -846.7334508895874
                ],
                [
                    -313.47495317459106,
                    -396.26723527908325
                ],
                [
                    415.2224063873291,
                    -324.2985010147095
                ],
                [
                    436.2347722053528,
                    -595.1018333435059
                ],
                [
                    -761.1397504806519,
                    -1347.2166061401367
                ],
                [
                    -436.86383962631226,
                    -536.0855460166931
                ],
                [
                    540.3956174850464,
                    -387.87078857421875
                ],
                [
                    596.5441465377808,
                    -763.337254524231
                ],
                [
                    127.7744472026825,
                    -574.2518305778503
                ]
            ],
            "provenance": "nvisii",
            "quaternion_xyzw": [
                -0.5363572239875793,
                -0.22684279084205627,
                0.8023817539215088,
                0.13056346774101257
            ],
            "quaternion_xyzw_world": [
                -0.7175091505050659,
                -0.31171536445617676,
                -0.04569088667631149,
                0.6212298274040222
            ],
            "segmentation_id": 1,
            "visibility": -1
        },
        {
            "bounding_box_minx_maxx_miny_maxy": [
                -1,
                -1,
                -1,
                -1
            ],
            "class": "2",
            "local_cuboid": null,
            "local_to_world_matrix": [
                [
                    -0.9988629817962646,
                    0.009644389152526855,
                    -0.046686459332704544,
                    0.0
                ],
                [
                    -0.029152657836675644,
                    -0.8984401226043701,
                    0.43812716007232666,
                    0.0
                ],
                [
                    -0.037719521671533585,
                    0.43899005651474,
                    0.8976998329162598,
                    0.0
                ],
                [
                    1.7214946746826172,
                    0.3664725422859192,
                    0.15471859276294708,
                    1.0
                ]
            ],
            "location": [
                -0.3664725422859192,
                0.15471859276294708,
                -1.7214946746826172
            ],
            "location_world": [
                1.7214946746826172,
                0.3664725422859192,
                0.15471859276294708
            ],
            "name": "google_2_of_Jenga_Classic_Game_1",
            "projected_cuboid": [
                [
                    57.62174725532532,
                    106.87035322189331
                ],
                [
                    84.7577303647995,
                    93.2881087064743
                ],
                [
                    131.88359141349792,
                    188.4690225124359
                ],
                [
                    104.85626757144928,
                    201.8231749534607
                ],
                [
                    66.54061377048492,
                    112.04151809215546
                ],
                [
                    92.46636927127838,
                    99.07858073711395
                ],
                [
                    137.43367791175842,
                    189.96110558509827
                ],
                [
                    111.60719394683838,
                    202.71602272987366
                ],
                [
                    98.54342043399811,
                    149.473175406456
                ]
            ],
            "provenance": "nvisii",
            "quaternion_xyzw": [
                0.3586463928222656,
                0.5937280654907227,
                0.39026808738708496,
                -0.6054341793060303
            ],
            "quaternion_xyzw_world": [
                -0.021663926541805267,
                0.22512388229370117,
                0.9740383625030518,
                0.009957781992852688
            ],
            "segmentation_id": 2,
            "visibility": -1
        },
        {
            "bounding_box_minx_maxx_miny_maxy": [
                -1,
                -1,
                -1,
                -1
            ],
            "class": "2",
            "local_cuboid": null,
            "local_to_world_matrix": [
                [
                    -0.9202852249145508,
                    0.1714872419834137,
                    0.351664662361145,
                    0.0
                ],
                [
                    -0.057146284729242325,
                    -0.948102593421936,
                    0.3127882778644562,
                    0.0
                ],
                [
                    0.3870532512664795,
                    0.26775798201560974,
                    0.8823239207267761,
                    0.0
                ],
                [
                    1.6518043279647827,
                    0.644568681716919,
                    -0.7084640264511108,
                    1.0
                ]
            ],
            "location": [
                -0.644568681716919,
                -0.7084640264511108,
                -1.6518043279647827
            ],
            "location_world": [
                1.6518043279647827,
                0.644568681716919,
                -0.7084640264511108
            ],
            "name": "google_2_of_Jenga_Classic_Game_2",
            "projected_cuboid": [
                [
                    -18.339961767196655,
                    406.9344401359558
                ],
                [
                    8.901417255401611,
                    398.13846349716187
                ],
                [
                    21.266818046569824,
                    504.95004653930664
                ],
                [
                    -7.9149603843688965,
                    514.0420198440552
                ],
                [
                    -3.011643886566162,
                    409.900963306427
                ],
                [
                    23.17136526107788,
                    401.4679789543152
                ],
                [
                    35.9613299369812,
                    503.902792930603
                ],
                [
                    7.9907625913619995,
                    512.6073360443115
                ],
                [
                    8.450835943222046,
                    454.77598905563354
                ]
            ],
            "provenance": "nvisii",
            "quaternion_xyzw": [
                0.4750731587409973,
                0.6839826107025146,
                0.34338241815567017,
                -0.4342372715473175
            ],
            "quaternion_xyzw_world": [
                0.19071805477142334,
                0.14988218247890472,
                0.9683377146720886,
                0.05902732163667679
            ],
            "segmentation_id": 3,
            "visibility": -1
        },
        {
            "bounding_box_minx_maxx_miny_maxy": [
                -1,
                -1,
                -1,
                -1
            ],
            "class": "2",
            "local_cuboid": null,
            "local_to_world_matrix": [
                [
                    -0.8722778558731079,
                    0.44194450974464417,
                    0.20932357013225555,
                    0.0
                ],
                [
                    0.389705628156662,
                    0.3696582317352295,
                    0.8434941172599792,
                    0.0
                ],
                [
                    0.29539942741394043,
                    0.8173357844352722,
                    -0.49467289447784424,
                    0.0
                ],
                [
                    1.7948890924453735,
                    -0.4494726061820984,
                    -0.17680171132087708,
                    1.0
                ]
            ],
            "location": [
                0.4494726061820984,
                -0.17680171132087708,
                -1.7948890924453735
            ],
            "location_world": [
                1.7948890924453735,
                -0.4494726061820984,
                -0.17680171132087708
            ],
            "name": "google_2_of_Jenga_Classic_Game_3",
            "projected_cuboid": [
                [
                    318.8934326171875,
                    364.979088306427
                ],
                [
                    307.565838098526,
                    339.87727761268616
                ],
                [
                    391.45201444625854,
                    295.16327381134033
                ],
                [
                    404.9227833747864,
                    320.66333293914795
                ],
                [
                    327.47703790664673,
                    366.06094241142273
                ],
                [
                    316.4066970348358,
                    341.8347239494324
                ],
                [
                    397.5788354873657,
                    298.8792061805725
                ],
                [
                    410.64947843551636,
                    323.4788179397583
                ],
                [
                    358.40126872062683,
                    331.79041743278503
                ]
            ],
            "provenance": "nvisii",
            "quaternion_xyzw": [
                -0.04990190267562866,
                0.8032493591308594,
                -0.27525031566619873,
                -0.5258684158325195
            ],
            "quaternion_xyzw_world": [
                0.25136470794677734,
                0.8271349668502808,
                0.5019827485084534,
                0.026016272604465485
            ],
            "segmentation_id": 4,
            "visibility": -1
        },
        {
            "bounding_box_minx_maxx_miny_maxy": [
                -1,
                -1,
                -1,
                -1
            ],
            "class": "2",
            "local_cuboid": null,
            "local_to_world_matrix": [
                [
                    0.1075592041015625,
                    0.8633483052253723,
                    0.49301183223724365,
                    0.0
                ],
                [
                    0.39839476346969604,
                    0.4169052243232727,
                    -0.8169893026351929,
                    0.0
                ],
                [
                    -0.9108855724334717,
                    0.28428804874420166,
                    -0.29911136627197266,
                    0.0
                ],
                [
                    1.8747261762619019,
                    0.23993489146232605,
                    0.7710366249084473,
                    1.0
                ]
            ],
            "location": [
                -0.23993489146232605,
                0.7710366249084473,
                -1.8747261762619019
            ],
            "location_world": [
                1.8747261762619019,
                0.23993489146232605,
                0.7710366249084473
            ],
            "name": "google_2_of_Jenga_Classic_Game_4",
            "projected_cuboid": [
                [
                    121.65665626525879,
                    -28.932660818099976
                ],
                [
                    111.26871407032013,
                    2.373233437538147
                ],
                [
                    157.176673412323,
                    9.311378002166748
                ],
                [
                    166.90969467163086,
                    -17.396092414855957
                ],
                [
                    146.86307311058044,
                    -15.637755393981934
                ],
                [
                    135.89774072170258,
                    15.556126832962036
                ],
                [
                    178.5399317741394,
                    20.6669420003891
                ],
                [
                    188.7052059173584,
                    -5.9566497802734375
                ],
                [
                    152.47610211372375,
                    -2.0594894886016846
                ]
            ],
            "provenance": "nvisii",
            "quaternion_xyzw": [
                -0.10338693857192993,
                -0.18403351306915283,
                0.9475261569023132,
                0.24007701873779297
            ],
            "quaternion_xyzw_world": [
                -0.4974347651004791,
                -0.6341248750686646,
                0.21001434326171875,
                0.5534783005714417
            ],
            "segmentation_id": 5,
            "visibility": -1
        },
        {
            "bounding_box_minx_maxx_miny_maxy": [
                -1,
                -1,
                -1,
                -1
            ],
            "class": "2",
            "local_cuboid": null,
            "local_to_world_matrix": [
                [
                    -0.11616480350494385,
                    0.9757112264633179,
                    0.18572384119033813,
                    0.0
                ],
                [
                    -0.5003184080123901,
                    -0.21901679039001465,
                    0.8376832008361816,
                    0.0
                ],
                [
                    0.8580135703086853,
                    0.004388242959976196,
                    0.5136082768440247,
                    0.0
                ],
                [
                    1.3510620594024658,
                    0.6040780544281006,
                    0.3430837392807007,
                    1.0
                ]
            ],
            "location": [
                -0.6040780544281006,
                0.3430837392807007,
                -1.3510620594024658
            ],
            "location_world": [
                1.3510620594024658,
                0.6040780544281006,
                0.3430837392807007
            ],
            "name": "google_2_of_Jenga_Classic_Game_5",
            "projected_cuboid": [
                [
                    6.42240047454834,
                    76.55638456344604
                ],
                [
                    6.975457072257996,
                    44.81911659240723
                ],
                [
                    -38.39588165283203,
                    74.33845102787018
                ],
                [
                    -37.64873743057251,
                    110.97989976406097
                ],
                [
                    36.339983344078064,
                    82.96668529510498
                ],
                [
                    37.687137722969055,
                    51.58372223377228
                ],
                [
                    -1.6050636768341064,
                    82.17072486877441
                ],
                [
                    -1.9917786121368408,
                    118.32797527313232
                ],
                [
                    2.794310450553894,
                    79.09378409385681
                ]
            ],
            "provenance": "nvisii",
            "quaternion_xyzw": [
                0.10561618208885193,
                0.9580459594726562,
                0.26458194851875305,
                -0.0314580500125885
            ],
            "quaternion_xyzw_world": [
                0.3838110566139221,
                0.3096529245376587,
                0.6798510551452637,
                0.5427768230438232
            ],
            "segmentation_id": 6,
            "visibility": -1
        },
        {
            "bounding_box_minx_maxx_miny_maxy": [
                -1,
                -1,
                -1,
                -1
            ],
            "class": "2",
            "local_cuboid": null,
            "local_to_world_matrix": [
                [
                    -0.3790764808654785,
                    -0.09236034750938416,
                    -0.9207445979118347,
                    0.0
                ],
                [
                    -0.8723156452178955,
                    -0.2963888645172119,
                    0.38886892795562744,
                    0.0
                ],
                [
                    -0.3088145852088928,
                    0.950590968132019,
                    0.03178673982620239,
                    0.0
                ],
                [
                    1.960378885269165,
                    -0.01943984255194664,
                    -0.19535212218761444,
                    1.0
                ]
            ],
            "location": [
                0.01943984255194664,
                -0.19535212218761444,
                -1.960378885269165
            ],
            "location_world": [
                1.960378885269165,
                -0.01943984255194664,
                -0.19535212218761444
            ],
            "name": "google_2_of_Jenga_Classic_Game_6",
            "projected_cuboid": [
                [
                    164.7951602935791,
                    326.1735141277313
                ],
                [
                    169.65040564537048,
                    318.3606266975403
                ],
                [
                    261.2520456314087,
                    318.06591153144836
                ],
                [
                    253.214031457901,
                    325.53422451019287
                ],
                [
                    163.8328731060028,
                    302.1791875362396
                ],
                [
                    168.57120394706726,
                    293.536514043808
                ],
                [
                    258.80998373031616,
                    294.40146684646606
                ],
                [
                    250.98085403442383,
                    302.62503027915955
                ],
                [
                    212.37260103225708,
                    310.0948631763458
                ]
            ],
            "provenance": "nvisii",
            "quaternion_xyzw": [
                -0.31411656737327576,
                0.49691396951675415,
                0.45485860109329224,
                -0.6689625978469849
            ],
            "quaternion_xyzw_world": [
                -0.47051188349723816,
                0.5125672817230225,
                0.6533092856407166,
                0.29846325516700745
            ],
            "segmentation_id": 7,
            "visibility": -1
        },
        {
            "bounding_box_minx_maxx_miny_maxy": [
                -1,
                -1,
                -1,
                -1
            ],
            "class": "2",
            "local_cuboid": null,
            "local_to_world_matrix": [
                [
                    0.6470839977264404,
                    0.7601046562194824,
                    -0.05935658887028694,
                    0.0
                ],
                [
                    -0.759772539138794,
                    0.6493616700172424,
                    0.03278788924217224,
                    0.0
                ],
                [
                    0.06346612423658371,
                    0.023880988359451294,
                    0.9976982474327087,
                    0.0
                ],
                [
                    1.910559892654419,
                    0.8165687918663025,
                    0.07590200752019882,
                    1.0
                ]
            ],
            "location": [
                -0.8165687918663025,
                0.07590200752019882,
                -1.910559892654419
            ],
            "location_world": [
                1.910559892654419,
                0.8165687918663025,
                0.07590200752019882
            ],
            "name": "google_2_of_Jenga_Classic_Game_7",
            "projected_cuboid": [
                [
                    -0.957489013671875,
                    139.5387351512909
                ],
                [
                    -26.544898748397827,
                    134.9836140871048
                ],
                [
                    -27.026265859603882,
                    226.2425720691681
                ],
                [
                    -1.1821389198303223,
                    227.86594927310944
                ],
                [
                    11.12106442451477,
                    135.16566157341003
                ],
                [
                    -14.750182628631592,
                    130.33640384674072
                ],
                [
                    -15.126824378967285,
                    224.06290471553802
                ],
                [
                    11.007234454154968,
                    225.8024513721466
                ],
                [
                    -7.795393466949463,
                    180.32878637313843
                ]
            ],
            "provenance": "nvisii",
            "quaternion_xyzw": [
                -0.26008340716362,
                0.6812412738800049,
                0.6449517011642456,
                0.22870127856731415
            ],
            "quaternion_xyzw_world": [
                0.0024537215940654278,
                0.03383587300777435,
                0.4187041223049164,
                0.9074888229370117
            ],
            "segmentation_id": 8,
            "visibility": -1
        },
        {
            "bounding_box_minx_maxx_miny_maxy": [
                -1,
                -1,
                -1,
                -1
            ],
            "class": "2",
            "local_cuboid": null,
            "local_to_world_matrix": [
                [
                    0.4354133605957031,
                    -0.4008423388004303,
                    0.8060648441314697,
                    0.0
                ],
                [
                    -0.8866146802902222,
                    -0.34608471393585205,
                    0.3068219721317291,
                    0.0
                ],
                [
                    0.15597954392433167,
                    -0.8482633829116821,
                    -0.5060826539993286,
                    0.0
                ],
                [
                    0.7868157029151917,
                    -0.24929650127887726,
                    -0.37572091817855835,
                    1.0
                ]
            ],
            "location": [
                0.24929650127887726,
                -0.37572091817855835,
                -0.7868157029151917
            ],
            "location_world": [
                0.7868157029151917,
                -0.24929650127887726,
                -0.37572091817855835
            ],
            "name": "google_2_of_Jenga_Classic_Game_8",
            "projected_cuboid": [
                [
                    589.0323519706726,
                    593.4408903121948
                ],
                [
                    642.0019865036011,
                    605.8461666107178
                ],
                [
                    470.2179431915283,
                    510.6074810028076
                ],
                [
                    429.6639561653137,
                    506.0040354728699
                ],
                [
                    580.3067684173584,
                    652.286946773529
                ],
                [
                    634.7757577896118,
                    670.9041595458984
                ],
                [
                    454.48392629623413,
                    575.2459764480591
                ],
                [
                    413.66350650787354,
                    564.4509196281433
                ],
                [
                    528.1884670257568,
                    585.2130651473999
                ]
            ],
            "provenance": "nvisii",
            "quaternion_xyzw": [
                0.55901700258255,
                0.5152570009231567,
                0.18463218212127686,
                0.6228331923484802
            ],
            "quaternion_xyzw_world": [
                0.7562375068664551,
                -0.4256126582622528,
                0.3180364668369293,
                0.3818526864051819
            ],
            "segmentation_id": 9,
            "visibility": -1
        },
        {
            "bounding_box_minx_maxx_miny_maxy": [
                -1,
                -1,
                -1,
                -1
            ],
            "class": "2",
            "local_cuboid": null,
            "local_to_world_matrix": [
                [
                    0.13466805219650269,
                    -0.28869232535362244,
                    -0.9479036331176758,
                    0.0
                ],
                [
                    -0.8330807685852051,
                    0.4849647879600525,
                    -0.26605552434921265,
                    0.0
                ],
                [
                    0.5365080833435059,
                    0.8255094885826111,
                    -0.17519474029541016,
                    0.0
                ],
                [
                    0.5493617057800293,
                    -0.5526794195175171,
                    0.34062403440475464,
                    1.0
                ]
            ],
            "location": [
                0.5526794195175171,
                0.34062403440475464,
                -0.5493617057800293
            ],
            "location_world": [
                0.5493617057800293,
                -0.5526794195175171,
                0.34062403440475464
            ],
            "name": "google_2_of_Jenga_Classic_Game_9",
            "projected_cuboid": [
                [
                    527.6278257369995,
                    37.126123905181885
                ],
                [
                    519.9592113494873,
                    35.03312170505524
                ],
                [
                    881.5198540687561,
                    -89.2612636089325
                ],
                [
                    848.1087684631348,
                    -71.78974151611328
                ],
                [
                    512.9585266113281,
                    -27.270734310150146
                ],
                [
                    503.6172866821289,
                    -36.20272874832153
                ],
                [
                    867.693305015564,
                    -185.02825498580933
                ],
                [
                    835.3486061096191,
                    -155.6064784526825
                ],
                [
                    665.4711365699768,
                    -52.922725677490234
                ]
            ],
            "provenance": "nvisii",
            "quaternion_xyzw": [
                -0.7230587601661682,
                0.49541908502578735,
                0.33198457956314087,
                -0.3486146628856659
            ],
            "quaternion_xyzw_world": [
                -0.454119473695755,
                0.6175539493560791,
                0.22647978365421295,
                0.6009238958358765
            ],
            "segmentation_id": 10,
            "visibility": -1
        },
        {
            "bounding_box_minx_maxx_miny_maxy": [
                -1,
                -1,
                -1,
                -1
            ],
            "class": "2",
            "local_cuboid": null,
            "local_to_world_matrix": [
                [
                    -0.49283409118652344,
                    -0.6030673384666443,
                    -0.6272355914115906,
                    0.0
                ],
                [
                    0.717789351940155,
                    -0.6892306804656982,
                    0.09868931770324707,
                    0.0
                ],
                [
                    -0.49182626605033875,
                    -0.40158557891845703,
                    0.7725515961647034,
                    0.0
                ],
                [
                    1.7688028812408447,
                    -0.5199978351593018,
                    -0.7774887681007385,
                    1.0
                ]
            ],
            "location": [
                0.5199978351593018,
                -0.7774887681007385,
                -1.7688028812408447
            ],
            "location_world": [
                1.7688028812408447,
                -0.5199978351593018,
                -0.7774887681007385
            ],
            "name": "google_2_of_Jenga_Classic_Game_10",
            "projected_cuboid": [
                [
                    492.1116828918457,
                    472.4845290184021
                ],
                [
                    504.6124458312988,
                    461.16775274276733
                ],
                [
                    444.27695870399475,
                    520.6522345542908
                ],
                [
                    430.69368600845337,
                    533.1205129623413
                ],
                [
                    468.4932231903076,
                    448.6258625984192
                ],
                [
                    481.5584719181061,
                    438.43525648117065
                ],
                [
                    424.3341088294983,
                    498.4437823295593
                ],
                [
                    410.3636145591736,
                    509.8705291748047
                ],
                [
                    455.7950496673584,
                    486.3940477371216
                ]
            ],
            "provenance": "nvisii",
            "quaternion_xyzw": [
                0.503128170967102,
                0.030804812908172607,
                0.44442933797836304,
                -0.7405374646186829
            ],
            "quaternion_xyzw_world": [
                -0.3255169093608856,
                -0.08810760080814362,
                0.8594498634338379,
                -0.38421574234962463
            ],
            "segmentation_id": 11,
            "visibility": -1
        },
        {
            "bounding_box_minx_maxx_miny_maxy": [
                -1,
                -1,
                -1,
                -1
            ],
            "class": "2",
            "local_cuboid": null,
            "local_to_world_matrix": [
                [
                    0.870231568813324,
                    -0.41333773732185364,
                    0.2680465579032898,
                    0.0
                ],
                [
                    0.1467629373073578,
                    -0.301877498626709,
                    -0.9419822692871094,
                    0.0
                ],
                [
                    0.47027403116226196,
                    0.8590819835662842,
                    -0.2020406723022461,
                    0.0
                ],
                [
                    1.7335915565490723,
                    0.33209675550460815,
                    -0.5148329734802246,
                    1.0
                ]
            ],
            "location": [
                -0.33209675550460815,
                -0.5148329734802246,
                -1.7335915565490723
            ],
            "location_world": [
                1.7335915565490723,
                0.33209675550460815,
                -0.5148329734802246
            ],
            "name": "google_2_of_Jenga_Classic_Game_11",
            "projected_cuboid": [
                [
                    65.82742929458618,
                    416.3706302642822
                ],
                [
                    75.07003843784332,
                    440.4069483280182
                ],
                [
                    146.89496159553528,
                    435.0726008415222
                ],
                [
                    137.4368965625763,
                    409.12455320358276
                ],
                [
                    48.168301582336426,
                    429.58277463912964
                ],
                [
                    57.874009013175964,
                    454.4256329536438
                ],
                [
                    131.20505213737488,
                    450.00576972961426
                ],
                [
                    121.24860286712646,
                    423.1148362159729
                ],
                [
                    96.76030278205872,
                    432.2848320007324
                ]
            ],
            "provenance": "nvisii",
            "quaternion_xyzw": [
                -0.8404751420021057,
                -0.1695243865251541,
                0.5143857002258301,
                -0.016442418098449707
            ],
            "quaternion_xyzw_world": [
                -0.7704138159751892,
                0.0865037739276886,
                -0.2395857274532318,
                0.5844470262527466
            ],
            "segmentation_id": 12,
            "visibility": -1
        },
        {
            "bounding_box_minx_maxx_miny_maxy": [
                -1,
                -1,
                -1,
                -1
            ],
            "class": "2",
            "local_cuboid": null,
            "local_to_world_matrix": [
                [
                    -0.43323850631713867,
                    -0.4274989366531372,
                    -0.7934414148330688,
                    0.0
                ],
                [
                    -0.6357938051223755,
                    -0.479006290435791,
                    0.6052432060241699,
                    0.0
                ],
                [
                    -0.6388041973114014,
                    0.7666796445846558,
                    -0.0642772912979126,
                    0.0
                ],
                [
                    1.7903196811676025,
                    0.018998173996806145,
                    -0.7357990145683289,
                    1.0
                ]
            ],
            "location": [
                -0.018998173996806145,
                -0.7357990145683289,
                -1.7903196811676025
            ],
            "location_world": [
                1.7903196811676025,
                0.018998173996806145,
                -0.7357990145683289
            ],
            "name": "google_2_of_Jenga_Classic_Game_12",
            "projected_cuboid": [
                [
                    157.85691142082214,
                    553.5249710083008
                ],
                [
                    170.3357696533203,
                    544.1968441009521
                ],
                [
                    256.24191761016846,
                    506.2751770019531
                ],
                [
                    242.49455332756042,
                    515.7673358917236
                ],
                [
                    147.4149078130722,
                    524.3013501167297
                ],
                [
                    159.27453339099884,
                    514.1890048980713
                ],
                [
                    244.6909248828888,
                    480.139821767807
                ],
                [
                    231.5378040075302,
                    490.21995067596436
                ],
                [
                    203.4112513065338,
                    515.0260925292969
                ]
            ],
            "provenance": "nvisii",
            "quaternion_xyzw": [
                -0.21415627002716064,
                0.36706268787384033,
                0.3892499804496765,
                -0.8172433376312256
            ],
            "quaternion_xyzw_world": [
                -0.5267934203147888,
                0.5046061277389526,
                0.6796998381614685,
                0.07661280781030655
            ],
            "segmentation_id": 13,
            "visibility": -1
        },
        {
            "bounding_box_minx_maxx_miny_maxy": [
                -1,
                -1,
                -1,
                -1
            ],
            "class": "2",
            "local_cuboid": null,
            "local_to_world_matrix": [
                [
                    0.4854143261909485,
                    -0.8580584526062012,
