{
    "camera_data": {
        "camera_look_at": {
            "at": [
                1.0,
                0.0,
                0.0
            ],
            "eye": [
                0.0,
                0.0,
                0.0
            ],
            "up": [
                0.0,
                0.0,
                1.0
            ]
        },
        "camera_view_matrix": [
            [
                0.0,
                0.0,
                -1.0,
                0.0
            ],
            [
                -1.0,
                0.0,
                0.0,
                0.0
            ],
            [
                0.0,
                1.0,
                0.0,
                0.0
            ],
            [
                0.0,
                0.0,
                0.0,
                1.0
            ]
        ],
        "height": 500,
        "intrinsics": {
            "cx": 250.0,
            "cy": 250.0,
            "fx": 603.5535278320312,
            "fy": 603.5535278320312
        },
        "location_world": [
            0.0,
            0.0,
            0.0
        ],
        "quaternion_world_xyzw": [
            0.5,
            -0.5,
            -0.5,
            0.5
        ],
        "width": 500
    },
    "objects": [
        {
            "bounding_box_minx_maxx_miny_maxy": [
                -1,
                -1,
                -1,
                -1
            ],
            "class": "2",
            "local_cuboid": null,
            "local_to_world_matrix": [
                [
                    -0.1463320255279541,
                    0.9219550490379333,
                    -0.35858863592147827,
                    0.0
                ],
                [
                    0.8824623227119446,
                    0.2854716181755066,
                    0.37385329604148865,
                    0.0
                ],
                [
                    0.4470428228378296,
                    -0.261734277009964,
                    -0.855364203453064,
                    0.0
                ],
                [
                    0.3099946975708008,
                    -0.304129034280777,
                    0.012310123071074486,
                    1.0
                ]
            ],
            "location": [
                0.304129034280777,
                0.012310123071074486,
                -0.3099946975708008
            ],
            "location_world": [
                0.3099946975708008,
                -0.304129034280777,
                0.012310123071074486
            ],
            "name": "google_2_of_Jenga_Classic_Game_0",
            "projected_cuboid": [
                [
                    790.9619808197021,
                    656.105101108551
                ],
                [
                    674.7472882270813,
                    551.636278629303
                ],
                [
                    702.0444869995117,
                    225.35482048988342
                ],
                [
                    882.7279806137085,
                    289.8494005203247
                ],
                [
                    883.0058574676514,
                    602.9075384140015
                ],
                [
                    755.3824782371521,
                    509.1296434402466
                ],
                [
                    811.6154670715332,
                    177.79414355754852
                ],
                [
                    1014.1270160675049,
                    226.88961029052734
                ],
                [
                    800.6762266159058,
                    431.1371445655823
                ]
            ],
            "provenance": "nvisii",
            "quaternion_xyzw": [
                -0.19444437325000763,
                0.8280777931213379,
                -0.5246567726135254,
                0.0348404198884964
            ],
            "quaternion_xyzw_world": [
                0.596565306186676,
                0.7561692595481873,
                0.037068095058202744,
                0.26635289192199707
            ],
            "segmentation_id": 1,
            "visibility": -1
        },
        {
            "bounding_box_minx_maxx_miny_maxy": [
                -1,
                -1,
                -1,
                -1
            ],
            "class": "2",
            "local_cuboid": null,
            "local_to_world_matrix": [
                [
                    -0.8825229406356812,
                    -0.4456547498703003,
                    0.15015049278736115,
                    0.0
                ],
                [
                    0.39116984605789185,
                    -0.5184309482574463,
                    0.7604048252105713,
                    0.0
                ],
                [
                    -0.26103538274765015,
                    0.729809045791626,
                    0.6318538784980774,
                    0.0
                ],
                [
                    1.3013014793395996,
                    0.05603750795125961,
                    -0.47903886437416077,
                    1.0
                ]
            ],
            "location": [
                -0.05603750795125961,
                -0.47903886437416077,
                -1.3013014793395996
            ],
            "location_world": [
                1.3013014793395996,
                0.05603750795125961,
                -0.47903886437416077
            ],
            "name": "google_2_of_Jenga_Classic_Game_1",
            "projected_cuboid": [
                [
                    109.33595895767212,
                    414.90092873573303
                ],
                [
                    135.07986068725586,
                    378.2748281955719
                ],
                [
                    242.19155311584473,
                    457.4737846851349
                ],
                [
                    220.84832191467285,
                    493.9585328102112
                ],
                [
                    100.14647245407104,
                    411.4173650741577
                ],
                [
                    124.72398579120636,
                    376.87915563583374
                ],
                [
                    226.906418800354,
                    452.08048820495605
                ],
                [
                    206.30663633346558,
                    486.50532960891724
                ],
                [
                    172.28390276432037,
                    434.80706214904785
                ]
            ],
            "provenance": "nvisii",
            "quaternion_xyzw": [
                0.32565879821777344,
                0.5132530331611633,
                0.11723457276821136,
                -0.785349428653717
            ],
            "quaternion_xyzw_world": [
                -0.03183609992265701,
                0.4278545677661896,
                0.8707479238510132,
                -0.2402602881193161
            ],
            "segmentation_id": 2,
            "visibility": -1
        },
        {
            "bounding_box_minx_maxx_miny_maxy": [
                -1,
                -1,
                -1,
                -1
            ],
            "class": "2",
            "local_cuboid": null,
            "local_to_world_matrix": [
                [
                    -0.9641216993331909,
                    -0.13521069288253784,
                    -0.22844591736793518,
                    0.0
                ],
                [
                    -0.0732472687959671,
                    -0.691657543182373,
                    0.7185016870498657,
                    0.0
                ],
                [
                    -0.25515544414520264,
                    0.7094560861587524,
                    0.6569381952285767,
                    0.0
                ],
                [
                    1.3323607444763184,
                    0.21057671308517456,
                    0.20724909007549286,
                    1.0
                ]
            ],
            "location": [
                -0.21057671308517456,
                0.20724909007549286,
                -1.3323607444763184
            ],
            "location_world": [
                1.3323607444763184,
                0.21057671308517456,
                0.20724909007549286
            ],
            "name": "google_2_of_Jenga_Classic_Game_2",
            "projected_cuboid": [
                [
                    32.003745436668396,
                    72.43718206882477
                ],
                [
                    59.865742921829224,
                    41.44006967544556
                ],
                [
                    167.70268976688385,
                    143.17022264003754
                ],
                [
                    140.92713594436646,
                    171.90179228782654
                ],
                [
                    39.81170058250427,
                    74.4602382183075
                ],
                [
                    66.07191264629364,
                    45.29641568660736
                ],
                [
                    167.57217049598694,
                    141.15768671035767
                ],
                [
                    142.27986335754395,
                    168.30730438232422
                ],
                [
                    103.56685519218445,
                    108.71297121047974
                ]
            ],
            "provenance": "nvisii",
            "quaternion_xyzw": [
                0.20096862316131592,
                0.5762238502502441,
                0.31679767370224,
                -0.7260971069335938
            ],
            "quaternion_xyzw_world": [
                -0.13285115361213684,
                0.3922773003578186,
                0.9100435972213745,
                -0.01702210307121277
            ],
            "segmentation_id": 3,
            "visibility": -1
        },
        {
            "bounding_box_minx_maxx_miny_maxy": [
                -1,
                -1,
                -1,
                -1
            ],
            "class": "2",
            "local_cuboid": null,
            "local_to_world_matrix": [
                [
                    -0.24502933025360107,
                    -0.773736298084259,
                    -0.5842025876045227,
                    0.0
                ],
                [
                    0.7589142918586731,
                    0.2219104766845703,
                    -0.6122129559516907,
                    0.0
                ],
                [
                    0.6033321022987366,
                    -0.5933699011802673,
                    0.5328249931335449,
                    0.0
                ],
                [
                    0.7132590413093567,
                    -0.46421706676483154,
                    0.36603254079818726,
                    1.0
                ]
            ],
            "location": [
                0.46421706676483154,
                0.36603254079818726,
                -0.7132590413093567
            ],
            "location_world": [
                0.7132590413093567,
                -0.46421706676483154,
                0.36603254079818726
            ],
            "name": "google_2_of_Jenga_Classic_Game_3",
            "projected_cuboid": [
                [
                    732.2782874107361,
                    -123.41371178627014
                ],
                [
                    685.9831213951111,
                    -62.955230474472046
                ],
                [
                    648.2255458831787,
                    -10.233938694000244
                ],
                [
                    703.0671834945679,
                    -81.52773976325989
                ],
                [
                    679.0410280227661,
                    -147.16818928718567
                ],
                [
                    637.3705863952637,
                    -86.33002638816833
                ],
                [
                    589.2317891120911,
                    -40.41513800621033
                ],
                [
                    637.0669603347778,
                    -112.51369118690491
                ],
                [
                    664.8973226547241,
                    -84.3178927898407
                ]
            ],
            "provenance": "nvisii",
            "quaternion_xyzw": [
                -0.8644769191741943,
                0.23312163352966309,
                -0.2424585223197937,
                0.37356096506118774
            ],
            "quaternion_xyzw_world": [
                -0.007667891215533018,
                0.4832480549812317,
                -0.6236873865127563,
                0.6143504977226257
            ],
            "segmentation_id": 4,
            "visibility": -1
        },
        {
            "bounding_box_minx_maxx_miny_maxy": [
                -1,
                -1,
                -1,
                -1
            ],
            "class": "2",
            "local_cuboid": null,
            "local_to_world_matrix": [
                [
                    -0.4642930030822754,
                    -0.27177906036376953,
                    0.8429524302482605,
                    0.0
                ],
                [
                    -0.289486825466156,
                    -0.8529136180877686,
                    -0.43443813920021057,
                    0.0
                ],
                [
                    0.8370364308357239,
                    -0.445730060338974,
                    0.3173248767852783,
                    0.0
                ],
                [
                    0.7680982947349548,
                    -0.26251640915870667,
                    0.5636447072029114,
                    1.0
                ]
            ],
            "location": [
                0.26251640915870667,
                0.5636447072029114,
                -0.7680982947349548
            ],
            "location_world": [
                0.7680982947349548,
                -0.26251640915870667,
                0.5636447072029114
            ],
            "name": "google_2_of_Jenga_Classic_Game_4",
            "projected_cuboid": [
                [
                    470.30317783355713,
                    -174.50052499771118
                ],
                [
                    520.0465321540833,
                    -162.52198815345764
                ],
                [
                    503.0243396759033,
                    -223.4194576740265
                ],
                [
                    437.86680698394775,
                    -237.28784918785095
                ],
                [
                    450.16318559646606,
                    -121.12072110176086
                ],
                [
                    497.63476848602295,
                    -108.29204320907593
                ],
                [
                    474.3402302265167,
                    -149.18264746665955
                ],
                [
                    413.04880380630493,
                    -164.6871268749237
                ],
                [
                    472.05835580825806,
                    -163.4930670261383
                ]
            ],
            "provenance": "nvisii",
            "quaternion_xyzw": [
                0.7973791360855103,
                0.5316999554634094,
                0.2853168845176697,
                -0.008728057146072388
            ],
            "quaternion_xyzw_world": [
                0.51751708984375,
                -0.27113398909568787,
                0.8115620017051697,
                0.0054548438638448715
            ],
            "segmentation_id": 5,
            "visibility": -1
        },
        {
            "bounding_box_minx_maxx_miny_maxy": [
                -1,
                -1,
                -1,
                -1
            ],
            "class": "2",
            "local_cuboid": null,
            "local_to_world_matrix": [
                [
                    0.8843909502029419,
                    0.3719973862171173,
                    0.2819053530693054,
                    0.0
                ],
                [
                    0.3504084646701813,
                    -0.9281537532806396,
                    0.12547719478607178,
                    0.0
                ],
                [
                    0.30832868814468384,
                    -0.012188874185085297,
                    -0.9512017965316772,
                    0.0
                ],
                [
                    1.3034954071044922,
                    0.6970998644828796,
                    0.647675096988678,
                    1.0
                ]
            ],
            "location": [
                -0.6970998644828796,
                0.647675096988678,
                -1.3034954071044922
            ],
            "location_world": [
                1.3034954071044922,
                0.6970998644828796,
                0.647675096988678
            ],
            "name": "google_2_of_Jenga_Classic_Game_5",
            "projected_cuboid": [
                [
                    -69.11632418632507,
                    89.61758017539978
                ],
                [
                    -29.798805713653564,
                    88.47479522228241
                ],
                [
                    -50.00960826873779,
                    -46.20492458343506
                ],
                [
                    -92.45428442955017,
                    -47.99509048461914
                ],
                [
                    -72.50362634658813,
                    91.27913415431976
                ],
                [
                    -31.115949153900146,
                    90.04244208335876
                ],
                [
                    -52.517861127853394,
                    -51.84870958328247
                ],
                [
                    -97.38358855247498,
                    -53.87163162231445
                ],
                [
                    -61.21784448623657,
                    22.30028808116913
                ]
            ],
            "provenance": "nvisii",
            "quaternion_xyzw": [
                0.4502371549606323,
                0.6719008684158325,
                -0.4843014180660248,
                0.33359822630882263
            ],
            "quaternion_xyzw_world": [
                0.9700188636779785,
                0.18618345260620117,
                0.1521192193031311,
                0.035480257123708725
            ],
            "segmentation_id": 6,
            "visibility": -1
        },
        {
            "bounding_box_minx_maxx_miny_maxy": [
                -1,
                -1,
                -1,
                -1
            ],
            "class": "2",
            "local_cuboid": null,
            "local_to_world_matrix": [
                [
                    0.32826465368270874,
                    -0.9353116154670715,
                    0.13203951716423035,
                    0.0
                ],
                [
                    -0.012029051780700684,
                    -0.1439136266708374,
                    -0.9895171523094177,
                    0.0
                ],
                [
                    0.9445091485977173,
                    0.3232352137565613,
                    -0.05849266052246094,
                    0.0
                ],
                [
                    0.6255425214767456,
                    0.5455461144447327,
                    -0.5437157154083252,
                    1.0
                ]
            ],
            "location": [
                -0.5455461144447327,
                -0.5437157154083252,
                -0.6255425214767456
            ],
            "location_world": [
                0.6255425214767456,
                0.5455461144447327,
                -0.5437157154083252
            ],
            "name": "google_2_of_Jenga_Classic_Game_6",
            "projected_cuboid": [
                [
                    -151.87281370162964,
                    588.9480113983154
                ],
                [
                    -144.29399371147156,
                    644.5062160491943
                ],
                [
                    -225.48186779022217,
                    798.9438772201538
                ],
                [
                    -236.2038791179657,
                    719.1526293754578
                ],
                [
                    -213.6727273464203,
                    605.8931946754456
                ],
                [
                    -205.94355463981628,
                    663.0910038948059
                ],
                [
                    -318.35412979125977,
                    832.4395418167114
                ],
                [
                    -329.3752074241638,
                    749.2225766181946
                ],
                [
                    -218.60674023628235,
                    686.5513324737549
                ]
            ],
            "provenance": "nvisii",
            "quaternion_xyzw": [
                -0.9835315942764282,
                -0.0701434463262558,
                0.1656021624803543,
                -0.01792563498020172
            ],
            "quaternion_xyzw_world": [
                -0.6186014413833618,
                0.3828558325767517,
                -0.4350736439228058,
                0.5305323600769043
            ],
            "segmentation_id": 7,
            "visibility": -1
        },
        {
            "bounding_box_minx_maxx_miny_maxy": [
                -1,
                -1,
                -1,
                -1
            ],
            "class": "2",
            "local_cuboid": null,
            "local_to_world_matrix": [
                [
                    0.8741639852523804,
                    0.39602261781692505,
                    -0.2810753881931305,
                    0.0
                ],
                [
                    0.20520929992198944,
                    -0.8258011341094971,
                    -0.5253015160560608,
                    0.0
                ],
                [
                    -0.4401436746120453,
                    0.40152040123939514,
                    -0.8031531572341919,
                    0.0
                ],
                [
                    1.685034155845642,
                    0.3741053342819214,
                    0.37398049235343933,
                    1.0
                ]
            ],
            "location": [
                -0.3741053342819214,
                0.37398049235343933,
                -1.685034155845642
            ],
            "location_world": [
                1.685034155845642,
                0.3741053342819214,
                0.37398049235343933
            ],
            "name": "google_2_of_Jenga_Classic_Game_7",
            "projected_cuboid": [
                [
                    43.29448938369751,
                    192.5942599773407
                ],
                [
                    71.84362411499023,
                    209.9522054195404
                ],
                [
                    126.0584145784378,
                    130.99822402000427
                ],
                [
                    100.20376741886139,
                    114.14502561092377
                ],
                [
                    46.33498191833496,
                    181.1349093914032
                ],
                [
                    76.13594830036163,
                    199.40464198589325
                ],
                [
                    132.2714388370514,
                    117.98642575740814
                ],
                [
                    105.39644956588745,
                    100.2880334854126
                ],
                [
                    88.8388603925705,
                    154.40495312213898
                ]
            ],
            "provenance": "nvisii",
            "quaternion_xyzw": [
                0.4150708317756653,
                0.3280920088291168,
                -0.7683534026145935,
                0.360145628452301
            ],
            "quaternion_xyzw_world": [
                0.9358309507369995,
                0.16061446070671082,
                -0.1926680952310562,
                -0.24759331345558167
            ],
            "segmentation_id": 8,
            "visibility": -1
        },
        {
            "bounding_box_minx_maxx_miny_maxy": [
                -1,
                -1,
                -1,
                -1
            ],
            "class": "2",
            "local_cuboid": null,
            "local_to_world_matrix": [
                [
                    0.5169315934181213,
                    -0.7170475721359253,
                    -0.46757322549819946,
                    0.0
                ],
                [
                    -0.8219528198242188,
                    -0.568344235420227,
                    -0.0371362566947937,
                    0.0
                ],
                [
                    -0.23911388218402863,
                    0.40351995825767517,
                    -0.8831744194030762,
                    0.0
                ],
                [
                    0.9823011755943298,
                    -0.6224023699760437,
                    0.07318847626447678,
                    1.0
                ]
            ],
            "location": [
                0.6224023699760437,
                0.07318847626447678,
                -0.9823011755943298
            ],
            "location_world": [
                0.9823011755943298,
                -0.6224023699760437,
                0.07318847626447678
            ],
            "name": "google_2_of_Jenga_Classic_Game_8",
            "projected_cuboid": [
                [
                    567.375898361206,
                    375.78725814819336
                ],
                [
                    624.1492033004761,
                    387.6144587993622
                ],
                [
                    670.64368724823,
                    216.83810651302338
                ],
                [
                    614.5821213722229,
                    217.232346534729
                ],
                [
                    544.5030927658081,
                    357.3009669780731
                ],
                [
                    602.1251678466797,
                    368.19425225257874
                ],
                [
                    652.3234844207764,
                    191.37002527713776
                ],
                [
                    595.2438116073608,
                    193.55395436286926
                ],
                [
                    608.9454293251038,
                    285.54168343544006
                ]
            ],
            "provenance": "nvisii",
            "quaternion_xyzw": [
                0.6154409050941467,
                0.04093436896800995,
                -0.37389934062957764,
                0.692644476890564
            ],
            "quaternion_xyzw_world": [
                0.8614595532417297,
                -0.44662585854530334,
                -0.20508423447608948,
                -0.12788070738315582
            ],
            "segmentation_id": 9,
            "visibility": -1
        },
        {
            "bounding_box_minx_maxx_miny_maxy": [
                -1,
                -1,
                -1,
                -1
            ],
            "class": "2",
            "local_cuboid": null,
            "local_to_world_matrix": [
                [
                    -0.4969513416290283,
                    0.6561294198036194,
                    0.5679205060005188,
                    0.0
                ],
                [
                    0.6915348172187805,
                    -0.09592771530151367,
                    0.7159453630447388,
                    0.0
                ],
                [
                    0.5242319703102112,
                    0.7485266923904419,
                    -0.4060649871826172,
                    0.0
                ],
                [
                    1.603121042251587,
                    0.06873203814029694,
                    -0.6822064518928528,
                    1.0
                ]
            ],
            "location": [
                -0.06873203814029694,
                -0.6822064518928528,
                -1.603121042251587
            ],
            "location_world": [
                1.603121042251587,
                0.06873203814029694,
                -0.6822064518928528
            ],
            "name": "google_2_of_Jenga_Classic_Game_9",
            "projected_cuboid": [
                [
                    137.8403604030609,
                    535.8555316925049
                ],
                [
                    144.31771636009216,
                    505.7404041290283
                ],
                [
                    216.11027419567108,
                    485.6330156326294
                ],
                [
                    211.69182658195496,
                    517.959713935852
                ],
                [
                    158.24347734451294,
                    544.9207425117493
                ],
                [
                    163.9201045036316,
                    515.1664018630981
                ],
                [
                    235.82597076892853,
                    496.410071849823
                ],
                [
                    232.23870992660522,
                    528.3363461494446
                ],
                [
                    186.0233098268509,
                    516.4588689804077
                ]
            ],
            "provenance": "nvisii",
            "quaternion_xyzw": [
                0.19503670930862427,
                0.8509269952774048,
                -0.3224717676639557,
                -0.36591801047325134
            ],
            "quaternion_xyzw_world": [
                0.5012587308883667,
                0.6721400022506714,
                0.5447049736976624,
                -0.01624978519976139
            ],
            "segmentation_id": 10,
            "visibility": -1
        },
        {
            "bounding_box_minx_maxx_miny_maxy": [
                -1,
                -1,
                -1,
                -1
            ],
            "class": "2",
            "local_cuboid": null,
            "local_to_world_matrix": [
                [
                    -0.6247601509094238,
                    0.7299890518188477,
                    0.2771127223968506,
                    0.0
                ],
                [
                    -0.23884330689907074,
                    0.1592225432395935,
                    -0.9579156637191772,
                    0.0
                ],
                [
                    -0.7433904409408569,
                    -0.6646536588668823,
                    0.07487678527832031,
                    0.0
                ],
                [
                    1.4653618335723877,
                    -0.4739595353603363,
                    -0.7261199355125427,
                    1.0
                ]
            ],
            "location": [
                0.4739595353603363,
                -0.7261199355125427,
                -1.4653618335723877
            ],
            "location_world": [
                1.4653618335723877,
                -0.4739595353603363,
                -0.7261199355125427
            ],
            "name": "google_2_of_Jenga_Classic_Game_10",
            "projected_cuboid": [
                [
                    566.0691261291504,
                    569.3941116333008
                ],
                [
                    564.635157585144,
                    614.9309873580933
                ],
                [
                    434.97616052627563,
                    568.7691569328308
                ],
                [
                    437.9979074001312,
                    530.6894183158875
                ],
                [
                    581.0180902481079,
                    567.408561706543
                ],
                [
                    579.8788666725159,
                    611.1364364624023
                ],
                [
                    452.3012340068817,
                    567.0686960220337
                ],
                [
                    454.9907445907593,
                    530.2628874778748
                ],
                [
                    504.0229558944702,
                    568.1259036064148
                ]
            ],
            "provenance": "nvisii",
            "quaternion_xyzw": [
                -0.34804320335388184,
                -0.08468052744865417,
                -0.9261878132820129,
                -0.1177772581577301
            ],
            "quaternion_xyzw_world": [
                0.18784339725971222,
                0.6536638736724854,
                -0.6205671429634094,
                -0.3903011977672577
            ],
            "segmentation_id": 11,
            "visibility": -1
        },
        {
            "bounding_box_minx_maxx_miny_maxy": [
                -1,
                -1,
                -1,
                -1
            ],
            "class": "2",
            "local_cuboid": null,
            "local_to_world_matrix": [
                [
                    -0.1428624391555786,
                    -0.5706756114959717,
                    0.8086530566215515,
                    0.0
                ],
                [
                    -0.8909662961959839,
                    -0.28164684772491455,
                    -0.3561658263206482,
                    0.0
                ],
                [
                    0.4310097098350525,
                    -0.7713653445243835,
                    -0.4682159423828125,
                    0.0
                ],
                [
                    1.5579140186309814,
                    0.5275120735168457,
                    -0.4034722149372101,
                    1.0
                ]
            ],
            "location": [
                -0.5275120735168457,
                -0.4034722149372101,
                -1.5579140186309814
            ],
            "location_world": [
                1.5579140186309814,
                0.5275120735168457,
                -0.4034722149372101
            ],
            "name": "google_2_of_Jenga_Classic_Game_11",
            "projected_cuboid": [
                [
                    147.42830395698547,
                    423.5249161720276
                ],
                [
                    151.4737606048584,
                    442.54595041275024
                ],
                [
                    53.50467562675476,
                    404.05377745628357
                ],
                [
                    53.774550557136536,
                    385.34796237945557
                ],
                [
                    132.36528635025024,
                    444.68551874160767
                ],
                [
                    135.69706678390503,
                    464.5404815673828
                ],
                [
                    37.14992105960846,
                    428.14725637435913
                ],
                [
                    38.186341524124146,
                    408.44106674194336
                ],
                [
                    95.51839530467987,
                    425.7007837295532
                ]
            ],
            "provenance": "nvisii",
            "quaternion_xyzw": [
                0.7677648067474365,
                0.3550240397453308,
                0.2976914048194885,
                0.44257768988609314
            ],
            "quaternion_xyzw_world": [
                0.6338375806808472,
                -0.5765048861503601,
                0.48895126581192017,
                0.16376414895057678
            ],
            "segmentation_id": 12,
            "visibility": -1
        },
        {
            "bounding_box_minx_maxx_miny_maxy": [
                -1,
                -1,
                -1,
                -1
            ],
            "class": "2",
            "local_cuboid": null,
            "local_to_world_matrix": [
                [
                    -0.09038829803466797,
                    -0.9949793815612793,
                    -0.042971253395080566,
                    0.0
                ],
                [
                    -0.10326626896858215,
                    -0.033551692962646484,
                    0.9940878748893738,
                    0.0
                ],
                [
                    -0.990538477897644,
                    0.09429115056991577,
                    -0.0997152328491211,
                    0.0
                ],
                [
                    1.4655555486679077,
                    0.3217916190624237,
                    0.16437362134456635,
                    1.0
                ]
            ],
            "location": [
                -0.3217916190624237,
                0.16437362134456635,
                -1.4655555486679077
            ],
            "location_world": [
                1.4655555486679077,
                0.3217916190624237,
                0.16437362134456635
            ],
            "name": "google_2_of_Jenga_Classic_Game_12",
            "projected_cuboid": [
                [
                    90.25542438030243,
                    203.05457711219788
                ],
                [
                    90.52674472332001,
                    159.34067964553833
                ],
                [
                    133.58576595783234,
                    165.2759313583374
                ],
                [
                    133.11193883419037,
                    200.32909512519836
                ],
                [
                    51.21101438999176,
                    201.60949230194092
                ],
                [
                    51.19103193283081,
                    158.15004706382751
                ],
                [
                    101.81042551994324,
                    164.2915904521942
                ],
                [
                    101.5269011259079,
                    199.18093085289001
                ],
                [
                    96.662238240242,
                    181.56203627586365
                ]
            ],
            "provenance": "nvisii",
            "quaternion_xyzw": [
                -0.05087520182132721,
                0.04628796875476837,
                0.019179657101631165,
                -0.9974474310874939
            ],
            "quaternion_xyzw_world": [
                -0.5106071829795837,
                0.537715494632721,
                0.5060199499130249,
                -0.44055232405662537
            ],
            "segmentation_id": 13,
            "visibility": -1
        },
        {
            "bounding_box_minx_maxx_miny_maxy": [
                -1,
                -1,
                -1,
                -1
            ],
            "class": "2",
            "local_cuboid": null,
            "local_to_world_matrix": [
                [
                    -0.22249746322631836,
                    0.5946885347366333,
