{
    "camera_data": {
        "camera_look_at": {
            "at": [
                1.0,
                0.0,
                0.0
            ],
            "eye": [
                0.0,
                0.0,
                0.0
            ],
            "up": [
                0.0,
                0.0,
                1.0
            ]
        },
        "camera_view_matrix": [
            [
                0.0,
                0.0,
                -1.0,
                0.0
            ],
            [
                -1.0,
                0.0,
                0.0,
                0.0
            ],
            [
                0.0,
                1.0,
                0.0,
                0.0
            ],
            [
                0.0,
                0.0,
                0.0,
                1.0
            ]
        ],
        "height": 500,
        "intrinsics": {
            "cx": 250.0,
            "cy": 250.0,
            "fx": 603.5535278320312,
            "fy": 603.5535278320312
        },
        "location_world": [
            0.0,
            0.0,
            0.0
        ],
        "quaternion_world_xyzw": [
            0.5,
            -0.5,
            -0.5,
            0.5
        ],
        "width": 500
    },
    "objects": [
        {
            "bounding_box_minx_maxx_miny_maxy": [
                -1,
                -1,
                -1,
                -1
            ],
            "class": "2",
            "local_cuboid": null,
            "local_to_world_matrix": [
                [
                    -0.6819943189620972,
                    -0.014566540718078613,
                    -0.7312127351760864,
                    0.0
                ],
                [
                    -0.7115660309791565,
                    -0.217803955078125,
                    0.6680086851119995,
                    0.0
                ],
                [
                    -0.168991357088089,
                    0.9758840799331665,
                    0.13817566633224487,
                    0.0
                ],
                [
                    0.236766055226326,
                    0.19865402579307556,
                    0.43786102533340454,
                    1.0
                ]
            ],
            "location": [
                -0.19865402579307556,
                0.43786102533340454,
                -0.236766055226326
            ],
            "location_world": [
                0.236766055226326,
                0.19865402579307556,
                0.43786102533340454
            ],
            "name": "google_2_of_Jenga_Classic_Game_0",
            "projected_cuboid": [
                [
                    -1309.1849088668823,
                    -1083.8032960891724
                ],
                [
                    -1941.99538230896,
                    -1958.7764739990234
                ],
                [
                    -383.8644027709961,
                    -1217.1486616134644
                ],
                [
                    -271.40188217163086,
                    -707.8853845596313
                ],
                [
                    -968.7703847885132,
                    -932.6289892196655
                ],
                [
                    -1305.8732748031616,
                    -1502.8965473175049
                ],
                [
                    -240.8854067325592,
                    -1028.335452079773
                ],
                [
                    -178.26607823371887,
                    -650.9660482406616
                ],
                [
                    -720.7954525947571,
                    -1053.253173828125
                ]
            ],
            "provenance": "nvisii",
            "quaternion_xyzw": [
                -0.21069324016571045,
                0.6091902256011963,
                0.34871774911880493,
                -0.6803614497184753
            ],
            "quaternion_xyzw_world": [
                -0.3152911067008972,
                0.5757635831832886,
                0.7137880921363831,
                0.24411989748477936
            ],
            "segmentation_id": 1,
            "visibility": -1
        },
        {
            "bounding_box_minx_maxx_miny_maxy": [
                -1,
                -1,
                -1,
                -1
            ],
            "class": "2",
            "local_cuboid": null,
            "local_to_world_matrix": [
                [
                    -0.6049267053604126,
                    0.1973104476928711,
                    0.7714482545852661,
                    0.0
                ],
                [
                    0.2875708341598511,
                    0.9575625658035278,
                    -0.019415222108364105,
                    0.0
                ],
                [
                    -0.7425408363342285,
                    0.21010121703147888,
                    -0.6359958648681641,
                    0.0
                ],
                [
                    1.701783299446106,
                    0.09399580210447311,
                    -0.41676393151283264,
                    1.0
                ]
            ],
            "location": [
                -0.09399580210447311,
                -0.41676393151283264,
                -1.701783299446106
            ],
            "location_world": [
                1.701783299446106,
                0.09399580210447311,
                -0.41676393151283264
            ],
            "name": "google_2_of_Jenga_Classic_Game_1",
            "projected_cuboid": [
                [
                    198.89342784881592,
                    487.98441886901855
                ],
                [
                    166.60988330841064,
                    484.7334623336792
                ],
                [
                    199.2281675338745,
                    388.2659077644348
                ],
                [
                    227.7836799621582,
                    389.68735933303833
                ],
                [
                    206.8001627922058,
                    504.93860244750977
                ],
                [
                    175.40334165096283,
                    501.5189051628113
                ],
                [
                    206.02840185165405,
                    405.60537576675415
                ],
                [
                    233.8850051164627,
                    407.2330594062805
                ],
                [
                    202.78431475162506,
                    443.0607855319977
                ]
            ],
            "provenance": "nvisii",
            "quaternion_xyzw": [
                -0.14103546738624573,
                0.32990700006484985,
                -0.6998689770698547,
                -0.6176194548606873
            ],
            "quaternion_xyzw_world": [
                0.1355605274438858,
                0.89421546459198,
                0.053310979157686234,
                -0.4232729971408844
            ],
            "segmentation_id": 2,
            "visibility": -1
        },
        {
            "bounding_box_minx_maxx_miny_maxy": [
                -1,
                -1,
                -1,
                -1
            ],
            "class": "2",
            "local_cuboid": null,
            "local_to_world_matrix": [
                [
                    -0.6563887596130371,
                    0.7435564994812012,
                    -0.12758395075798035,
                    0.0
                ],
                [
                    -0.6598702669143677,
                    -0.6478267908096313,
                    -0.3806464672088623,
                    0.0
                ],
                [
                    -0.3656844198703766,
                    -0.16566318273544312,
                    0.9158769845962524,
                    0.0
                ],
                [
                    1.5268522500991821,
                    0.7522140145301819,
                    -0.5615972876548767,
                    1.0
                ]
            ],
            "location": [
                -0.7522140145301819,
                -0.5615972876548767,
                -1.5268522500991821
            ],
            "location_world": [
                1.5268522500991821,
                0.7522140145301819,
                -0.5615972876548767
            ],
            "name": "google_2_of_Jenga_Classic_Game_2",
            "projected_cuboid": [
                [
                    -72.78171181678772,
                    370.12016773223877
                ],
                [
                    -61.78116798400879,
                    389.21648263931274
                ],
                [
                    -58.99989604949951,
                    488.7290596961975
                ],
                [
                    -69.33325529098511,
                    467.340350151062
                ],
                [
                    -37.42027282714844,
                    361.77825927734375
                ],
                [
                    -25.43199062347412,
                    379.84949350357056
                ],
                [
                    -25.2913236618042,
                    476.63915157318115
                ],
                [
                    -36.47443652153015,
                    456.37720823287964
                ],
                [
                    -48.207610845565796,
                    425.2389073371887
                ]
            ],
            "provenance": "nvisii",
            "quaternion_xyzw": [
                0.2604829967021942,
                0.4993059039115906,
                0.7889688611030579,
                -0.24570384621620178
            ],
            "quaternion_xyzw_world": [
                -0.13744188845157623,
                -0.15222103893756866,
                0.8972308039665222,
                0.3910439610481262
            ],
            "segmentation_id": 3,
            "visibility": -1
        },
        {
            "bounding_box_minx_maxx_miny_maxy": [
                -1,
                -1,
                -1,
                -1
            ],
            "class": "2",
            "local_cuboid": null,
            "local_to_world_matrix": [
                [
                    -0.30508410930633545,
                    0.9342848658561707,
                    -0.1844875067472458,
                    0.0
                ],
                [
                    -0.9497444033622742,
                    -0.31274664402008057,
                    -0.013239569962024689,
                    0.0
                ],
                [
                    -0.07006736099720001,
                    0.17117679119110107,
                    0.9827457070350647,
                    0.0
                ],
                [
                    1.8992055654525757,
                    -0.42430993914604187,
                    -0.522799551486969,
                    1.0
                ]
            ],
            "location": [
                0.42430993914604187,
                -0.522799551486969,
                -1.8992055654525757
            ],
            "location_world": [
                1.8992055654525757,
                -0.42430993914604187,
                -0.522799551486969
            ],
            "name": "google_2_of_Jenga_Classic_Game_3",
            "projected_cuboid": [
                [
                    352.6354730129242,
                    326.74142718315125
                ],
                [
                    365.86692929267883,
                    330.4799497127533
                ],
                [
                    380.920946598053,
                    423.3859181404114
                ],
                [
                    367.20362305641174,
                    415.8213138580322
                ],
                [
                    374.39388036727905,
                    321.2357759475708
                ],
                [
                    388.39614391326904,
                    324.6871531009674
                ],
                [
                    403.01012992858887,
                    416.4615273475647
                ],
                [
                    388.554185628891,
                    409.27475690841675
                ],
                [
                    377.5849938392639,
                    371.1780309677124
                ]
            ],
            "provenance": "nvisii",
            "quaternion_xyzw": [
                0.04713650047779083,
                0.680253267288208,
                0.710209846496582,
                -0.1750306934118271
            ],
            "quaternion_xyzw_world": [
                -0.07892536371946335,
                0.04896882548928261,
                0.8063151240348816,
                0.5841479301452637
            ],
            "segmentation_id": 4,
            "visibility": -1
        },
        {
            "bounding_box_minx_maxx_miny_maxy": [
                -1,
                -1,
                -1,
                -1
            ],
            "class": "2",
            "local_cuboid": null,
            "local_to_world_matrix": [
                [
                    -0.3119238615036011,
                    0.5418950319290161,
                    0.7804186344146729,
                    0.0
                ],
                [
                    -0.3473092317581177,
                    0.6995205879211426,
                    -0.6245375871658325,
                    0.0
                ],
                [
                    -0.8843526840209961,
                    -0.4658547639846802,
                    -0.029991984367370605,
                    0.0
                ],
                [
                    1.9683102369308472,
                    0.456638902425766,
                    0.7959604263305664,
                    1.0
                ]
            ],
            "location": [
                -0.456638902425766,
                0.7959604263305664,
                -1.9683102369308472
            ],
            "location_world": [
                1.9683102369308472,
                0.456638902425766,
                0.7959604263305664
            ],
            "name": "google_2_of_Jenga_Classic_Game_4",
            "projected_cuboid": [
                [
                    139.89973068237305,
                    -47.60739207267761
                ],
                [
                    116.79966747760773,
                    -33.881932497024536
                ],
                [
                    92.21857786178589,
                    1.16787850856781
                ],
                [
                    112.65648901462555,
                    -11.280030012130737
                ],
                [
                    156.3134491443634,
                    -21.99915051460266
                ],
                [
                    133.82813334465027,
                    -8.031666278839111
                ],
                [
                    107.3172390460968,
                    23.18282425403595
                ],
                [
                    127.28120386600494,
                    10.564863681793213
                ],
                [
                    122.48528003692627,
                    -9.772032499313354
                ]
            ],
            "provenance": "nvisii",
            "quaternion_xyzw": [
                0.2226487249135971,
                0.09083596616983414,
                0.8733248710632324,
                0.4236508011817932
            ],
            "quaternion_xyzw_world": [
                -0.06809468567371368,
                -0.714394211769104,
                0.38157936930656433,
                0.5825814604759216
            ],
            "segmentation_id": 5,
            "visibility": -1
        },
        {
            "bounding_box_minx_maxx_miny_maxy": [
                -1,
                -1,
                -1,
                -1
            ],
            "class": "2",
            "local_cuboid": null,
            "local_to_world_matrix": [
                [
                    0.33631592988967896,
                    -0.5512394309043884,
                    -0.7635620832443237,
                    0.0
                ],
                [
                    0.3895251452922821,
                    0.8196089267730713,
                    -0.4201326072216034,
                    0.0
                ],
                [
                    0.8574159145355225,
                    -0.1561291515827179,
                    0.4903690814971924,
                    0.0
                ],
                [
                    1.343604564666748,
                    0.6217472553253174,
                    0.20073027908802032,
                    1.0
                ]
            ],
            "location": [
                -0.6217472553253174,
                0.20073027908802032,
                -1.343604564666748
            ],
            "location_world": [
                1.343604564666748,
                0.6217472553253174,
                0.20073027908802032
            ],
            "name": "google_2_of_Jenga_Classic_Game_5",
            "projected_cuboid": [
                [
                    52.80119180679321,
                    124.18857216835022
                ],
                [
                    31.071484088897705,
                    139.92327451705933
                ],
                [
                    -28.897762298583984,
                    182.7995479106903
                ],
                [
                    -4.579395055770874,
                    165.17697274684906
                ],
                [
                    32.67893195152283,
                    98.81468117237091
                ],
                [
                    11.002585291862488,
                    115.33325910568237
                ],
                [
                    -53.88006567955017,
                    154.48132157325745
                ],
                [
                    -29.696017503738403,
                    135.7940137386322
                ],
                [
                    3.8927197456359863,
                    138.07642459869385
                ]
            ],
            "provenance": "nvisii",
            "quaternion_xyzw": [
                -0.840950071811676,
                0.4706496000289917,
                0.05356648936867714,
                0.2615774869918823
            ],
            "quaternion_xyzw_world": [
                -0.08114475756883621,
                0.4982278347015381,
                -0.2891557514667511,
                0.8133718371391296
            ],
            "segmentation_id": 6,
            "visibility": -1
        },
        {
            "bounding_box_minx_maxx_miny_maxy": [
                -1,
                -1,
                -1,
                -1
            ],
            "class": "2",
            "local_cuboid": null,
            "local_to_world_matrix": [
                [
                    0.6463654041290283,
                    0.5794227123260498,
                    0.4964686632156372,
                    0.0
                ],
                [
                    -0.7333558797836304,
                    0.6514279842376709,
                    0.1945011466741562,
                    0.0
                ],
                [
                    -0.21071523427963257,
                    -0.48980700969696045,
                    0.8459835648536682,
                    0.0
                ],
                [
                    1.8294333219528198,
                    -0.01971498131752014,
                    -0.16924335062503815,
                    1.0
                ]
            ],
            "location": [
                0.01971498131752014,
                -0.16924335062503815,
                -1.8294333219528198
            ],
            "location_world": [
                1.8294333219528198,
                -0.01971498131752014,
                -0.16924335062503815
            ],
            "name": "google_2_of_Jenga_Classic_Game_6",
            "projected_cuboid": [
                [
                    305.4039776325226,
                    220.48215568065643
                ],
                [
                    288.51374983787537,
                    213.82080018520355
                ],
                [
                    239.87174034118652,
                    296.8102991580963
                ],
                [
                    257.8079104423523,
                    300.5293011665344
                ],
                [
                    322.5537836551666,
                    232.962965965271
                ],
                [
                    305.7808578014374,
                    226.5547215938568
                ],
                [
                    255.1405429840088,
                    311.4888668060303
                ],
                [
                    273.0598449707031,
                    314.815878868103
                ],
                [
                    280.63109517097473,
                    265.3357684612274
                ]
            ],
            "provenance": "nvisii",
            "quaternion_xyzw": [
                -0.06196969002485275,
                0.6251417398452759,
                0.6315926313400269,
                0.45436596870422363
            ],
            "quaternion_xyzw_world": [
                0.19297268986701965,
                -0.19942356646060944,
                0.3701993227005005,
                0.8865349888801575
            ],
            "segmentation_id": 7,
            "visibility": -1
        },
        {
            "bounding_box_minx_maxx_miny_maxy": [
                -1,
                -1,
                -1,
                -1
            ],
            "class": "2",
            "local_cuboid": null,
            "local_to_world_matrix": [
                [
                    0.2571781873703003,
                    -0.9587593674659729,
                    -0.12099525332450867,
                    0.0
                ],
                [
                    0.9646746516227722,
                    0.2621084451675415,
                    -0.026493772864341736,
                    0.0
                ],
                [
                    0.05711503326892853,
                    -0.10990743339061737,
                    0.9922994375228882,
                    0.0
                ],
                [
                    1.93498957157135,
                    0.792515754699707,
                    0.07696256786584854,
                    1.0
                ]
            ],
            "location": [
                -0.792515754699707,
                0.07696256786584854,
                -1.93498957157135
            ],
            "location_world": [
                1.93498957157135,
                0.792515754699707,
                0.07696256786584854
            ],
            "name": "google_2_of_Jenga_Classic_Game_7",
            "projected_cuboid": [
                [
                    26.449665427207947,
                    135.90209186077118
                ],
                [
                    28.872400522232056,
                    141.21747016906738
                ],
                [
                    17.257362604141235,
                    228.39757800102234
                ],
                [
                    14.316588640213013,
                    226.76457464694977
                ],
                [
                    0.04744529724121094,
                    131.65342807769775
                ],
                [
                    3.579944372177124,
                    137.19779253005981
                ],
                [
                    -8.369654417037964,
                    225.24364292621613
                ],
                [
                    -12.450069189071655,
                    223.4567105770111
                ],
                [
                    8.84072482585907,
                    181.08415603637695
                ]
            ],
            "provenance": "nvisii",
            "quaternion_xyzw": [
                -0.7145572304725647,
                0.13403534889221191,
                0.05152518302202225,
                0.684680700302124
            ],
            "quaternion_xyzw_world": [
                0.026316802948713303,
                0.05619335547089577,
                -0.6068387031555176,
                0.7923992276191711
            ],
            "segmentation_id": 8,
            "visibility": -1
        },
        {
            "bounding_box_minx_maxx_miny_maxy": [
                -1,
                -1,
                -1,
                -1
            ],
            "class": "2",
            "local_cuboid": null,
            "local_to_world_matrix": [
                [
                    0.3820403218269348,
                    0.29394394159317017,
                    0.8761519193649292,
                    0.0
                ],
                [
                    0.17299380898475647,
                    0.9085610508918762,
                    -0.38024982810020447,
                    0.0
                ],
                [
                    -0.9078096151351929,
                    0.2968396246433258,
                    0.296256422996521,
                    0.0
                ],
                [
                    0.7926579117774963,
                    -0.006133876740932465,
                    -0.5270840525627136,
                    1.0
                ]
            ],
            "location": [
                0.006133876740932465,
                -0.5270840525627136,
                -0.7926579117774963
            ],
            "location_world": [
                0.7926579117774963,
                -0.006133876740932465,
                -0.5270840525627136
            ],
            "name": "google_2_of_Jenga_Classic_Game_8",
            "projected_cuboid": [
                [
                    189.36389684677124,
                    689.7093057632446
                ],
                [
                    106.76418244838715,
                    713.2716178894043
                ],
                [
                    217.57632493972778,
                    626.6274452209473
                ],
                [
                    274.83364939689636,
                    609.2898845672607
                ],
                [
                    213.45406770706177,
                    798.5345721244812
                ],
                [
                    125.38731098175049,
                    820.4046487808228
                ],
                [
                    234.16265845298767,
                    694.2387819290161
                ],
                [
                    293.9748167991638,
                    677.5050163269043
                ],
                [
                    215.9990817308426,
                    692.4022436141968
                ]
            ],
            "provenance": "nvisii",
            "quaternion_xyzw": [
                -0.2112441062927246,
                0.038355082273483276,
                0.8034306764602661,
                0.5553413033485413
            ],
            "quaternion_xyzw_world": [
                -0.2104891836643219,
                -0.5545864105224609,
                0.037600189447402954,
                0.8041855692863464
            ],
            "segmentation_id": 9,
            "visibility": -1
        },
        {
            "bounding_box_minx_maxx_miny_maxy": [
                -1,
                -1,
                -1,
                -1
            ],
            "class": "2",
            "local_cuboid": null,
            "local_to_world_matrix": [
                [
                    -0.023005127906799316,
                    -0.3623371720314026,
                    0.9317631721496582,
                    0.0
                ],
                [
                    -0.006246253848075867,
                    0.9320436716079712,
                    0.3622920513153076,
                    0.0
                ],
                [
                    -0.9997159242630005,
                    0.0025145411491394043,
                    -0.023705005645751953,
                    0.0
                ],
                [
                    0.5402953028678894,
                    0.0325428731739521,
                    0.5056037902832031,
                    1.0
                ]
            ],
            "location": [
                -0.0325428731739521,
                0.5056037902832031,
                -0.5402953028678894
            ],
            "location_world": [
                0.5402953028678894,
                0.0325428731739521,
                0.5056037902832031
            ],
            "name": "google_2_of_Jenga_Classic_Game_9",
            "projected_cuboid": [
                [
                    299.6913194656372,
                    -1017.6371335983276
                ],
                [
                    107.57525265216827,
                    -1095.0608253479004
                ],
                [
                    185.54162979125977,
                    -374.2627501487732
                ],
                [
                    273.62388372421265,
                    -339.43891525268555
                ],
                [
                    230.17053306102753,
                    -830.5693864822388
                ],
                [
                    39.307788014411926,
                    -907.0321321487427
                ],
                [
                    153.8655161857605,
                    -290.15588760375977
                ],
                [
                    241.68339371681213,
                    -255.5307149887085
                ],
                [
                    199.65913891792297,
                    -518.6065435409546
                ]
            ],
            "provenance": "nvisii",
            "quaternion_xyzw": [
                0.009073078632354736,
                -0.00773061066865921,
                0.5645987391471863,
                0.8252795338630676
            ],
            "quaternion_xyzw_world": [
                0.13101164996623993,
                -0.7033409476280212,
                -0.129669189453125,
                0.6865372657775879
            ],
            "segmentation_id": 10,
            "visibility": -1
        },
        {
            "bounding_box_minx_maxx_miny_maxy": [
                -1,
                -1,
                -1,
                -1
            ],
            "class": "2",
            "local_cuboid": null,
            "local_to_world_matrix": [
                [
                    -0.6672210693359375,
                    0.6934704780578613,
                    0.27187269926071167,
                    0.0
                ],
                [
                    -0.386909157037735,
                    -0.010775446891784668,
                    -0.9220548272132874,
                    0.0
                ],
                [
                    -0.6364882588386536,
                    -0.7204044461250305,
                    0.27549970149993896,
                    0.0
                ],
                [
                    1.739988088607788,
                    -0.3893392086029053,
                    -0.7130264043807983,
                    1.0
                ]
            ],
            "location": [
                0.3893392086029053,
                -0.7130264043807983,
                -1.739988088607788
            ],
            "location_world": [
                1.739988088607788,
                -0.3893392086029053,
                -0.7130264043807983
            ],
            "name": "google_2_of_Jenga_Classic_Game_10",
            "projected_cuboid": [
                [
                    473.5701084136963,
                    477.83103585243225
                ],
                [
                    478.7658452987671,
                    513.8454437255859
                ],
                [
                    378.883421421051,
                    513.5605335235596
                ],
                [
                    376.13219022750854,
                    481.4217686653137
                ],
                [
                    486.87851428985596,
                    478.4276485443115
                ],
                [
                    492.17745661735535,
                    513.2426023483276
                ],
                [
                    393.8744068145752,
                    513.0302309989929
                ],
                [
                    390.929639339447,
                    481.8500876426697
                ],
                [
                    431.2317371368408,
                    496.53059244155884
                ]
            ],
            "provenance": "nvisii",
            "quaternion_xyzw": [
                0.3847389221191406,
                0.1836622804403305,
                0.9016669988632202,
                0.07239294052124023
            ],
            "quaternion_xyzw_world": [
                -0.13043645024299622,
                -0.5875682830810547,
                0.6988376379013062,
                0.38649165630340576
            ],
            "segmentation_id": 11,
            "visibility": -1
        },
        {
            "bounding_box_minx_maxx_miny_maxy": [
                -1,
                -1,
                -1,
                -1
            ],
            "class": "2",
            "local_cuboid": null,
            "local_to_world_matrix": [
                [
                    -0.8262213468551636,
                    -0.3623442053794861,
                    -0.4313526749610901,
                    0.0
                ],
                [
                    0.5598942041397095,
                    -0.612799882888794,
                    -0.5576691627502441,
                    0.0
                ],
                [
                    -0.062264636158943176,
                    -0.7022700309753418,
                    0.709182620048523,
                    0.0
                ],
                [
                    1.4276372194290161,
                    0.6529292464256287,
                    -0.44997623562812805,
                    1.0
                ]
            ],
            "location": [
                -0.6529292464256287,
                -0.44997623562812805,
                -1.4276372194290161
            ],
            "location_world": [
                1.4276372194290161,
                0.6529292464256287,
                -0.44997623562812805
            ],
            "name": "google_2_of_Jenga_Classic_Game_11",
            "projected_cuboid": [
                [
                    45.10034620761871,
                    355.37809133529663
                ],
                [
                    74.3163526058197,
                    372.1139430999756
                ],
                [
                    -10.70094108581543,
                    458.6770534515381
                ],
                [
                    -42.460352182388306,
                    445.14721632003784
                ],
                [
                    42.352765798568726,
                    336.0562324523926
                ],
                [
                    70.35817205905914,
                    352.6710867881775
                ],
                [
                    -10.876268148422241,
                    435.67022681236267
                ],
                [
                    -41.200488805770874,
                    421.9971001148224
                ],
                [
                    15.823200345039368,
                    397.3728120326996
                ]
            ],
            "provenance": "nvisii",
            "quaternion_xyzw": [
                0.681496262550354,
                0.06656208634376526,
                0.5607115030288696,
                -0.46554797887802124
            ],
            "quaternion_xyzw_world": [
                -0.139100581407547,
                -0.35504889488220215,
                0.8871589303016663,
                -0.25988534092903137
            ],
            "segmentation_id": 12,
            "visibility": -1
        },
        {
            "bounding_box_minx_maxx_miny_maxy": [
                -1,
                -1,
                -1,
                -1
            ],
            "class": "2",
            "local_cuboid": null,
            "local_to_world_matrix": [
                [
                    0.839522659778595,
                    -0.5409789085388184,
                    -0.05043382942676544,
                    0.0
                ],
                [
                    -0.15601302683353424,
                    -0.1511085033416748,
                    -0.976128101348877,
                    0.0
                ],
                [
                    0.5204437375068665,
                    0.8273500204086304,
                    -0.21125876903533936,
                    0.0
                ],
                [
                    1.4993373155593872,
                    -0.1604524850845337,
                    -0.7016393542289734,
                    1.0
                ]
            ],
            "location": [
                0.1604524850845337,
                -0.7016393542289734,
                -1.4993373155593872
            ],
            "location_world": [
                1.4993373155593872,
                -0.1604524850845337,
                -0.7016393542289734
            ],
            "name": "google_2_of_Jenga_Classic_Game_12",
            "projected_cuboid": [
                [
                    226.3462245464325,
                    508.4366798400879
                ],
                [
                    230.7502031326294,
                    540.1141047477722
                ],
                [
                    324.4241774082184,
                    544.6093678474426
                ],
                [
                    318.78337264060974,
                    509.7644329071045
                ],
                [
                    209.52969789505005,
                    517.4926519393921
                ],
                [
                    213.9771580696106,
                    550.5458116531372
                ],
                [
                    310.1544678211212,
                    556.3315153121948
                ],
                [
                    304.3876886367798,
                    519.8148488998413
                ],
                [
                    265.17242193222046,
                    530.6251049041748
                ]
            ],
            "provenance": "nvisii",
            "quaternion_xyzw": [
                -0.8714284896850586,
                -0.028882116079330444,
                0.4782011806964874,
                -0.10536488890647888
            ],
            "quaternion_xyzw_world": [
                -0.7419383525848389,
                0.234855055809021,
                -0.15837228298187256,
                0.6076913475990295
            ],
            "segmentation_id": 13,
            "visibility": -1
        },
        {
            "bounding_box_minx_maxx_miny_maxy": [
                -1,
                -1,
                -1,
                -1
            ],
            "class": "2",
            "local_cuboid": null,
            "local_to_world_matrix": [
                [
                    -0.5595073699951172,
                    0.24477294087409973,
