{
    "camera_data": {
        "camera_look_at": {
            "at": [
                1.0,
                0.0,
                0.0
            ],
            "eye": [
                0.0,
                0.0,
                0.0
            ],
            "up": [
                0.0,
                0.0,
                1.0
            ]
        },
        "camera_view_matrix": [
            [
                0.0,
                0.0,
                -1.0,
                0.0
            ],
            [
                -1.0,
                0.0,
                0.0,
                0.0
            ],
            [
                0.0,
                1.0,
                0.0,
                0.0
            ],
            [
                0.0,
                0.0,
                0.0,
                1.0
            ]
        ],
        "height": 500,
        "intrinsics": {
            "cx": 250.0,
            "cy": 250.0,
            "fx": 603.5535278320312,
            "fy": 603.5535278320312
        },
        "location_world": [
            0.0,
            0.0,
            0.0
        ],
        "quaternion_world_xyzw": [
            0.5,
            -0.5,
            -0.5,
            0.5
        ],
        "width": 500
    },
    "objects": [
        {
            "bounding_box_minx_maxx_miny_maxy": [
                -1,
                -1,
                -1,
                -1
            ],
            "class": "2",
            "local_cuboid": null,
            "local_to_world_matrix": [
                [
                    0.5238564610481262,
                    -0.7820075750350952,
                    -0.337695837020874,
                    0.0
                ],
                [
                    -0.32562026381492615,
                    0.18249130249023438,
                    -0.927722156047821,
                    0.0
                ],
                [
                    0.7871123552322388,
                    0.5959538817405701,
                    -0.15903830528259277,
                    0.0
                ],
                [
                    0.24533452093601227,
                    -0.29643020033836365,
                    0.1853126883506775,
                    1.0
                ]
            ],
            "location": [
                0.29643020033836365,
                0.1853126883506775,
                -0.24533452093601227
            ],
            "location_world": [
                0.24533452093601227,
                -0.29643020033836365,
                0.1853126883506775
            ],
            "name": "google_2_of_Jenga_Classic_Game_0",
            "projected_cuboid": [
                [
                    440.53322076797485,
                    54.90769445896149
                ],
                [
                    432.109534740448,
                    141.83908700942993
                ],
                [
                    1014.5995616912842,
                    -67.89419054985046
                ],
                [
                    972.6967215538025,
                    -205.6579291820526
                ],
                [
                    377.8441548347473,
                    3.361642360687256
                ],
                [
                    364.7209405899048,
                    95.22734582424164
                ],
                [
                    987.8796339035034,
                    -206.40528202056885
                ],
                [
                    941.7951703071594,
                    -352.0745635032654
                ],
                [
                    600.7496118545532,
                    -21.582484245300293
                ]
            ],
            "provenance": "nvisii",
            "quaternion_xyzw": [
                -0.934992253780365,
                0.13908866047859192,
                0.29941701889038086,
                -0.12958891689777374
            ],
            "quaternion_xyzw_world": [
                -0.6124547719955444,
                0.4521264135837555,
                -0.18344885110855103,
                0.6219545006752014
            ],
            "segmentation_id": 1,
            "visibility": -1
        },
        {
            "bounding_box_minx_maxx_miny_maxy": [
                -1,
                -1,
                -1,
                -1
            ],
            "class": "2",
            "local_cuboid": null,
            "local_to_world_matrix": [
                [
                    0.2851702570915222,
                    -0.8626648783683777,
                    -0.4177168309688568,
                    0.0
                ],
                [
                    0.6481570601463318,
                    -0.147491455078125,
                    0.7470870614051819,
                    0.0
                ],
                [
                    -0.7060952186584473,
                    -0.4837931990623474,
                    0.5170819759368896,
                    0.0
                ],
                [
                    1.6771528720855713,
                    0.7890094518661499,
                    0.27843618392944336,
                    1.0
                ]
            ],
            "location": [
                -0.7890094518661499,
                0.27843618392944336,
                -1.6771528720855713
            ],
            "location_world": [
                1.6771528720855713,
                0.7890094518661499,
                0.27843618392944336
            ],
            "name": "google_2_of_Jenga_Classic_Game_1",
            "projected_cuboid": [
                [
                    -7.191896438598633,
                    91.74652397632599
                ],
                [
                    7.112607359886169,
                    72.26137816905975
                ],
                [
                    -13.400942087173462,
                    146.759033203125
                ],
                [
                    -26.605159044265747,
                    166.27931594848633
                ],
                [
                    -39.9090051651001,
                    75.37476718425751
                ],
                [
                    -24.183928966522217,
                    56.19734525680542
                ],
                [
                    -41.15790128707886,
                    133.64148139953613
                ],
                [
                    -55.47052621841431,
                    152.9916673898697
                ],
                [
                    -25.461435317993164,
                    114.28090929985046
                ]
            ],
            "provenance": "nvisii",
            "quaternion_xyzw": [
                -0.3199542164802551,
                0.21114391088485718,
                -0.15519623458385468,
                0.9104734063148499
            ],
            "quaternion_xyzw_world": [
                0.4784296751022339,
                -0.11208953708410263,
                -0.5872399806976318,
                0.6431876420974731
            ],
            "segmentation_id": 2,
            "visibility": -1
        },
        {
            "bounding_box_minx_maxx_miny_maxy": [
                -1,
                -1,
                -1,
                -1
            ],
            "class": "2",
            "local_cuboid": null,
            "local_to_world_matrix": [
                [
                    0.8939710259437561,
                    0.17019784450531006,
                    0.4145461320877075,
                    0.0
                ],
                [
                    -0.42500776052474976,
                    0.6152940988540649,
                    0.6639137864112854,
                    0.0
                ],
                [
                    -0.14207108318805695,
                    -0.7697049975395203,
                    0.6223905086517334,
                    0.0
                ],
                [
                    1.7951862812042236,
                    0.8180959820747375,
                    -0.6764088869094849,
                    1.0
                ]
            ],
            "location": [
                -0.8180959820747375,
                -0.6764088869094849,
                -1.7951862812042236
            ],
            "location_world": [
                1.7951862812042236,
                0.8180959820747375,
                -0.6764088869094849
            ],
            "name": "google_2_of_Jenga_Classic_Game_2",
            "projected_cuboid": [
                [
                    58.27474594116211,
                    419.1247224807739
                ],
                [
                    36.68378293514252,
                    403.44685316085815
                ],
                [
                    -33.29911828041077,
                    460.4716897010803
                ],
                [
                    -10.83424687385559,
                    474.6904969215393
                ],
                [
                    55.154770612716675,
                    437.3609125614166
                ],
                [
                    32.60257840156555,
                    421.4176535606384
                ],
                [
                    -40.11636972427368,
                    480.32301664352417
                ],
                [
                    -16.622722148895264,
                    494.70511078834534
                ],
                [
                    9.979009628295898,
                    449.16418194770813
                ]
            ],
            "provenance": "nvisii",
            "quaternion_xyzw": [
                -0.0771641805768013,
                0.6503922939300537,
                0.40260249376296997,
                0.6394894123077393
            ],
            "quaternion_xyzw_world": [
                0.40505751967430115,
                -0.1572677344083786,
                0.16817058622837067,
                0.8848242163658142
            ],
            "segmentation_id": 3,
            "visibility": -1
        },
        {
            "bounding_box_minx_maxx_miny_maxy": [
                -1,
                -1,
                -1,
                -1
            ],
            "class": "2",
            "local_cuboid": null,
            "local_to_world_matrix": [
                [
                    0.24461764097213745,
                    0.12281963229179382,
                    -0.961809515953064,
                    0.0
                ],
                [
                    0.6330270767211914,
                    -0.7716051340103149,
                    0.062466949224472046,
                    0.0
                ],
                [
                    -0.7344650030136108,
                    -0.6241320371627808,
                    -0.2664964199066162,
                    0.0
                ],
                [
                    1.5584553480148315,
                    -0.4626084268093109,
                    0.10742097347974777,
                    1.0
                ]
            ],
            "location": [
                0.4626084268093109,
                0.10742097347974777,
                -1.5584553480148315
            ],
            "location_world": [
                1.5584553480148315,
                -0.4626084268093109,
                0.10742097347974777
            ],
            "name": "google_2_of_Jenga_Classic_Game_3",
            "projected_cuboid": [
                [
                    526.3329744338989,
                    254.99486923217773
                ],
                [
                    544.1213846206665,
                    252.49499082565308
                ],
                [
                    435.56126952171326,
                    222.6996272802353
                ],
                [
                    416.4840579032898,
                    223.81827235221863
                ],
                [
                    534.8836779594421,
                    220.0448215007782
                ],
                [
                    552.5885820388794,
                    218.88214349746704
                ],
                [
                    441.5457844734192,
                    193.29890608787537
                ],
                [
                    422.43677377700806,
                    193.39923560619354
                ],
                [
                    480.3067147731781,
                    221.5036153793335
                ]
            ],
            "provenance": "nvisii",
            "quaternion_xyzw": [
                -0.14164070785045624,
                0.33571624755859375,
                -0.6698540449142456,
                0.6469374299049377
            ],
            "quaternion_xyzw_world": [
                0.7554334998130798,
                0.25013676285743713,
                -0.5613579750061035,
                0.22722019255161285
            ],
            "segmentation_id": 4,
            "visibility": -1
        },
        {
            "bounding_box_minx_maxx_miny_maxy": [
                -1,
                -1,
                -1,
                -1
            ],
            "class": "2",
            "local_cuboid": null,
            "local_to_world_matrix": [
                [
                    0.891629159450531,
                    -0.30845117568969727,
                    -0.33144423365592957,
                    0.0
                ],
                [
                    -0.2953334450721741,
                    0.15864932537078857,
                    -0.9421298503875732,
                    0.0
                ],
                [
                    0.3431844413280487,
                    0.9379169940948486,
                    0.05036044120788574,
                    0.0
                ],
                [
                    1.502217411994934,
                    -0.08715220540761948,
                    0.7292006015777588,
                    1.0
                ]
            ],
            "location": [
                0.08715220540761948,
                0.7292006015777588,
                -1.502217411994934
            ],
            "location_world": [
                1.502217411994934,
                -0.08715220540761948,
                0.7292006015777588
            ],
            "name": "google_2_of_Jenga_Classic_Game_4",
            "projected_cuboid": [
                [
                    188.56903910636902,
                    -31.88079595565796
                ],
                [
                    182.65138566493988,
                    -6.6620707511901855
                ],
                [
                    286.65781021118164,
                    -17.71208643913269
                ],
                [
                    291.2847399711609,
                    -44.38415169715881
                ],
                [
                    176.53736472129822,
                    -54.420918226242065
                ],
                [
                    170.15902698040009,
                    -28.422892093658447
                ],
                [
                    278.3339023590088,
                    -41.50688648223877
                ],
                [
                    283.3211421966553,
                    -69.04593110084534
                ],
                [
                    230.6249737739563,
                    -36.39069199562073
                ]
            ],
            "provenance": "nvisii",
            "quaternion_xyzw": [
                -0.8052585124969482,
                0.1521540880203247,
                0.5679996013641357,
                -0.0760541632771492
            ],
            "quaternion_xyzw_world": [
                -0.6485791206359863,
                0.2327336072921753,
                -0.0045253499411046505,
                0.7246790528297424
            ],
            "segmentation_id": 5,
            "visibility": -1
        },
        {
            "bounding_box_minx_maxx_miny_maxy": [
                -1,
                -1,
                -1,
                -1
            ],
            "class": "2",
            "local_cuboid": null,
            "local_to_world_matrix": [
                [
                    0.8313615322113037,
                    -0.42510467767715454,
                    0.3579440712928772,
                    0.0
                ],
                [
                    0.3825688362121582,
                    0.9049677848815918,
                    0.18621061742305756,
                    0.0
                ],
                [
                    -0.4030868411064148,
                    -0.01787009835243225,
                    0.9149872064590454,
                    0.0
                ],
                [
                    1.3441104888916016,
                    0.6118482351303101,
                    0.43659907579421997,
                    1.0
                ]
            ],
            "location": [
                -0.6118482351303101,
                0.43659907579421997,
                -1.3441104888916016
            ],
            "location_world": [
                1.3441104888916016,
                0.6118482351303101,
                0.43659907579421997
            ],
            "name": "google_2_of_Jenga_Classic_Game_5",
            "projected_cuboid": [
                [
                    -17.85600185394287,
                    -94.80825066566467
                ],
                [
                    -47.2353994846344,
                    -93.51551532745361
                ],
                [
                    -24.37412738800049,
                    51.31694674491882
                ],
                [
                    3.00578773021698,
                    53.574338555336
                ],
                [
                    -49.96687173843384,
                    -99.54002499580383
                ],
                [
                    -80.08164167404175,
                    -98.0508029460907
                ],
                [
                    -53.17750573158264,
                    54.339513182640076
                ],
                [
                    -25.129467248916626,
                    56.786611676216125
                ],
                [
                    -36.09707951545715,
                    -17.78396964073181
                ]
            ],
            "provenance": "nvisii",
            "quaternion_xyzw": [
                -0.45711246132850647,
                0.2991734743118286,
                0.4449077248573303,
                0.7096481323242188
            ],
            "quaternion_xyzw_world": [
                0.053400736302137375,
                -0.19913499057292938,
                -0.21133971214294434,
                0.9554209113121033
            ],
            "segmentation_id": 6,
            "visibility": -1
        },
        {
            "bounding_box_minx_maxx_miny_maxy": [
                -1,
                -1,
                -1,
                -1
            ],
            "class": "2",
            "local_cuboid": null,
            "local_to_world_matrix": [
                [
                    -0.497825026512146,
                    -0.6913300156593323,
                    0.5236732959747314,
                    0.0
                ],
                [
                    -0.6021097302436829,
                    0.7100825309753418,
                    0.365029901266098,
                    0.0
                ],
                [
                    -0.6242073774337769,
                    -0.1335878074169159,
                    -0.7697533369064331,
                    0.0
                ],
                [
                    1.5399564504623413,
                    0.128471240401268,
                    -0.30055859684944153,
                    1.0
                ]
            ],
            "location": [
                -0.128471240401268,
                -0.30055859684944153,
                -1.5399564504623413
            ],
            "location_world": [
                1.5399564504623413,
                0.128471240401268,
                -0.30055859684944153
            ],
            "name": "google_2_of_Jenga_Classic_Game_6",
            "projected_cuboid": [
                [
                    235.74915528297424,
                    480.26859760284424
                ],
                [
                    207.6275497674942,
                    475.01498460769653
                ],
                [
                    197.04154133796692,
                    356.79396986961365
                ],
                [
                    222.19428420066833,
                    365.316241979599
                ],
                [
                    212.68220245838165,
                    491.59690737724304
                ],
                [
                    184.5100224018097,
                    486.9219660758972
                ],
                [
                    176.9423484802246,
                    370.31203508377075
                ],
                [
                    202.11657881736755,
                    378.1895339488983
                ],
                [
                    204.61295545101166,
                    422.050416469574
                ]
            ],
            "provenance": "nvisii",
            "quaternion_xyzw": [
                -0.4189549386501312,
                0.11123479902744293,
                -0.37677836418151855,
                -0.8186218738555908
            ],
            "quaternion_xyzw_world": [
                -0.37478187680244446,
                0.8627949953079224,
                0.06706172227859497,
                -0.3326052725315094
            ],
            "segmentation_id": 7,
            "visibility": -1
        },
        {
            "bounding_box_minx_maxx_miny_maxy": [
                -1,
                -1,
                -1,
                -1
            ],
            "class": "2",
            "local_cuboid": null,
            "local_to_world_matrix": [
                [
                    -0.06654548645019531,
                    0.9826386570930481,
                    0.1731848120689392,
                    0.0
                ],
                [
                    -0.5681994557380676,
                    0.1053573489189148,
                    -0.8161183595657349,
                    0.0
                ],
                [
                    -0.820195734500885,
                    -0.15271249413490295,
                    0.5513237118721008,
                    0.0
                ],
                [
                    1.9226789474487305,
                    0.8277199268341064,
                    0.08803875744342804,
                    1.0
                ]
            ],
            "location": [
                -0.8277199268341064,
                0.08803875744342804,
                -1.9226789474487305
            ],
            "location_world": [
                1.9226789474487305,
                0.8277199268341064,
                0.08803875744342804
            ],
            "name": "google_2_of_Jenga_Classic_Game_7",
            "projected_cuboid": [
                [
                    -39.43952918052673,
                    147.17338979244232
                ],
                [
                    -51.06395483016968,
                    169.303297996521
                ],
                [
                    -27.22245454788208,
                    230.7613492012024
                ],
                [
                    -17.61898398399353,
                    209.84190702438354
                ],
                [
                    -11.186391115188599,
                    152.31196582317352
                ],
                [
                    -21.958380937576294,
                    174.52026903629303
                ],
                [
                    -1.8501579761505127,
                    235.15130579471588
                ],
                [
                    7.102981209754944,
                    214.18018639087677
                ],
                [
                    -19.61877942085266,
                    193.5638189315796
                ]
            ],
            "provenance": "nvisii",
            "quaternion_xyzw": [
                0.057628050446510315,
                0.29424673318862915,
                0.9511772394180298,
                0.07320982217788696
            ],
            "quaternion_xyzw_world": [
                -0.2630463242530823,
                -0.39388421177864075,
                0.6149210929870605,
                0.6305028796195984
            ],
            "segmentation_id": 8,
            "visibility": -1
        },
        {
            "bounding_box_minx_maxx_miny_maxy": [
                -1,
                -1,
                -1,
                -1
            ],
            "class": "2",
            "local_cuboid": null,
            "local_to_world_matrix": [
                [
                    -0.10357546806335449,
                    0.9769392013549805,
                    0.18671372532844543,
                    0.0
                ],
                [
                    -0.5682152509689331,
                    -0.21219336986541748,
                    0.7950506210327148,
                    0.0
                ],
                [
                    0.8163355588912964,
                    -0.02374589443206787,
                    0.5770896673202515,
                    0.0
                ],
                [
                    0.8464387655258179,
                    -0.40911903977394104,
                    -0.1923249363899231,
                    1.0
                ]
            ],
            "location": [
                0.40911903977394104,
                -0.1923249363899231,
                -0.8464387655258179
            ],
            "location_world": [
                0.8464387655258179,
                -0.40911903977394104,
                -0.1923249363899231
            ],
            "name": "google_2_of_Jenga_Classic_Game_8",
            "projected_cuboid": [
                [
                    451.35006308555603,
                    277.3083746433258
                ],
                [
                    470.7234501838684,
                    240.20916223526
                ],
                [
                    529.9193859100342,
                    361.6730868816376
                ],
                [
                    501.93560123443604,
                    402.2565484046936
                ],
                [
                    491.6644096374512,
                    285.09536385536194
                ],
                [
                    512.705385684967,
                    248.631551861763
                ],
                [
                    583.427369594574,
                    371.32447957992554
                ],
                [
                    552.7694225311279,
                    410.9992980957031
                ],
                [
                    507.87436962127686,
                    317.5438642501831
                ]
            ],
            "provenance": "nvisii",
            "quaternion_xyzw": [
                0.10529209673404694,
                0.9471437931060791,
                0.3023049533367157,
                -0.02107110619544983
            ],
            "quaternion_xyzw_world": [
                0.36452990770339966,
                0.28030893206596375,
                0.6879059672355652,
                0.5615427494049072
            ],
            "segmentation_id": 9,
            "visibility": -1
        },
        {
            "bounding_box_minx_maxx_miny_maxy": [
                -1,
                -1,
                -1,
                -1
            ],
            "class": "2",
            "local_cuboid": null,
            "local_to_world_matrix": [
                [
                    0.15626490116119385,
                    0.9753164052963257,
                    0.1560114622116089,
                    0.0
                ],
                [
                    -0.6911369562149048,
                    -0.0048705339431762695,
                    0.7227076292037964,
                    0.0
                ],
                [
                    0.7056283354759216,
                    -0.22075924277305603,
                    0.6733157634735107,
                    0.0
                ],
                [
                    0.19152237474918365,
                    0.0009247661218978465,
                    -0.4124410152435303,
                    1.0
                ]
            ],
            "location": [
                -0.0009247661218978465,
                -0.4124410152435303,
                -0.19152237474918365
            ],
            "location_world": [
                0.19152237474918365,
                0.0009247661218978465,
                -0.4124410152435303
            ],
            "name": "google_2_of_Jenga_Classic_Game_9",
            "projected_cuboid": [
                [
                    284.71124172210693,
                    584.7439765930176
                ],
                [
                    290.7807528972626,
                    538.5766625404358
                ],
                [
                    109.72045361995697,
                    1595.8645343780518
                ],
                [
                    144.70833539962769,
                    1412.023425102234
                ],
                [
                    396.11685276031494,
                    612.2109889984131
                ],
                [
                    420.33708095550537,
                    568.897008895874
                ],
                [
                    395.94191312789917,
                    1749.6343851089478
                ],
                [
                    355.0901710987091,
                    1513.406753540039
                ],
                [
                    314.19920921325684,
                    893.5642838478088
                ]
            ],
            "provenance": "nvisii",
            "quaternion_xyzw": [
                0.043601781129837036,
                0.9224494695663452,
                0.3697906732559204,
                0.10218021273612976
            ],
            "quaternion_xyzw_world": [
                0.3492204248905182,
                0.2034384310245514,
                0.6168308854103088,
                0.6754093170166016
            ],
            "segmentation_id": 10,
            "visibility": -1
        },
        {
            "bounding_box_minx_maxx_miny_maxy": [
                -1,
                -1,
                -1,
                -1
            ],
            "class": "2",
            "local_cuboid": null,
            "local_to_world_matrix": [
                [
                    0.058506548404693604,
                    0.2941068112850189,
                    0.9539800882339478,
                    0.0
                ],
                [
                    -0.9093488454818726,
                    -0.37859296798706055,
                    0.17248740792274475,
                    0.0
                ],
                [
                    0.4118998944759369,
                    -0.8775924444198608,
                    0.24529564380645752,
                    0.0
                ],
                [
                    1.847318410873413,
                    -0.44743868708610535,
                    -0.7961914539337158,
                    1.0
                ]
            ],
            "location": [
                0.44743868708610535,
                -0.7961914539337158,
                -1.847318410873413
            ],
            "location_world": [
                1.847318410873413,
                -0.44743868708610535,
                -0.7961914539337158
            ],
            "name": "google_2_of_Jenga_Classic_Game_10",
            "projected_cuboid": [
                [
                    453.20940017700195,
                    458.62674713134766
                ],
                [
                    471.2762236595154,
                    462.3691141605377
                ],
                [
                    400.55549144744873,
                    500.3514289855957
                ],
                [
                    384.21353697776794,
                    494.82595920562744
                ],
                [
                    460.6659710407257,
                    481.7754626274109
                ],
                [
                    479.073166847229,
                    486.4492416381836
                ],
                [
                    408.6909890174866,
                    526.1322855949402
                ],
                [
                    391.97731018066406,
                    519.5422172546387
                ],
                [
                    432.12711811065674,
                    490.59486389160156
                ]
            ],
            "provenance": "nvisii",
            "quaternion_xyzw": [
                0.4861341714859009,
                0.6852908134460449,
                0.4212242364883423,
                0.34149694442749023
            ],
            "quaternion_xyzw_world": [
                0.5458488464355469,
                -0.28178223967552185,
                0.6255761384963989,
                0.48093894124031067
            ],
            "segmentation_id": 11,
            "visibility": -1
        },
        {
            "bounding_box_minx_maxx_miny_maxy": [
                -1,
                -1,
                -1,
                -1
            ],
            "class": "2",
            "local_cuboid": null,
            "local_to_world_matrix": [
                [
                    0.38611364364624023,
                    0.5186477899551392,
                    -0.762837290763855,
                    0.0
                ],
                [
                    -0.9195985794067383,
                    0.2814062833786011,
                    -0.27413293719291687,
                    0.0
                ],
                [
                    0.07248875498771667,
                    0.8073505163192749,
                    0.5856025815010071,
                    0.0
                ],
                [
                    1.9255783557891846,
                    0.2165660262107849,
                    -0.5562593340873718,
                    1.0
                ]
            ],
            "location": [
                -0.2165660262107849,
                -0.5562593340873718,
                -1.9255783557891846
            ],
            "location_world": [
                1.9255783557891846,
                0.2165660262107849,
                -0.5562593340873718
            ],
            "name": "google_2_of_Jenga_Classic_Game_11",
            "projected_cuboid": [
                [
                    110.95353960990906,
                    371.77568674087524
                ],
                [
                    97.8824645280838,
                    383.9567005634308
                ],
                [
                    171.0222363471985,
                    439.7273659706116
                ],
                [
                    181.36435747146606,
                    425.2285361289978
                ],
                [
                    121.33678793907166,
                    355.2247881889343
                ],
                [
                    108.48131775856018,
                    366.92285537719727
                ],
                [
                    182.93137848377228,
                    423.40847849845886
                ],
                [
                    192.96066462993622,
                    409.33316946029663
                ],
                [
                    145.74095606803894,
                    396.73012495040894
                ]
            ],
            "provenance": "nvisii",
            "quaternion_xyzw": [
                -0.45496535301208496,
                0.5738039016723633,
                0.6557995080947876,
                -0.18352827429771423
            ],
            "quaternion_xyzw_world": [
                -0.36024463176727295,
                0.27824899554252625,
                0.4790831506252289,
                0.7505202293395996
            ],
            "segmentation_id": 12,
            "visibility": -1
        },
        {
            "bounding_box_minx_maxx_miny_maxy": [
                -1,
                -1,
                -1,
                -1
            ],
            "class": "2",
            "local_cuboid": null,
            "local_to_world_matrix": [
                [
                    -0.5177037715911865,
                    -0.3335404098033905,
                    -0.7878665328025818,
                    0.0
                ],
                [
                    -0.4186883270740509,
                    -0.7043055295944214,
                    0.5732834935188293,
                    0.0
                ],
                [
                    -0.7461119294166565,
                    0.626661479473114,
                    0.22497206926345825,
                    0.0
                ],
                [
                    1.8111755847930908,
                    0.26185789704322815,
                    -0.7867769002914429,
                    1.0
                ]
            ],
            "location": [
                -0.26185789704322815,
                -0.7867769002914429,
                -1.8111755847930908
            ],
            "location_world": [
                1.8111755847930908,
                0.26185789704322815,
                -0.7867769002914429
            ],
            "name": "google_2_of_Jenga_Classic_Game_12",
            "projected_cuboid": [
                [
                    74.86899197101593,
                    544.6000099182129
                ],
                [
                    93.96795928478241,
                    532.5106382369995
                ],
                [
                    175.45437812805176,
                    520.1548933982849
                ],
                [
                    157.0640653371811,
                    531.0289859771729
                ],
                [
                    69.51865553855896,
                    514.2303109169006
                ],
                [
                    88.01034092903137,
                    501.7775297164917
                ],
                [
                    168.37790608406067,
                    493.3924674987793
                ],
                [
                    150.52905678749084,
                    504.53805923461914
                ],
                [
                    124.69185888767242,
                    517.3159837722778
                ]
            ],
            "provenance": "nvisii",
            "quaternion_xyzw": [
                -0.05946652591228485,
                0.35129445791244507,
                0.4580633044242859,
                -0.8143917322158813
            ],
            "quaternion_xyzw_world": [
                -0.4903135895729065,
                0.3835447132587433,
                0.7821415066719055,
                0.027216272428631783
            ],
            "segmentation_id": 13,
            "visibility": -1
        },
        {
            "bounding_box_minx_maxx_miny_maxy": [
                -1,
                -1,
                -1,
                -1
            ],
            "class": "2",
            "local_cuboid": null,
            "local_to_world_matrix": [
                [
                    0.266571581363678,
                    0.8809328675270081,
