{
    "camera_data": {
        "camera_look_at": {
            "at": [
                1.0,
                0.0,
                0.0
            ],
            "eye": [
                0.0,
                0.0,
                0.0
            ],
            "up": [
                0.0,
                0.0,
                1.0
            ]
        },
        "camera_view_matrix": [
            [
                0.0,
                0.0,
                -1.0,
                0.0
            ],
            [
                -1.0,
                0.0,
                0.0,
                0.0
            ],
            [
                0.0,
                1.0,
                0.0,
                0.0
            ],
            [
                0.0,
                0.0,
                0.0,
                1.0
            ]
        ],
        "height": 500,
        "intrinsics": {
            "cx": 250.0,
            "cy": 250.0,
            "fx": 603.5535278320312,
            "fy": 603.5535278320312
        },
        "location_world": [
            0.0,
            0.0,
            0.0
        ],
        "quaternion_world_xyzw": [
            0.5,
            -0.5,
            -0.5,
            0.5
        ],
        "width": 500
    },
    "objects": [
        {
            "bounding_box_minx_maxx_miny_maxy": [
                -1,
                -1,
                -1,
                -1
            ],
            "class": "2",
            "local_cuboid": null,
            "local_to_world_matrix": [
                [
                    -0.4166511297225952,
                    0.03065544366836548,
                    0.908549427986145,
                    0.0
                ],
                [
                    0.8685939908027649,
                    0.3083156943321228,
                    0.3879251480102539,
                    0.0
                ],
                [
                    -0.2682279646396637,
                    0.9507900476455688,
                    -0.15508723258972168,
                    0.0
                ],
                [
                    0.2258123755455017,
                    -0.18827325105667114,
                    0.24684330821037292,
                    1.0
                ]
            ],
            "location": [
                0.18827325105667114,
                0.24684330821037292,
                -0.2258123755455017
            ],
            "location_world": [
                0.2258123755455017,
                -0.18827325105667114,
                0.24684330821037292
            ],
            "name": "google_2_of_Jenga_Classic_Game_0",
            "projected_cuboid": [
                [
                    -246.69066071510315,
                    -1163.7330055236816
                ],
                [
                    -123.14653396606445,
                    -663.2737517356873
                ],
                [
                    676.9924163818359,
                    -483.5684895515442
                ],
                [
                    949.3322372436523,
                    -680.6421279907227
                ],
                [
                    -106.87750577926636,
                    -458.37467908859253
                ],
                [
                    -54.71247434616089,
                    -297.89382219314575
                ],
                [
                    631.9042444229126,
                    -242.01112985610962
                ],
                [
                    844.6090221405029,
                    -321.3841915130615
                ],
                [
                    409.834086894989,
                    -474.98202323913574
                ]
            ],
            "provenance": "nvisii",
            "quaternion_xyzw": [
                0.2798175513744354,
                0.5362724661827087,
                -0.47722065448760986,
                -0.6374750137329102
            ],
            "quaternion_xyzw_world": [
                0.32791781425476074,
                0.6855753064155579,
                0.48817217350006104,
                -0.42912039160728455
            ],
            "segmentation_id": 1,
            "visibility": -1
        },
        {
            "bounding_box_minx_maxx_miny_maxy": [
                -1,
                -1,
                -1,
                -1
            ],
            "class": "2",
            "local_cuboid": null,
            "local_to_world_matrix": [
                [
                    0.9968140721321106,
                    -0.03672082722187042,
                    0.07080435752868652,
                    0.0
                ],
                [
                    -0.07436586171388626,
                    -0.10696995258331299,
                    0.991477370262146,
                    0.0
                ],
                [
                    -0.02883393131196499,
                    -0.9935840368270874,
                    -0.1093599796295166,
                    0.0
                ],
                [
                    1.6669633388519287,
                    0.8203689455986023,
                    0.5477847456932068,
                    1.0
                ]
            ],
            "location": [
                -0.8203689455986023,
                0.5477847456932068,
                -1.6669633388519287
            ],
            "location_world": [
                1.6669633388519287,
                0.8203689455986023,
                0.5477847456932068
            ],
            "name": "google_2_of_Jenga_Classic_Game_1",
            "projected_cuboid": [
                [
                    60.80107390880585,
                    80.8398574590683
                ],
                [
                    63.31685185432434,
                    50.397515296936035
                ],
                [
                    -38.60950469970703,
                    40.06434977054596
                ],
                [
                    -40.738463401794434,
                    70.39466500282288
                ],
                [
                    50.55287480354309,
                    74.71859455108643
                ],
                [
                    53.15123498439789,
                    42.77116060256958
                ],
                [
                    -53.656309843063354,
                    31.977370381355286
                ],
                [
                    -55.8299720287323,
                    63.8013482093811
                ],
                [
                    4.888713359832764,
                    56.970566511154175
                ]
            ],
            "provenance": "nvisii",
            "quaternion_xyzw": [
                0.06405005604028702,
                0.6938881278038025,
                -0.012607961893081665,
                0.7171179056167603
            ],
            "quaternion_xyzw_world": [
                0.743831992149353,
                -0.037335947155952454,
                0.014106151647865772,
                0.6671739816665649
            ],
            "segmentation_id": 2,
            "visibility": -1
        },
        {
            "bounding_box_minx_maxx_miny_maxy": [
                -1,
                -1,
                -1,
                -1
            ],
            "class": "2",
            "local_cuboid": null,
            "local_to_world_matrix": [
                [
                    0.3405410051345825,
                    -0.11515641212463379,
                    -0.9331510066986084,
                    0.0
                ],
                [
                    0.6863388419151306,
                    0.70878005027771,
                    0.16300249099731445,
                    0.0
                ],
                [
                    0.6426279544830322,
                    -0.6959668397903442,
                    0.3204050064086914,
                    0.0
                ],
                [
                    1.7725454568862915,
                    0.7398194670677185,
                    -0.6927013397216797,
                    1.0
                ]
            ],
            "location": [
                -0.7398194670677185,
                -0.6927013397216797,
                -1.7725454568862915
            ],
            "location_world": [
                1.7725454568862915,
                0.7398194670677185,
                -0.6927013397216797
            ],
            "name": "google_2_of_Jenga_Classic_Game_2",
            "projected_cuboid": [
                [
                    94.18642520904541,
                    449.4958519935608
                ],
                [
                    80.6584358215332,
                    439.5746886730194
                ],
                [
                    -4.46009635925293,
                    490.3048574924469
                ],
                [
                    7.705554366111755,
                    502.9592514038086
                ],
                [
                    89.14490044116974,
                    429.12358045578003
                ],
                [
                    75.58083534240723,
                    419.66506838798523
                ],
                [
                    -11.349588632583618,
                    469.0672755241394
                ],
                [
                    0.7742047309875488,
                    481.20683431625366
                ],
                [
                    43.63250732421875,
                    458.8710069656372
                ]
            ],
            "provenance": "nvisii",
            "quaternion_xyzw": [
                -0.6314233541488647,
                0.6500911116600037,
                -0.1407240629196167,
                0.3986009359359741
            ],
            "quaternion_xyzw_world": [
                0.27899640798568726,
                0.5118188261985779,
                -0.26032862067222595,
                0.7696956992149353
            ],
            "segmentation_id": 3,
            "visibility": -1
        },
        {
            "bounding_box_minx_maxx_miny_maxy": [
                -1,
                -1,
                -1,
                -1
            ],
            "class": "2",
            "local_cuboid": null,
            "local_to_world_matrix": [
                [
                    0.5703524351119995,
                    -0.5286828875541687,
                    -0.6286433935165405,
                    0.0
                ],
                [
                    -0.6108502745628357,
                    -0.7846611738204956,
                    0.10568308085203171,
                    0.0
                ],
                [
                    -0.5491448640823364,
                    0.32373034954071045,
                    -0.7704794406890869,
                    0.0
                ],
                [
                    1.6812151670455933,
                    -0.45545125007629395,
                    -0.03505557030439377,
                    1.0
                ]
            ],
            "location": [
                0.45545125007629395,
                -0.03505557030439377,
                -1.6812151670455933
            ],
            "location_world": [
                1.6812151670455933,
                -0.45545125007629395,
                -0.03505557030439377
            ],
            "name": "google_2_of_Jenga_Classic_Game_3",
            "projected_cuboid": [
                [
                    384.08029079437256,
                    361.3024950027466
                ],
                [
                    414.9886667728424,
                    361.5363836288452
                ],
                [
                    433.23004245758057,
                    269.9211537837982
                ],
                [
                    404.644250869751,
                    272.44117856025696
                ],
                [
                    371.5226352214813,
                    344.9496924877167
                ],
                [
                    402.93559432029724,
                    344.61796283721924
                ],
                [
                    422.86360263824463,
                    252.14031338691711
                ],
                [
                    393.83167028427124,
                    255.2720606327057
                ],
                [
                    403.858482837677,
                    305.6333363056183
                ]
            ],
            "provenance": "nvisii",
            "quaternion_xyzw": [
                0.46740105748176575,
                0.08344961702823639,
                -0.4782204031944275,
                0.7388353943824768
            ],
            "quaternion_xyzw_world": [
                0.8839532136917114,
                -0.32228320837020874,
                -0.3331025540828705,
                -0.061668217182159424
            ],
            "segmentation_id": 4,
            "visibility": -1
        },
        {
            "bounding_box_minx_maxx_miny_maxy": [
                -1,
                -1,
                -1,
                -1
            ],
            "class": "2",
            "local_cuboid": null,
            "local_to_world_matrix": [
                [
                    -0.1863173246383667,
                    -0.7914469838142395,
                    -0.5821491479873657,
                    0.0
                ],
                [
                    -0.40116292238235474,
                    -0.47959840297698975,
                    0.7804189920425415,
                    0.0
                ],
                [
                    -0.8968579769134521,
                    0.3789421617984772,
                    -0.22814178466796875,
                    0.0
                ],
                [
                    1.7003315687179565,
                    0.06997018307447433,
                    0.7767032384872437,
                    1.0
                ]
            ],
            "location": [
                -0.06997018307447433,
                0.7767032384872437,
                -1.7003315687179565
            ],
            "location_world": [
                1.7003315687179565,
                0.06997018307447433,
                0.7767032384872437
            ],
            "name": "google_2_of_Jenga_Classic_Game_4",
            "projected_cuboid": [
                [
                    179.25529181957245,
                    -22.663801908493042
                ],
                [
                    194.8450356721878,
                    -57.32104182243347
                ],
                [
                    243.32493543624878,
                    -33.283501863479614
                ],
                [
                    229.16321456432343,
                    -4.41211462020874
                ],
                [
                    154.20307219028473,
                    -38.87397050857544
                ],
                [
                    169.03850436210632,
                    -73.55895638465881
                ],
                [
                    221.09545767307281,
                    -47.21444845199585
                ],
                [
                    207.49107003211975,
                    -18.315523862838745
                ],
                [
                    201.7936259508133,
                    -35.88870167732239
                ]
            ],
            "provenance": "nvisii",
            "quaternion_xyzw": [
                0.1689452826976776,
                -0.15175148844718933,
                -0.28504037857055664,
                0.9312255382537842
            ],
            "quaternion_xyzw_world": [
                0.6167298555374146,
                -0.48344096541404724,
                -0.5995360612869263,
                0.1627441942691803
            ],
            "segmentation_id": 5,
            "visibility": -1
        },
        {
            "bounding_box_minx_maxx_miny_maxy": [
                -1,
                -1,
                -1,
                -1
            ],
            "class": "2",
            "local_cuboid": null,
            "local_to_world_matrix": [
                [
                    -0.3495211601257324,
                    -0.6895171403884888,
                    0.6343508958816528,
                    0.0
                ],
                [
                    0.7995539903640747,
                    -0.5724529027938843,
                    -0.18168960511684418,
                    0.0
                ],
                [
                    0.48841404914855957,
                    0.44369345903396606,
                    0.7513905763626099,
                    0.0
                ],
                [
                    1.352109670639038,
                    0.6114473342895508,
                    0.38851234316825867,
                    1.0
                ]
            ],
            "location": [
                -0.6114473342895508,
                0.38851234316825867,
                -1.352109670639038
            ],
            "location_world": [
                1.352109670639038,
                0.6114473342895508,
                0.38851234316825867
            ],
            "name": "google_2_of_Jenga_Classic_Game_5",
            "projected_cuboid": [
                [
                    -57.8019917011261,
                    -17.192184925079346
                ],
                [
                    -24.822890758514404,
                    0.8297115564346313
                ],
                [
                    3.611937165260315,
                    71.46796584129333
                ],
                [
                    -31.50227665901184,
                    55.13080954551697
                ],
                [
                    -74.3078887462616,
                    8.282840251922607
                ],
                [
                    -41.195809841156006,
                    24.867504835128784
                ],
                [
                    -14.990091323852539,
                    96.56429290771484
                ],
                [
                    -50.32026767730713,
                    81.83719217777252
                ],
                [
                    -36.753833293914795,
                    38.73543441295624
                ]
            ],
            "provenance": "nvisii",
            "quaternion_xyzw": [
                0.768052875995636,
                0.39281272888183594,
                -0.030652925372123718,
                -0.504830002784729
            ],
            "quaternion_xyzw_world": [
                0.34334424138069153,
                0.08012141287326813,
                0.817521333694458,
                -0.455361545085907
            ],
            "segmentation_id": 6,
            "visibility": -1
        },
        {
            "bounding_box_minx_maxx_miny_maxy": [
                -1,
                -1,
                -1,
                -1
            ],
            "class": "2",
            "local_cuboid": null,
            "local_to_world_matrix": [
                [
                    0.05092918872833252,
                    -0.9969671368598938,
                    -0.05884566903114319,
                    0.0
                ],
                [
                    -0.40794771909713745,
                    -0.07454955577850342,
                    0.9099565744400024,
                    0.0
                ],
                [
                    -0.9115837812423706,
                    -0.022337406873703003,
                    -0.4105072021484375,
                    0.0
                ],
                [
                    1.805808663368225,
                    0.02311365120112896,
                    -0.23133601248264313,
                    1.0
                ]
            ],
            "location": [
                -0.02311365120112896,
                -0.23133601248264313,
                -1.805808663368225
            ],
            "location_world": [
                1.805808663368225,
                0.02311365120112896,
                -0.23133601248264313
            ],
            "name": "google_2_of_Jenga_Classic_Game_6",
            "projected_cuboid": [
                [
                    257.57575035095215,
                    401.78579092025757
                ],
                [
                    260.2393627166748,
                    374.79329109191895
                ],
                [
                    256.5174400806427,
                    315.81881642341614
                ],
                [
                    254.3126940727234,
                    339.98626470565796
                ],
                [
                    227.06453502178192,
                    400.37596225738525
                ],
                [
                    229.0438711643219,
                    373.2801675796509
                ],
                [
                    229.96294498443604,
                    314.3985867500305
                ],
                [
                    228.25564444065094,
                    338.64620327949524
                ],
                [
                    242.82917380332947,
                    355.1168441772461
                ]
            ],
            "provenance": "nvisii",
            "quaternion_xyzw": [
                0.20941989123821259,
                0.01874689757823944,
                -0.034132152795791626,
                0.9770501255989075
            ],
            "quaternion_xyzw_world": [
                0.6196745038032532,
                -0.5667954683303833,
                -0.39150771498680115,
                0.37612247467041016
            ],
            "segmentation_id": 7,
            "visibility": -1
        },
        {
            "bounding_box_minx_maxx_miny_maxy": [
                -1,
                -1,
                -1,
                -1
            ],
            "class": "2",
            "local_cuboid": null,
            "local_to_world_matrix": [
                [
                    -0.055281996726989746,
                    0.9979004263877869,
                    -0.03374495357275009,
                    0.0
                ],
                [
                    -0.9983963370323181,
                    -0.05565917491912842,
                    -0.01034269854426384,
                    0.0
                ],
                [
                    -0.012199202552437782,
                    0.033119071274995804,
                    0.9993769526481628,
                    0.0
                ],
                [
                    1.925355076789856,
                    0.8272233605384827,
                    0.07951128482818604,
                    1.0
                ]
            ],
            "location": [
                -0.8272233605384827,
                0.07951128482818604,
                -1.925355076789856
            ],
            "location_world": [
                1.925355076789856,
                0.8272233605384827,
                0.07951128482818604
            ],
            "name": "google_2_of_Jenga_Classic_Game_7",
            "projected_cuboid": [
                [
                    -20.301401615142822,
                    136.003315448761
                ],
                [
                    -30.927598476409912,
                    131.16540014743805
                ],
                [
                    -27.291417121887207,
                    225.0543236732483
                ],
                [
                    -16.840457916259766,
                    225.85615515708923
                ],
                [
                    4.463300108909607,
                    135.43900847434998
                ],
                [
                    -5.028814077377319,
                    130.58702647686005
                ],
                [
                    -1.4500021934509277,
                    224.2598533630371
                ],
                [
                    7.871806621551514,
                    225.09393095970154
                ],
                [
                    -11.062800884246826,
                    179.25551533699036
                ]
            ],
            "provenance": "nvisii",
            "quaternion_xyzw": [
                0.007796060293912888,
                0.7027372717857361,
                0.7107113599777222,
                -0.0314488410949707
            ],
            "quaternion_xyzw_world": [
                -0.015813438221812248,
                0.00783935934305191,
                0.7263467311859131,
                0.6871018409729004
            ],
            "segmentation_id": 8,
            "visibility": -1
        },
        {
            "bounding_box_minx_maxx_miny_maxy": [
                -1,
                -1,
                -1,
                -1
            ],
            "class": "2",
            "local_cuboid": null,
            "local_to_world_matrix": [
                [
                    0.08457767963409424,
                    0.38234642148017883,
                    0.9201400876045227,
                    0.0
                ],
                [
                    -0.7461134195327759,
                    -0.587760329246521,
                    0.3128139078617096,
                    0.0
                ],
                [
                    0.6604251265525818,
                    -0.7129859924316406,
                    0.23556244373321533,
                    0.0
                ],
                [
                    0.8132404088973999,
                    -0.3322402238845825,
                    -0.2807738780975342,
                    1.0
                ]
            ],
            "location": [
                0.3322402238845825,
                -0.2807738780975342,
                -0.8132404088973999
            ],
            "location_world": [
                0.8132404088973999,
                -0.3322402238845825,
                -0.2807738780975342
            ],
            "name": "google_2_of_Jenga_Classic_Game_8",
            "projected_cuboid": [
                [
                    540.2339696884155,
                    359.5242500305176
                ],
                [
                    589.5572900772095,
                    350.2790927886963
                ],
                [
                    512.8874778747559,
                    427.81513929367065
                ],
                [
                    458.04035663604736,
                    433.40349197387695
                ],
                [
                    559.7062110900879,
                    402.5864899158478
                ],
                [
                    610.6313467025757,
                    396.07083797454834
                ],
                [
                    538.5268926620483,
                    485.61951518058777
                ],
                [
                    481.3251495361328,
                    486.9241714477539
                ],
                [
                    539.5036339759827,
                    413.47283124923706
                ]
            ],
            "provenance": "nvisii",
            "quaternion_xyzw": [
                0.491239458322525,
                0.7673958539962769,
                0.3198075592517853,
                0.25982800126075745
            ],
            "quaternion_xyzw_world": [
                0.5993278622627258,
                -0.15173955261707306,
                0.6593074202537537,
                0.4278959333896637
            ],
            "segmentation_id": 9,
            "visibility": -1
        },
        {
            "bounding_box_minx_maxx_miny_maxy": [
                -1,
                -1,
                -1,
                -1
            ],
            "class": "2",
            "local_cuboid": null,
            "local_to_world_matrix": [
                [
                    -0.19332373142242432,
                    -0.1671789586544037,
                    -0.9667869806289673,
                    0.0
                ],
                [
                    -0.4869629442691803,
                    0.8717901706695557,
                    -0.05337625741958618,
                    0.0
                ],
                [
                    0.8517587184906006,
                    0.4604705572128296,
                    -0.2499476671218872,
                    0.0
                ],
                [
                    0.8892475962638855,
                    0.19316528737545013,
                    0.15859360992908478,
                    1.0
                ]
            ],
            "location": [
                -0.19316528737545013,
                0.15859360992908478,
                -0.8892475962638855
            ],
            "location_world": [
                0.8892475962638855,
                0.19316528737545013,
                0.15859360992908478
            ],
            "name": "google_2_of_Jenga_Classic_Game_9",
            "projected_cuboid": [
                [
                    100.95056891441345,
                    223.92576932907104
                ],
                [
                    55.39843440055847,
                    225.41071474552155
                ],
                [
                    93.44710409641266,
                    167.13222861289978
                ],
                [
                    149.82695877552032,
                    167.89385676383972
                ],
                [
                    96.07450664043427,
                    184.79737639427185
                ],
                [
                    50.961583852767944,
                    184.83221530914307
                ],
                [
                    87.08849549293518,
                    116.0474568605423
                ],
                [
                    142.81612634658813,
                    119.08596754074097
                ],
                [
                    94.95855867862701,
                    177.29434370994568
                ]
            ],
            "provenance": "nvisii",
            "quaternion_xyzw": [
                -0.7197767496109009,
                0.6385928988456726,
                0.09278806298971176,
                -0.2559511661529541
            ],
            "quaternion_xyzw_world": [
                -0.21496151387691498,
                0.760766327381134,
                0.1337777078151703,
                0.5976032614707947
            ],
            "segmentation_id": 10,
            "visibility": -1
        },
        {
            "bounding_box_minx_maxx_miny_maxy": [
                -1,
                -1,
                -1,
                -1
            ],
            "class": "2",
            "local_cuboid": null,
            "local_to_world_matrix": [
                [
                    -0.1725713014602661,
                    0.4895567297935486,
                    0.8547241687774658,
                    0.0
                ],
                [
                    -0.8785414099693298,
                    -0.46888303756713867,
                    0.09118011593818665,
                    0.0
                ],
                [
                    0.44540345668792725,
                    -0.7351754903793335,
                    0.5110114812850952,
                    0.0
                ],
                [
                    1.825254201889038,
                    -0.49564892053604126,
                    -0.8367694616317749,
                    1.0
                ]
            ],
            "location": [
                0.49564892053604126,
                -0.8367694616317749,
                -1.825254201889038
            ],
            "location_world": [
                1.825254201889038,
                -0.49564892053604126,
                -0.8367694616317749
            ],
            "name": "google_2_of_Jenga_Classic_Game_10",
            "projected_cuboid": [
                [
                    454.03894782066345,
                    449.8981237411499
                ],
                [
                    474.4584858417511,
                    455.2249312400818
                ],
                [
                    418.0942177772522,
                    520.7859873771667
                ],
                [
                    398.4963893890381,
                    512.464702129364
                ],
                [
                    464.3082618713379,
                    468.89203786849976
                ],
                [
                    484.979122877121,
                    474.9131202697754
                ],
                [
                    429.80489134788513,
                    541.4038896560669
                ],
                [
                    409.8849892616272,
                    532.3249697685242
                ],
                [
                    442.533016204834,
                    493.3435916900635
                ]
            ],
            "provenance": "nvisii",
            "quaternion_xyzw": [
                0.4649372696876526,
                0.7117127776145935,
                0.4881017506122589,
                0.1976233422756195
            ],
            "quaternion_xyzw_world": [
                0.44308584928512573,
                -0.21947479248046875,
                0.7335641980171204,
                0.46625030040740967
            ],
            "segmentation_id": 11,
            "visibility": -1
        },
        {
            "bounding_box_minx_maxx_miny_maxy": [
                -1,
                -1,
                -1,
                -1
            ],
            "class": "2",
            "local_cuboid": null,
            "local_to_world_matrix": [
                [
                    -0.3955191373825073,
                    0.6471527218818665,
                    -0.6517345905303955,
                    0.0
                ],
                [
                    -0.8211230635643005,
                    0.06876122951507568,
                    0.5665940642356873,
                    0.0
                ],
                [
                    0.41148698329925537,
                    0.7592530846595764,
                    0.5041956901550293,
                    0.0
                ],
                [
                    1.8352444171905518,
                    0.2685093879699707,
                    -0.5263074040412903,
                    1.0
                ]
            ],
            "location": [
                -0.2685093879699707,
                -0.5263074040412903,
                -1.8352444171905518
            ],
            "location_world": [
                1.8352444171905518,
                0.2685093879699707,
                -0.5263074040412903
            ],
            "name": "google_2_of_Jenga_Classic_Game_11",
            "projected_cuboid": [
                [
                    93.22445094585419,
                    381.02924823760986
                ],
                [
                    85.67976951599121,
                    370.64170837402344
                ],
                [
                    149.60287511348724,
                    428.5620152950287
                ],
                [
                    155.24646639823914,
                    437.45726346969604
                ],
                [
                    111.02545261383057,
                    363.5200262069702
                ],
                [
                    104.23967242240906,
                    352.67290472984314
                ],
                [
                    168.2928502559662,
                    408.409059047699
                ],
                [
                    173.15585911273956,
                    417.89817810058594
                ],
                [
                    129.19099628925323,
                    394.1473960876465
                ]
            ],
            "provenance": "nvisii",
            "quaternion_xyzw": [
                -0.2223399132490158,
                0.8101286888122559,
                0.4089840054512024,
                -0.35635459423065186
            ],
            "quaternion_xyzw_world": [
                -0.08877493441104889,
                0.4899195730686188,
                0.6765636801719666,
                0.5425490140914917
            ],
            "segmentation_id": 12,
            "visibility": -1
        },
        {
            "bounding_box_minx_maxx_miny_maxy": [
                -1,
                -1,
                -1,
                -1
            ],
            "class": "2",
            "local_cuboid": null,
            "local_to_world_matrix": [
                [
                    -0.5249683856964111,
                    -0.5877827405929565,
                    -0.6155646443367004,
                    0.0
                ],
                [
                    -0.4747657775878906,
                    -0.398034930229187,
                    0.7849622368812561,
                    0.0
                ],
                [
                    -0.7064034342765808,
                    0.7043293118476868,
                    -0.07010352611541748,
                    0.0
                ],
                [
                    1.8496593236923218,
                    0.1168859452009201,
                    -0.7543323040008545,
                    1.0
                ]
            ],
            "location": [
                -0.1168859452009201,
                -0.7543323040008545,
                -1.8496593236923218
            ],
            "location_world": [
                1.8496593236923218,
                0.1168859452009201,
                -0.7543323040008545
            ],
            "name": "google_2_of_Jenga_Classic_Game_12",
            "projected_cuboid": [
                [
                    133.79783928394318,
                    555.7826161384583
                ],
                [
                    143.54866743087769,
                    538.469672203064
                ],
                [
                    224.3344634771347,
                    498.73268604278564
                ],
                [
                    213.9202207326889,
                    514.9751901626587
                ],
                [
                    120.03763020038605,
                    530.8600664138794
                ],
                [
                    129.2073130607605,
                    513.375461101532
                ],
                [
                    209.78426933288574,
                    477.3261547088623
                ],
                [
                    199.90675151348114,
                    493.66676807403564
                ],
                [
                    174.04980957508087,
                    514.222264289856
                ]
            ],
            "provenance": "nvisii",
            "quaternion_xyzw": [
                -0.1552554965019226,
                0.3502770662307739,
                0.2888159155845642,
                -0.8773751258850098
            ],
            "quaternion_xyzw_world": [
                -0.48558473587036133,
                0.547045886516571,
                0.6806063055992126,
                -0.041513338685035706
            ],
            "segmentation_id": 13,
            "visibility": -1
        },
        {
            "bounding_box_minx_maxx_miny_maxy": [
                -1,
                -1,
                -1,
                -1
            ],
            "class": "2",
            "local_cuboid": null,
            "local_to_world_matrix": [
                [
                    -0.7770271301269531,
                    -0.06328524649143219,
