{
    "camera_data": {
        "camera_look_at": {
            "at": [
                1.0,
                0.0,
                0.0
            ],
            "eye": [
                0.0,
                0.0,
                0.0
            ],
            "up": [
                0.0,
                0.0,
                1.0
            ]
        },
        "camera_view_matrix": [
            [
                0.0,
                0.0,
                -1.0,
                0.0
            ],
            [
                -1.0,
                0.0,
                0.0,
                0.0
            ],
            [
                0.0,
                1.0,
                0.0,
                0.0
            ],
            [
                0.0,
                0.0,
                0.0,
                1.0
            ]
        ],
        "height": 500,
        "intrinsics": {
            "cx": 250.0,
            "cy": 250.0,
            "fx": 603.5535278320312,
            "fy": 603.5535278320312
        },
        "location_world": [
            0.0,
            0.0,
            0.0
        ],
        "quaternion_world_xyzw": [
            0.5,
            -0.5,
            -0.5,
            0.5
        ],
        "width": 500
    },
    "objects": [
        {
            "bounding_box_minx_maxx_miny_maxy": [
                -1,
                -1,
                -1,
                -1
            ],
            "class": "2",
            "local_cuboid": null,
            "local_to_world_matrix": [
                [
                    0.5556915998458862,
                    0.8308839201927185,
                    -0.02896183729171753,
                    0.0
                ],
                [
                    -0.5710075497627258,
                    0.4067436456680298,
                    0.7130988836288452,
                    0.0
                ],
                [
                    0.6042824387550354,
                    -0.3797256648540497,
                    0.7004649639129639,
                    0.0
                ],
                [
                    0.26796621084213257,
                    -0.4091412425041199,
                    0.1252949833869934,
                    1.0
                ]
            ],
            "location": [
                0.4091412425041199,
                0.1252949833869934,
                -0.26796621084213257
            ],
            "location_world": [
                0.26796621084213257,
                -0.4091412425041199,
                0.1252949833869934
            ],
            "name": "google_2_of_Jenga_Classic_Game_0",
            "projected_cuboid": [
                [
                    870.7519173622131,
                    -117.45098233222961
                ],
                [
                    891.5537595748901,
                    -239.6724820137024
                ],
                [
                    1065.7387971878052,
                    -100.24547576904297
                ],
                [
                    1006.4976215362549,
                    69.27154958248138
                ],
                [
                    1020.2395915985107,
                    -156.59993886947632
                ],
                [
                    1061.4184141159058,
                    -297.0048785209656
                ],
                [
                    1405.0946235656738,
                    -175.63468217849731
                ],
                [
                    1275.6779193878174,
                    34.842461347579956
                ],
                [
                    1037.2130870819092,
                    -135.5765163898468
                ]
            ],
            "provenance": "nvisii",
            "quaternion_xyzw": [
                -0.12277991324663162,
                0.8871675729751587,
                0.3582954406738281,
                0.2635965347290039
            ],
            "quaternion_xyzw_world": [
                0.3348443806171417,
                0.19402773678302765,
                0.42954328656196594,
                0.8159197568893433
            ],
            "segmentation_id": 1,
            "visibility": -1
        },
        {
            "bounding_box_minx_maxx_miny_maxy": [
                -1,
                -1,
                -1,
                -1
            ],
            "class": "2",
            "local_cuboid": null,
            "local_to_world_matrix": [
                [
                    0.7045326828956604,
                    -0.09867668151855469,
                    -0.7027778625488281,
                    0.0
                ],
                [
                    0.6140362620353699,
                    0.5812484622001648,
                    0.5339568257331848,
                    0.0
                ],
                [
                    0.3557995557785034,
                    -0.8077210783958435,
                    0.4700995683670044,
                    0.0
                ],
                [
                    1.5870424509048462,
                    0.40772387385368347,
                    0.05705295130610466,
                    1.0
                ]
            ],
            "location": [
                -0.40772387385368347,
                0.05705295130610466,
                -1.5870424509048462
            ],
            "location_world": [
                1.5870424509048462,
                0.40772387385368347,
                0.05705295130610466
            ],
            "name": "google_2_of_Jenga_Classic_Game_1",
            "projected_cuboid": [
                [
                    198.89363646507263,
                    198.6216902732849
                ],
                [
                    183.43356251716614,
                    184.5511794090271
                ],
                [
                    92.42686629295349,
                    230.9180051088333
                ],
                [
                    105.9284508228302,
                    247.42192029953003
                ],
                [
                    194.28908824920654,
                    176.43988132476807
                ],
                [
                    178.4616857767105,
                    162.58728504180908
                ],
                [
                    83.9381217956543,
                    209.13979411125183
                ],
                [
                    97.64203429222107,
                    225.505530834198
                ],
                [
                    143.30366253852844,
                    203.70802283287048
                ]
            ],
            "provenance": "nvisii",
            "quaternion_xyzw": [
                -0.4797185957431793,
                0.6691561937332153,
                -0.053775355219841,
                0.5649853944778442
            ],
            "quaternion_xyzw_world": [
                0.4040991961956024,
                0.3188323378562927,
                -0.2146615982055664,
                0.8300424218177795
            ],
            "segmentation_id": 2,
            "visibility": -1
        },
        {
            "bounding_box_minx_maxx_miny_maxy": [
                -1,
                -1,
                -1,
                -1
            ],
            "class": "2",
            "local_cuboid": null,
            "local_to_world_matrix": [
                [
                    0.8858180642127991,
                    -0.46201688051223755,
                    -0.04320632666349411,
                    0.0
                ],
                [
                    0.46302318572998047,
                    0.8739123940467834,
                    0.14794130623340607,
                    0.0
                ],
                [
                    -0.030592836439609528,
                    -0.15105460584163666,
                    0.9880518913269043,
                    0.0
                ],
                [
                    1.8145413398742676,
                    0.8056302070617676,
                    -0.5886708498001099,
                    1.0
                ]
            ],
            "location": [
                -0.8056302070617676,
                -0.5886708498001099,
                -1.8145413398742676
            ],
            "location_world": [
                1.8145413398742676,
                0.8056302070617676,
                -0.5886708498001099
            ],
            "name": "google_2_of_Jenga_Classic_Game_2",
            "projected_cuboid": [
                [
                    15.87618887424469,
                    352.0907461643219
                ],
                [
                    -3.146648406982422,
                    345.891535282135
                ],
                [
                    -16.18480682373047,
                    438.6329650878906
                ],
                [
                    2.466544508934021,
                    446.7834234237671
                ],
                [
                    -6.029248237609863,
                    354.99000549316406
                ],
                [
                    -25.316208600997925,
                    348.4854996204376
                ],
                [
                    -38.75070810317993,
                    444.8162317276001
                ],
                [
                    -19.860059022903442,
                    453.42761278152466
                ],
                [
                    -11.272400617599487,
                    398.1737196445465
                ]
            ],
            "provenance": "nvisii",
            "quaternion_xyzw": [
                -0.5664545297622681,
                0.40476280450820923,
                0.32428178191185,
                0.6404200196266174
            ],
            "quaternion_xyzw_world": [
                0.07722324877977371,
                0.003257752163335681,
                -0.23891496658325195,
                0.9679595232009888
            ],
            "segmentation_id": 3,
            "visibility": -1
        },
        {
            "bounding_box_minx_maxx_miny_maxy": [
                -1,
                -1,
                -1,
                -1
            ],
            "class": "2",
            "local_cuboid": null,
            "local_to_world_matrix": [
                [
                    0.7285250425338745,
                    0.41589033603668213,
                    0.54432213306427,
                    0.0
                ],
                [
                    -0.6779327392578125,
                    0.323728084564209,
                    0.6600055694580078,
                    0.0
                ],
                [
                    0.09827753901481628,
                    -0.8498443365097046,
                    0.5177897214889526,
                    0.0
                ],
                [
                    1.369616150856018,
                    -0.47163185477256775,
                    0.2399776428937912,
                    1.0
                ]
            ],
            "location": [
                0.47163185477256775,
                0.2399776428937912,
                -1.369616150856018
            ],
            "location_world": [
                1.369616150856018,
                -0.47163185477256775,
                0.2399776428937912
            ],
            "name": "google_2_of_Jenga_Classic_Game_3",
            "projected_cuboid": [
                [
                    547.3443269729614,
                    90.45660495758057
                ],
                [
                    547.7181673049927,
                    59.87367033958435
                ],
                [
                    444.57560777664185,
                    122.532919049263
                ],
                [
                    448.33171367645264,
                    151.21755003929138
                ],
                [
                    573.728084564209,
                    102.43430733680725
                ],
                [
                    575.2441883087158,
                    71.05198502540588
                ],
                [
                    468.1866765022278,
                    136.6998851299286
                ],
                [
                    471.11356258392334,
                    165.99610447883606
                ],
                [
                    509.81616973876953,
                    112.38020658493042
                ]
            ],
            "provenance": "nvisii",
            "quaternion_xyzw": [
                0.07480257749557495,
                0.7372539639472961,
                0.40546494722366333,
                0.5352190136909485
            ],
            "quaternion_xyzw_world": [
                0.4709053039550781,
                -0.1391163170337677,
                0.3411512076854706,
                0.8015676736831665
            ],
            "segmentation_id": 4,
            "visibility": -1
        },
        {
            "bounding_box_minx_maxx_miny_maxy": [
                -1,
                -1,
                -1,
                -1
            ],
            "class": "2",
            "local_cuboid": null,
            "local_to_world_matrix": [
                [
                    0.6813502311706543,
                    -0.5361964106559753,
                    -0.49825239181518555,
                    0.0
                ],
                [
                    -0.25193262100219727,
                    0.4673268795013428,
                    -0.8474289178848267,
                    0.0
                ],
                [
                    0.6872349977493286,
                    0.702921986579895,
                    0.18332791328430176,
                    0.0
                ],
                [
                    1.2408660650253296,
                    -0.2220505028963089,
                    0.6771364212036133,
                    1.0
                ]
            ],
            "location": [
                0.2220505028963089,
                0.6771364212036133,
                -1.2408660650253296
            ],
            "location_world": [
                1.2408660650253296,
                -0.2220505028963089,
                0.6771364212036133
            ],
            "name": "google_2_of_Jenga_Classic_Game_4",
            "projected_cuboid": [
                [
                    273.5084295272827,
                    -54.7524094581604
                ],
                [
                    257.51471519470215,
                    -29.575049877166748
                ],
                [
                    357.293039560318,
                    -48.508912324905396
                ],
                [
                    374.137818813324,
                    -77.32465863227844
                ],
                [
                    256.48394227027893,
                    -82.88794755935669
                ],
                [
                    239.62005972862244,
                    -57.173073291778564
                ],
                [
                    340.8699929714203,
                    -81.55640959739685
                ],
                [
                    358.73937606811523,
                    -111.0629141330719
                ],
                [
                    303.7267327308655,
                    -66.77666306495667
                ]
            ],
            "provenance": "nvisii",
            "quaternion_xyzw": [
                -0.8761935234069824,
                0.27550405263900757,
                0.39496761560440063,
                -0.01957457885146141
            ],
            "quaternion_xyzw_world": [
                -0.507615864276886,
                0.38815227150917053,
                -0.09307364374399185,
                0.7635453343391418
            ],
            "segmentation_id": 5,
            "visibility": -1
        },
        {
            "bounding_box_minx_maxx_miny_maxy": [
                -1,
                -1,
                -1,
                -1
            ],
            "class": "2",
            "local_cuboid": null,
            "local_to_world_matrix": [
                [
                    0.16255927085876465,
                    -0.9470669031143188,
                    0.2768371105194092,
                    0.0
                ],
                [
                    0.31780388951301575,
                    0.31587278842926025,
                    0.8939938545227051,
                    0.0
                ],
                [
                    -0.934117317199707,
                    -0.05734708905220032,
                    0.3523296117782593,
                    0.0
                ],
                [
                    1.3229126930236816,
                    0.6363710761070251,
                    0.5000491142272949,
                    1.0
                ]
            ],
            "location": [
                -0.6363710761070251,
                0.5000491142272949,
                -1.3229126930236816
            ],
            "location_world": [
                1.3229126930236816,
                0.6363710761070251,
                0.5000491142272949
            ],
            "name": "google_2_of_Jenga_Classic_Game_5",
            "projected_cuboid": [
                [
                    -79.2149305343628,
                    -83.36323499679565
                ],
                [
                    -86.00392937660217,
                    -117.58673191070557
                ],
                [
                    -25.254517793655396,
                    3.370150923728943
                ],
                [
                    -18.634378910064697,
                    32.963961362838745
                ],
                [
                    -127.08273530006409,
                    -74.71847534179688
                ],
                [
                    -132.73885846138,
                    -109.57658290863037
                ],
                [
                    -61.81517243385315,
                    10.903224349021912
                ],
                [
                    -55.882811546325684,
                    40.94336926937103
                ],
                [
                    -69.4633424282074,
                    -30.532091856002808
                ]
            ],
            "provenance": "nvisii",
            "quaternion_xyzw": [
                -0.17244978249073029,
                0.056589916348457336,
                0.15252585709095,
                0.9714909195899963
            ],
            "quaternion_xyzw_world": [
                0.3515525758266449,
                -0.4474885165691376,
                -0.46741244196891785,
                0.6765282154083252
            ],
            "segmentation_id": 6,
            "visibility": -1
        },
        {
            "bounding_box_minx_maxx_miny_maxy": [
                -1,
                -1,
                -1,
                -1
            ],
            "class": "2",
            "local_cuboid": null,
            "local_to_world_matrix": [
                [
                    -0.9064106941223145,
                    0.3730263113975525,
                    0.1981695294380188,
                    0.0
                ],
                [
                    0.40313440561294556,
                    0.9040248990058899,
                    0.14220279455184937,
                    0.0
                ],
                [
                    -0.12610480189323425,
                    0.2087830901145935,
                    -0.9697976112365723,
                    0.0
                ],
                [
                    1.2568563222885132,
                    0.2529091238975525,
                    -0.3779052495956421,
                    1.0
                ]
            ],
            "location": [
                -0.2529091238975525,
                -0.3779052495956421,
                -1.2568563222885132
            ],
            "location_world": [
                1.2568563222885132,
                0.2529091238975525,
                -0.3779052495956421
            ],
            "name": "google_2_of_Jenga_Classic_Game_6",
            "projected_cuboid": [
                [
                    99.84037280082703,
                    590.9459590911865
                ],
                [
                    65.74355065822601,
                    575.2521753311157
                ],
                [
                    100.9538471698761,
                    427.4865984916687
                ],
                [
                    135.0029706954956,
                    438.52290511131287
                ],
                [
                    122.84545600414276,
                    578.8825750350952
                ],
                [
                    90.04886448383331,
                    564.393162727356
                ],
                [
                    122.65311181545258,
                    425.0006675720215
                ],
                [
                    155.37266433238983,
                    435.35199761390686
                ],
                [
                    111.90241575241089,
                    503.20374965667725
                ]
            ],
            "provenance": "nvisii",
            "quaternion_xyzw": [
                -0.29944372177124023,
                0.5893056392669678,
                -0.5824363231658936,
                -0.4730965197086334
            ],
            "quaternion_xyzw_world": [
                0.19960084557533264,
                0.9721410870552063,
                0.09026104211807251,
                -0.08339178562164307
            ],
            "segmentation_id": 7,
            "visibility": -1
        },
        {
            "bounding_box_minx_maxx_miny_maxy": [
                -1,
                -1,
                -1,
                -1
            ],
            "class": "2",
            "local_cuboid": null,
            "local_to_world_matrix": [
                [
                    -0.19461238384246826,
                    -0.29872724413871765,
                    -0.9342847466468811,
                    0.0
                ],
                [
                    0.8314472436904907,
                    -0.5555857419967651,
                    0.004451125860214233,
                    0.0
                ],
                [
                    -0.5204049944877625,
                    -0.775942325592041,
                    0.35649991035461426,
                    0.0
                ],
                [
                    1.947455644607544,
                    0.8199322819709778,
                    0.1477959305047989,
                    1.0
                ]
            ],
            "location": [
                -0.8199322819709778,
                0.1477959305047989,
                -1.947455644607544
            ],
            "location_world": [
                1.947455644607544,
                0.8199322819709778,
                0.1477959305047989
            ],
            "name": "google_2_of_Jenga_Classic_Game_7",
            "projected_cuboid": [
                [
                    41.665419936180115,
                    175.99259316921234
                ],
                [
                    65.22224843502045,
                    178.7184774875641
                ],
                [
                    10.176137089729309,
                    216.03013575077057
                ],
                [
                    -13.52962851524353,
                    214.89709615707397
                ],
                [
                    35.429731011390686,
                    151.4747142791748
                ],
                [
                    59.02799963951111,
                    155.11426329612732
                ],
                [
                    4.879608750343323,
                    193.94095242023468
                ],
                [
                    -18.830299377441406,
                    192.00927019119263
                ],
                [
                    22.105053067207336,
                    185.53638458251953
                ]
            ],
            "provenance": "nvisii",
            "quaternion_xyzw": [
                0.43984973430633545,
                -0.2152433693408966,
                0.551639974117279,
                -0.6752005815505981
            ],
            "quaternion_xyzw_world": [
                -0.5011171102523804,
                -0.2657662332057953,
                0.7257234454154968,
                -0.38932687044143677
            ],
            "segmentation_id": 8,
            "visibility": -1
        },
        {
            "bounding_box_minx_maxx_miny_maxy": [
                -1,
                -1,
                -1,
                -1
            ],
            "class": "2",
            "local_cuboid": null,
            "local_to_world_matrix": [
                [
                    -0.676680326461792,
                    0.5041278004646301,
                    -0.5366180539131165,
                    0.0
                ],
                [
                    -0.5599068999290466,
                    0.12095499038696289,
                    0.8196792602539062,
                    0.0
                ],
                [
                    0.4781297743320465,
                    0.8551169633865356,
                    0.20041674375534058,
                    0.0
                ],
                [
                    0.8891107439994812,
                    -0.47607970237731934,
                    -0.11125689744949341,
                    1.0
                ]
            ],
            "location": [
                0.47607970237731934,
                -0.11125689744949341,
                -0.8891107439994812
            ],
            "location_world": [
                0.8891107439994812,
                -0.47607970237731934,
                -0.11125689744949341
            ],
            "name": "google_2_of_Jenga_Classic_Game_8",
            "projected_cuboid": [
                [
                    374.4679093360901,
                    313.8437867164612
                ],
                [
                    374.1820752620697,
                    274.23638105392456
                ],
                [
                    574.5813846588135,
                    320.3940689563751
                ],
                [
                    564.2199516296387,
                    363.7814223766327
                ],
                [
                    390.5535340309143,
                    287.00947761535645
                ],
                [
                    391.0195231437683,
                    248.22160601615906
                ],
                [
                    582.0642709732056,
                    287.5453233718872
                ],
                [
                    571.9150304794312,
                    330.1204442977905
                ],
                [
                    471.0380434989929,
                    301.61020159721375
                ]
            ],
            "provenance": "nvisii",
            "quaternion_xyzw": [
                -0.1964196264743805,
                0.836949348449707,
                0.2271115928888321,
                -0.4575537443161011
            ],
            "quaternion_xyzw_world": [
                -0.022067809477448463,
                0.6319055557250977,
                0.6625975370407104,
                0.40146341919898987
            ],
            "segmentation_id": 9,
            "visibility": -1
        },
        {
            "bounding_box_minx_maxx_miny_maxy": [
                -1,
                -1,
                -1,
                -1
            ],
            "class": "2",
            "local_cuboid": null,
            "local_to_world_matrix": [
                [
                    -0.04962158203125,
                    0.06834295392036438,
                    0.9964271187782288,
                    0.0
                ],
                [
                    -0.824103832244873,
                    -0.5664345026016235,
                    -0.0021893084049224854,
                    0.0
                ],
                [
                    0.5642610192298889,
                    -0.8212680816650391,
                    0.08442902565002441,
                    0.0
                ],
                [
                    1.3614928722381592,
                    -0.24442727863788605,
                    -0.72464519739151,
                    1.0
                ]
            ],
            "location": [
                0.24442727863788605,
                -0.72464519739151,
                -1.3614928722381592
            ],
            "location_world": [
                1.3614928722381592,
                -0.24442727863788605,
                -0.72464519739151
            ],
            "name": "google_2_of_Jenga_Classic_Game_9",
            "projected_cuboid": [
                [
                    427.171528339386,
                    505.71954250335693
                ],
                [
                    454.8272490501404,
                    517.7403688430786
                ],
                [
                    371.01858854293823,
                    562.286376953125
                ],
                [
                    344.2763388156891,
                    546.6216802597046
                ],
                [
                    428.8095235824585,
                    535.4308485984802
                ],
                [
                    456.4691185951233,
                    548.8043427467346
                ],
                [
                    373.1110095977783,
                    597.0726013183594
                ],
                [
                    346.33949398994446,
                    579.7204971313477
                ],
                [
                    402.29862928390503,
                    547.7504730224609
                ]
            ],
            "provenance": "nvisii",
            "quaternion_xyzw": [
                0.611985981464386,
                0.6384384632110596,
                0.35576367378234863,
                0.30216166377067566
            ],
            "quaternion_xyzw_world": [
                0.5984112024307251,
                -0.31573644280433655,
                0.6520132422447205,
                0.34218892455101013
            ],
            "segmentation_id": 10,
            "visibility": -1
        },
        {
            "bounding_box_minx_maxx_miny_maxy": [
                -1,
                -1,
                -1,
                -1
            ],
            "class": "2",
            "local_cuboid": null,
            "local_to_world_matrix": [
                [
                    -0.20434880256652832,
                    -0.006162196397781372,
                    -0.9788788557052612,
                    0.0
                ],
                [
                    0.9684786796569824,
                    0.1442403793334961,
                    -0.20308563113212585,
                    0.0
                ],
                [
                    0.14244535565376282,
                    -0.9895235300064087,
                    -0.023507356643676758,
                    0.0
                ],
                [
                    1.834250807762146,
                    -0.4670581817626953,
                    -0.8250278234481812,
                    1.0
                ]
            ],
            "location": [
                0.4670581817626953,
                -0.8250278234481812,
                -1.834250807762146
            ],
            "location_world": [
                1.834250807762146,
                -0.4670581817626953,
                -0.8250278234481812
            ],
            "name": "google_2_of_Jenga_Classic_Game_10",
            "projected_cuboid": [
                [
                    501.8884539604187,
                    534.7504615783691
                ],
                [
                    487.2449040412903,
                    527.972936630249
                ],
                [
                    399.0959823131561,
                    531.9479703903198
                ],
                [
                    410.04303097724915,
                    539.0655994415283
                ],
                [
                    499.5260238647461,
                    506.9712996482849
                ],
                [
                    485.1055145263672,
                    501.4306902885437
                ],
                [
                    397.6638913154602,
                    504.78529930114746
                ],
                [
                    408.4479510784149,
                    510.6061100959778
                ],
                [
                    448.9855170249939,
                    519.540548324585
                ]
            ],
            "provenance": "nvisii",
            "quaternion_xyzw": [
                -0.5813117027282715,
                0.48301076889038086,
                -0.5134389400482178,
                0.40639615058898926
            ],
            "quaternion_xyzw_world": [
                0.4107670485973358,
                0.5856826305389404,
                -0.5090680122375488,
                0.4786398410797119
            ],
            "segmentation_id": 11,
            "visibility": -1
        },
        {
            "bounding_box_minx_maxx_miny_maxy": [
                -1,
                -1,
                -1,
                -1
            ],
            "class": "2",
            "local_cuboid": null,
            "local_to_world_matrix": [
                [
                    0.6180084943771362,
                    0.4467625021934509,
                    -0.6468916535377502,
                    0.0
                ],
                [
                    -0.5955081582069397,
                    -0.27117156982421875,
                    -0.7561984062194824,
                    0.0
                ],
                [
                    -0.5132597088813782,
                    0.8525662422180176,
                    0.09846436977386475,
                    0.0
                ],
                [
                    1.9548786878585815,
                    0.16584546864032745,
                    -0.5709543228149414,
                    1.0
                ]
            ],
            "location": [
                -0.16584546864032745,
                -0.5709543228149414,
                -1.9548786878585815
            ],
            "location_world": [
                1.9548786878585815,
                0.16584546864032745,
                -0.5709543228149414
            ],
            "name": "google_2_of_Jenga_Classic_Game_11",
            "projected_cuboid": [
                [
                    105.51324486732483,
                    424.36185479164124
                ],
                [
                    109.1461032629013,
                    450.58155059814453
                ],
                [
                    196.8693733215332,
                    444.0760314464569
                ],
                [
                    191.30757451057434,
                    419.98064517974854
                ],
                [
                    113.39223384857178,
                    412.01257705688477
                ],
                [
                    117.35168099403381,
                    438.60673904418945
                ],
                [
                    206.67390525341034,
                    432.87694454193115
                ],
                [
                    200.7213532924652,
                    408.4688127040863
                ],
                [
                    156.77815675735474,
                    428.6769926548004
                ]
            ],
            "provenance": "nvisii",
            "quaternion_xyzw": [
                -0.4461435079574585,
                0.21053765714168549,
                0.8240480422973633,
                -0.2785223722457886
            ],
            "quaternion_xyzw_world": [
                -0.6690881252288818,
                0.05557775869965553,
                0.43348225951194763,
                0.6011034250259399
            ],
            "segmentation_id": 12,
            "visibility": -1
        },
        {
            "bounding_box_minx_maxx_miny_maxy": [
                -1,
                -1,
                -1,
                -1
            ],
            "class": "2",
            "local_cuboid": null,
            "local_to_world_matrix": [
                [
                    -0.7007405757904053,
                    0.12861192226409912,
                    0.7017276287078857,
                    0.0
                ],
                [
                    0.6872554421424866,
                    -0.14222824573516846,
                    0.7123560905456543,
                    0.0
                ],
                [
                    0.19142290949821472,
                    0.981442928314209,
                    0.011275768280029297,
                    0.0
                ],
                [
                    1.7536991834640503,
                    0.44518306851387024,
                    -0.7909126877784729,
                    1.0
                ]
            ],
            "location": [
                -0.44518306851387024,
                -0.7909126877784729,
                -1.7536991834640503
            ],
            "location_world": [
                1.7536991834640503,
                0.44518306851387024,
                -0.7909126877784729
            ],
            "name": "google_2_of_Jenga_Classic_Game_12",
            "projected_cuboid": [
                [
                    -5.8005452156066895,
                    522.0209360122681
                ],
                [
                    6.398722529411316,
                    493.25791001319885
                ],
                [
                    97.22401201725006,
                    502.14046239852905
                ],
                [
                    87.72861957550049,
                    532.15491771698
                ],
                [
                    5.406007170677185,
                    532.1820974349976
                ],
                [
                    16.895458102226257,
                    503.9551854133606
                ],
                [
                    105.2716076374054,
                    512.8968954086304
                ],
                [
                    96.34226560592651,
                    542.3206686973572
                ],
                [
                    50.63006281852722,
                    517.3854231834412
                ]
            ],
            "provenance": "nvisii",
            "quaternion_xyzw": [
                0.29599615931510925,
                0.7128097414970398,
                -0.23708276450634003,
                -0.589983344078064
            ],
            "quaternion_xyzw_world": [
                0.32795268297195435,
                0.6219398379325867,
                0.6808532476425171,
                -0.20512625575065613
            ],
            "segmentation_id": 13,
            "visibility": -1
        },
        {
            "bounding_box_minx_maxx_miny_maxy": [
                -1,
                -1,
                -1,
                -1
            ],
            "class": "2",
            "local_cuboid": null,
            "local_to_world_matrix": [
                [
                    -0.10660433769226074,
                    -0.9930975437164307,
                    0.048917561769485474,
