{
    "camera_data": {
        "camera_look_at": {
            "at": [
                1.0,
                0.0,
                0.0
            ],
            "eye": [
                0.0,
                0.0,
                0.0
            ],
            "up": [
                0.0,
                0.0,
                1.0
            ]
        },
        "camera_view_matrix": [
            [
                0.0,
                0.0,
                -1.0,
                0.0
            ],
            [
                -1.0,
                0.0,
                0.0,
                0.0
            ],
            [
                0.0,
                1.0,
                0.0,
                0.0
            ],
            [
                0.0,
                0.0,
                0.0,
                1.0
            ]
        ],
        "height": 500,
        "intrinsics": {
            "cx": 250.0,
            "cy": 250.0,
            "fx": 603.5535278320312,
            "fy": 603.5535278320312
        },
        "location_world": [
            0.0,
            0.0,
            0.0
        ],
        "quaternion_world_xyzw": [
            0.5,
            -0.5,
            -0.5,
            0.5
        ],
        "width": 500
    },
    "objects": [
        {
            "bounding_box_minx_maxx_miny_maxy": [
                -1,
                -1,
                -1,
                -1
            ],
            "class": "2",
            "local_cuboid": null,
            "local_to_world_matrix": [
                [
                    0.23973751068115234,
                    -0.06042453646659851,
                    0.9689555168151855,
                    0.0
                ],
                [
                    0.9661084413528442,
                    0.11324214935302734,
                    -0.23197126388549805,
                    0.0
                ],
                [
                    -0.0957099199295044,
                    0.9917283058166504,
                    0.0855250358581543,
                    0.0
                ],
                [
                    0.2574496269226074,
                    0.09805244952440262,
                    0.39604461193084717,
                    1.0
                ]
            ],
            "location": [
                -0.09805244952440262,
                0.39604461193084717,
                -0.2574496269226074
            ],
            "location_world": [
                0.2574496269226074,
                0.09805244952440262,
                0.39604461193084717
            ],
            "name": "google_2_of_Jenga_Classic_Game_0",
            "projected_cuboid": [
                [
                    -909.343957901001,
                    -1178.8183450698853
                ],
                [
                    -591.8476581573486,
                    -719.8284268379211
                ],
                [
                    52.94086039066315,
                    -582.6922655105591
                ],
                [
                    7.36333429813385,
                    -935.4416131973267
                ],
                [
                    -1047.742247581482,
                    -1072.1713304519653
                ],
                [
                    -663.9295220375061,
                    -613.2560968399048
                ],
                [
                    30.070245265960693,
                    -477.45609283447266
                ],
                [
                    -28.67373824119568,
                    -820.9689855575562
                ],
                [
                    -352.2104024887085,
                    -762.8650665283203
                ]
            ],
            "provenance": "nvisii",
            "quaternion_xyzw": [
                -0.5469657182693481,
                -0.3911183476448059,
                0.5628625154495239,
                0.48066699504852295
            ],
            "quaternion_xyzw_world": [
                -0.5101397633552551,
                -0.4438410699367523,
                -0.4279443025588989,
                0.5996884107589722
            ],
            "segmentation_id": 1,
            "visibility": -1
        },
        {
            "bounding_box_minx_maxx_miny_maxy": [
                -1,
                -1,
                -1,
                -1
            ],
            "class": "2",
            "local_cuboid": null,
            "local_to_world_matrix": [
                [
                    0.9353501200675964,
                    0.3532857894897461,
                    0.017588026821613312,
                    0.0
                ],
                [
                    -0.35199737548828125,
                    0.9247289896011353,
                    0.14482423663139343,
                    0.0
                ],
                [
                    0.03490018844604492,
                    -0.14165231585502625,
                    0.9893010854721069,
                    0.0
                ],
                [
                    1.718348503112793,
                    -0.04307793825864792,
                    -0.6377206444740295,
                    1.0
                ]
            ],
            "location": [
                0.04307793825864792,
                -0.6377206444740295,
                -1.718348503112793
            ],
            "location_world": [
                1.718348503112793,
                -0.04307793825864792,
                -0.6377206444740295
            ],
            "name": "google_2_of_Jenga_Classic_Game_1",
            "projected_cuboid": [
                [
                    287.1559262275696,
                    370.0711131095886
                ],
                [
                    260.8659267425537,
                    367.8935766220093
                ],
                [
                    246.58048152923584,
                    468.79857778549194
                ],
                [
                    273.26178550720215,
                    469.29430961608887
                ],
                [
                    298.61941933631897,
                    375.7535517215729
                ],
                [
                    271.37571573257446,
                    373.5809326171875
                ],
                [
                    256.5220594406128,
                    478.9881706237793
                ],
                [
                    284.18979048728943,
                    479.3269634246826
                ],
                [
                    272.3442614078522,
                    422.7331876754761
                ]
            ],
            "provenance": "nvisii",
            "quaternion_xyzw": [
                -0.36632978916168213,
                0.6190738677978516,
                0.5416551828384399,
                0.43492475152015686
            ],
            "quaternion_xyzw_world": [
                0.07300686091184616,
                0.004411902278661728,
                0.17973726987838745,
                0.9809918403625488
            ],
            "segmentation_id": 2,
            "visibility": -1
        },
        {
            "bounding_box_minx_maxx_miny_maxy": [
                -1,
                -1,
                -1,
                -1
            ],
            "class": "2",
            "local_cuboid": null,
            "local_to_world_matrix": [
                [
                    0.030476927757263184,
                    -0.9903731346130371,
                    0.135026752948761,
                    0.0
                ],
                [
                    0.7871098518371582,
                    0.10704171657562256,
                    0.6074539422988892,
                    0.0
                ],
                [
                    -0.6160595417022705,
                    0.08776751160621643,
                    0.782794713973999,
                    0.0
                ],
                [
                    1.5135178565979004,
                    0.699641227722168,
                    -0.6146489977836609,
                    1.0
                ]
            ],
            "location": [
                -0.699641227722168,
                -0.6146489977836609,
                -1.5135178565979004
            ],
            "location_world": [
                1.5135178565979004,
                0.699641227722168,
                -0.6146489977836609
            ],
            "name": "google_2_of_Jenga_Classic_Game_2",
            "projected_cuboid": [
                [
                    -66.13168120384216,
                    438.43206763267517
                ],
                [
                    -54.76045608520508,
                    406.6470265388489
                ],
                [
                    -9.335219860076904,
                    477.59079933166504
                ],
                [
                    -17.287373542785645,
                    508.6977481842041
                ],
                [
                    -103.01414132118225,
                    443.7295198440552
                ],
                [
                    -89.8277759552002,
                    411.63063049316406
                ],
                [
                    -40.24890065193176,
                    482.1045398712158
                ],
                [
                    -49.60307478904724,
                    513.4648680686951
                ],
                [
                    -52.08119750022888,
                    462.1397852897644
                ]
            ],
            "provenance": "nvisii",
            "quaternion_xyzw": [
                -0.4378526210784912,
                -0.015978574752807617,
                0.06751386821269989,
                0.8963658213615417
            ],
            "quaternion_xyzw_world": [
                0.18751037120819092,
                -0.27100279927253723,
                -0.6413415670394897,
                0.6928768754005432
            ],
            "segmentation_id": 3,
            "visibility": -1
        },
        {
            "bounding_box_minx_maxx_miny_maxy": [
                -1,
                -1,
                -1,
                -1
            ],
            "class": "2",
            "local_cuboid": null,
            "local_to_world_matrix": [
                [
                    0.7217382192611694,
                    0.5148376822471619,
                    0.4626404643058777,
                    0.0
                ],
                [
                    0.2765530049800873,
                    0.39823591709136963,
                    -0.8746008276939392,
                    0.0
                ],
                [
                    -0.6345174908638,
                    0.7591773867607117,
                    0.14504218101501465,
                    0.0
                ],
                [
                    1.9081683158874512,
                    -0.4519128203392029,
                    -0.45837488770484924,
                    1.0
                ]
            ],
            "location": [
                0.4519128203392029,
                -0.45837488770484924,
                -1.9081683158874512
            ],
            "location_world": [
                1.9081683158874512,
                -0.4519128203392029,
                -0.45837488770484924
            ],
            "name": "google_2_of_Jenga_Classic_Game_3",
            "projected_cuboid": [
                [
                    328.64898443222046,
                    375.1850724220276
                ],
                [
                    316.09511375427246,
                    398.80967140197754
                ],
                [
                    378.5040080547333,
                    397.7779448032379
                ],
                [
                    390.60622453689575,
                    376.41552090644836
                ],
                [
                    345.87806463241577,
                    392.5118148326874
                ],
                [
                    332.6694071292877,
                    416.68766736984253
                ],
                [
                    395.33281326293945,
                    413.87295722961426
                ],
                [
                    408.0142378807068,
                    392.06060767173767
                ],
                [
                    363.3844256401062,
                    395.3375220298767
                ]
            ],
            "provenance": "nvisii",
            "quaternion_xyzw": [
                -0.42580679059028625,
                -0.0378132238984108,
                0.869476318359375,
                0.24752727150917053
            ],
            "quaternion_xyzw_world": [
                -0.5427845120429993,
                -0.36450499296188354,
                0.07916449010372162,
                0.7524985671043396
            ],
            "segmentation_id": 4,
            "visibility": -1
        },
        {
            "bounding_box_minx_maxx_miny_maxy": [
                -1,
                -1,
                -1,
                -1
            ],
            "class": "2",
            "local_cuboid": null,
            "local_to_world_matrix": [
                [
                    -0.18513929843902588,
                    -0.7094886302947998,
                    -0.6799628138542175,
                    0.0
                ],
                [
                    -0.19276860356330872,
                    -0.6522622108459473,
                    0.7330718636512756,
                    0.0
                ],
                [
                    -0.963620126247406,
                    0.2667958736419678,
                    -0.01600778102874756,
                    0.0
                ],
                [
                    1.9868203401565552,
                    0.3968502879142761,
                    0.7828645706176758,
                    1.0
                ]
            ],
            "location": [
                -0.3968502879142761,
                0.7828645706176758,
                -1.9868203401565552
            ],
            "location_world": [
                1.9868203401565552,
                0.3968502879142761,
                0.7828645706176758
            ],
            "name": "google_2_of_Jenga_Classic_Game_4",
            "projected_cuboid": [
                [
                    82.19501376152039,
                    -4.839211702346802
                ],
                [
                    100.24906694889069,
                    -29.401063919067383
                ],
                [
                    145.48921585083008,
                    9.059801697731018
                ],
                [
                    129.62132692337036,
                    29.828548431396484
                ],
                [
                    63.98853659629822,
                    -21.490097045898438
                ],
                [
                    81.71398937702179,
                    -46.000510454177856
                ],
                [
                    129.24839556217194,
                    -5.469828844070435
                ],
                [
                    113.62826824188232,
                    15.265479683876038
                ],
                [
                    107.50460624694824,
                    -5.17842173576355
                ]
            ],
            "provenance": "nvisii",
            "quaternion_xyzw": [
                -0.05656106770038605,
                0.12243688106536865,
                0.36092233657836914,
                -0.9227920770645142
            ],
            "quaternion_xyzw_world": [
                -0.6089192628860474,
                0.37043383717536926,
                0.6747950911521912,
                -0.19143588840961456
            ],
            "segmentation_id": 5,
            "visibility": -1
        },
        {
            "bounding_box_minx_maxx_miny_maxy": [
                -1,
                -1,
                -1,
                -1
            ],
            "class": "2",
            "local_cuboid": null,
            "local_to_world_matrix": [
                [
                    0.47109007835388184,
                    0.06605261564254761,
                    -0.8796085119247437,
                    0.0
                ],
                [
                    0.0513329841196537,
                    0.9934494495391846,
                    0.10209357738494873,
                    0.0
                ],
                [
                    0.8805902004241943,
                    -0.09324820339679718,
                    0.46461349725723267,
                    0.0
                ],
                [
                    1.3467520475387573,
                    0.6156525015830994,
                    0.24774618446826935,
                    1.0
                ]
            ],
            "location": [
                -0.6156525015830994,
                0.24774618446826935,
                -1.3467520475387573
            ],
            "location_world": [
                1.3467520475387573,
                0.6156525015830994,
                0.24774618446826935
            ],
            "name": "google_2_of_Jenga_Classic_Game_5",
            "projected_cuboid": [
                [
                    45.49369215965271,
                    121.69326841831207
                ],
                [
                    14.877349138259888,
                    118.83318424224854
                ],
                [
                    -41.36964678764343,
                    154.05920147895813
                ],
                [
                    -5.155086517333984,
                    157.5709879398346
                ],
                [
                    42.679667472839355,
                    92.2287255525589
                ],
                [
                    11.354416608810425,
                    89.3821269273758
                ],
                [
                    -47.14503884315491,
                    119.89781260490417
                ],
                [
                    -9.934455156326294,
                    123.3963817358017
                ],
                [
                    3.7274062633514404,
                    120.88379263877869
                ]
            ],
            "provenance": "nvisii",
            "quaternion_xyzw": [
                -0.6543018817901611,
                0.7156703472137451,
                0.14436830580234528,
                0.19713620841503143
            ],
            "quaternion_xyzw_world": [
                0.057068195194005966,
                0.5142338871955872,
                0.004300271160900593,
                0.8557384014129639
            ],
            "segmentation_id": 6,
            "visibility": -1
        },
        {
            "bounding_box_minx_maxx_miny_maxy": [
                -1,
                -1,
                -1,
                -1
            ],
            "class": "2",
            "local_cuboid": null,
            "local_to_world_matrix": [
                [
                    0.9966021776199341,
                    0.08236527442932129,
                    -0.00033634062856435776,
                    0.0
                ],
                [
                    -0.08234629034996033,
                    0.9962664842605591,
                    -0.025925658643245697,
                    0.0
                ],
                [
                    -0.0018002891447395086,
                    0.025865264236927032,
                    0.9996638298034668,
                    0.0
                ],
                [
                    1.8654834032058716,
                    -0.03515400364995003,
                    -0.1653590351343155,
                    1.0
                ]
            ],
            "location": [
                0.03515400364995003,
                -0.1653590351343155,
                -1.8654834032058716
            ],
            "location_world": [
                1.8654834032058716,
                -0.03515400364995003,
                -0.1653590351343155
            ],
            "name": "google_2_of_Jenga_Classic_Game_6",
            "projected_cuboid": [
                [
                    271.02169394493103,
                    209.59126949310303
                ],
                [
                    244.38704550266266,
                    210.13855934143066
                ],
                [
                    246.7869371175766,
                    302.84276604652405
                ],
                [
                    273.4054923057556,
                    301.9578456878662
                ],
                [
                    274.06924962997437,
                    207.84565806388855
                ],
                [
                    246.29706144332886,
                    208.40990543365479
                ],
                [
                    248.79992008209229,
                    305.113285779953
                ],
                [
                    276.5546143054962,
                    304.18169498443604
                ],
                [
                    260.1641118526459,
                    256.26340508461
                ]
            ],
            "provenance": "nvisii",
            "quaternion_xyzw": [
                -0.48522162437438965,
                0.51347815990448,
                0.5268043279647827,
                0.472628116607666
            ],
            "quaternion_xyzw_world": [
                -0.01295983325690031,
                -0.0003663292445708066,
                0.04121638089418411,
                0.9990661144256592
            ],
            "segmentation_id": 7,
            "visibility": -1
        },
        {
            "bounding_box_minx_maxx_miny_maxy": [
                -1,
                -1,
                -1,
                -1
            ],
            "class": "2",
            "local_cuboid": null,
            "local_to_world_matrix": [
                [
                    -0.6676503419876099,
                    -0.7441971302032471,
                    -0.020342804491519928,
                    0.0
                ],
                [
                    0.7413417100906372,
                    -0.6620876789093018,
                    -0.10978371649980545,
                    0.0
                ],
                [
                    0.06823199987411499,
                    -0.08837809413671494,
                    0.9937472939491272,
                    0.0
                ],
                [
                    1.9261306524276733,
                    0.8021525740623474,
                    0.07466215640306473,
                    1.0
                ]
            ],
            "location": [
                -0.8021525740623474,
                0.07466215640306473,
                -1.9261306524276733
            ],
            "location_world": [
                1.9261306524276733,
                0.8021525740623474,
                0.07466215640306473
            ],
            "name": "google_2_of_Jenga_Classic_Game_7",
            "projected_cuboid": [
                [
                    2.3123472929000854,
                    132.13732838630676
                ],
                [
                    27.55381166934967,
                    138.78658413887024
                ],
                [
                    17.18956232070923,
                    228.36214303970337
                ],
                [
                    -8.668363094329834,
                    224.64290261268616
                ],
                [
                    -9.221255779266357,
                    134.8363757133484
                ],
                [
                    15.717044472694397,
                    141.22653007507324
                ],
                [
                    5.5090636014938354,
                    228.44839096069336
                ],
                [
                    -20.020604133605957,
                    224.8339056968689
                ],
                [
                    3.9500445127487183,
                    181.47847056388855
                ]
            ],
            "provenance": "nvisii",
            "quaternion_xyzw": [
                0.6932194232940674,
                0.23143640160560608,
                0.27265116572380066,
                -0.625735878944397
            ],
            "quaternion_xyzw_world": [
                0.013134412467479706,
                -0.05434919148683548,
                0.9115214347839355,
                -0.4074338674545288
            ],
            "segmentation_id": 8,
            "visibility": -1
        },
        {
            "bounding_box_minx_maxx_miny_maxy": [
                -1,
                -1,
                -1,
                -1
            ],
            "class": "2",
            "local_cuboid": null,
            "local_to_world_matrix": [
                [
                    0.2559852600097656,
                    -0.9456077814102173,
                    0.20074215531349182,
                    0.0
                ],
                [
                    0.00035199522972106934,
                    0.20775246620178223,
                    0.9781813621520996,
                    0.0
                ],
                [
                    -0.966680645942688,
                    -0.2503293454647064,
                    0.05351436138153076,
                    0.0
                ],
                [
                    0.7888821959495544,
                    -0.08611491322517395,
                    -0.48190122842788696,
                    1.0
                ]
            ],
            "location": [
                0.08611491322517395,
                -0.48190122842788696,
                -0.7888821959495544
            ],
            "location_world": [
                0.7888821959495544,
                -0.08611491322517395,
                -0.48190122842788696
            ],
            "name": "google_2_of_Jenga_Classic_Game_8",
            "projected_cuboid": [
                [
                    489.85230922698975,
                    833.8015079498291
                ],
                [
                    469.34449672698975,
                    737.2738122940063
                ],
                [
                    336.5919589996338,
                    576.8771171569824
                ],
                [
                    349.8469889163971,
                    639.2842531204224
                ],
                [
                    408.9107811450958,
                    876.8054842948914
                ],
                [
                    387.57357001304626,
                    776.3486504554749
                ],
                [
                    281.02630376815796,
                    597.6256728172302
                ],
                [
                    294.6229577064514,
                    661.6518497467041
                ],
                [
                    364.30490016937256,
                    691.811203956604
                ]
            ],
            "provenance": "nvisii",
            "quaternion_xyzw": [
                -0.013654828071594238,
                0.12834809720516205,
                0.10355126857757568,
                0.9862136840820312
            ],
            "quaternion_xyzw_world": [
                0.4986778497695923,
                -0.4738810062408447,
                -0.38398459553718567,
                0.6158839464187622
            ],
            "segmentation_id": 9,
            "visibility": -1
        },
        {
            "bounding_box_minx_maxx_miny_maxy": [
                -1,
                -1,
                -1,
                -1
            ],
            "class": "2",
            "local_cuboid": null,
            "local_to_world_matrix": [
                [
                    0.7468864917755127,
                    0.037964046001434326,
                    -0.6638669371604919,
                    0.0
                ],
                [
                    -0.38768941164016724,
                    -0.7862608432769775,
                    -0.4811350405216217,
                    0.0
                ],
                [
                    -0.5402383208274841,
                    0.6167274713516235,
                    -0.5725293159484863,
                    0.0
                ],
                [
                    0.5384393930435181,
                    -0.16960196197032928,
                    0.5261236429214478,
                    1.0
                ]
            ],
            "location": [
                0.16960196197032928,
                0.5261236429214478,
                -0.5384393930435181
            ],
            "location_world": [
                0.5384393930435181,
                -0.16960196197032928,
                0.5261236429214478
            ],
            "name": "google_2_of_Jenga_Classic_Game_9",
            "projected_cuboid": [
                [
                    185.94270944595337,
                    -249.64922666549683
                ],
                [
                    282.38826990127563,
                    -228.91485691070557
                ],
                [
                    470.25907039642334,
                    -274.8981714248657
                ],
                [
                    389.33607935905457,
                    -287.4560356140137
                ],
                [
                    180.59185147285461,
                    -415.74591398239136
                ],
                [
                    293.4868335723877,
                    -407.6029062271118
                ],
                [
                    500.27304887771606,
                    -401.84497833251953
                ],
                [
                    408.4039330482483,
                    -407.90098905563354
                ],
                [
                    354.4193208217621,
                    -331.2240242958069
                ]
            ],
            "provenance": "nvisii",
            "quaternion_xyzw": [
                0.47511380910873413,
                0.06440237164497375,
                -0.7175195813179016,
                0.5052571892738342
            ],
            "quaternion_xyzw_world": [
                0.8811464905738831,
                -0.0992245227098465,
                -0.3416302800178528,
                -0.3114869296550751
            ],
            "segmentation_id": 10,
            "visibility": -1
        },
        {
            "bounding_box_minx_maxx_miny_maxy": [
                -1,
                -1,
                -1,
                -1
            ],
            "class": "2",
            "local_cuboid": null,
            "local_to_world_matrix": [
                [
                    -0.803406834602356,
                    0.08688792586326599,
                    -0.5890568494796753,
                    0.0
                ],
                [
                    0.47294583916664124,
                    -0.507912278175354,
                    -0.7199634313583374,
                    0.0
                ],
                [
                    -0.36174532771110535,
                    -0.8570154905319214,
                    0.3669669032096863,
                    0.0
                ],
                [
                    1.7267695665359497,
                    -0.42091917991638184,
                    -0.7844592332839966,
                    1.0
                ]
            ],
            "location": [
                0.42091917991638184,
                -0.7844592332839966,
                -1.7267695665359497
            ],
            "location_world": [
                1.7267695665359497,
                -0.42091917991638184,
                -0.7844592332839966
            ],
            "name": "google_2_of_Jenga_Classic_Game_10",
            "projected_cuboid": [
                [
                    498.5699951648712,
                    507.6855421066284
                ],
                [
                    508.48567485809326,
                    524.0899324417114
                ],
                [
                    404.46406602859497,
                    544.9250936508179
                ],
                [
                    392.6939368247986,
                    530.0523042678833
                ],
                [
                    491.4553165435791,
                    480.5068373680115
                ],
                [
                    501.16515159606934,
                    496.93846702575684
                ],
                [
                    401.2855291366577,
                    518.6443328857422
                ],
                [
                    389.8715376853943,
                    503.7100315093994
                ],
                [
                    446.8914270401001,
                    513.5068893432617
                ]
            ],
            "provenance": "nvisii",
            "quaternion_xyzw": [
                0.563766360282898,
                -0.03598323464393616,
                0.7363077402114868,
                -0.37245601415634155
            ],
            "quaternion_xyzw_world": [
                -0.2904903292655945,
                -0.48180070519447327,
                0.8182734847068787,
                -0.11794892698526382
            ],
            "segmentation_id": 11,
            "visibility": -1
        },
        {
            "bounding_box_minx_maxx_miny_maxy": [
                -1,
                -1,
                -1,
                -1
            ],
            "class": "2",
            "local_cuboid": null,
            "local_to_world_matrix": [
                [
                    0.33724939823150635,
                    0.9406988620758057,
                    0.036721765995025635,
                    0.0
                ],
                [
                    0.023824870586395264,
                    0.030466079711914062,
                    -0.9992518424987793,
                    0.0
                ],
                [
                    -0.9411138296127319,
                    0.3378719389438629,
                    -0.012137413024902344,
                    0.0
                ],
                [
                    1.5325617790222168,
                    0.5598651170730591,
                    -0.47832414507865906,
                    1.0
                ]
            ],
            "location": [
                -0.5598651170730591,
                -0.47832414507865906,
                -1.5325617790222168
            ],
            "location_world": [
                1.5325617790222168,
                0.5598651170730591,
                -0.47832414507865906
            ],
            "name": "google_2_of_Jenga_Classic_Game_11",
            "projected_cuboid": [
                [
                    -79.99780774116516,
                    458.25839042663574
                ],
                [
                    -80.69649338722229,
                    497.9652762413025
                ],
                [
                    16.580119729042053,
                    452.51527428627014
                ],
                [
                    17.281174659729004,
                    419.814795255661
                ],
                [
                    -51.03600025177002,
                    464.1208052635193
                ],
                [
                    -51.796406507492065,
                    504.66644763946533
                ],
                [
                    41.95672273635864,
                    457.20940828323364
                ],
                [
                    42.70368814468384,
                    423.94208908081055
                ],
                [
                    -13.550370931625366,
                    457.6868414878845
                ]
            ],
            "provenance": "nvisii",
            "quaternion_xyzw": [
                -0.17134694755077362,
                -0.009127289056777954,
                0.9850208759307861,
                0.017052382230758667
            ],
            "quaternion_xyzw_world": [
                -0.5742213726043701,
                -0.41992679238319397,
                0.39374712109565735,
                0.5821464657783508
            ],
            "segmentation_id": 12,
            "visibility": -1
        },
        {
            "bounding_box_minx_maxx_miny_maxy": [
                -1,
                -1,
                -1,
                -1
            ],
            "class": "2",
            "local_cuboid": null,
            "local_to_world_matrix": [
                [
                    -0.7503495216369629,
                    0.4258948564529419,
                    -0.5055583119392395,
                    0.0
                ],
                [
                    -0.18412990868091583,
                    0.5998644232749939,
                    0.7786262631416321,
                    0.0
                ],
                [
                    0.6348794102668762,
                    0.6773301959037781,
                    -0.37168800830841064,
                    0.0
                ],
                [
                    1.6317180395126343,
                    -0.09368689358234406,
                    -0.7016705274581909,
                    1.0
                ]
            ],
            "location": [
                0.09368689358234406,
                -0.7016705274581909,
                -1.6317180395126343
            ],
            "location_world": [
                1.6317180395126343,
                -0.09368689358234406,
                -0.7016705274581909
            ],
            "name": "google_2_of_Jenga_Classic_Game_12",
            "projected_cuboid": [
                [
                    217.85970032215118,
                    540.141224861145
                ],
                [
                    200.40258765220642,
                    520.3807353973389
                ],
                [
                    269.52922344207764,
                    510.7303857803345
                ],
                [
                    288.3296608924866,
                    532.860279083252
                ],
                [
                    229.8196703195572,
                    517.9013013839722
                ],
                [
                    213.0255103111267,
                    498.58883023262024
                ],
                [
                    281.0933291912079,
                    486.83997988700867
                ],
                [
                    299.11932349205017,
                    508.4075927734375
                ],
                [
                    248.17661941051483,
                    514.586329460144
                ]
            ],
            "provenance": "nvisii",
            "quaternion_xyzw": [
                -0.3280084729194641,
                0.8425260782241821,
                -0.055653516203165054,
                -0.4236307740211487
            ],
            "quaternion_xyzw_world": [
                0.07327014952898026,
                0.8249093890190125,
                0.4412474036216736,
                0.3456251323223114
            ],
            "segmentation_id": 13,
            "visibility": -1
        },
        {
            "bounding_box_minx_maxx_miny_maxy": [
                -1,
                -1,
                -1,
                -1
            ],
            "class": "2",
            "local_cuboid": null,
            "local_to_world_matrix": [
                [
