{
    "camera_data": {
        "camera_look_at": {
            "at": [
                1.0,
                0.0,
                0.0
            ],
            "eye": [
                0.0,
                0.0,
                0.0
            ],
            "up": [
                0.0,
                0.0,
                1.0
            ]
        },
        "camera_view_matrix": [
            [
                0.0,
                0.0,
                -1.0,
                0.0
            ],
            [
                -1.0,
                0.0,
                0.0,
                0.0
            ],
            [
                0.0,
                1.0,
                0.0,
                0.0
            ],
            [
                0.0,
                0.0,
                0.0,
                1.0
            ]
        ],
        "height": 500,
        "intrinsics": {
            "cx": 250.0,
            "cy": 250.0,
            "fx": 603.5535278320312,
            "fy": 603.5535278320312
        },
        "location_world": [
            0.0,
            0.0,
            0.0
        ],
        "quaternion_world_xyzw": [
            0.5,
            -0.5,
            -0.5,
            0.5
        ],
        "width": 500
    },
    "objects": [
        {
            "bounding_box_minx_maxx_miny_maxy": [
                -1,
                -1,
                -1,
                -1
            ],
            "class": "2",
            "local_cuboid": null,
            "local_to_world_matrix": [
                [
                    0.4600071310997009,
                    0.7927976250648499,
                    -0.39983171224594116,
                    0.0
                ],
                [
                    -0.8567411303520203,
                    0.2780355215072632,
                    -0.4343856871128082,
                    0.0
                ],
                [
                    -0.23321253061294556,
                    0.5423727631568909,
                    0.8071206212043762,
                    0.0
                ],
                [
                    0.27302274107933044,
                    -0.5231295824050903,
                    0.06331712752580643,
                    1.0
                ]
            ],
            "location": [
                0.5231295824050903,
                0.06331712752580643,
                -0.27302274107933044
            ],
            "location_world": [
                0.27302274107933044,
                -0.5231295824050903,
                0.06331712752580643
            ],
            "name": "google_2_of_Jenga_Classic_Game_0",
            "projected_cuboid": [
                [
                    1053.6839962005615,
                    -452.34405994415283
                ],
                [
                    1288.9517545700073,
                    -605.7518124580383
                ],
                [
                    1386.3743543624878,
                    180.81852793693542
                ],
                [
                    1178.534984588623,
                    128.48159670829773
                ],
                [
                    1353.8073301315308,
                    -652.050793170929
                ],
                [
                    1789.9236679077148,
                    -938.3491277694702
                ],
                [
                    1747.4849224090576,
                    82.30516314506531
                ],
                [
                    1423.9840507507324,
                    47.92749881744385
                ],
                [
                    1371.1833953857422,
                    -207.67620205879211
                ]
            ],
            "provenance": "nvisii",
            "quaternion_xyzw": [
                -0.31952139735221863,
                0.5303770899772644,
                0.7842825055122375,
                -0.03882408142089844
            ],
            "quaternion_xyzw_world": [
                -0.3061254024505615,
                0.05222003906965256,
                0.5169811248779297,
                0.7976784110069275
            ],
            "segmentation_id": 1,
            "visibility": -1
        },
        {
            "bounding_box_minx_maxx_miny_maxy": [
                -1,
                -1,
                -1,
                -1
            ],
            "class": "2",
            "local_cuboid": null,
            "local_to_world_matrix": [
                [
                    0.1845225691795349,
                    0.8836836814880371,
                    -0.4301796555519104,
                    0.0
                ],
                [
                    -0.9406179189682007,
                    0.03188830614089966,
                    -0.3379659652709961,
                    0.0
                ],
                [
                    -0.28493732213974,
                    0.46699702739715576,
                    0.8370928764343262,
                    0.0
                ],
                [
                    1.4927113056182861,
                    0.11157534271478653,
                    -0.19141900539398193,
                    1.0
                ]
            ],
            "location": [
                -0.11157534271478653,
                -0.19141900539398193,
                -1.4927113056182861
            ],
            "location_world": [
                1.4927113056182861,
                0.11157534271478653,
                -0.19141900539398193
            ],
            "name": "google_2_of_Jenga_Classic_Game_1",
            "projected_cuboid": [
                [
                    133.36002826690674,
                    229.10819947719574
                ],
                [
                    125.45257806777954,
                    240.410715341568
                ],
                [
                    188.92985582351685,
                    342.01616048812866
                ],
                [
                    193.13549995422363,
                    326.0834813117981
                ],
                [
                    161.36154532432556,
                    214.6928757429123
                ],
                [
                    155.0018936395645,
                    225.27584433555603
                ],
                [
                    217.4171507358551,
                    328.7755846977234
                ],
                [
                    220.1794534921646,
                    313.3803606033325
                ],
                [
                    175.2328872680664,
                    278.7572741508484
                ]
            ],
            "provenance": "nvisii",
            "quaternion_xyzw": [
                -0.20575770735740662,
                0.5614223480224609,
                0.7916102409362793,
                -0.1257852017879486
            ],
            "quaternion_xyzw_world": [
                -0.2808653712272644,
                0.050677526742219925,
                0.6365300416946411,
                0.7165025472640991
            ],
            "segmentation_id": 2,
            "visibility": -1
        },
        {
            "bounding_box_minx_maxx_miny_maxy": [
                -1,
                -1,
                -1,
                -1
            ],
            "class": "2",
            "local_cuboid": null,
            "local_to_world_matrix": [
                [
                    -0.7615129947662354,
                    -0.24120815098285675,
                    -0.6015951633453369,
                    0.0
                ],
                [
                    0.5767569541931152,
                    0.1712990403175354,
                    -0.798754096031189,
                    0.0
                ],
                [
                    0.2957186698913574,
                    -0.9552357196807861,
                    0.008671998977661133,
                    0.0
                ],
                [
                    1.6534228324890137,
                    0.5915095806121826,
                    -0.17872406542301178,
                    1.0
                ]
            ],
            "location": [
                -0.5915095806121826,
                -0.17872406542301178,
                -1.6534228324890137
            ],
            "location_world": [
                1.6534228324890137,
                0.5915095806121826,
                -0.17872406542301178
            ],
            "name": "google_2_of_Jenga_Classic_Game_2",
            "projected_cuboid": [
                [
                    144.0948247909546,
                    309.50239300727844
                ],
                [
                    142.03481376171112,
                    331.30550384521484
                ],
                [
                    34.170910716056824,
                    336.495578289032
                ],
                [
                    33.05710852146149,
                    313.6727809906006
                ],
                [
                    141.16014540195465,
                    291.0445034503937
                ],
                [
                    139.24875855445862,
                    312.618613243103
                ],
                [
                    35.03812849521637,
                    316.6809678077698
                ],
                [
                    33.99011492729187,
                    294.10290718078613
                ],
                [
                    89.20660614967346,
                    313.1153881549835
                ]
            ],
            "provenance": "nvisii",
            "quaternion_xyzw": [
                -0.7641466856002808,
                0.2528618574142456,
                -0.5616554617881775,
                0.1915302872657776
            ],
            "quaternion_xyzw_world": [
                0.12095041573047638,
                0.6935668587684631,
                -0.6322352886199951,
                0.3234417140483856
            ],
            "segmentation_id": 3,
            "visibility": -1
        },
        {
            "bounding_box_minx_maxx_miny_maxy": [
                -1,
                -1,
                -1,
                -1
            ],
            "class": "2",
            "local_cuboid": null,
            "local_to_world_matrix": [
                [
                    -0.9964389801025391,
                    0.06489584594964981,
                    -0.05384174734354019,
                    0.0
                ],
                [
                    -0.02657736837863922,
                    -0.8476765155792236,
                    -0.5298481583595276,
                    0.0
                ],
                [
                    -0.08002529293298721,
                    -0.5265300869941711,
                    0.8463817238807678,
                    0.0
                ],
                [
                    1.0212711095809937,
                    -0.48511242866516113,
                    0.33870604634284973,
                    1.0
                ]
            ],
            "location": [
                0.48511242866516113,
                0.33870604634284973,
                -1.0212711095809937
            ],
            "location_world": [
                1.0212711095809937,
                -0.48511242866516113,
                0.33870604634284973
            ],
            "name": "google_2_of_Jenga_Classic_Game_3",
            "projected_cuboid": [
                [
                    627.6631355285645,
                    -131.22335076332092
                ],
                [
                    673.66623878479,
                    -103.91545295715332
                ],
                [
                    568.933367729187,
                    56.64396286010742
                ],
                [
                    524.2631435394287,
                    29.618874192237854
                ],
                [
                    602.0484566688538,
                    -104.8322319984436
                ],
                [
                    644.5058584213257,
                    -79.5389711856842
                ],
                [
                    548.1868982315063,
                    68.5701072216034
                ],
                [
                    506.86776638031006,
                    43.52068901062012
                ],
                [
                    585.962176322937,
                    -26.392221450805664
                ]
            ],
            "provenance": "nvisii",
            "quaternion_xyzw": [
                0.5884146690368652,
                0.337276816368103,
                0.6470644474029541,
                -0.3483107388019562
            ],
            "quaternion_xyzw_world": [
                -0.03484185039997101,
                -0.27494576573371887,
                0.9605333209037781,
                0.02380792237818241
            ],
            "segmentation_id": 4,
            "visibility": -1
        },
        {
            "bounding_box_minx_maxx_miny_maxy": [
                -1,
                -1,
                -1,
                -1
            ],
            "class": "2",
            "local_cuboid": null,
            "local_to_world_matrix": [
                [
                    0.03539729118347168,
                    -0.9987205266952515,
                    0.03611376881599426,
                    0.0
                ],
                [
                    0.29950985312461853,
                    -0.02387380599975586,
                    -0.9537944793701172,
                    0.0
                ],
                [
                    0.9534363746643066,
                    0.04457816481590271,
                    0.29828161001205444,
                    0.0
                ],
                [
                    1.0169248580932617,
                    -0.25512051582336426,
                    0.6291950345039368,
                    1.0
                ]
            ],
            "location": [
                0.25512051582336426,
                0.6291950345039368,
                -1.0169248580932617
            ],
            "location_world": [
                1.0169248580932617,
                -0.25512051582336426,
                0.6291950345039368
            ],
            "name": "google_2_of_Jenga_Classic_Game_4",
            "projected_cuboid": [
                [
                    381.8173110485077,
                    -106.27976059913635
                ],
                [
                    380.20059466362,
                    -62.27788329124451
                ],
                [
                    422.99526929855347,
                    -95.6277847290039
                ],
                [
                    426.1358380317688,
                    -152.65360474586487
                ],
                [
                    344.9946343898773,
                    -105.71420192718506
                ],
                [
                    344.0871834754944,
                    -61.629295349121094
                ],
                [
                    377.216100692749,
                    -94.89411115646362
                ],
                [
                    379.2110085487366,
                    -152.06018090248108
                ],
                [
                    379.7714114189148,
                    -101.21718049049377
                ]
            ],
            "provenance": "nvisii",
            "quaternion_xyzw": [
                -0.9881739616394043,
                -0.015176385641098022,
                0.020233124494552612,
                0.1512363851070404
            ],
            "quaternion_xyzw_world": [
                -0.43617355823516846,
                0.4007640480995178,
                -0.5671768188476562,
                0.5722335577011108
            ],
            "segmentation_id": 5,
            "visibility": -1
        },
        {
            "bounding_box_minx_maxx_miny_maxy": [
                -1,
                -1,
                -1,
                -1
            ],
            "class": "2",
            "local_cuboid": null,
            "local_to_world_matrix": [
                [
                    0.42511820793151855,
                    -0.703872561454773,
                    -0.5690675973892212,
                    0.0
                ],
                [
                    -0.35881081223487854,
                    -0.7082496881484985,
                    0.6079778671264648,
                    0.0
                ],
                [
                    -0.8309808969497681,
                    -0.05427488684654236,
                    -0.5536469221115112,
                    0.0
                ],
                [
                    1.3105790615081787,
                    0.6679139137268066,
                    0.5709921717643738,
                    1.0
                ]
            ],
            "location": [
                -0.6679139137268066,
                0.5709921717643738,
                -1.3105790615081787
            ],
            "location_world": [
                1.3105790615081787,
                0.6679139137268066,
                0.5709921717643738
            ],
            "name": "google_2_of_Jenga_Classic_Game_5",
            "projected_cuboid": [
                [
                    -109.04455184936523,
                    51.801711320877075
                ],
                [
                    -85.46620607376099,
                    17.215341329574585
                ],
                [
                    -30.704349279403687,
                    -14.108270406723022
                ],
                [
                    -51.255494356155396,
                    14.93169367313385
                ],
                [
                    -151.76895260810852,
                    20.156115293502808
                ],
                [
                    -128.67680191993713,
                    -16.475439071655273
                ],
                [
                    -64.27603960037231,
                    -42.22506284713745
                ],
                [
                    -84.57666635513306,
                    -11.790275573730469
                ],
                [
                    -84.9766731262207,
                    1.2522190809249878
                ]
            ],
            "provenance": "nvisii",
            "quaternion_xyzw": [
                0.25734883546829224,
                0.1352076530456543,
                -0.36025354266166687,
                0.8864016532897949
            ],
            "quaternion_xyzw_world": [
                0.819605827331543,
                -0.3241446316242218,
                -0.42704933881759644,
                0.20200343430042267
            ],
            "segmentation_id": 6,
            "visibility": -1
        },
        {
            "bounding_box_minx_maxx_miny_maxy": [
                -1,
                -1,
                -1,
                -1
            ],
            "class": "2",
            "local_cuboid": null,
            "local_to_world_matrix": [
                [
                    0.40335845947265625,
                    0.6706187129020691,
                    0.6225534081459045,
                    0.0
                ],
                [
                    0.7890549302101135,
                    -0.5994257926940918,
                    0.13446851074695587,
                    0.0
                ],
                [
                    0.46335142850875854,
                    0.4369897246360779,
                    -0.7709386348724365,
                    0.0
                ],
                [
                    0.9462684392929077,
                    0.39591407775878906,
                    -0.46311238408088684,
                    1.0
                ]
            ],
            "location": [
                -0.39591407775878906,
                -0.46311238408088684,
                -0.9462684392929077
            ],
            "location_world": [
                0.9462684392929077,
                0.39591407775878906,
                -0.46311238408088684
            ],
            "name": "google_2_of_Jenga_Classic_Game_6",
            "projected_cuboid": [
                [
                    -76.29838585853577,
                    629.6775341033936
                ],
                [
                    -30.058175325393677,
                    601.2469530105591
                ],
                [
                    9.256049990653992,
                    512.4689936637878
                ],
                [
                    -40.901899337768555,
                    538.6741161346436
                ],
                [
                    -55.42650818824768,
                    670.0924634933472
                ],
                [
                    -9.112894535064697,
                    638.3885145187378
                ],
                [
                    34.4412624835968,
                    551.8956184387207
                ],
                [
                    -15.62526822090149,
                    581.9587707519531
                ],
                [
                    -23.673802614212036,
                    592.714786529541
                ]
            ],
            "provenance": "nvisii",
            "quaternion_xyzw": [
                0.4056674838066101,
                0.753066897392273,
                -0.5178800821304321,
                -0.011164695024490356
            ],
            "quaternion_xyzw_world": [
                0.8327248692512512,
                0.43822208046913147,
                0.32600948214530945,
                -0.09082267433404922
            ],
            "segmentation_id": 7,
            "visibility": -1
        },
        {
            "bounding_box_minx_maxx_miny_maxy": [
                -1,
                -1,
                -1,
                -1
            ],
            "class": "2",
            "local_cuboid": null,
            "local_to_world_matrix": [
                [
                    -0.21513867378234863,
                    -0.3708443343639374,
                    -0.903432309627533,
                    0.0
                ],
                [
                    0.9576946496963501,
                    0.1009511947631836,
                    -0.2694992423057556,
                    0.0
                ],
                [
                    0.1911448836326599,
                    -0.9231919646263123,
                    0.33343708515167236,
                    0.0
                ],
                [
                    1.9023102521896362,
                    0.826850950717926,
                    0.23758664727210999,
                    1.0
                ]
            ],
            "location": [
                -0.826850950717926,
                0.23758664727210999,
                -1.9023102521896362
            ],
            "location_world": [
                1.9023102521896362,
                0.826850950717926,
                0.23758664727210999
            ],
            "name": "google_2_of_Jenga_Classic_Game_7",
            "projected_cuboid": [
                [
                    79.82717454433441,
                    151.76162123680115
                ],
                [
                    84.15690064430237,
                    162.65501081943512
                ],
                [
                    -4.775255918502808,
                    190.5250996351242
                ],
                [
                    -13.11570405960083,
                    180.51956593990326
                ],
                [
                    72.1597969532013,
                    130.29544055461884
                ],
                [
                    76.76181197166443,
                    141.96161925792694
                ],
                [
                    -11.608421802520752,
                    168.9971685409546
                ],
                [
                    -20.168572664260864,
                    158.15165638923645
                ],
                [
                    33.611953258514404,
                    160.47315299510956
                ]
            ],
            "provenance": "nvisii",
            "quaternion_xyzw": [
                -0.6766624450683594,
                0.3710799217224121,
                -0.4205680787563324,
                0.47702208161354065
            ],
            "quaternion_xyzw_world": [
                0.2960038185119629,
                0.495644211769104,
                -0.6015863418579102,
                0.5520982146263123
            ],
            "segmentation_id": 8,
            "visibility": -1
        },
        {
            "bounding_box_minx_maxx_miny_maxy": [
                -1,
                -1,
                -1,
                -1
            ],
            "class": "2",
            "local_cuboid": null,
            "local_to_world_matrix": [
                [
                    -0.5022350549697876,
                    -0.3331805467605591,
                    -0.7979665994644165,
                    0.0
                ],
                [
                    -0.8092755079269409,
                    -0.1440415382385254,
                    0.5694954991340637,
                    0.0
                ],
                [
                    -0.30468523502349854,
                    0.9317954182624817,
                    -0.19729208946228027,
                    0.0
                ],
                [
                    0.9329707622528076,
                    -0.5493951439857483,
                    -0.01812833361327648,
                    1.0
                ]
            ],
            "location": [
                0.5493951439857483,
                -0.01812833361327648,
                -0.9329707622528076
            ],
            "location_world": [
                0.9329707622528076,
                -0.5493951439857483,
                -0.01812833361327648
            ],
            "name": "google_2_of_Jenga_Classic_Game_8",
            "projected_cuboid": [
                [
                    449.8802423477173,
                    342.3077464103699
                ],
                [
                    476.4605164527893,
                    313.5552108287811
                ],
                [
                    640.4117345809937,
                    267.5519287586212
                ],
                [
                    604.5025587081909,
                    296.92158102989197
                ],
                [
                    423.39563369750977,
                    295.92567682266235
                ],
                [
                    446.5252161026001,
                    264.7259831428528
                ],
                [
                    606.3054800033569,
                    225.43729841709137
                ],
                [
                    574.1992592811584,
                    256.54375553131104
                ],
                [
                    530.7462811470032,
                    281.8900942802429
                ]
            ],
            "provenance": "nvisii",
            "quaternion_xyzw": [
                -0.33874765038490295,
                0.48260486125946045,
                0.3170209527015686,
                -0.7428595423698425
            ],
            "quaternion_xyzw_world": [
                -0.458011656999588,
                0.6235955357551575,
                0.6018688678741455,
                0.19775694608688354
            ],
            "segmentation_id": 9,
            "visibility": -1
        },
        {
            "bounding_box_minx_maxx_miny_maxy": [
                -1,
                -1,
                -1,
                -1
            ],
            "class": "2",
            "local_cuboid": null,
            "local_to_world_matrix": [
                [
                    -0.3070051670074463,
                    -0.821142315864563,
                    0.4811165928840637,
                    0.0
                ],
                [
                    0.5009796619415283,
                    0.2903832197189331,
                    0.8152895569801331,
                    0.0
                ],
                [
                    -0.8091769814491272,
                    0.491327702999115,
                    0.322226345539093,
                    0.0
                ],
                [
                    1.8244025707244873,
                    -0.44817546010017395,
                    -0.6998800039291382,
                    1.0
                ]
            ],
            "location": [
                0.44817546010017395,
                -0.6998800039291382,
                -1.8244025707244873
            ],
            "location_world": [
                1.8244025707244873,
                -0.44817546010017395,
                -0.6998800039291382
            ],
            "name": "google_2_of_Jenga_Classic_Game_9",
            "projected_cuboid": [
                [
                    385.5965733528137,
                    491.161048412323
                ],
                [
                    372.7388381958008,
                    458.7573707103729
                ],
                [
                    404.1602313518524,
                    462.8294110298157
                ],
                [
                    416.0633683204651,
                    491.0532236099243
                ],
                [
                    358.7562143802643,
                    501.969575881958
                ],
                [
                    346.7908203601837,
                    469.7679281234741
                ],
                [
                    381.10411167144775,
                    472.3859429359436
                ],
                [
                    392.311155796051,
                    500.4558563232422
                ],
                [
                    383.15096497535706,
                    480.94022274017334
                ]
            ],
            "provenance": "nvisii",
            "quaternion_xyzw": [
                -0.22174078226089478,
                -0.21504086256027222,
                0.2078130841255188,
                0.928117573261261
            ],
            "quaternion_xyzw_world": [
                0.1417614221572876,
                -0.5646153688430786,
                -0.5785430669784546,
                0.5713152885437012
            ],
            "segmentation_id": 10,
            "visibility": -1
        },
        {
            "bounding_box_minx_maxx_miny_maxy": [
                -1,
                -1,
                -1,
                -1
            ],
            "class": "2",
            "local_cuboid": null,
            "local_to_world_matrix": [
                [
                    -0.5152057409286499,
                    0.11161854863166809,
                    -0.8497672080993652,
                    0.0
                ],
                [
                    0.8043596744537354,
                    -0.27935922145843506,
                    -0.5243699550628662,
                    0.0
                ],
                [
                    -0.2959197461605072,
                    -0.9536769390106201,
                    0.05414605140686035,
                    0.0
                ],
                [
                    1.8357758522033691,
                    -0.4987151324748993,
                    -0.813193142414093,
                    1.0
                ]
            ],
            "location": [
                0.4987151324748993,
                -0.813193142414093,
                -1.8357758522033691
            ],
            "location_world": [
                1.8357758522033691,
                -0.4987151324748993,
                -0.813193142414093
            ],
            "name": "google_2_of_Jenga_Classic_Game_10",
            "projected_cuboid": [
                [
                    520.9981203079224,
                    537.9620790481567
                ],
                [
                    518.6333656311035,
                    542.0265197753906
                ],
                [
                    415.16709327697754,
                    533.5392951965332
                ],
                [
                    413.47235441207886,
                    529.3484926223755
                ],
                [
                    517.7142024040222,
                    507.9086422920227
                ],
                [
                    515.5264139175415,
                    513.0132436752319
                ],
                [
                    414.42716121673584,
                    506.03532791137695
                ],
                [
                    412.7427041530609,
                    500.9128451347351
                ],
                [
                    464.81430530548096,
                    521.1304426193237
                ]
            ],
            "provenance": "nvisii",
            "quaternion_xyzw": [
                0.528401255607605,
                -0.2698744237422943,
                0.6949654817581177,
                -0.4061807692050934
            ],
            "quaternion_xyzw_world": [
                -0.4213097095489502,
                -0.5435302257537842,
                0.6798365712165833,
                -0.2547454833984375
            ],
            "segmentation_id": 11,
            "visibility": -1
        },
        {
            "bounding_box_minx_maxx_miny_maxy": [
                -1,
                -1,
                -1,
                -1
            ],
            "class": "2",
            "local_cuboid": null,
            "local_to_world_matrix": [
                [
                    -0.7028077840805054,
                    -0.2821275293827057,
                    -0.6530431509017944,
                    0.0
                ],
                [
                    -0.6120144128799438,
                    0.7077469229698181,
                    0.3528918921947479,
                    0.0
                ],
                [
                    0.3626287877559662,
                    0.6476869583129883,
                    -0.6700761318206787,
                    0.0
                ],
                [
                    1.815487265586853,
                    0.3521173298358917,
                    -0.49541330337524414,
                    1.0
                ]
            ],
            "location": [
                -0.3521173298358917,
                -0.49541330337524414,
                -1.815487265586853
            ],
            "location_world": [
                1.815487265586853,
                0.3521173298358917,
                -0.49541330337524414
            ],
            "name": "google_2_of_Jenga_Classic_Game_11",
            "projected_cuboid": [
                [
                    92.70064532756805,
                    480.09389638900757
                ],
                [
                    69.03882324695587,
                    476.83149576187134
                ],
                [
                    122.96570837497711,
                    423.4219491481781
                ],
                [
                    146.47290110588074,
                    428.39670181274414
                ],
                [
                    90.31496942043304,
                    457.89140462875366
                ],
                [
                    67.27109849452972,
                    454.1265070438385
                ],
                [
                    119.44983899593353,
                    401.0230302810669
                ],
                [
                    142.3569917678833,
                    406.469464302063
                ],
                [
                    105.70961236953735,
                    441.6392147541046
                ]
            ],
            "provenance": "nvisii",
            "quaternion_xyzw": [
                -0.5683010816574097,
                0.5986219644546509,
                -0.024248048663139343,
                -0.5640014410018921
            ],
            "quaternion_xyzw_world": [
                -0.25471624732017517,
                0.877586305141449,
                0.28503715991973877,
                0.28933677077293396
            ],
            "segmentation_id": 12,
            "visibility": -1
        },
        {
            "bounding_box_minx_maxx_miny_maxy": [
                -1,
                -1,
                -1,
                -1
            ],
            "class": "2",
            "local_cuboid": null,
            "local_to_world_matrix": [
                [
                    0.28829485177993774,
                    -0.9264732003211975,
                    -0.24193698167800903,
                    0.0
                ],
                [
                    -0.40177422761917114,
                    0.11230671405792236,
                    -0.9088259935379028,
                    0.0
                ],
                [
                    0.869174063205719,
                    0.35921385884284973,
                    -0.3398556709289551,
                    0.0
                ],
                [
                    1.7294939756393433,
                    0.7462222576141357,
                    -0.42584532499313354,
                    1.0
                ]
            ],
            "location": [
                -0.7462222576141357,
                -0.42584532499313354,
                -1.7294939756393433
            ],
            "location_world": [
                1.7294939756393433,
                0.7462222576141357,
                -0.42584532499313354
            ],
            "name": "google_2_of_Jenga_Classic_Game_12",
            "projected_cuboid": [
                [
                    7.021605968475342,
                    398.8858163356781
                ],
                [
                    -0.0400543212890625,
                    424.8577952384949
                ],
                [
                    -0.12874603271484375,
                    415.85397720336914
                ],
                [
                    7.954493165016174,
                    386.3046169281006
                ],
                [
                    -17.934828996658325,
                    394.7966992855072
                ],
                [
                    -25.511622428894043,
                    420.99982500076294
                ],
                [
                    -29.402941465377808,
                    411.2998843193054
                ],
                [
                    -20.641326904296875,
                    381.4522624015808
                ],
                [
                    -9.667366743087769,
                    404.5736789703369
                ]
            ],
            "provenance": "nvisii",
            "quaternion_xyzw": [
                -0.9623504281044006,
                0.09202568233013153,
                0.1682102233171463,
                -0.19266106188297272
            ],
            "quaternion_xyzw_world": [
                -0.6155980229377747,
                0.5394134521484375,
                -0.25472673773765564,
                0.5149626135826111
            ],
            "segmentation_id": 13,
            "visibility": -1
        },
        {
            "bounding_box_minx_maxx_miny_maxy": [
                -1,
                -1,
                -1,
                -1
            ],
            "class": "2",
            "local_cuboid": null,
            "local_to_world_matrix": [
                [
                    0.5504245758056641,
                    0.14795759320259094,
