{
    "camera_data": {
        "camera_look_at": {
            "at": [
                1.0,
                0.0,
                0.0
            ],
            "eye": [
                0.0,
                0.0,
                0.0
            ],
            "up": [
                0.0,
                0.0,
                1.0
            ]
        },
        "camera_view_matrix": [
            [
                0.0,
                0.0,
                -1.0,
                0.0
            ],
            [
                -1.0,
                0.0,
                0.0,
                0.0
            ],
            [
                0.0,
                1.0,
                0.0,
                0.0
            ],
            [
                0.0,
                0.0,
                0.0,
                1.0
            ]
        ],
        "height": 500,
        "intrinsics": {
            "cx": 250.0,
            "cy": 250.0,
            "fx": 603.5535278320312,
            "fy": 603.5535278320312
        },
        "location_world": [
            0.0,
            0.0,
            0.0
        ],
        "quaternion_world_xyzw": [
            0.5,
            -0.5,
            -0.5,
            0.5
        ],
        "width": 500
    },
    "objects": [
        {
            "bounding_box_minx_maxx_miny_maxy": [
                -1,
                -1,
                -1,
                -1
            ],
            "class": "2",
            "local_cuboid": null,
            "local_to_world_matrix": [
                [
                    -0.6237270832061768,
                    -0.15582934021949768,
                    0.7659515738487244,
                    0.0
                ],
                [
                    0.7609701156616211,
                    0.1028168797492981,
                    0.6405881643295288,
                    0.0
                ],
                [
                    -0.17857521772384644,
                    0.982418417930603,
                    0.05445176362991333,
                    0.0
                ],
                [
                    0.22528614103794098,
                    0.24643947184085846,
                    0.46604540944099426,
                    1.0
                ]
            ],
            "location": [
                -0.24643947184085846,
                0.46604540944099426,
                -0.22528614103794098
            ],
            "location_world": [
                0.22528614103794098,
                0.24643947184085846,
                0.46604540944099426
            ],
            "name": "google_2_of_Jenga_Classic_Game_0",
            "projected_cuboid": [
                [
                    -2461.8279933929443,
                    -2265.618085861206
                ],
                [
                    -1526.203989982605,
                    -1551.509141921997
                ],
                [
                    -384.2426538467407,
                    -1106.6218614578247
                ],
                [
                    -594.9497222900391,
                    -1430.1186800003052
                ],
                [
                    -1700.8134126663208,
                    -1297.8590726852417
                ],
                [
                    -1178.2374382019043,
                    -1007.1744918823242
                ],
                [
                    -299.8894453048706,
                    -740.5960559844971
                ],
                [
                    -438.0916357040405,
                    -882.9828500747681
                ],
                [
                    -931.4672946929932,
                    -1186.1084699630737
                ]
            ],
            "provenance": "nvisii",
            "quaternion_xyzw": [
                0.2901146113872528,
                0.5714419484138489,
                -0.30909451842308044,
                -0.7026721835136414
            ],
            "quaternion_xyzw_world": [
                0.23398946225643158,
                0.6465470194816589,
                0.6275671124458313,
                -0.36521968245506287
            ],
            "segmentation_id": 1,
            "visibility": -1
        },
        {
            "bounding_box_minx_maxx_miny_maxy": [
                -1,
                -1,
                -1,
                -1
            ],
            "class": "2",
            "local_cuboid": null,
            "local_to_world_matrix": [
                [
                    0.16857433319091797,
                    -0.9718697667121887,
                    -0.1644745171070099,
                    0.0
                ],
                [
                    -0.9134069085121155,
                    -0.21674275398254395,
                    0.3445437550544739,
                    0.0
                ],
                [
                    -0.3705002963542938,
                    0.09215092658996582,
                    -0.9242498874664307,
                    0.0
                ],
                [
                    1.6678471565246582,
                    0.2877982258796692,
                    -0.2293197363615036,
                    1.0
                ]
            ],
            "location": [
                -0.2877982258796692,
                -0.2293197363615036,
                -1.6678471565246582
            ],
            "location_world": [
                1.6678471565246582,
                0.2877982258796692,
                -0.2293197363615036
            ],
            "name": "google_2_of_Jenga_Classic_Game_1",
            "projected_cuboid": [
                [
                    142.60782301425934,
                    445.6865191459656
                ],
                [
                    144.4164216518402,
                    444.0721273422241
                ],
                [
                    161.33151948451996,
                    331.6333591938019
                ],
                [
                    158.87564420700073,
                    338.2079601287842
                ],
                [
                    112.6365065574646,
                    442.4011707305908
                ],
                [
                    112.93463408946991,
                    440.6053125858307
                ],
                [
                    132.08800554275513,
                    327.4763226509094
                ],
                [
                    130.9398114681244,
                    334.2909812927246
                ],
                [
                    137.3189091682434,
                    386.2554430961609
                ]
            ],
            "provenance": "nvisii",
            "quaternion_xyzw": [
                0.5605411529541016,
                0.023311473429203033,
                -0.11628285050392151,
                0.8195903897285461
            ],
            "quaternion_xyzw_world": [
                0.7598629593849182,
                -0.6202686429023743,
                -0.17601029574871063,
                0.08303893357515335
            ],
            "segmentation_id": 2,
            "visibility": -1
        },
        {
            "bounding_box_minx_maxx_miny_maxy": [
                -1,
                -1,
                -1,
                -1
            ],
            "class": "2",
            "local_cuboid": null,
            "local_to_world_matrix": [
                [
                    0.16741877794265747,
                    -0.8642165660858154,
                    0.47444799542427063,
                    0.0
                ],
                [
                    0.7526552677154541,
                    -0.19878935813903809,
                    -0.6276887059211731,
                    0.0
                ],
                [
                    0.6367740035057068,
                    0.4621827006340027,
                    0.6171759366989136,
                    0.0
                ],
                [
                    1.610988736152649,
                    0.6794931292533875,
                    -0.5341612100601196,
                    1.0
                ]
            ],
            "location": [
                -0.6794931292533875,
                -0.5341612100601196,
                -1.610988736152649
            ],
            "location_world": [
                1.610988736152649,
                0.6794931292533875,
                -0.5341612100601196
            ],
            "name": "google_2_of_Jenga_Classic_Game_2",
            "projected_cuboid": [
                [
                    -18.710315227508545,
                    355.14336824417114
                ],
                [
                    -3.8857758045196533,
                    368.9318895339966
                ],
                [
                    16.88520610332489,
                    448.31347465515137
                ],
                [
                    1.154288649559021,
                    436.08903884887695
                ],
                [
                    -44.12645101547241,
                    368.7783479690552
                ],
                [
                    -28.308063745498657,
                    382.1913003921509
                ],
                [
                    -10.145694017410278,
                    463.72103691101074
                ],
                [
                    -27.10115909576416,
                    452.01659202575684
                ],
                [
                    -14.59851861000061,
                    407.2711765766144
                ]
            ],
            "provenance": "nvisii",
            "quaternion_xyzw": [
                -0.8844037055969238,
                -0.19030824303627014,
                0.17797347903251648,
                0.3872189223766327
            ],
            "quaternion_xyzw_world": [
                -0.4327332377433777,
                0.06445151567459106,
                -0.6419786810874939,
                0.6296439170837402
            ],
            "segmentation_id": 3,
            "visibility": -1
        },
        {
            "bounding_box_minx_maxx_miny_maxy": [
                -1,
                -1,
                -1,
                -1
            ],
            "class": "2",
            "local_cuboid": null,
            "local_to_world_matrix": [
                [
                    -0.15961337089538574,
                    -0.6589816808700562,
                    -0.7350284457206726,
                    0.0
                ],
                [
                    0.9842121601104736,
                    -0.048538923263549805,
                    -0.1702071726322174,
                    0.0
                ],
                [
                    0.07648593187332153,
                    -0.7505912780761719,
                    0.6563251614570618,
                    0.0
                ],
                [
                    1.896510124206543,
                    -0.3949841260910034,
                    -0.5809804797172546,
                    1.0
                ]
            ],
            "location": [
                0.3949841260910034,
                -0.5809804797172546,
                -1.896510124206543
            ],
            "location_world": [
                1.896510124206543,
                -0.3949841260910034,
                -0.5809804797172546
            ],
            "name": "google_2_of_Jenga_Classic_Game_3",
            "projected_cuboid": [
                [
                    455.8628797531128,
                    382.6010525226593
                ],
                [
                    448.3736753463745,
                    381.4007043838501
                ],
                [
                    382.1665048599243,
                    442.818820476532
                ],
                [
                    386.7698907852173,
                    446.794718503952
                ],
                [
                    437.82907724380493,
                    363.1346821784973
                ],
                [
                    431.14984035491943,
                    362.7645969390869
                ],
                [
                    365.1735186576843,
                    423.570841550827
                ],
                [
                    368.9870238304138,
                    426.6603887081146
                ],
                [
                    409.6463918685913,
                    403.47978472709656
                ]
            ],
            "provenance": "nvisii",
            "quaternion_xyzw": [
                -0.6902309060096741,
                0.2486448884010315,
                -0.3296739459037781,
                0.5941987633705139
            ],
            "quaternion_xyzw_world": [
                0.2411433309316635,
                0.33717548847198486,
                -0.6827293634414673,
                0.6017003059387207
            ],
            "segmentation_id": 4,
            "visibility": -1
        },
        {
            "bounding_box_minx_maxx_miny_maxy": [
                -1,
                -1,
                -1,
                -1
            ],
            "class": "2",
            "local_cuboid": null,
            "local_to_world_matrix": [
                [
                    -0.17394554615020752,
                    0.742371141910553,
                    -0.6470146179199219,
                    0.0
                ],
                [
                    0.5385228991508484,
                    -0.47837185859680176,
                    -0.6936522126197815,
                    0.0
                ],
                [
                    -0.8244609832763672,
                    -0.46908992528915405,
                    -0.3165731430053711,
                    0.0
                ],
                [
                    1.9599074125289917,
                    0.5049932599067688,
                    0.8294855356216431,
                    1.0
                ]
            ],
            "location": [
                -0.5049932599067688,
                0.8294855356216431,
                -1.9599074125289917
            ],
            "location_world": [
                1.9599074125289917,
                0.5049932599067688,
                0.8294855356216431
            ],
            "name": "google_2_of_Jenga_Classic_Game_4",
            "projected_cuboid": [
                [
                    100.86794197559357,
                    -14.651685953140259
                ],
                [
                    118.82847547531128,
                    12.66026496887207
                ],
                [
                    92.96008944511414,
                    13.341546058654785
                ],
                [
                    76.63093507289886,
                    -10.546952486038208
                ],
                [
                    122.82232940196991,
                    -30.606716871261597
                ],
                [
                    140.07100462913513,
                    -3.0941665172576904
                ],
                [
                    111.80968582630157,
                    -0.5105137825012207
                ],
                [
                    96.03668749332428,
                    -24.554401636123657
                ],
                [
                    106.78495466709137,
                    -7.004439830780029
                ]
            ],
            "provenance": "nvisii",
            "quaternion_xyzw": [
                -0.17805898189544678,
                0.2367793619632721,
                -0.9028405547142029,
                0.31162381172180176
            ],
            "quaternion_xyzw_world": [
                0.6365923881530762,
                0.5030275583267212,
                -0.5778719782829285,
                -0.08818920701742172
            ],
            "segmentation_id": 5,
            "visibility": -1
        },
        {
            "bounding_box_minx_maxx_miny_maxy": [
                -1,
                -1,
                -1,
                -1
            ],
            "class": "2",
            "local_cuboid": null,
            "local_to_world_matrix": [
                [
                    -0.2530233860015869,
                    -0.9671704769134521,
                    0.023679465055465698,
                    0.0
                ],
                [
                    0.4828704595565796,
                    -0.14745831489562988,
                    -0.863187313079834,
                    0.0
                ],
                [
                    0.8383408784866333,
                    -0.20697236061096191,
                    0.5043283104896545,
                    0.0
                ],
                [
                    1.3373371362686157,
                    0.6190298199653625,
                    0.16229405999183655,
                    1.0
                ]
            ],
            "location": [
                -0.6190298199653625,
                0.16229405999183655,
                -1.3373371362686157
            ],
            "location_world": [
                1.3373371362686157,
                0.6190298199653625,
                0.16229405999183655
            ],
            "name": "google_2_of_Jenga_Classic_Game_5",
            "projected_cuboid": [
                [
                    45.161738991737366,
                    115.03684520721436
                ],
                [
                    55.12446165084839,
                    146.11366391181946
                ],
                [
                    -7.357597351074219,
                    193.20902228355408
                ],
                [
                    -21.136164665222168,
                    157.77873992919922
                ],
                [
                    18.465757369995117,
                    117.46805906295776
                ],
                [
                    28.980091214179993,
                    148.09873700141907
                ],
                [
                    -37.271082401275635,
                    194.86215710639954
                ],
                [
                    -51.76156759262085,
                    160.01562774181366
                ],
                [
                    6.544977426528931,
                    152.43209898471832
                ]
            ],
            "provenance": "nvisii",
            "quaternion_xyzw": [
                -0.9576923847198486,
                -0.04467448592185974,
                -0.1200791746377945,
                0.25770246982574463
            ],
            "quaternion_xyzw_world": [
                -0.31229260563850403,
                0.3876972794532776,
                -0.6900742650032043,
                0.5253205895423889
            ],
            "segmentation_id": 6,
            "visibility": -1
        },
        {
            "bounding_box_minx_maxx_miny_maxy": [
                -1,
                -1,
                -1,
                -1
            ],
            "class": "2",
            "local_cuboid": null,
            "local_to_world_matrix": [
                [
                    0.7724676132202148,
                    -0.6221861243247986,
                    -0.12719403207302094,
                    0.0
                ],
                [
                    0.617595374584198,
                    0.6893677711486816,
                    0.37861350178718567,
                    0.0
                ],
                [
                    -0.1478845626115799,
                    -0.3710211217403412,
                    0.9167734384536743,
                    0.0
                ],
                [
                    1.7941924333572388,
                    0.016715016216039658,
                    -0.15810129046440125,
                    1.0
                ]
            ],
            "location": [
                -0.016715016216039658,
                -0.15810129046440125,
                -1.7941924333572388
            ],
            "location_world": [
                1.7941924333572388,
                0.016715016216039658,
                -0.15810129046440125
            ],
            "name": "google_2_of_Jenga_Classic_Game_6",
            "projected_cuboid": [
                [
                    299.9650537967682,
                    219.5098102092743
                ],
                [
                    279.0866494178772,
                    209.71442759037018
                ],
                [
                    243.06444823741913,
                    297.98614978790283
                ],
                [
                    262.3969614505768,
                    310.10568141937256
                ],
                [
                    284.2787504196167,
                    214.8391753435135
                ],
                [
                    263.1402611732483,
                    204.8414796590805
                ],
                [
                    226.2764722108841,
                    296.2362766265869
                ],
                [
                    245.78310549259186,
                    308.72833728790283
                ],
                [
                    262.763112783432,
                    258.2453787326813
                ]
            ],
            "provenance": "nvisii",
            "quaternion_xyzw": [
                -0.5233756303787231,
                0.3900458812713623,
                0.1917584091424942,
                0.7329195737838745
            ],
            "quaternion_xyzw_world": [
                0.20391568541526794,
                -0.005628241691738367,
                -0.33724549412727356,
                0.9190497398376465
            ],
            "segmentation_id": 7,
            "visibility": -1
        },
        {
            "bounding_box_minx_maxx_miny_maxy": [
                -1,
                -1,
                -1,
                -1
            ],
            "class": "2",
            "local_cuboid": null,
            "local_to_world_matrix": [
                [
                    -0.7998579740524292,
                    -0.5796911716461182,
                    -0.15551641583442688,
                    0.0
                ],
                [
                    0.5960184335708618,
                    -0.7976659536361694,
                    -0.09214578568935394,
                    0.0
                ],
                [
                    -0.07063408195972443,
                    -0.1663941890001297,
                    0.9835262298583984,
                    0.0
                ],
                [
                    1.931250810623169,
                    0.7779412865638733,
                    0.07767856866121292,
                    1.0
                ]
            ],
            "location": [
                -0.7779412865638733,
                0.07767856866121292,
                -1.931250810623169
            ],
            "location_world": [
                1.931250810623169,
                0.7779412865638733,
                0.07767856866121292
            ],
            "name": "google_2_of_Jenga_Classic_Game_7",
            "projected_cuboid": [
                [
                    9.025916457176208,
                    131.9105476140976
                ],
                [
                    36.74249351024628,
                    137.49760389328003
                ],
                [
                    23.788422346115112,
                    228.78403961658478
                ],
                [
                    -3.970891237258911,
                    225.70930421352386
                ],
                [
                    2.559855580329895,
                    131.93494081497192
                ],
                [
                    29.55290675163269,
                    137.3421847820282
                ],
                [
                    17.084583640098572,
                    225.73275864124298
                ],
                [
                    -9.9448561668396,
                    222.67889976501465
                ],
                [
                    13.195827603340149,
                    180.45857548713684
                ]
            ],
            "provenance": "nvisii",
            "quaternion_xyzw": [
                0.6326932311058044,
                0.25373658537864685,
                0.38180121779441833,
                -0.6241352558135986
            ],
            "quaternion_xyzw_world": [
                -0.05975336208939552,
                -0.06831128895282745,
                0.9461831450462341,
                -0.31064534187316895
            ],
            "segmentation_id": 8,
            "visibility": -1
        },
        {
            "bounding_box_minx_maxx_miny_maxy": [
                -1,
                -1,
                -1,
                -1
            ],
            "class": "2",
            "local_cuboid": null,
            "local_to_world_matrix": [
                [
                    0.5780070424079895,
                    0.6433523297309875,
                    -0.5020015835762024,
                    0.0
                ],
                [
                    -0.5714525580406189,
                    -0.12003624439239502,
                    -0.8118085861206055,
                    0.0
                ],
                [
                    -0.5825373530387878,
                    0.7561012506484985,
                    0.2982636094093323,
                    0.0
                ],
                [
                    0.7963577508926392,
                    0.07223916053771973,
                    -0.5713584423065186,
                    1.0
                ]
            ],
            "location": [
                -0.07223916053771973,
                -0.5713584423065186,
                -0.7963577508926392
            ],
            "location_world": [
                0.7963577508926392,
                0.07223916053771973,
                -0.5713584423065186
            ],
            "name": "google_2_of_Jenga_Classic_Game_8",
            "projected_cuboid": [
                [
                    -40.09014368057251,
                    671.1732149124146
                ],
                [
                    -52.70078778266907,
                    769.9039578437805
                ],
                [
                    179.7478199005127,
                    724.7702479362488
                ],
                [
                    176.51338875293732,
                    648.5438346862793
                ],
                [
                    -12.355685234069824,
                    663.6881232261658
                ],
                [
                    -23.64879846572876,
                    769.5667147636414
                ],
                [
                    216.34627878665924,
                    721.7636108398438
                ],
                [
                    210.71308851242065,
                    641.3618326187134
                ],
                [
                    95.00584006309509,
                    697.8253126144409
                ]
            ],
            "provenance": "nvisii",
            "quaternion_xyzw": [
                -0.3827266991138458,
                0.24950268864631653,
                0.8714497089385986,
                -0.17844916880130768
            ],
            "quaternion_xyzw_world": [
                -0.5915614366531372,
                -0.03038557805120945,
                0.4583374261856079,
                0.6626149415969849
            ],
            "segmentation_id": 9,
            "visibility": -1
        },
        {
            "bounding_box_minx_maxx_miny_maxy": [
                -1,
                -1,
                -1,
                -1
            ],
            "class": "2",
            "local_cuboid": null,
            "local_to_world_matrix": [
                [
                    -0.5529966354370117,
                    0.6892282366752625,
                    -0.46814435720443726,
                    0.0
                ],
                [
                    0.22950904071331024,
                    -0.414126992225647,
                    -0.88080894947052,
                    0.0
                ],
                [
                    -0.8009496331214905,
                    -0.5945277214050293,
                    0.0708267092704773,
                    0.0
                ],
                [
                    0.5435960292816162,
                    0.22537438571453094,
                    0.4628742039203644,
                    1.0
                ]
            ],
            "location": [
                -0.22537438571453094,
                0.4628742039203644,
                -0.5435960292816162
            ],
            "location_world": [
                0.5435960292816162,
                0.22537438571453094,
                0.4628742039203644
            ],
            "name": "google_2_of_Jenga_Classic_Game_9",
            "projected_cuboid": [
                [
                    40.85327684879303,
                    -840.0212526321411
                ],
                [
                    125.4132091999054,
                    -618.145227432251
                ],
                [
                    -16.955703496932983,
                    -212.49288320541382
                ],
                [
                    -68.27124953269958,
                    -317.6514506340027
                ],
                [
                    171.19641602039337,
                    -761.5107297897339
                ],
                [
                    237.53872513771057,
                    -572.467565536499
                ],
                [
                    60.35548448562622,
                    -216.1681354045868
                ],
                [
                    15.764251351356506,
                    -313.19987773895264
                ],
                [
                    53.99817228317261,
                    -419.5325970649719
                ]
            ],
            "provenance": "nvisii",
            "quaternion_xyzw": [
                0.312502384185791,
                -0.04321354627609253,
                0.9180123805999756,
                -0.24026675522327423
            ],
            "quaternion_xyzw_world": [
                -0.44449514150619507,
                -0.516730785369873,
                0.7137839794158936,
                0.16101482510566711
            ],
            "segmentation_id": 10,
            "visibility": -1
        },
        {
            "bounding_box_minx_maxx_miny_maxy": [
                -1,
                -1,
                -1,
                -1
            ],
            "class": "2",
            "local_cuboid": null,
            "local_to_world_matrix": [
                [
                    0.7727062106132507,
                    -0.6196296215057373,
                    0.13778343796730042,
                    0.0
                ],
                [
                    -0.0614299476146698,
                    0.14304709434509277,
                    0.9878076314926147,
                    0.0
                ],
                [
                    -0.6317843198776245,
                    -0.7717491388320923,
                    0.07246953248977661,
                    0.0
                ],
                [
                    1.8209309577941895,
                    -0.32158398628234863,
                    -0.6746545433998108,
                    1.0
                ]
            ],
            "location": [
                0.32158398628234863,
                -0.6746545433998108,
                -1.8209309577941895
            ],
            "location_world": [
                1.8209309577941895,
                -0.32158398628234863,
                -0.6746545433998108
            ],
            "name": "google_2_of_Jenga_Classic_Game_10",
            "projected_cuboid": [
                [
                    458.7774872779846,
                    499.3797242641449
                ],
                [
                    455.0477862358093,
                    469.90835666656494
                ],
                [
                    360.98843812942505,
                    454.8681378364563
                ],
                [
                    364.61004614830017,
                    481.44805431365967
                ],
                [
                    448.3479857444763,
                    512.908935546875
                ],
                [
                    444.4427490234375,
                    482.36083984375
                ],
                [
                    348.27110171318054,
                    465.5224680900574
                ],
                [
                    352.05262899398804,
                    492.9751753807068
                ],
                [
                    401.6321301460266,
                    481.8713366985321
                ]
            ],
            "provenance": "nvisii",
            "quaternion_xyzw": [
                -0.003066927194595337,
                0.42906689643859863,
                0.07801786065101624,
                0.8998918533325195
            ],
            "quaternion_xyzw_world": [
                0.6239370107650757,
                -0.2728879451751709,
                -0.19793701171875,
                0.7050217986106873
            ],
            "segmentation_id": 11,
            "visibility": -1
        },
        {
            "bounding_box_minx_maxx_miny_maxy": [
                -1,
                -1,
                -1,
                -1
            ],
            "class": "2",
            "local_cuboid": null,
            "local_to_world_matrix": [
                [
                    -0.11127650737762451,
                    -0.02267267554998398,
                    -0.9935307502746582,
                    0.0
                ],
                [
                    0.1599595546722412,
                    0.9862955212593079,
                    -0.04042321443557739,
                    0.0
                ],
                [
                    0.980831503868103,
                    -0.16342291235923767,
                    -0.1061248779296875,
                    0.0
                ],
                [
                    1.2986125946044922,
                    0.6643304824829102,
                    -0.4320010840892792,
                    1.0
                ]
            ],
            "location": [
                -0.6643304824829102,
                -0.4320010840892792,
                -1.2986125946044922
            ],
            "location_world": [
                1.2986125946044922,
                0.6643304824829102,
                -0.4320010840892792
            ],
            "name": "google_2_of_Jenga_Classic_Game_11",
            "projected_cuboid": [
                [
                    29.883429408073425,
                    441.90675020217896
                ],
                [
                    0.09304285049438477,
                    441.5716528892517
                ],
                [
                    -77.08671689033508,
                    469.3782329559326
                ],
                [
                    -41.47684574127197,
                    470.07960081100464
                ],
                [
                    30.422180891036987,
                    410.9547734260559
                ],
                [
                    0.7911324501037598,
                    410.88342666625977
                ],
                [
                    -75.71867108345032,
                    431.7907989025116
                ],
                [
                    -40.33574461936951,
                    432.0957362651825
                ],
                [
                    -18.07987689971924,
                    437.31218576431274
                ]
            ],
            "provenance": "nvisii",
            "quaternion_xyzw": [
                -0.7148299217224121,
                0.6924116611480713,
                -0.09607160091400146,
                0.018827807158231735
            ],
            "quaternion_xyzw_world": [
                0.046240564435720444,
                0.742242693901062,
                -0.06865885108709335,
                0.6649988889694214
            ],
            "segmentation_id": 12,
            "visibility": -1
        },
        {
            "bounding_box_minx_maxx_miny_maxy": [
                -1,
                -1,
                -1,
                -1
            ],
            "class": "2",
            "local_cuboid": null,
            "local_to_world_matrix": [
                [
                    0.6234641671180725,
                    -0.3288026452064514,
                    0.7093527317047119,
                    0.0
                ],
                [
                    0.5575879216194153,
                    -0.44900941848754883,
                    -0.6982021331787109,
                    0.0
                ],
                [
                    0.5480767488479614,
                    0.8308305740356445,
                    -0.09660482406616211,
                    0.0
                ],
                [
                    1.3741707801818848,
                    -0.22622929513454437,
                    -0.6920908093452454,
                    1.0
                ]
            ],
            "location": [
                0.22622929513454437,
                -0.6920908093452454,
                -1.3741707801818848
            ],
            "location_world": [
                1.3741707801818848,
                -0.22622929513454437,
                -0.6920908093452454
            ],
            "name": "google_2_of_Jenga_Classic_Game_12",
            "projected_cuboid": [
                [
                    241.16848409175873,
                    510.5780363082886
                ],
                [
                    255.89239597320557,
                    525.3117084503174
                ],
                [
                    359.54055190086365,
                    544.3263053894043
                ],
                [
                    346.6511070728302,
                    528.5285115242004
                ],
                [
                    230.3418070077896,
                    541.9286489486694
                ],
                [
                    245.87056040763855,
                    556.1721324920654
                ],
                [
                    352.062851190567,
                    579.4659852981567
                ],
                [
                    338.4298086166382,
                    564.329981803894
                ],
                [
                    293.52349042892456,
                    543.1011915206909
                ]
            ],
            "provenance": "nvisii",
            "quaternion_xyzw": [
                -0.802353024482727,
                -0.3609265685081482,
                0.45313429832458496,
                0.14363473653793335
            ],
            "quaternion_xyzw_world": [
                -0.7363895773887634,
                -0.07767128199338913,
                -0.4268900156021118,
                0.5190977454185486
            ],
            "segmentation_id": 13,
            "visibility": -1
        },
        {
            "bounding_box_minx_maxx_miny_maxy": [
                -1,
                -1,
                -1,
                -1
            ],
            "class": "2",
            "local_cuboid": null,
            "local_to_world_matrix": [
                [
                    0.6043593883514404,
