{
    "camera_data": {
        "camera_look_at": {
            "at": [
                1.0,
                0.0,
                0.0
            ],
            "eye": [
                0.0,
                0.0,
                0.0
            ],
            "up": [
                0.0,
                0.0,
                1.0
            ]
        },
        "camera_view_matrix": [
            [
                0.0,
                0.0,
                -1.0,
                0.0
            ],
            [
                -1.0,
                0.0,
                0.0,
                0.0
            ],
            [
                0.0,
                1.0,
                0.0,
                0.0
            ],
            [
                0.0,
                0.0,
                0.0,
                1.0
            ]
        ],
        "height": 500,
        "intrinsics": {
            "cx": 250.0,
            "cy": 250.0,
            "fx": 603.5535278320312,
            "fy": 603.5535278320312
        },
        "location_world": [
            0.0,
            0.0,
            0.0
        ],
        "quaternion_world_xyzw": [
            0.5,
            -0.5,
            -0.5,
            0.5
        ],
        "width": 500
    },
    "objects": [
        {
            "bounding_box_minx_maxx_miny_maxy": [
                -1,
                -1,
                -1,
                -1
            ],
            "class": "2",
            "local_cuboid": null,
            "local_to_world_matrix": [
                [
                    -0.9097942113876343,
                    -0.16108687222003937,
                    -0.38252511620521545,
                    0.0
                ],
                [
                    0.36427128314971924,
                    0.13186562061309814,
                    -0.9219099283218384,
                    0.0
                ],
                [
                    0.19894948601722717,
                    -0.9780912399291992,
                    -0.06129121780395508,
                    0.0
                ],
                [
                    1.8730733394622803,
                    -0.3634399473667145,
                    0.7940561771392822,
                    1.0
                ]
            ],
            "location": [
                0.3634399473667145,
                0.7940561771392822,
                -1.8730733394622803
            ],
            "location_world": [
                1.8730733394622803,
                -0.3634399473667145,
                0.7940561771392822
            ],
            "name": "google_2_of_Jenga_Classic_Game_0",
            "projected_cuboid": [
                [
                    462.23515272140503,
                    -6.849169731140137
                ],
                [
                    455.30134439468384,
                    21.8752920627594
                ],
                [
                    368.66313219070435,
                    8.886650204658508
                ],
                [
                    374.3553161621094,
                    -20.973384380340576
                ],
                [
                    450.5007266998291,
                    -6.735742092132568
                ],
                [
                    444.0000057220459,
                    20.947054028511047
                ],
                [
                    360.251784324646,
                    8.414804935455322
                ],
                [
                    365.5916154384613,
                    -20.321160554885864
                ],
                [
                    410.6481075286865,
                    0.8718967437744141
                ]
            ],
            "provenance": "nvisii",
            "quaternion_xyzw": [
                -0.7553055882453918,
                0.17025914788246155,
                -0.6248747110366821,
                0.10028393566608429
            ],
            "quaternion_xyzw_world": [
                0.07005607336759567,
                0.725077748298645,
                -0.655102550983429,
                0.20048698782920837
            ],
            "segmentation_id": 1,
            "visibility": -1
        },
        {
            "bounding_box_minx_maxx_miny_maxy": [
                -1,
                -1,
                -1,
                -1
            ],
            "class": "2",
            "local_cuboid": null,
            "local_to_world_matrix": [
                [
                    0.8542940616607666,
                    0.3167453408241272,
                    -0.4121335744857788,
                    0.0
                ],
                [
                    0.5171593427658081,
                    -0.43827736377716064,
                    0.7351592779159546,
                    0.0
                ],
                [
                    0.052229464054107666,
                    -0.8411809206008911,
                    -0.538225531578064,
                    0.0
                ],
                [
                    1.685857892036438,
                    -0.3949069678783417,
                    -0.6017364859580994,
                    1.0
                ]
            ],
            "location": [
                0.3949069678783417,
                -0.6017364859580994,
                -1.685857892036438
            ],
            "location_world": [
                1.685857892036438,
                -0.3949069678783417,
                -0.6017364859580994
            ],
            "name": "google_2_of_Jenga_Classic_Game_1",
            "projected_cuboid": [
                [
                    464.7955894470215,
                    534.0856313705444
                ],
                [
                    472.17124700546265,
                    505.6949853897095
                ],
                [
                    388.9555335044861,
                    453.44457030296326
                ],
                [
                    379.373162984848,
                    480.746328830719
                ],
                [
                    482.7571511268616,
                    533.7954759597778
                ],
                [
                    489.9628162384033,
                    504.2797327041626
                ],
                [
                    403.55902910232544,
                    449.9128460884094
                ],
                [
                    393.97162199020386,
                    478.2485365867615
                ],
                [
                    434.52972173690796,
                    492.48358607292175
                ]
            ],
            "provenance": "nvisii",
            "quaternion_xyzw": [
                0.009011611342430115,
                0.7252817153930664,
                -0.3637844920158386,
                0.5844194889068604
            ],
            "quaternion_xyzw_world": [
                0.841248631477356,
                0.24781754612922668,
                -0.10695533454418182,
                0.4684525430202484
            ],
            "segmentation_id": 2,
            "visibility": -1
        },
        {
            "bounding_box_minx_maxx_miny_maxy": [
                -1,
                -1,
                -1,
                -1
            ],
            "class": "2",
            "local_cuboid": null,
            "local_to_world_matrix": [
                [
                    -0.9358667135238647,
                    0.1489097774028778,
                    0.3193419277667999,
                    0.0
                ],
                [
                    0.06881459802389145,
                    0.9661005139350891,
                    -0.24882584810256958,
                    0.0
                ],
                [
                    -0.345568984746933,
                    -0.2108924686908722,
                    -0.9143884181976318,
                    0.0
                ],
                [
                    0.786398708820343,
                    0.014037268236279488,
                    0.2763613760471344,
                    1.0
                ]
            ],
            "location": [
                -0.014037268236279488,
                0.2763613760471344,
                -0.786398708820343
            ],
            "location_world": [
                0.786398708820343,
                0.014037268236279488,
                0.2763613760471344
            ],
            "name": "google_2_of_Jenga_Classic_Game_2",
            "projected_cuboid": [
                [
                    327.13302969932556,
                    219.73927319049835
                ],
                [
                    250.86891651153564,
                    239.4743263721466
                ],
                [
                    201.33793354034424,
                    26.63518488407135
                ],
                [
                    266.90560579299927,
                    7.911816239356995
                ],
                [
                    329.072505235672,
                    243.97718906402588
                ],
                [
                    260.55580377578735,
                    261.5092396736145
                ],
                [
                    214.26719427108765,
                    64.99624252319336
                ],
                [
                    274.02618527412415,
                    48.22945594787598
                ],
                [
                    263.77665996551514,
                    132.8754723072052
                ]
            ],
            "provenance": "nvisii",
            "quaternion_xyzw": [
                -0.43426576256752014,
                0.3723287880420685,
                -0.6601712703704834,
                -0.4867836833000183
            ],
            "quaternion_xyzw_world": [
                0.055725328624248505,
                0.9767747521400452,
                -0.11766231805086136,
                -0.17018020153045654
            ],
            "segmentation_id": 3,
            "visibility": -1
        },
        {
            "bounding_box_minx_maxx_miny_maxy": [
                -1,
                -1,
                -1,
                -1
            ],
            "class": "2",
            "local_cuboid": null,
            "local_to_world_matrix": [
                [
                    0.6046016216278076,
                    0.38695618510246277,
                    -0.6962196826934814,
                    0.0
                ],
                [
                    -0.1605776846408844,
                    -0.7969095706939697,
                    -0.5823659896850586,
                    0.0
                ],
                [
                    -0.7801741361618042,
                    0.463896781206131,
                    -0.4196763038635254,
                    0.0
                ],
                [
                    1.7042537927627563,
                    0.6265010237693787,
                    0.11146291345357895,
                    1.0
                ]
            ],
            "location": [
                -0.6265010237693787,
                0.11146291345357895,
                -1.7042537927627563
            ],
            "location_world": [
                1.7042537927627563,
                0.6265010237693787,
                0.11146291345357895
            ],
            "name": "google_2_of_Jenga_Classic_Game_3",
            "projected_cuboid": [
                [
                    -74.78129863739014,
                    255.59350848197937
                ],
                [
                    -50.535619258880615,
                    275.51737427711487
                ],
                [
                    36.76500916481018,
                    229.15589809417725
                ],
                [
                    15.02181589603424,
                    212.211474776268
                ],
                [
                    -72.77107238769531,
                    233.06061327457428
                ],
                [
                    -47.70663380622864,
                    253.43045592308044
                ],
                [
                    41.69662296772003,
                    208.75519514083862
                ],
                [
                    19.299209117889404,
                    191.49574637413025
                ],
                [
                    -13.491153717041016,
                    230.94743490219116
                ]
            ],
            "provenance": "nvisii",
            "quaternion_xyzw": [
                0.3221939206123352,
                0.07812832295894623,
                -0.8290802240371704,
                0.45023661851882935
            ],
            "quaternion_xyzw_world": [
                0.8398195505142212,
                0.06738902628421783,
                -0.43949732184410095,
                -0.3114546239376068
            ],
            "segmentation_id": 4,
            "visibility": -1
        },
        {
            "bounding_box_minx_maxx_miny_maxy": [
                -1,
                -1,
                -1,
                -1
            ],
            "class": "2",
            "local_cuboid": null,
            "local_to_world_matrix": [
                [
                    0.7054840326309204,
                    0.6509342789649963,
                    0.28031548857688904,
                    0.0
                ],
                [
                    0.28600966930389404,
                    -0.623369574546814,
                    0.7277422547340393,
                    0.0
                ],
                [
                    0.6484525203704834,
                    -0.43323761224746704,
                    -0.625950813293457,
                    0.0
                ],
                [
                    1.3611271381378174,
                    0.684920072555542,
                    0.14547669887542725,
                    1.0
                ]
            ],
            "location": [
                -0.684920072555542,
                0.14547669887542725,
                -1.3611271381378174
            ],
            "location_world": [
                1.3611271381378174,
                0.684920072555542,
                0.14547669887542725
            ],
            "name": "google_2_of_Jenga_Classic_Game_4",
            "projected_cuboid": [
                [
                    14.796122908592224,
                    271.9881236553192
                ],
                [
                    38.34262490272522,
                    248.33472073078156
                ],
                [
                    -44.78955268859863,
                    169.34257745742798
                ],
                [
                    -73.03351163864136,
                    194.8644071817398
                ],
                [
                    26.647403836250305,
                    281.6333472728729
                ],
                [
                    50.86129903793335,
                    256.97046518325806
                ],
                [
                    -33.947378396987915,
                    175.92644691467285
                ],
                [
                    -63.18286061286926,
                    202.64369249343872
                ],
                [
                    -7.726401090621948,
                    227.6015728712082
                ]
            ],
            "provenance": "nvisii",
            "quaternion_xyzw": [
                0.25969982147216797,
                0.8699322938919067,
                -0.2620779871940613,
                0.3272443413734436
            ],
            "quaternion_xyzw_world": [
                0.8594772219657898,
                0.2725330889225006,
                0.2701549232006073,
                0.33769941329956055
            ],
            "segmentation_id": 5,
            "visibility": -1
        },
        {
            "bounding_box_minx_maxx_miny_maxy": [
                -1,
                -1,
                -1,
                -1
            ],
            "class": "2",
            "local_cuboid": null,
            "local_to_world_matrix": [
                [
                    -0.07831501960754395,
                    -0.5507375001907349,
                    0.830996572971344,
                    0.0
                ],
                [
                    0.5043497085571289,
                    -0.7409051656723022,
                    -0.44349896907806396,
                    0.0
                ],
                [
                    0.8599409461021423,
                    0.3843802213668823,
                    0.3357880711555481,
                    0.0
                ],
                [
                    1.668123483657837,
                    0.09633886814117432,
                    -0.5264452695846558,
                    1.0
                ]
            ],
            "location": [
                -0.09633886814117432,
                -0.5264452695846558,
                -1.668123483657837
            ],
            "location_world": [
                1.668123483657837,
                0.09633886814117432,
                -0.5264452695846558
            ],
            "name": "google_2_of_Jenga_Classic_Game_5",
            "projected_cuboid": [
                [
                    180.49785494804382,
                    370.0350224971771
                ],
                [
                    201.5138417482376,
                    379.0622055530548
                ],
                [
                    234.47680473327637,
                    433.3919882774353
                ],
                [
                    211.10326051712036,
                    424.3929386138916
                ],
                [
                    166.93060100078583,
                    390.4571235179901
                ],
                [
                    188.17704916000366,
                    399.0081548690796
                ],
                [
                    219.04030442237854,
                    456.09983801841736
                ],
                [
                    195.3558772802353,
                    447.72058725357056
                ],
                [
                    198.68171215057373,
                    410.63931584358215
                ]
            ],
            "provenance": "nvisii",
            "quaternion_xyzw": [
                0.8447155952453613,
                0.4652162492275238,
                -0.09058234095573425,
                -0.24864521622657776
            ],
            "quaternion_xyzw_world": [
                0.5759344696998596,
                -0.02013588696718216,
                0.7339973449707031,
                -0.3593634366989136
            ],
            "segmentation_id": 6,
            "visibility": -1
        },
        {
            "bounding_box_minx_maxx_miny_maxy": [
                -1,
                -1,
                -1,
                -1
            ],
            "class": "2",
            "local_cuboid": null,
            "local_to_world_matrix": [
                [
                    -0.20844793319702148,
                    -0.21371275186538696,
                    -0.9543983936309814,
                    0.0
                ],
                [
                    0.9098873734474182,
                    0.3155028223991394,
                    -0.26937511563301086,
                    0.0
                ],
                [
                    0.3586843013763428,
                    -0.9245457649230957,
                    0.12868857383728027,
                    0.0
                ],
                [
                    1.7425870895385742,
                    0.4701109230518341,
                    -0.738589882850647,
                    1.0
                ]
            ],
            "location": [
                -0.4701109230518341,
                -0.738589882850647,
                -1.7425870895385742
            ],
            "location_world": [
                1.7425870895385742,
                0.4701109230518341,
                -0.738589882850647
            ],
            "name": "google_2_of_Jenga_Classic_Game_6",
            "projected_cuboid": [
                [
                    190.23941457271576,
                    493.7562644481659
                ],
                [
                    184.12093818187714,
                    491.0934567451477
                ],
                [
                    88.28328549861908,
                    518.1400775909424
                ],
                [
                    90.43806791305542,
                    522.192656993866
                ],
                [
                    185.18054485321045,
                    466.54337644577026
                ],
                [
                    179.32040989398956,
                    465.00760316848755
                ],
                [
                    84.0824544429779,
                    490.27812480926514
                ],
                [
                    86.0280841588974,
                    493.0416941642761
                ],
                [
                    137.33094930648804,
                    492.0227527618408
                ]
            ],
            "provenance": "nvisii",
            "quaternion_xyzw": [
                -0.6785595417022705,
                0.46786656975746155,
                -0.41742604970932007,
                0.38263997435569763
            ],
            "quaternion_xyzw_world": [
                0.29468652606010437,
                0.5906060934066772,
                -0.5053794980049133,
                0.5558199882507324
            ],
            "segmentation_id": 7,
            "visibility": -1
        },
        {
            "bounding_box_minx_maxx_miny_maxy": [
                -1,
                -1,
                -1,
                -1
            ],
            "class": "2",
            "local_cuboid": null,
            "local_to_world_matrix": [
                [
                    0.11554747819900513,
                    -0.8077828884124756,
                    0.5780445337295532,
                    0.0
                ],
                [
                    -0.5406688451766968,
                    0.43703311681747437,
                    0.7188040614128113,
                    0.0
                ],
                [
                    -0.8332622051239014,
                    -0.39558666944503784,
                    -0.3862450122833252,
                    0.0
                ],
                [
                    1.9233237504959106,
                    0.6375391483306885,
                    -0.15787331759929657,
                    1.0
                ]
            ],
            "location": [
                -0.6375391483306885,
                -0.15787331759929657,
                -1.9233237504959106
            ],
            "location_world": [
                1.9233237504959106,
                0.6375391483306885,
                -0.15787331759929657
            ],
            "name": "google_2_of_Jenga_Classic_Game_7",
            "projected_cuboid": [
                [
                    83.25862884521484,
                    348.37326407432556
                ],
                [
                    65.2739405632019,
                    329.0306031703949
                ],
                [
                    52.26685106754303,
                    283.1900715827942
                ],
                [
                    68.31195950508118,
                    301.19213461875916
                ],
                [
                    59.71592664718628,
                    365.10780453681946
                ],
                [
                    40.98169505596161,
                    346.12077474594116
                ],
                [
                    31.030595302581787,
                    297.8658974170685
                ],
                [
                    47.650352120399475,
                    315.6073987483978
                ],
                [
                    55.777549743652344,
                    321.79757952690125
                ]
            ],
            "provenance": "nvisii",
            "quaternion_xyzw": [
                0.2528421878814697,
                0.13942639529705048,
                0.2768913507461548,
                0.9164945483207703
            ],
            "quaternion_xyzw_world": [
                0.5159358978271484,
                -0.6534008383750916,
                -0.12366733700037003,
                0.5399850606918335
            ],
            "segmentation_id": 8,
            "visibility": -1
        },
        {
            "bounding_box_minx_maxx_miny_maxy": [
                -1,
                -1,
                -1,
                -1
            ],
            "class": "2",
            "local_cuboid": null,
            "local_to_world_matrix": [
                [
                    0.05749046802520752,
                    -0.9671477675437927,
                    -0.2476288080215454,
                    0.0
                ],
                [
                    -0.49852830171585083,
                    -0.24271154403686523,
                    0.8322023153305054,
                    0.0
                ],
                [
                    -0.8649649620056152,
                    0.07560625672340393,
                    -0.49610424041748047,
                    0.0
                ],
                [
                    1.8318564891815186,
                    -0.7303533554077148,
                    -0.42212238907814026,
                    1.0
                ]
            ],
            "location": [
                0.7303533554077148,
                -0.42212238907814026,
                -1.8318564891815186
            ],
            "location_world": [
                1.8318564891815186,
                -0.7303533554077148,
                -0.42212238907814026
            ],
            "name": "google_2_of_Jenga_Classic_Game_8",
            "projected_cuboid": [
                [
                    527.2498726844788,
                    480.47930002212524
                ],
                [
                    542.6558256149292,
                    459.51753854751587
                ],
                [
                    509.22584533691406,
                    382.0822834968567
                ],
                [
                    496.6764450073242,
                    401.9463062286377
                ],
                [
                    499.22043085098267,
                    473.75527024269104
                ],
                [
                    513.9129161834717,
                    452.55047082901
                ],
                [
                    484.4144880771637,
                    375.89436769485474
                ],
                [
                    472.3987281322479,
                    395.94781398773193
                ],
                [
                    504.53853607177734,
                    425.0284433364868
                ]
            ],
            "provenance": "nvisii",
            "quaternion_xyzw": [
                0.2597982585430145,
                -0.0047318339347839355,
                -0.12807703018188477,
                0.9571200013160706
            ],
            "quaternion_xyzw_world": [
                0.6701317429542542,
                -0.5467865467071533,
                -0.41506531834602356,
                0.28225645422935486
            ],
            "segmentation_id": 9,
            "visibility": -1
        },
        {
            "bounding_box_minx_maxx_miny_maxy": [
                -1,
                -1,
                -1,
                -1
            ],
            "class": "2",
            "local_cuboid": null,
            "local_to_world_matrix": [
                [
                    -0.7083845138549805,
                    0.44925522804260254,
                    -0.5443907976150513,
                    0.0
                ],
                [
                    -0.037864938378334045,
                    0.7459820508956909,
                    0.6648886799812317,
                    0.0
                ],
                [
                    0.7048105001449585,
                    0.4916101098060608,
                    -0.511431097984314,
                    0.0
                ],
                [
                    0.8570311665534973,
                    0.39229950308799744,
                    -0.4608464241027832,
                    1.0
                ]
            ],
            "location": [
                -0.39229950308799744,
                -0.4608464241027832,
                -0.8570311665534973
            ],
            "location_world": [
                0.8570311665534973,
                0.39229950308799744,
                -0.4608464241027832
            ],
            "name": "google_2_of_Jenga_Classic_Game_9",
            "projected_cuboid": [
                [
                    -53.99027466773987,
                    634.1664791107178
                ],
                [
                    -91.72013401985168,
                    602.5650501251221
                ],
                [
                    -72.00053334236145,
                    581.3208818435669
                ],
                [
                    -24.996012449264526,
                    620.8357810974121
                ],
                [
                    -18.860578536987305,
                    590.789258480072
                ],
                [
                    -54.551661014556885,
                    560.6817603111267
                ],
                [
                    -27.417391538619995,
                    531.0205221176147
                ],
                [
                    16.463592648506165,
                    568.2262182235718
                ],
                [
                    -41.76393151283264,
                    586.7083668708801
                ]
            ],
            "provenance": "nvisii",
            "quaternion_xyzw": [
                -0.3842741847038269,
                0.8394870758056641,
                -0.14102843403816223,
                -0.3573594391345978
            ],
            "quaternion_xyzw_world": [
                0.119440957903862,
                0.8610745668411255,
                0.33577197790145874,
                0.36268672347068787
            ],
            "segmentation_id": 10,
            "visibility": -1
        },
        {
            "bounding_box_minx_maxx_miny_maxy": [
                -1,
                -1,
                -1,
                -1
            ],
            "class": "2",
            "local_cuboid": null,
            "local_to_world_matrix": [
                [
                    0.663802981376648,
                    -0.7454611659049988,
                    -0.06044338643550873,
                    0.0
                ],
                [
                    0.5520961880683899,
                    0.5429267883300781,
                    -0.632787823677063,
                    0.0
                ],
                [
                    0.5045350193977356,
                    0.3866759240627289,
                    0.771962583065033,
                    0.0
                ],
                [
                    1.7958890199661255,
                    -0.6746857166290283,
                    -0.02464519627392292,
                    1.0
                ]
            ],
            "location": [
                0.6746857166290283,
                -0.02464519627392292,
                -1.7958890199661255
            ],
            "location_world": [
                1.7958890199661255,
                -0.6746857166290283,
                -0.02464519627392292
            ],
            "name": "google_2_of_Jenga_Classic_Game_10",
            "projected_cuboid": [
                [
                    440.44286012649536,
                    180.15825748443604
                ],
                [
                    422.10254073143005,
                    197.97533750534058
                ],
                [
                    472.78833389282227,
                    267.57049560546875
                ],
                [
                    493.9449429512024,
                    250.0973343849182
                ],
                [
                    426.9665479660034,
                    176.70732736587524
                ],
                [
                    408.4550440311432,
                    195.08814811706543
                ],
                [
                    459.49941873550415,
                    266.478568315506
                ],
                [
                    480.9356927871704,
                    248.4523355960846
                ],
                [
                    449.58093762397766,
                    221.55094146728516
                ]
            ],
            "provenance": "nvisii",
            "quaternion_xyzw": [
                -0.8489381670951843,
                0.17768384516239166,
                0.3093508780002594,
                0.38991618156433105
            ],
            "quaternion_xyzw_world": [
                -0.2953445315361023,
                0.16367749869823456,
                -0.37590983510017395,
                0.8629445433616638
            ],
            "segmentation_id": 11,
            "visibility": -1
        },
        {
            "bounding_box_minx_maxx_miny_maxy": [
                -1,
                -1,
                -1,
                -1
            ],
            "class": "2",
            "local_cuboid": null,
            "local_to_world_matrix": [
                [
                    0.45856958627700806,
                    -0.6932578682899475,
                    -0.5559743642807007,
                    0.0
                ],
                [
                    0.6435596346855164,
                    0.6905066967010498,
                    -0.3301992118358612,
                    0.0
                ],
                [
                    0.6128171682357788,
                    -0.2063833773136139,
                    0.7627981305122375,
                    0.0
                ],
                [
                    1.7797377109527588,
                    0.13122184574604034,
                    0.5763147473335266,
                    1.0
                ]
            ],
            "location": [
                -0.13122184574604034,
                0.5763147473335266,
                -1.7797377109527588
            ],
            "location_world": [
                1.7797377109527588,
                0.13122184574604034,
                0.5763147473335266
            ],
            "name": "google_2_of_Jenga_Classic_Game_11",
            "projected_cuboid": [
                [
                    245.5325573682785,
                    5.077451467514038
                ],
                [
                    228.0934602022171,
                    20.11623978614807
                ],
                [
                    206.00754022598267,
                    71.25632464885712
                ],
                [
                    224.5318591594696,
                    56.26669526100159
                ],
                [
                    228.19773852825165,
                    -13.387292623519897
                ],
                [
                    210.91672778129578,
                    2.4378448724746704
                ],
                [
                    186.66529655456543,
                    52.8431236743927
                ],
                [
                    204.97000217437744,
                    36.96402907371521
                ],
                [
                    217.36526489257812,
                    27.932778000831604
                ]
            ],
            "provenance": "nvisii",
            "quaternion_xyzw": [
                -0.8118304014205933,
                0.3838489055633545,
                0.07765975594520569,
                0.4330824017524719
            ],
            "quaternion_xyzw_world": [
                -0.036279384046792984,
                0.34246858954429626,
                -0.3917020261287689,
                0.8532107472419739
            ],
            "segmentation_id": 12,
            "visibility": -1
        },
        {
            "bounding_box_minx_maxx_miny_maxy": [
                -1,
                -1,
                -1,
                -1
            ],
            "class": "2",
            "local_cuboid": null,
            "local_to_world_matrix": [
                [
                    0.4767610430717468,
                    0.7885962724685669,
                    0.38834914565086365,
                    0.0
                ],
                [
                    -0.8006110191345215,
                    0.5719592571258545,
                    -0.17856299877166748,
                    0.0
                ],
                [
                    -0.36293402314186096,
                    -0.22578462958335876,
                    0.9040465950965881,
                    0.0
                ],
                [
                    1.9524818658828735,
                    0.8187968730926514,
                    0.4287026822566986,
                    1.0
                ]
            ],
            "location": [
                -0.8187968730926514,
                0.4287026822566986,
                -1.9524818658828735
            ],
            "location_world": [
                1.9524818658828735,
                0.8187968730926514,
                0.4287026822566986
            ],
            "name": "google_2_of_Jenga_Classic_Game_12",
            "projected_cuboid": [
                [
                    8.536770939826965,
                    22.564604878425598
                ],
                [
                    -16.291141510009766,
                    19.138440489768982
                ],
                [
                    -22.265315055847168,
                    114.03106153011322
                ],
                [
                    1.4512985944747925,
                    114.07677829265594
                ],
                [
                    23.828640580177307,
                    27.902498841285706
                ],
                [
                    -0.9435713291168213,
                    24.605602025985718
                ],
                [
                    -7.892340421676636,
                    121.0716962814331
                ],
                [
                    15.78378677368164,
                    120.87635695934296
                ],
                [
                    0.32047927379608154,
                    71.82852923870087
                ]
            ],
            "provenance": "nvisii",
            "quaternion_xyzw": [
                -0.08220849186182022,
                0.5583680272102356,
                0.7632321715354919,
                0.31455326080322266
            ],
            "quaternion_xyzw_world": [
                0.013740302063524723,
                -0.2186044603586197,
                0.4624192416667938,
                0.8591809868812561
            ],
            "segmentation_id": 13,
            "visibility": -1
        },
        {
            "bounding_box_minx_maxx_miny_maxy": [
                -1,
                -1,
                -1,
                -1
            ],
            "class": "2",
            "local_cuboid": null,
            "local_to_world_matrix": [
                [
                    -0.4947563409805298,
                    -0.10026133805513382,
