{
    "camera_data": {
        "camera_look_at": {
            "at": [
                1.0,
                0.0,
                0.0
            ],
            "eye": [
                0.0,
                0.0,
                0.0
            ],
            "up": [
                0.0,
                0.0,
                1.0
            ]
        },
        "camera_view_matrix": [
            [
                0.0,
                0.0,
                -1.0,
                0.0
            ],
            [
                -1.0,
                0.0,
                0.0,
                0.0
            ],
            [
                0.0,
                1.0,
                0.0,
                0.0
            ],
            [
                0.0,
                0.0,
                0.0,
                1.0
            ]
        ],
        "height": 500,
        "intrinsics": {
            "cx": 250.0,
            "cy": 250.0,
            "fx": 603.5535278320312,
            "fy": 603.5535278320312
        },
        "location_world": [
            0.0,
            0.0,
            0.0
        ],
        "quaternion_world_xyzw": [
            0.5,
            -0.5,
            -0.5,
            0.5
        ],
        "width": 500
    },
    "objects": [
        {
            "bounding_box_minx_maxx_miny_maxy": [
                -1,
                -1,
                -1,
                -1
            ],
            "class": "2",
            "local_cuboid": null,
            "local_to_world_matrix": [
                [
                    0.6971994638442993,
                    0.6217602491378784,
                    -0.3568294644355774,
                    0.0
                ],
                [
                    0.1329849660396576,
                    -0.6012904644012451,
                    -0.7878867983818054,
                    0.0
                ],
                [
                    -0.7044345736503601,
                    0.5018613934516907,
                    -0.5019042491912842,
                    0.0
                ],
                [
                    0.6663224101066589,
                    -0.5679231286048889,
                    0.528224527835846,
                    1.0
                ]
            ],
            "location": [
                0.5679231286048889,
                0.528224527835846,
                -0.6663224101066589
            ],
            "location_world": [
                0.6663224101066589,
                -0.5679231286048889,
                0.528224527835846
            ],
            "name": "google_2_of_Jenga_Classic_Game_0",
            "projected_cuboid": [
                [
                    714.6667242050171,
                    -251.48504972457886
                ],
                [
                    766.1718726158142,
                    -158.73953700065613
                ],
                [
                    740.8180236816406,
                    -165.0022566318512
                ],
                [
                    704.2988538742065,
                    -230.11961579322815
                ],
                [
                    843.7193036079407,
                    -355.7635545730591
                ],
                [
                    898.3787298202515,
                    -248.7199306488037
                ],
                [
                    828.6469578742981,
                    -226.78616642951965
                ],
                [
                    790.513277053833,
                    -298.6553907394409
                ],
                [
                    779.849648475647,
                    -237.36029863357544
                ]
            ],
            "provenance": "nvisii",
            "quaternion_xyzw": [
                0.33973973989486694,
                0.17988823354244232,
                -0.8823380470275879,
                0.2714717984199524
            ],
            "quaternion_xyzw_world": [
                0.8367189168930054,
                0.22550737857818604,
                -0.3170909583568573,
                -0.38535887002944946
            ],
            "segmentation_id": 1,
            "visibility": -1
        },
        {
            "bounding_box_minx_maxx_miny_maxy": [
                -1,
                -1,
                -1,
                -1
            ],
            "class": "2",
            "local_cuboid": null,
            "local_to_world_matrix": [
                [
                    -0.5723850727081299,
                    -0.5549076795578003,
                    -0.6036993265151978,
                    0.0
                ],
                [
                    0.714799165725708,
                    -0.6984152793884277,
                    -0.03575354814529419,
                    0.0
                ],
                [
                    -0.40179288387298584,
                    -0.4519885778427124,
                    0.7964099645614624,
                    0.0
                ],
                [
                    1.2076020240783691,
                    -0.4131985604763031,
                    -0.6151224970817566,
                    1.0
                ]
            ],
            "location": [
                0.4131985604763031,
                -0.6151224970817566,
                -1.2076020240783691
            ],
            "location_world": [
                1.2076020240783691,
                -0.4131985604763031,
                -0.6151224970817566
            ],
            "name": "google_2_of_Jenga_Classic_Game_1",
            "projected_cuboid": [
                [
                    562.7464056015015,
                    485.4831099510193
                ],
                [
                    577.9738426208496,
                    474.1964340209961
                ],
                [
                    480.7247817516327,
                    568.0847764015198
                ],
                [
                    461.9622826576233,
                    583.1313133239746
                ],
                [
                    525.2983570098877,
                    449.111670255661
                ],
                [
                    541.9016480445862,
                    440.19150733947754
                ],
                [
                    451.4957666397095,
                    533.882737159729
                ],
                [
                    431.96913599967957,
                    546.6427803039551
                ],
                [
                    501.72579288482666,
                    512.0301246643066
                ]
            ],
            "provenance": "nvisii",
            "quaternion_xyzw": [
                0.5451762080192566,
                0.04343363642692566,
                0.4697442948818207,
                -0.6929911375045776
            ],
            "quaternion_xyzw_world": [
                -0.2870628237724304,
                -0.1392478495836258,
                0.8756726384162903,
                -0.36249470710754395
            ],
            "segmentation_id": 2,
            "visibility": -1
        },
        {
            "bounding_box_minx_maxx_miny_maxy": [
                -1,
                -1,
                -1,
                -1
            ],
            "class": "2",
            "local_cuboid": null,
            "local_to_world_matrix": [
                [
                    0.8460489511489868,
                    0.04557492583990097,
                    -0.5311535596847534,
                    0.0
                ],
                [
                    0.1042613759636879,
                    0.9629532694816589,
                    0.24869784712791443,
                    0.0
                ],
                [
                    0.5228104591369629,
                    -0.26578935980796814,
                    0.8099538683891296,
                    0.0
                ],
                [
                    0.7811951637268066,
                    -0.0447516106069088,
                    0.24189646542072296,
                    1.0
                ]
            ],
            "location": [
                0.0447516106069088,
                0.24189646542072296,
                -0.7811951637268066
            ],
            "location_world": [
                0.7811951637268066,
                -0.0447516106069088,
                0.24189646542072296
            ],
            "name": "google_2_of_Jenga_Classic_Game_2",
            "projected_cuboid": [
                [
                    351.0952293872833,
                    -30.218064785003662
                ],
                [
                    299.6731102466583,
                    -40.723174810409546
                ],
                [
                    251.71881914138794,
                    79.4251561164856
                ],
                [
                    312.31287121772766,
                    93.21606159210205
                ],
                [
                    361.0462248325348,
                    -79.30994033813477
                ],
                [
                    305.73469400405884,
                    -90.11223912239075
                ],
                [
                    254.7561228275299,
                    30.669793486595154
                ],
                [
                    320.8262026309967,
                    45.121461153030396
                ],
                [
                    308.8420331478119,
                    -3.513336181640625
                ]
            ],
            "provenance": "nvisii",
            "quaternion_xyzw": [
                -0.5541970729827881,
                0.6739961504936218,
                0.26175689697265625,
                0.4124052822589874
            ],
            "quaternion_xyzw_world": [
                0.13522373139858246,
                0.2770155370235443,
                -0.015424680896103382,
                0.951177716255188
            ],
            "segmentation_id": 3,
            "visibility": -1
        },
        {
            "bounding_box_minx_maxx_miny_maxy": [
                -1,
                -1,
                -1,
                -1
            ],
            "class": "2",
            "local_cuboid": null,
            "local_to_world_matrix": [
                [
                    0.16688454151153564,
                    -0.7850764989852905,
                    -0.596493661403656,
                    0.0
                ],
                [
                    0.8628443479537964,
                    -0.17647027969360352,
                    0.4736647307872772,
                    0.0
                ],
                [
                    -0.47712627053260803,
                    -0.5937284827232361,
                    0.6479483842849731,
                    0.0
                ],
                [
                    1.2123253345489502,
                    0.3405592143535614,
                    -0.31654036045074463,
                    1.0
                ]
            ],
            "location": [
                -0.3405592143535614,
                -0.31654036045074463,
                -1.2123253345489502
            ],
            "location_world": [
                1.2123253345489502,
                0.3405592143535614,
                -0.31654036045074463
            ],
            "name": "google_2_of_Jenga_Classic_Game_3",
            "projected_cuboid": [
                [
                    166.88813269138336,
                    348.83180260658264
                ],
                [
                    180.3734004497528,
                    320.74785232543945
                ],
                [
                    104.7193706035614,
                    403.8920998573303
                ],
                [
                    88.16210925579071,
                    433.7889552116394
                ],
                [
                    129.53194975852966,
                    322.5194811820984
                ],
                [
                    145.64621448516846,
                    295.8386242389679
                ],
                [
                    73.08673858642578,
                    382.6588988304138
                ],
                [
                    54.37207221984863,
                    411.5692973136902
                ],
                [
                    115.90208113193512,
                    367.21861362457275
                ]
            ],
            "provenance": "nvisii",
            "quaternion_xyzw": [
                -0.45669618248939514,
                0.22992506623268127,
                -0.23365850746631622,
                0.827022910118103
            ],
            "quaternion_xyzw_world": [
                0.4169551432132721,
                0.04662841185927391,
                -0.6437262892723083,
                0.6399928331375122
            ],
            "segmentation_id": 4,
            "visibility": -1
        },
        {
            "bounding_box_minx_maxx_miny_maxy": [
                -1,
                -1,
                -1,
                -1
            ],
            "class": "2",
            "local_cuboid": null,
            "local_to_world_matrix": [
                [
                    0.0634799599647522,
                    0.003069414757192135,
                    0.9979783296585083,
                    0.0
                ],
                [
                    -0.030649710446596146,
                    -0.999517560005188,
                    0.005023731850087643,
                    0.0
                ],
                [
                    0.9975123405456543,
                    -0.03090665489435196,
                    -0.0633552074432373,
                    0.0
                ],
                [
                    1.204845666885376,
                    0.545533299446106,
                    0.01045572105795145,
                    1.0
                ]
            ],
            "location": [
                -0.545533299446106,
                0.01045572105795145,
                -1.204845666885376
            ],
            "location_world": [
                1.204845666885376,
                0.545533299446106,
                0.01045572105795145
            ],
            "name": "google_2_of_Jenga_Classic_Game_4",
            "projected_cuboid": [
                [
                    17.08802580833435,
                    237.4938279390335
                ],
                [
                    50.702646374702454,
                    237.30124533176422
                ],
                [
                    -1.9634366035461426,
                    224.97232258319855
                ],
                [
                    -43.56884956359863,
                    225.23772716522217
                ],
                [
                    16.40559732913971,
                    269.23519372940063
                ],
                [
                    50.131842494010925,
                    269.0970301628113
                ],
                [
                    -2.89231538772583,
                    264.4302546977997
                ],
                [
                    -44.66879367828369,
                    264.6119296550751
                ],
                [
                    8.203595876693726,
                    249.47132170200348
                ]
            ],
            "provenance": "nvisii",
            "quaternion_xyzw": [
                0.7052338719367981,
                0.708096981048584,
                -0.011546999216079712,
                0.03332403302192688
            ],
            "quaternion_xyzw_world": [
                0.7291009426116943,
                -0.009456953965127468,
                0.6842299103736877,
                0.012320100329816341
            ],
            "segmentation_id": 5,
            "visibility": -1
        },
        {
            "bounding_box_minx_maxx_miny_maxy": [
                -1,
                -1,
                -1,
                -1
            ],
            "class": "2",
            "local_cuboid": null,
            "local_to_world_matrix": [
                [
                    -0.3265930414199829,
                    -0.862132728099823,
                    -0.387381911277771,
                    0.0
                ],
                [
                    -0.7878409028053284,
                    0.4747390151023865,
                    -0.39233899116516113,
                    0.0
                ],
                [
                    0.5221535563468933,
                    0.17706018686294556,
                    -0.8342698812484741,
                    0.0
                ],
                [
                    1.376777172088623,
                    0.08310624957084656,
                    0.4190235733985901,
                    1.0
                ]
            ],
            "location": [
                -0.08310624957084656,
                0.4190235733985901,
                -1.376777172088623
            ],
            "location_world": [
                1.376777172088623,
                0.08310624957084656,
                0.4190235733985901
            ],
            "name": "google_2_of_Jenga_Classic_Game_5",
            "projected_cuboid": [
                [
                    218.53995323181152,
                    181.20598793029785
                ],
                [
                    200.81670582294464,
                    191.60136580467224
                ],
                [
                    218.6376452445984,
                    74.37744736671448
                ],
                [
                    237.4470978975296,
                    68.42857599258423
                ],
                [
                    192.99983978271484,
                    170.62389850616455
                ],
                [
                    174.4532436132431,
                    180.37527799606323
                ],
                [
                    188.97132575511932,
                    64.11558389663696
                ],
                [
                    208.82713794708252,
                    58.75419080257416
                ],
                [
                    204.73892986774445,
                    126.55448913574219
                ]
            ],
            "provenance": "nvisii",
            "quaternion_xyzw": [
                -0.8331604599952698,
                0.2586900293827057,
                -0.04486912488937378,
                -0.4867341220378876
            ],
            "quaternion_xyzw_world": [
                -0.5081677436828613,
                0.8117268681526184,
                -0.06630271673202515,
                0.28012362122535706
            ],
            "segmentation_id": 6,
            "visibility": -1
        },
        {
            "bounding_box_minx_maxx_miny_maxy": [
                -1,
                -1,
                -1,
                -1
            ],
            "class": "2",
            "local_cuboid": null,
            "local_to_world_matrix": [
                [
                    -0.7556631565093994,
                    -0.5910989046096802,
                    -0.2820908725261688,
                    0.0
                ],
                [
                    -0.5603967905044556,
                    0.36058521270751953,
                    0.7456096410751343,
                    0.0
                ],
                [
                    -0.33901122212409973,
                    0.7215125560760498,
                    -0.6037309169769287,
                    0.0
                ],
                [
                    1.0837996006011963,
                    -0.6555218696594238,
                    0.22026591002941132,
                    1.0
                ]
            ],
            "location": [
                0.6555218696594238,
                0.22026591002941132,
                -1.0837996006011963
            ],
            "location_world": [
                1.0837996006011963,
                -0.6555218696594238,
                0.22026591002941132
            ],
            "name": "google_2_of_Jenga_Classic_Game_6",
            "projected_cuboid": [
                [
                    548.0619668960571,
                    249.20353293418884
                ],
                [
                    543.4744358062744,
                    208.36345851421356
                ],
                [
                    638.7212872505188,
                    109.06603932380676
                ],
                [
                    638.7051343917847,
                    150.5133956670761
                ],
                [
                    503.8425922393799,
                    236.31329834461212
                ],
                [
                    497.419536113739,
                    197.31450080871582
                ],
                [
                    591.641366481781,
                    104.45155203342438
                ],
                [
                    593.5848951339722,
                    143.91840994358063
                ],
                [
                    571.0241794586182,
                    172.93281853199005
                ]
            ],
            "provenance": "nvisii",
            "quaternion_xyzw": [
                -0.35583633184432983,
                0.4515250325202942,
                -0.023993194103240967,
                -0.8178813457489014
            ],
            "quaternion_xyzw_world": [
                -0.349099725484848,
                0.8246179819107056,
                0.44478845596313477,
                -0.017256589606404305
            ],
            "segmentation_id": 7,
            "visibility": -1
        },
        {
            "bounding_box_minx_maxx_miny_maxy": [
                -1,
                -1,
                -1,
                -1
            ],
            "class": "2",
            "local_cuboid": null,
            "local_to_world_matrix": [
                [
                    -0.7589499950408936,
                    0.23421907424926758,
                    0.6075659990310669,
                    0.0
                ],
                [
                    -0.6413941383361816,
                    -0.1080021858215332,
                    -0.7595717310905457,
                    0.0
                ],
                [
                    -0.11228778958320618,
                    -0.9661661982536316,
                    0.2321949005126953,
                    0.0
                ],
                [
                    0.518495500087738,
                    0.08735332638025284,
                    -0.4158506393432617,
                    1.0
                ]
            ],
            "location": [
                -0.08735332638025284,
                -0.4158506393432617,
                -0.518495500087738
            ],
            "location_world": [
                0.518495500087738,
                0.08735332638025284,
                -0.4158506393432617
            ],
            "name": "google_2_of_Jenga_Classic_Game_7",
            "projected_cuboid": [
                [
                    476.3179123401642,
                    614.9507164955139
                ],
                [
                    517.7462100982666,
                    751.3457536697388
                ],
                [
                    129.64794039726257,
                    804.413378238678
                ],
                [
                    131.61417841911316,
                    671.120285987854
                ],
                [
                    471.8993306159973,
                    627.9911994934082
                ],
                [
                    507.76124000549316,
                    749.1179704666138
                ],
                [
                    164.8566722869873,
                    796.2319254875183
                ],
                [
                    163.30528259277344,
                    677.5745153427124
                ],
                [
                    314.6152198314667,
                    709.0673446655273
                ]
            ],
            "provenance": "nvisii",
            "quaternion_xyzw": [
                0.5943620204925537,
                0.3009815812110901,
                0.7256167531013489,
                0.1721169650554657
            ],
            "quaternion_xyzw_world": [
                0.1709219217300415,
                -0.5955570936203003,
                0.7244216799736023,
                0.3021766245365143
            ],
            "segmentation_id": 8,
            "visibility": -1
        },
        {
            "bounding_box_minx_maxx_miny_maxy": [
                -1,
                -1,
                -1,
                -1
            ],
            "class": "2",
            "local_cuboid": null,
            "local_to_world_matrix": [
                [
                    0.7403177618980408,
                    -0.541458249092102,
                    0.3984376788139343,
                    0.0
                ],
                [
                    -0.6683484315872192,
                    -0.6566293239593506,
                    0.34949737787246704,
                    0.0
                ],
                [
                    0.07238762080669403,
                    -0.5250343084335327,
                    -0.8479971885681152,
                    0.0
                ],
                [
                    1.7881766557693481,
                    0.12276814132928848,
                    -0.2890593111515045,
                    1.0
                ]
            ],
            "location": [
                -0.12276814132928848,
                -0.2890593111515045,
                -1.7881766557693481
            ],
            "location_world": [
                1.7881766557693481,
                0.12276814132928848,
                -0.2890593111515045
            ],
            "name": "google_2_of_Jenga_Classic_Game_8",
            "projected_cuboid": [
                [
                    257.82328844070435,
                    423.23997616767883
                ],
                [
                    276.5522599220276,
                    418.8016355037689
                ],
                [
                    225.13139247894287,
                    337.2385799884796
                ],
                [
                    207.76019990444183,
                    344.2217707633972
                ],
                [
                    243.8197284936905,
                    439.3254518508911
                ],
                [
                    262.7219259738922,
                    435.25731563568115
                ],
                [
                    209.3970626592636,
                    351.1430621147156
                ],
                [
                    191.95504486560822,
                    357.91540145874023
                ],
                [
                    234.52535271644592,
                    388.5540962219238
                ]
            ],
            "provenance": "nvisii",
            "quaternion_xyzw": [
                0.5622162818908691,
                0.46915531158447266,
                -0.09572982788085938,
                0.6742714643478394
            ],
            "quaternion_xyzw_world": [
                0.9006864428520203,
                -0.33580130338668823,
                0.13068513572216034,
                0.24274033308029175
            ],
            "segmentation_id": 9,
            "visibility": -1
        },
        {
            "bounding_box_minx_maxx_miny_maxy": [
                -1,
                -1,
                -1,
                -1
            ],
            "class": "2",
            "local_cuboid": null,
            "local_to_world_matrix": [
                [
                    -0.3230379819869995,
                    0.0037645697593688965,
                    -0.9463785290718079,
                    0.0
                ],
                [
                    0.7446331977844238,
                    0.6181917190551758,
                    -0.25171488523483276,
                    0.0
                ],
                [
                    0.5840957760810852,
                    -0.7860183119773865,
                    -0.20250260829925537,
                    0.0
                ],
                [
                    1.4584388732910156,
                    -0.3053051829338074,
                    -0.6431195735931396,
                    1.0
                ]
            ],
            "location": [
                0.3053051829338074,
                -0.6431195735931396,
                -1.4584388732910156
            ],
            "location_world": [
                1.4584388732910156,
                -0.3053051829338074,
                -0.6431195735931396
            ],
            "name": "google_2_of_Jenga_Classic_Game_9",
            "projected_cuboid": [
                [
                    463.5946750640869,
                    527.6009440422058
                ],
                [
                    436.32400035858154,
                    524.7933864593506
                ],
                [
                    364.03241753578186,
                    532.3640704154968
                ],
                [
                    391.3789987564087,
                    535.8469486236572
                ],
                [
                    460.32583713531494,
                    495.22656202316284
                ],
                [
                    433.5933327674866,
                    493.6782717704773
                ],
                [
                    362.2177541255951,
                    497.5876808166504
                ],
                [
                    389.0010118484497,
                    499.49008226394653
                ],
                [
                    414.2565727233887,
                    512.9940509796143
                ]
            ],
            "provenance": "nvisii",
            "quaternion_xyzw": [
                -0.676765501499176,
                0.5779588222503662,
                -0.4096900224685669,
                0.2002653181552887
            ],
            "quaternion_xyzw_world": [
                0.2555743157863617,
                0.732074499130249,
                -0.3543810248374939,
                0.5226497650146484
            ],
            "segmentation_id": 10,
            "visibility": -1
        },
        {
            "bounding_box_minx_maxx_miny_maxy": [
                -1,
                -1,
                -1,
                -1
            ],
            "class": "2",
            "local_cuboid": null,
            "local_to_world_matrix": [
                [
                    0.882051408290863,
                    0.06934885680675507,
                    0.4660215377807617,
                    0.0
                ],
                [
                    0.46793562173843384,
                    -0.24434030055999756,
                    -0.8493139147758484,
                    0.0
                ],
                [
                    0.05496884882450104,
                    0.9672066569328308,
                    -0.2479715347290039,
                    0.0
                ],
                [
                    1.906661868095398,
                    -0.8737384676933289,
                    -0.1708788275718689,
                    1.0
                ]
            ],
            "location": [
                0.8737384676933289,
                -0.1708788275718689,
                -1.906661868095398
            ],
            "location_world": [
                1.906661868095398,
                -0.8737384676933289,
                -0.1708788275718689
            ],
            "name": "google_2_of_Jenga_Classic_Game_10",
            "projected_cuboid": [
                [
                    430.0827980041504,
                    308.8856637477875
                ],
                [
                    432.78199434280396,
                    329.59988713264465
                ],
                [
                    521.2239027023315,
                    307.9605996608734
                ],
                [
                    520.3206539154053,
                    286.6283655166626
                ],
                [
                    438.55780363082886,
                    322.95629382133484
                ],
                [
                    441.17993116378784,
                    344.1346287727356
                ],
                [
                    532.9464673995972,
                    321.82273268699646
                ],
                [
                    532.2593450546265,
                    299.98475313186646
                ],
                [
                    480.89510202407837,
                    315.27626514434814
                ]
            ],
            "provenance": "nvisii",
            "quaternion_xyzw": [
                -0.6772986650466919,
                -0.26220405101776123,
                0.6825858950614929,
                0.08119171112775803
            ],
            "quaternion_xyzw_world": [
                -0.7704484462738037,
                -0.17434148490428925,
                -0.16905426979064941,
                0.5894361138343811
            ],
            "segmentation_id": 11,
            "visibility": -1
        },
        {
            "bounding_box_minx_maxx_miny_maxy": [
                -1,
                -1,
                -1,
                -1
            ],
            "class": "2",
            "local_cuboid": null,
            "local_to_world_matrix": [
                [
                    -0.545142650604248,
                    0.05321860313415527,
                    0.8366524577140808,
                    0.0
                ],
                [
                    -0.8363756537437439,
                    -0.10286140441894531,
                    -0.5384193062782288,
                    0.0
                ],
                [
                    0.05740523338317871,
                    -0.9932710528373718,
                    0.10058480501174927,
                    0.0
                ],
                [
                    0.6937047243118286,
                    -0.22533991932868958,
                    -0.09850163012742996,
                    1.0
                ]
            ],
            "location": [
                0.22533991932868958,
                -0.09850163012742996,
                -0.6937047243118286
            ],
            "location_world": [
                0.6937047243118286,
                -0.22533991932868958,
                -0.09850163012742996
            ],
            "name": "google_2_of_Jenga_Classic_Game_11",
            "projected_cuboid": [
                [
                    674.1594076156616,
                    261.15524768829346
                ],
                [
                    728.0023097991943,
                    304.3360412120819
                ],
                [
                    465.6573534011841,
                    333.60755443573
                ],
                [
                    436.72341108322144,
                    286.4817976951599
                ],
                [
                    653.6896228790283,
                    312.4443590641022
                ],
                [
                    702.1341323852539,
                    358.15876722335815
                ],
                [
                    455.74405789375305,
                    386.9062662124634
                ],
                [
                    429.4006824493408,
                    337.46564388275146
                ],
                [
                    568.4034824371338,
                    322.04341888427734
                ]
            ],
            "provenance": "nvisii",
            "quaternion_xyzw": [
                0.6210084557533264,
                0.3782210052013397,
                0.619320809841156,
                0.29620808362960815
            ],
            "quaternion_xyzw_world": [
                0.33805838227272034,
                -0.5791581273078918,
                0.6611710786819458,
                0.33637067675590515
            ],
            "segmentation_id": 12,
            "visibility": -1
        },
        {
            "bounding_box_minx_maxx_miny_maxy": [
                -1,
                -1,
                -1,
                -1
            ],
            "class": "2",
            "local_cuboid": null,
            "local_to_world_matrix": [
                [
                    0.34164899587631226,
                    0.022158846259117126,
                    -0.939566433429718,
                    0.0
                ],
                [
                    -0.2739521265029907,
                    -0.9539594650268555,
                    -0.1221139058470726,
                    0.0
                ],
                [
                    -0.8990140557289124,
                    0.2991162836551666,
                    -0.319848895072937,
                    0.0
                ],
                [
                    1.7018768787384033,
                    0.4158942699432373,
                    -0.08260440826416016,
                    1.0
                ]
            ],
            "location": [
                -0.4158942699432373,
                -0.08260440826416016,
                -1.7018768787384033
            ],
            "location_world": [
                1.7018768787384033,
                0.4158942699432373,
                -0.08260440826416016
            ],
            "name": "google_2_of_Jenga_Classic_Game_12",
            "projected_cuboid": [
                [
                    25.593623518943787,
                    335.6966972351074
                ],
                [
                    55.72536587715149,
                    341.39031171798706
                ],
                [
                    116.61900579929352,
                    294.20870542526245
                ],
                [
                    90.25348722934723,
                    290.0128662586212
                ],
                [
                    22.11986482143402,
                    306.18059635162354
                ],
                [
                    52.76903510093689,
                    311.4999532699585
                ],
                [
                    115.10434746742249,
                    268.2409882545471
                ],
                [
                    88.34142982959747,
                    264.3319368362427
                ],
                [
                    73.37689399719238,
                    299.6869683265686
                ]
            ],
            "provenance": "nvisii",
            "quaternion_xyzw": [
                0.224132239818573,
                0.016054123640060425,
                -0.7147179245948792,
                0.6623332500457764
            ],
            "quaternion_xyzw_world": [
                0.8086187839508057,
                -0.0778467208147049,
                -0.5684323906898499,
                -0.13023139536380768
            ],
            "segmentation_id": 13,
            "visibility": -1
        },
        {
            "bounding_box_minx_maxx_miny_maxy": [
                -1,
                -1,
                -1,
                -1
            ],
            "class": "2",
            "local_cuboid": null,
            "local_to_world_matrix": [
                [
                    0.3504970073699951,
                    0.9355204105377197,
                    -0.04419708251953125,
