{
    "camera_data": {
        "camera_look_at": {
            "at": [
                1.0,
                0.0,
                0.0
            ],
            "eye": [
                0.0,
                0.0,
                0.0
            ],
            "up": [
                0.0,
                0.0,
                1.0
            ]
        },
        "camera_view_matrix": [
            [
                0.0,
                0.0,
                -1.0,
                0.0
            ],
            [
                -1.0,
                0.0,
                0.0,
                0.0
            ],
            [
                0.0,
                1.0,
                0.0,
                0.0
            ],
            [
                0.0,
                0.0,
                0.0,
                1.0
            ]
        ],
        "height": 500,
        "intrinsics": {
            "cx": 250.0,
            "cy": 250.0,
            "fx": 603.5535278320312,
            "fy": 603.5535278320312
        },
        "location_world": [
            0.0,
            0.0,
            0.0
        ],
        "quaternion_world_xyzw": [
            0.5,
            -0.5,
            -0.5,
            0.5
        ],
        "width": 500
    },
    "objects": [
        {
            "bounding_box_minx_maxx_miny_maxy": [
                -1,
                -1,
                -1,
                -1
            ],
            "class": "2",
            "local_cuboid": null,
            "local_to_world_matrix": [
                [
                    -0.19550764560699463,
                    -0.908427357673645,
                    0.36950841546058655,
                    0.0
                ],
                [
                    0.12119117379188538,
                    0.35151201486587524,
                    0.9283059239387512,
                    0.0
                ],
                [
                    -0.9731851816177368,
                    0.22627204656600952,
                    0.04137009382247925,
                    0.0
                ],
                [
                    1.9553955793380737,
                    -0.5187675356864929,
                    0.7715505957603455,
                    1.0
                ]
            ],
            "location": [
                0.5187675356864929,
                0.7715505957603455,
                -1.9553955793380737
            ],
            "location_world": [
                1.9553955793380737,
                -0.5187675356864929,
                0.7715505957603455
            ],
            "name": "google_2_of_Jenga_Classic_Game_0",
            "projected_cuboid": [
                [
                    433.19499492645264,
                    -26.2376070022583
                ],
                [
                    421.3350713253021,
                    -52.89718508720398
                ],
                [
                    416.82177782058716,
                    -5.070090293884277
                ],
                [
                    426.92238092422485,
                    17.940178513526917
                ],
                [
                    405.6648015975952,
                    -13.180702924728394
                ],
                [
                    394.0807580947876,
                    -39.67544436454773
                ],
                [
                    393.5391306877136,
                    5.867272615432739
                ],
                [
                    403.4385085105896,
                    28.753459453582764
                ],
                [
                    411.67256236076355,
                    -8.813291788101196
                ]
            ],
            "provenance": "nvisii",
            "quaternion_xyzw": [
                -0.04164177179336548,
                -0.10804329812526703,
                0.1846969574689865,
                0.9759505987167358
            ],
            "quaternion_xyzw_world": [
                0.3207843005657196,
                -0.6135245561599731,
                -0.4704693555831909,
                0.5471230149269104
            ],
            "segmentation_id": 1,
            "visibility": -1
        },
        {
            "bounding_box_minx_maxx_miny_maxy": [
                -1,
                -1,
                -1,
                -1
            ],
            "class": "2",
            "local_cuboid": null,
            "local_to_world_matrix": [
                [
                    0.12397933006286621,
                    0.6912443041801453,
                    0.7119063138961792,
                    0.0
                ],
                [
                    -0.9094694256782532,
                    -0.20777630805969238,
                    0.3601312041282654,
                    0.0
                ],
                [
                    0.3968558609485626,
                    -0.6921058297157288,
                    0.6029055118560791,
                    0.0
                ],
                [
                    1.7148017883300781,
                    -0.21557548642158508,
                    -0.7188122272491455,
                    1.0
                ]
            ],
            "location": [
                0.21557548642158508,
                -0.7188122272491455,
                -1.7148017883300781
            ],
            "location_world": [
                1.7148017883300781,
                -0.21557548642158508,
                -0.7188122272491455
            ],
            "name": "google_2_of_Jenga_Classic_Game_1",
            "projected_cuboid": [
                [
                    372.93338775634766,
                    420.6448793411255
                ],
                [
                    384.07787680625916,
                    417.7243709564209
                ],
                [
                    320.7506537437439,
                    492.50656366348267
                ],
                [
                    311.63743138313293,
                    492.3532009124756
                ],
                [
                    391.2324905395508,
                    439.721941947937
                ],
                [
                    403.2241702079773,
                    437.605082988739
                ],
                [
                    340.85413813591003,
                    514.2035484313965
                ],
                [
                    330.8069407939911,
                    513.0963325500488
                ],
                [
                    357.809841632843,
                    464.75258469581604
                ]
            ],
            "provenance": "nvisii",
            "quaternion_xyzw": [
                0.2938879132270813,
                0.7823412418365479,
                0.4832848906517029,
                0.26078301668167114
            ],
            "quaternion_xyzw_world": [
                0.4268636405467987,
                -0.12780728936195374,
                0.6493655443191528,
                0.6162606477737427
            ],
            "segmentation_id": 2,
            "visibility": -1
        },
        {
            "bounding_box_minx_maxx_miny_maxy": [
                -1,
                -1,
                -1,
                -1
            ],
            "class": "2",
            "local_cuboid": null,
            "local_to_world_matrix": [
                [
                    -0.4310954809188843,
                    0.8927397727966309,
                    -0.13104362785816193,
                    0.0
                ],
                [
                    -0.8177969455718994,
                    -0.4479442834854126,
                    -0.361322820186615,
                    0.0
                ],
                [
                    -0.3812674880027771,
                    -0.048597514629364014,
                    0.9231865406036377,
                    0.0
                ],
                [
                    0.7963586449623108,
                    -0.01949292980134487,
                    0.23953115940093994,
                    1.0
                ]
            ],
            "location": [
                0.01949292980134487,
                0.23953115940093994,
                -0.7963586449623108
            ],
            "location_world": [
                0.7963586449623108,
                -0.01949292980134487,
                0.23953115940093994
            ],
            "name": "google_2_of_Jenga_Classic_Game_2",
            "projected_cuboid": [
                [
                    232.445627450943,
                    -196.12133502960205
                ],
                [
                    266.5679454803467,
                    -215.6827747821808
                ],
                [
                    252.58857011795044,
                    72.44646549224854
                ],
                [
                    224.32120144367218,
                    64.88621234893799
                ],
                [
                    290.96466302871704,
                    -183.99429321289062
                ],
                [
                    329.4023275375366,
                    -201.30449533462524
                ],
                [
                    307.04888701438904,
                    72.18825817108154
                ],
                [
                    275.48012137413025,
                    64.95222449302673
                ],
                [
                    271.66903018951416,
                    -55.054932832717896
                ]
            ],
            "provenance": "nvisii",
            "quaternion_xyzw": [
                0.1477460414171219,
                0.5362251400947571,
                0.8116850256919861,
                -0.1783289760351181
            ],
            "quaternion_xyzw_world": [
                -0.1530214101076126,
                -0.1224384605884552,
                0.8369925618171692,
                0.5109175443649292
            ],
            "segmentation_id": 3,
            "visibility": -1
        },
        {
            "bounding_box_minx_maxx_miny_maxy": [
                -1,
                -1,
                -1,
                -1
            ],
            "class": "2",
            "local_cuboid": null,
            "local_to_world_matrix": [
                [
                    -0.5868344306945801,
                    0.5352857708930969,
                    0.6075316071510315,
                    0.0
                ],
                [
                    -0.664632260799408,
                    0.11011672019958496,
                    -0.7390117645263672,
                    0.0
                ],
                [
                    -0.46248191595077515,
                    -0.8374625444412231,
                    0.2911478877067566,
                    0.0
                ],
                [
                    1.5684723854064941,
                    0.7776877880096436,
                    -0.1344313621520996,
                    1.0
                ]
            ],
            "location": [
                -0.7776877880096436,
                -0.1344313621520996,
                -1.5684723854064941
            ],
            "location_world": [
                1.5684723854064941,
                0.7776877880096436,
                -0.1344313621520996
            ],
            "name": "google_2_of_Jenga_Classic_Game_3",
            "projected_cuboid": [
                [
                    19.411474466323853,
                    247.57078289985657
                ],
                [
                    5.989089608192444,
                    274.7199535369873
                ],
                [
                    -69.59164142608643,
                    306.34790658950806
                ],
                [
                    -54.625898599624634,
                    280.4016172885895
                ],
                [
                    43.76856982707977,
                    267.1303451061249
                ],
                [
                    31.738072633743286,
                    294.1681444644928
                ],
                [
                    -43.82956027984619,
                    323.1794238090515
                ],
                [
                    -30.184119939804077,
                    297.39147424697876
                ],
                [
                    -13.528525829315186,
                    286.9526147842407
                ]
            ],
            "provenance": "nvisii",
            "quaternion_xyzw": [
                0.43047767877578735,
                0.2888737916946411,
                0.8271607160568237,
                0.21690112352371216
            ],
            "quaternion_xyzw_world": [
                0.05454591289162636,
                -0.5928328633308411,
                0.66480553150177,
                0.4512289762496948
            ],
            "segmentation_id": 4,
            "visibility": -1
        },
        {
            "bounding_box_minx_maxx_miny_maxy": [
                -1,
                -1,
                -1,
                -1
            ],
            "class": "2",
            "local_cuboid": null,
            "local_to_world_matrix": [
                [
                    -0.43558502197265625,
                    -0.8801034688949585,
                    0.1889030933380127,
                    0.0
                ],
                [
                    0.3620518743991852,
                    -0.36343157291412354,
                    -0.8583918809890747,
                    0.0
                ],
                [
                    0.8241267204284668,
                    -0.30550968647003174,
                    0.4769478440284729,
                    0.0
                ],
                [
                    1.2895859479904175,
                    0.6062703728675842,
                    0.04163150116801262,
                    1.0
                ]
            ],
            "location": [
                -0.6062703728675842,
                0.04163150116801262,
                -1.2895859479904175
            ],
            "location_world": [
                1.2895859479904175,
                0.6062703728675842,
                0.04163150116801262
            ],
            "name": "google_2_of_Jenga_Classic_Game_4",
            "projected_cuboid": [
                [
                    49.4568794965744,
                    159.47195887565613
                ],
                [
                    65.58619439601898,
                    189.90454077720642
                ],
                [
                    -10.716050863265991,
                    243.96876990795135
                ],
                [
                    -31.78951144218445,
                    209.0233713388443
                ],
                [
                    26.605576276779175,
                    167.37227141857147
                ],
                [
                    42.82726347446442,
                    196.98117673397064
                ],
                [
                    -35.63582897186279,
                    250.92869997024536
                ],
                [
                    -56.73849582672119,
                    217.0778512954712
                ],
                [
                    9.562864899635315,
                    202.34960317611694
                ]
            ],
            "provenance": "nvisii",
            "quaternion_xyzw": [
                0.943745493888855,
                0.14631445705890656,
                0.19631735980510712,
                -0.2222527116537094
            ],
            "quaternion_xyzw_world": [
                0.3357449471950531,
                -0.38574784994125366,
                0.7543150186538696,
                -0.41168320178985596
            ],
            "segmentation_id": 5,
            "visibility": -1
        },
        {
            "bounding_box_minx_maxx_miny_maxy": [
                -1,
                -1,
                -1,
                -1
            ],
            "class": "2",
            "local_cuboid": null,
            "local_to_world_matrix": [
                [
                    0.8418977856636047,
                    -0.28055280447006226,
                    0.46097540855407715,
                    0.0
                ],
                [
                    0.3414841294288635,
                    0.9384179711341858,
                    -0.052538491785526276,
                    0.0
                ],
                [
                    -0.41784781217575073,
                    0.2016478180885315,
                    0.8858563303947449,
                    0.0
                ],
                [
                    1.4489326477050781,
                    0.07699757069349289,
                    -0.7702765464782715,
                    1.0
                ]
            ],
            "location": [
                -0.07699757069349289,
                -0.7702765464782715,
                -1.4489326477050781
            ],
            "location_world": [
                1.4489326477050781,
                0.07699757069349289,
                -0.7702765464782715
            ],
            "name": "google_2_of_Jenga_Classic_Game_5",
            "projected_cuboid": [
                [
                    211.79097890853882,
                    470.2815115451813
                ],
                [
                    177.7978241443634,
                    467.60842204093933
                ],
                [
                    207.4413001537323,
                    554.2181730270386
                ],
                [
                    239.18995261192322,
                    558.3704710006714
                ],
                [
                    199.36512410640717,
                    498.8754689693451
                ],
                [
                    163.91995549201965,
                    495.43631076812744
                ],
                [
                    196.12444937229156,
                    583.693265914917
                ],
                [
                    229.14499044418335,
                    588.6489748954773
                ],
                [
                    203.71928811073303,
                    528.7131071090698
                ]
            ],
            "provenance": "nvisii",
            "quaternion_xyzw": [
                -0.47834184765815735,
                0.2495301067829132,
                0.5453974604606628,
                0.6414558291435242
            ],
            "quaternion_xyzw_world": [
                -0.0663767009973526,
                -0.22949068248271942,
                -0.16243503987789154,
                0.9573626518249512
            ],
            "segmentation_id": 6,
            "visibility": -1
        },
        {
            "bounding_box_minx_maxx_miny_maxy": [
                -1,
                -1,
                -1,
                -1
            ],
            "class": "2",
            "local_cuboid": null,
            "local_to_world_matrix": [
                [
                    0.5572252869606018,
                    -0.7398589849472046,
                    -0.37697309255599976,
                    0.0
                ],
                [
                    -0.4047127068042755,
                    -0.6384004354476929,
                    0.6547155380249023,
                    0.0
                ],
                [
                    -0.7250569462776184,
                    -0.2122582197189331,
                    -0.6551631689071655,
                    0.0
                ],
                [
                    1.9661049842834473,
                    -0.07405319064855576,
                    -0.4439072906970978,
                    1.0
                ]
            ],
            "location": [
                0.07405319064855576,
                -0.4439072906970978,
                -1.9661049842834473
            ],
            "location_world": [
                1.9661049842834473,
                -0.07405319064855576,
                -0.4439072906970978
            ],
            "name": "google_2_of_Jenga_Classic_Game_6",
            "projected_cuboid": [
                [
                    296.52678966522217,
                    478.1116843223572
                ],
                [
                    315.9245252609253,
                    463.5762572288513
                ],
                [
                    289.8552417755127,
                    382.02571868896484
                ],
                [
                    272.9506194591522,
                    396.41571044921875
                ],
                [
                    277.5597870349884,
                    473.5836982727051
                ],
                [
                    297.0767617225647,
                    458.5855007171631
                ],
                [
                    272.48427271842957,
                    375.7232427597046
                ],
                [
                    255.50341606140137,
                    390.54563641548157
                ],
                [
                    284.0736508369446,
                    425.07827281951904
                ]
            ],
            "provenance": "nvisii",
            "quaternion_xyzw": [
                0.3000359833240509,
                0.21782998740673065,
                -0.2874380350112915,
                0.8831239342689514
            ],
            "quaternion_xyzw_world": [
                0.8442139625549316,
                -0.3389459550380707,
                -0.3263479769229889,
                0.25673994421958923
            ],
            "segmentation_id": 7,
            "visibility": -1
        },
        {
            "bounding_box_minx_maxx_miny_maxy": [
                -1,
                -1,
                -1,
                -1
            ],
            "class": "2",
            "local_cuboid": null,
            "local_to_world_matrix": [
                [
                    0.059221506118774414,
                    0.9975370168685913,
                    0.03758624196052551,
                    0.0
                ],
                [
                    -0.9514716863632202,
                    0.06779700517654419,
                    -0.30017518997192383,
                    0.0
                ],
                [
                    -0.30198410153388977,
                    -0.017985433340072632,
                    0.953143298625946,
                    0.0
                ],
                [
                    1.8110493421554565,
                    0.5927466750144958,
                    -0.18694327771663666,
                    1.0
                ]
            ],
            "location": [
                -0.5927466750144958,
                -0.18694327771663666,
                -1.8110493421554565
            ],
            "location_world": [
                1.8110493421554565,
                0.5927466750144958,
                -0.18694327771663666
            ],
            "name": "google_2_of_Jenga_Classic_Game_7",
            "projected_cuboid": [
                [
                    36.67975962162018,
                    213.88520300388336
                ],
                [
                    24.45840835571289,
                    221.24190628528595
                ],
                [
                    33.88974070549011,
                    317.4344003200531
                ],
                [
                    45.12067139148712,
                    306.2584698200226
                ],
                [
                    63.08884918689728,
                    214.80578184127808
                ],
                [
                    52.096202969551086,
                    222.22694754600525
                ],
                [
                    60.17395853996277,
                    318.6244070529938
                ],
                [
                    70.2911764383316,
                    307.36854672431946
                ],
                [
                    48.43747615814209,
                    266.3021683692932
                ]
            ],
            "provenance": "nvisii",
            "quaternion_xyzw": [
                -0.012787513434886932,
                0.5906305313110352,
                0.8061786890029907,
                0.032679855823516846
            ],
            "quaternion_xyzw_world": [
                -0.09782789647579193,
                -0.11772026121616364,
                0.6756709218025208,
                0.7211382985115051
            ],
            "segmentation_id": 8,
            "visibility": -1
        },
        {
            "bounding_box_minx_maxx_miny_maxy": [
                -1,
                -1,
                -1,
                -1
            ],
            "class": "2",
            "local_cuboid": null,
            "local_to_world_matrix": [
                [
                    -0.2649555206298828,
                    -0.8384113311767578,
                    -0.4763036072254181,
                    0.0
                ],
                [
                    -0.9366859197616577,
                    0.10650390386581421,
                    0.3335813283920288,
                    0.0
                ],
                [
                    -0.2289501130580902,
                    0.5345310568809509,
                    -0.813546895980835,
                    0.0
                ],
                [
                    1.6243209838867188,
                    -0.7144809365272522,
                    -0.31760621070861816,
                    1.0
                ]
            ],
            "location": [
                0.7144809365272522,
                -0.31760621070861816,
                -1.6243209838867188
            ],
            "location_world": [
                1.6243209838867188,
                -0.7144809365272522,
                -0.31760621070861816
            ],
            "name": "google_2_of_Jenga_Classic_Game_8",
            "projected_cuboid": [
                [
                    476.68710350990295,
                    473.7265408039093
                ],
                [
                    484.97992753982544,
                    474.18737411499023
                ],
                [
                    534.8551273345947,
                    373.56334924697876
                ],
                [
                    524.511992931366,
                    377.9344856739044
                ],
                [
                    448.9063024520874,
                    456.70968294143677
                ],
                [
                    455.64818382263184,
                    456.2835991382599
                ],
                [
                    506.0995817184448,
                    357.7285408973694
                ],
                [
                    497.2437918186188,
                    362.79308795928955
                ],
                [
                    491.43344163894653,
                    415.5692458152771
                ]
            ],
            "provenance": "nvisii",
            "quaternion_xyzw": [
                -0.5647742748260498,
                0.2579825520515442,
                0.11932888627052307,
                -0.7747488021850586
            ],
            "quaternion_xyzw_world": [
                -0.6004347205162048,
                0.7390883564949036,
                0.29364296793937683,
                0.08366844803094864
            ],
            "segmentation_id": 9,
            "visibility": -1
        },
        {
            "bounding_box_minx_maxx_miny_maxy": [
                -1,
                -1,
                -1,
                -1
            ],
            "class": "2",
            "local_cuboid": null,
            "local_to_world_matrix": [
                [
                    0.8549837470054626,
                    0.23834379017353058,
                    0.46064630150794983,
                    0.0
                ],
                [
                    -0.4253973960876465,
                    -0.1858464479446411,
                    0.8857190012931824,
                    0.0
                ],
                [
                    0.29671511054039,
                    -0.9532330632209778,
                    -0.057504892349243164,
                    0.0
                ],
                [
                    0.7952888607978821,
                    0.6515584588050842,
                    -0.572895348072052,
                    1.0
                ]
            ],
            "location": [
                -0.6515584588050842,
                -0.572895348072052,
                -0.7952888607978821
            ],
            "location_world": [
                0.7952888607978821,
                0.6515584588050842,
                -0.572895348072052
            ],
            "name": "google_2_of_Jenga_Classic_Game_9",
            "projected_cuboid": [
                [
                    -2.3540854454040527,
                    643.6604261398315
                ],
                [
                    -1.901000738143921,
                    609.1301441192627
                ],
                [
                    -236.02226376533508,
                    635.007381439209
                ],
                [
                    -226.5927791595459,
                    671.9738245010376
                ],
                [
                    -8.902758359909058,
                    699.633777141571
                ],
                [
                    -8.696138858795166,
                    664.7199988365173
                ],
                [
                    -264.8448944091797,
                    699.4236707687378
                ],
                [
                    -253.27134132385254,
                    736.6202473640442
                ],
                [
                    -118.72902512550354,
                    668.3829426765442
                ]
            ],
            "provenance": "nvisii",
            "quaternion_xyzw": [
                0.20775724947452545,
                0.777942419052124,
                0.11822614073753357,
                0.5810894966125488
            ],
            "quaternion_xyzw_world": [
                0.7242815494537354,
                -0.06456521898508072,
                0.2614181637763977,
                0.6347504258155823
            ],
            "segmentation_id": 10,
            "visibility": -1
        },
        {
            "bounding_box_minx_maxx_miny_maxy": [
                -1,
                -1,
                -1,
                -1
            ],
            "class": "2",
            "local_cuboid": null,
            "local_to_world_matrix": [
                [
                    -0.3277627229690552,
                    0.8657918572425842,
                    0.3781217634677887,
                    0.0
                ],
                [
                    0.9445597529411316,
                    0.30854350328445435,
                    0.11228404939174652,
                    0.0
                ],
                [
                    -0.019452422857284546,
                    0.3939611315727234,
                    -0.9189212322235107,
                    0.0
                ],
                [
                    1.9473952054977417,
                    -0.8416091203689575,
                    -0.14754411578178406,
                    1.0
                ]
            ],
            "location": [
                0.8416091203689575,
                -0.14754411578178406,
                -1.9473952054977417
            ],
            "location_world": [
                1.9473952054977417,
                -0.8416091203689575,
                -0.14754411578178406
            ],
            "name": "google_2_of_Jenga_Classic_Game_10",
            "projected_cuboid": [
                [
                    475.40777921676636,
                    379.66448068618774
                ],
                [
                    458.288311958313,
                    371.5045750141144
                ],
                [
                    492.867648601532,
                    289.09990191459656
                ],
                [
                    511.3915205001831,
                    293.7662899494171
                ],
                [
                    493.89296770095825,
                    387.3160183429718
                ],
                [
                    476.2563109397888,
                    378.9559006690979
                ],
                [
                    510.3375315666199,
                    297.595351934433
                ],
                [
                    529.3375253677368,
                    302.5517463684082
                ],
                [
                    493.37244033813477,
                    337.4556005001068
                ]
            ],
            "provenance": "nvisii",
            "quaternion_xyzw": [
                0.02485811710357666,
                0.6997541189193726,
                -0.6657627820968628,
                -0.2578490972518921
            ],
            "quaternion_xyzw_world": [
                0.56626296043396,
                0.7992539405822754,
                0.15834929049015045,
                -0.1243579089641571
            ],
            "segmentation_id": 11,
            "visibility": -1
        },
        {
            "bounding_box_minx_maxx_miny_maxy": [
                -1,
                -1,
                -1,
                -1
            ],
            "class": "2",
            "local_cuboid": null,
            "local_to_world_matrix": [
                [
                    0.3755216598510742,
                    -0.8760989308357239,
                    -0.3023812770843506,
                    0.0
                ],
                [
                    -0.9234889149665833,
                    -0.32608962059020996,
                    -0.20207494497299194,
                    0.0
                ],
                [
                    0.07843425869941711,
                    0.3551292419433594,
                    -0.9315214157104492,
                    0.0
                ],
                [
                    1.4458898305892944,
                    -0.009323603473603725,
                    0.699729859828949,
                    1.0
                ]
            ],
            "location": [
                0.009323603473603725,
                0.699729859828949,
                -1.4458898305892944
            ],
            "location_world": [
                1.4458898305892944,
                -0.009323603473603725,
                0.699729859828949
            ],
            "name": "google_2_of_Jenga_Classic_Game_11",
            "projected_cuboid": [
                [
                    220.80650925636292,
                    81.83163404464722
                ],
                [
                    230.7341992855072,
                    79.88305389881134
                ],
                [
                    274.4601368904114,
                    -38.3678674697876
                ],
                [
                    262.1072828769684,
                    -30.241072177886963
                ],
                [
                    192.28804111480713,
                    68.85181367397308
                ],
                [
                    200.85200667381287,
                    66.14713370800018
                ],
                [
                    245.0166493654251,
                    -54.84625697135925
                ],
                [
                    233.97661745548248,
                    -45.68162560462952
                ],
                [
                    232.3695570230484,
                    16.552656888961792
                ]
            ],
            "provenance": "nvisii",
            "quaternion_xyzw": [
                0.7342697381973267,
                0.008072037249803543,
                -0.24876795709133148,
                0.6315833330154419
            ],
            "quaternion_xyzw_world": [
                0.8113465309143066,
                -0.5545065402984619,
                -0.06900473684072495,
                -0.1716911792755127
            ],
            "segmentation_id": 12,
            "visibility": -1
        },
        {
            "bounding_box_minx_maxx_miny_maxy": [
                -1,
                -1,
                -1,
                -1
            ],
            "class": "2",
            "local_cuboid": null,
            "local_to_world_matrix": [
                [
                    0.25681012868881226,
                    0.4791314899921417,
                    0.8393340110778809,
                    0.0
                ],
                [
                    -0.71168053150177,
                    0.6813278198242188,
                    -0.17118197679519653,
                    0.0
                ],
                [
                    -0.65388023853302,
                    -0.5533763766288757,
                    0.5159604549407959,
                    0.0
                ],
                [
                    1.9487626552581787,
                    0.6136473417282104,
                    0.4959755539894104,
                    1.0
                ]
            ],
            "location": [
                -0.6136473417282104,
                0.4959755539894104,
                -1.9487626552581787
            ],
            "location_world": [
                1.9487626552581787,
                0.6136473417282104,
                0.4959755539894104
            ],
            "name": "google_2_of_Jenga_Classic_Game_12",
            "projected_cuboid": [
                [
                    101.58956050872803,
                    19.378721714019775
                ],
                [
                    76.47784054279327,
                    16.424059867858887
                ],
                [
                    43.08187961578369,
                    86.7113322019577
                ],
                [
                    66.79116189479828,
                    87.25868165493011
                ],
                [
                    112.7309501171112,
                    39.230599999427795
                ],
                [
                    87.7128392457962,
                    36.93568706512451
                ],
                [
                    52.83808708190918,
                    105.91638088226318
                ],
                [
                    76.49354636669159,
                    105.88309168815613
                ],
                [
                    76.48618519306183,
                    63.93919885158539
                ]
            ],
            "provenance": "nvisii",
            "quaternion_xyzw": [
                0.09768599271774292,
                0.4043727517127991,
                0.758978545665741,
                0.5008909106254578
            ],
            "quaternion_xyzw_world": [
                0.1219855397939682,
                -0.4765913486480713,
                0.3800731897354126,
                0.7832781076431274
            ],
            "segmentation_id": 13,
            "visibility": -1
        },
        {
            "bounding_box_minx_maxx_miny_maxy": [
                -1,
                -1,
                -1,
                -1
            ],
            "class": "2",
            "local_cuboid": null,
            "local_to_world_matrix": [
                [
                    -0.38016974925994873,
                    -0.3954085409641266,
                    -0.8361358046531677,
