{
    "camera_data": {
        "camera_look_at": {
            "at": [
                1.0,
                0.0,
                0.0
            ],
            "eye": [
                0.0,
                0.0,
                0.0
            ],
            "up": [
                0.0,
                0.0,
                1.0
            ]
        },
        "camera_view_matrix": [
            [
                0.0,
                0.0,
                -1.0,
                0.0
            ],
            [
                -1.0,
                0.0,
                0.0,
                0.0
            ],
            [
                0.0,
                1.0,
                0.0,
                0.0
            ],
            [
                0.0,
                0.0,
                0.0,
                1.0
            ]
        ],
        "height": 500,
        "intrinsics": {
            "cx": 250.0,
            "cy": 250.0,
            "fx": 603.5535278320312,
            "fy": 603.5535278320312
        },
        "location_world": [
            0.0,
            0.0,
            0.0
        ],
        "quaternion_world_xyzw": [
            0.5,
            -0.5,
            -0.5,
            0.5
        ],
        "width": 500
    },
    "objects": [
        {
            "bounding_box_minx_maxx_miny_maxy": [
                -1,
                -1,
                -1,
                -1
            ],
            "class": "2",
            "local_cuboid": null,
            "local_to_world_matrix": [
                [
                    -0.19314873218536377,
                    0.07153910398483276,
                    0.9785580039024353,
                    0.0
                ],
                [
                    -0.016360633075237274,
                    0.9969648718833923,
                    -0.07611404359340668,
                    0.0
                ],
                [
                    -0.9810331463813782,
                    -0.030711155384778976,
                    -0.19139206409454346,
                    0.0
                ],
                [
                    1.9038679599761963,
                    -0.4131653308868408,
                    0.8344253897666931,
                    1.0
                ]
            ],
            "location": [
                0.4131653308868408,
                0.8344253897666931,
                -1.9038679599761963
            ],
            "location_world": [
                1.9038679599761963,
                -0.4131653308868408,
                0.8344253897666931
            ],
            "name": "google_2_of_Jenga_Classic_Game_0",
            "projected_cuboid": [
                [
                    422.9421615600586,
                    -57.44430422782898
                ],
                [
                    391.51322841644287,
                    -55.29749393463135
                ],
                [
                    367.26394295692444,
                    -26.945173740386963
                ],
                [
                    393.9628005027771,
                    -28.788357973098755
                ],
                [
                    423.4164357185364,
                    -25.901854038238525
                ],
                [
                    392.28275418281555,
                    -23.748338222503662
                ],
                [
                    368.11143159866333,
                    -0.3534555435180664
                ],
                [
                    394.5969343185425,
                    -2.201199531555176
                ],
                [
                    393.18782091140747,
                    -26.463478803634644
                ]
            ],
            "provenance": "nvisii",
            "quaternion_xyzw": [
                0.07671675086021423,
                -0.0599832609295845,
                0.7295008897781372,
                0.6770117878913879
            ],
            "quaternion_xyzw_world": [
                -0.017877791076898575,
                -0.7716063857078552,
                0.0346112996339798,
                0.6349063515663147
            ],
            "segmentation_id": 1,
            "visibility": -1
        },
        {
            "bounding_box_minx_maxx_miny_maxy": [
                -1,
                -1,
                -1,
                -1
            ],
            "class": "2",
            "local_cuboid": null,
            "local_to_world_matrix": [
                [
                    -0.3105916976928711,
                    0.8495665788650513,
                    -0.4263441562652588,
                    0.0
                ],
                [
                    0.17139574885368347,
                    -0.39112043380737305,
                    -0.9042390584945679,
                    0.0
                ],
                [
                    -0.9349632263183594,
                    -0.3539227247238159,
                    -0.02413344383239746,
                    0.0
                ],
                [
                    1.762821912765503,
                    -0.27711617946624756,
                    -0.6879656910896301,
                    1.0
                ]
            ],
            "location": [
                0.27711617946624756,
                -0.6879656910896301,
                -1.762821912765503
            ],
            "location_world": [
                1.762821912765503,
                -0.27711617946624756,
                -0.6879656910896301
            ],
            "name": "google_2_of_Jenga_Classic_Game_1",
            "projected_cuboid": [
                [
                    385.6663703918457,
                    526.5305042266846
                ],
                [
                    397.7692723274231,
                    554.8732280731201
                ],
                [
                    339.31493759155273,
                    505.0862431526184
                ],
                [
                    328.6227583885193,
                    480.7702302932739
                ],
                [
                    410.5042517185211,
                    508.417010307312
                ],
                [
                    422.1724271774292,
                    536.473274230957
                ],
                [
                    360.7824444770813,
                    490.19017815589905
                ],
                [
                    350.4142165184021,
                    466.08924865722656
                ],
                [
                    372.030645608902,
                    506.6169500350952
                ]
            ],
            "provenance": "nvisii",
            "quaternion_xyzw": [
                0.17299506068229675,
                -0.05090269446372986,
                0.9603084325790405,
                -0.21281304955482483
            ],
            "quaternion_xyzw_world": [
                -0.525514543056488,
                -0.48569655418395996,
                0.6476069092750549,
                0.26179879903793335
            ],
            "segmentation_id": 2,
            "visibility": -1
        },
        {
            "bounding_box_minx_maxx_miny_maxy": [
                -1,
                -1,
                -1,
                -1
            ],
            "class": "2",
            "local_cuboid": null,
            "local_to_world_matrix": [
                [
                    -0.5264201164245605,
                    -0.7332973480224609,
                    0.43029868602752686,
                    0.0
                ],
                [
                    0.6120800971984863,
                    -0.6781244277954102,
                    -0.4068235158920288,
                    0.0
                ],
                [
                    0.5901186466217041,
                    0.04921717941761017,
                    0.8058149218559265,
                    0.0
                ],
                [
                    0.795307457447052,
                    -0.004056315869092941,
                    0.24970923364162445,
                    1.0
                ]
            ],
            "location": [
                0.004056315869092941,
                0.24970923364162445,
                -0.795307457447052
            ],
            "location_world": [
                0.795307457447052,
                -0.004056315869092941,
                0.24970923364162445
            ],
            "name": "google_2_of_Jenga_Classic_Game_2",
            "projected_cuboid": [
                [
                    243.40620636940002,
                    -90.24673700332642
                ],
                [
                    279.2838215827942,
                    -50.85551738739014
                ],
                [
                    296.4314818382263,
                    61.845675110816956
                ],
                [
                    253.47739458084106,
                    21.165192127227783
                ],
                [
                    207.419753074646,
                    -54.28421497344971
                ],
                [
                    243.66214871406555,
                    -18.338292837142944
                ],
                [
                    252.67073512077332,
                    95.46144306659698
                ],
                [
                    209.11192893981934,
                    59.117332100868225
                ],
                [
                    247.83046543598175,
                    -1.5621185302734375
                ]
            ],
            "provenance": "nvisii",
            "quaternion_xyzw": [
                0.8261718153953552,
                0.33540934324264526,
                0.14440183341503143,
                -0.42905575037002563
            ],
            "quaternion_xyzw_world": [
                0.2940618097782135,
                -0.10305427759885788,
                0.8675193786621094,
                -0.3877081871032715
            ],
            "segmentation_id": 3,
            "visibility": -1
        },
        {
            "bounding_box_minx_maxx_miny_maxy": [
                -1,
                -1,
                -1,
                -1
            ],
            "class": "2",
            "local_cuboid": null,
            "local_to_world_matrix": [
                [
                    -0.12806034088134766,
                    0.4829152524471283,
                    -0.8662525415420532,
                    0.0
                ],
                [
                    0.9730899333953857,
                    0.22989046573638916,
                    -0.015695840120315552,
                    0.0
                ],
                [
                    0.1915634572505951,
                    -0.8449516296386719,
                    -0.4993598461151123,
                    0.0
                ],
                [
                    1.729347825050354,
                    0.7322273850440979,
                    0.07101018726825714,
                    1.0
                ]
            ],
            "location": [
                -0.7322273850440979,
                0.07101018726825714,
                -1.729347825050354
            ],
            "location_world": [
                1.729347825050354,
                0.7322273850440979,
                0.07101018726825714
            ],
            "name": "google_2_of_Jenga_Classic_Game_3",
            "projected_cuboid": [
                [
                    78.3039778470993,
                    287.59872913360596
                ],
                [
                    79.61715757846832,
                    286.34169697761536
                ],
                [
                    -10.164499282836914,
                    237.62503266334534
                ],
                [
                    -15.904068946838379,
                    236.54569685459137
                ],
                [
                    92.44000911712646,
                    263.8031244277954
                ],
                [
                    93.11172366142273,
                    263.62061500549316
                ],
                [
                    4.266232252120972,
                    214.46503698825836
                ],
                [
                    -0.7388293743133545,
                    212.26832270622253
                ],
                [
                    40.90262949466705,
                    250.65407156944275
                ]
            ],
            "provenance": "nvisii",
            "quaternion_xyzw": [
                -0.42554202675819397,
                0.6439687013626099,
                -0.5716309547424316,
                0.2783098518848419
            ],
            "quaternion_xyzw_world": [
                0.5341837406158447,
                0.6814159154891968,
                -0.31575703620910645,
                0.38809484243392944
            ],
            "segmentation_id": 4,
            "visibility": -1
        },
        {
            "bounding_box_minx_maxx_miny_maxy": [
                -1,
                -1,
                -1,
                -1
            ],
            "class": "2",
            "local_cuboid": null,
            "local_to_world_matrix": [
                [
                    0.27544087171554565,
                    0.8232524394989014,
                    -0.49637460708618164,
                    0.0
                ],
                [
                    -0.0328066349029541,
                    0.5240970849990845,
                    0.8510264158248901,
                    0.0
                ],
                [
                    0.9607580900192261,
                    -0.21812307834625244,
                    0.1713658571243286,
                    0.0
                ],
                [
                    1.326009750366211,
                    0.7035642266273499,
                    0.07383055239915848,
                    1.0
                ]
            ],
            "location": [
                -0.7035642266273499,
                0.07383055239915848,
                -1.326009750366211
            ],
            "location_world": [
                1.326009750366211,
                0.7035642266273499,
                0.07383055239915848
            ],
            "name": "google_2_of_Jenga_Classic_Game_4",
            "projected_cuboid": [
                [
                    7.607296109199524,
                    224.51414167881012
                ],
                [
                    -9.335041046142578,
                    197.63416051864624
                ],
                [
                    -92.62534976005554,
                    209.25204455852509
                ],
                [
                    -71.95770740509033,
                    241.7447865009308
                ],
                [
                    28.851360082626343,
                    209.37013626098633
                ],
                [
                    11.714950203895569,
                    182.09752440452576
                ],
                [
                    -68.45629215240479,
                    190.58874249458313
                ],
                [
                    -47.49840497970581,
                    223.65702688694
                ],
                [
                    -26.46741271018982,
                    209.31635797023773
                ]
            ],
            "provenance": "nvisii",
            "quaternion_xyzw": [
                -0.26761874556541443,
                0.9532886743545532,
                0.05354422330856323,
                0.1294371485710144
            ],
            "quaternion_xyzw_world": [
                0.3807814121246338,
                0.5189629793167114,
                0.3048884868621826,
                0.7019444108009338
            ],
            "segmentation_id": 5,
            "visibility": -1
        },
        {
            "bounding_box_minx_maxx_miny_maxy": [
                -1,
                -1,
                -1,
                -1
            ],
            "class": "2",
            "local_cuboid": null,
            "local_to_world_matrix": [
                [
                    0.46956682205200195,
                    -0.048968613147735596,
                    0.881537914276123,
                    0.0
                ],
                [
                    -0.8487343788146973,
                    -0.3000938892364502,
                    0.43542349338531494,
                    0.0
                ],
                [
                    0.24322202801704407,
                    -0.9526519775390625,
                    -0.18247544765472412,
                    0.0
                ],
                [
                    1.547661542892456,
                    0.07489848881959915,
                    -0.6866165995597839,
                    1.0
                ]
            ],
            "location": [
                -0.07489848881959915,
                -0.6866165995597839,
                -1.547661542892456
            ],
            "location_world": [
                1.547661542892456,
                0.07489848881959915,
                -0.6866165995597839
            ],
            "name": "google_2_of_Jenga_Classic_Game_5",
            "projected_cuboid": [
                [
                    319.4872736930847,
                    511.0204815864563
                ],
                [
                    332.1470618247986,
                    508.8447332382202
                ],
                [
                    226.2161821126938,
                    499.8401403427124
                ],
                [
                    217.7337259054184,
                    502.51519680023193
                ],
                [
                    319.6355104446411,
                    542.5852537155151
                ],
                [
                    332.6018154621124,
                    541.8040156364441
                ],
                [
                    224.0649312734604,
                    534.1441035270691
                ],
                [
                    215.48020839691162,
                    535.3115797042847
                ],
                [
                    274.4846045970917,
                    521.9259262084961
                ]
            ],
            "provenance": "nvisii",
            "quaternion_xyzw": [
                0.46280860900878906,
                0.638293981552124,
                0.26095300912857056,
                0.5570390224456787
            ],
            "quaternion_xyzw_world": [
                0.698594331741333,
                -0.32125332951545715,
                0.4025082588195801,
                0.4967387318611145
            ],
            "segmentation_id": 6,
            "visibility": -1
        },
        {
            "bounding_box_minx_maxx_miny_maxy": [
                -1,
                -1,
                -1,
                -1
            ],
            "class": "2",
            "local_cuboid": null,
            "local_to_world_matrix": [
                [
                    -0.24124360084533691,
                    -0.6181712746620178,
                    0.7481080293655396,
                    0.0
                ],
                [
                    -0.9698172211647034,
                    0.1254151463508606,
                    -0.2091064453125,
                    0.0
                ],
                [
                    0.03543958067893982,
                    -0.7759736776351929,
                    -0.6297687292098999,
                    0.0
                ],
                [
                    1.8614368438720703,
                    0.19649285078048706,
                    -0.5921082496643066,
                    1.0
                ]
            ],
            "location": [
                -0.19649285078048706,
                -0.5921082496643066,
                -1.8614368438720703
            ],
            "location_world": [
                1.8614368438720703,
                0.19649285078048706,
                -0.5921082496643066
            ],
            "name": "google_2_of_Jenga_Classic_Game_6",
            "projected_cuboid": [
                [
                    268.9759135246277,
                    483.9479923248291
                ],
                [
                    266.3198709487915,
                    500.3173351287842
                ],
                [
                    190.87442755699158,
                    440.4419958591461
                ],
                [
                    196.8088448047638,
                    426.57342553138733
                ],
                [
                    253.47673892974854,
                    500.1615285873413
                ],
                [
                    250.15851855278015,
                    517.0830488204956
                ],
                [
                    175.40623247623444,
                    457.9252302646637
                ],
                [
                    181.9440871477127,
                    443.44592094421387
                ],
                [
                    223.10853004455566,
                    471.19176387786865
                ]
            ],
            "provenance": "nvisii",
            "quaternion_xyzw": [
                -0.682407021522522,
                -0.228123739361763,
                -0.37265780568122864,
                -0.5860087871551514
            ],
            "quaternion_xyzw_world": [
                -0.5619408488273621,
                0.7064749598503113,
                -0.3485898971557617,
                -0.2521916925907135
            ],
            "segmentation_id": 7,
            "visibility": -1
        },
        {
            "bounding_box_minx_maxx_miny_maxy": [
                -1,
                -1,
                -1,
                -1
            ],
            "class": "2",
            "local_cuboid": null,
            "local_to_world_matrix": [
                [
                    -0.881765604019165,
                    0.29514190554618835,
                    0.36794212460517883,
                    0.0
                ],
                [
                    -0.21739426255226135,
                    0.4379803538322449,
                    -0.8723033666610718,
                    0.0
                ],
                [
                    -0.41860470175743103,
                    -0.8491553068161011,
                    -0.3220341205596924,
                    0.0
                ],
                [
                    1.949639916419983,
                    0.6371718645095825,
                    -0.1687530130147934,
                    1.0
                ]
            ],
            "location": [
                -0.6371718645095825,
                -0.1687530130147934,
                -1.949639916419983
            ],
            "location_world": [
                1.949639916419983,
                0.6371718645095825,
                -0.1687530130147934
            ],
            "name": "google_2_of_Jenga_Classic_Game_7",
            "projected_cuboid": [
                [
                    121.95132672786713,
                    320.8327293395996
                ],
                [
                    108.11775922775269,
                    346.48847579956055
                ],
                [
                    38.66589069366455,
                    310.5062246322632
                ],
                [
                    52.28288471698761,
                    286.82419657707214
                ],
                [
                    134.22030210494995,
                    327.56131887435913
                ],
                [
                    121.02757394313812,
                    352.3206412792206
                ],
                [
                    53.22234332561493,
                    317.2444999217987
                ],
                [
                    66.23019278049469,
                    294.32669281959534
                ],
                [
                    86.0084742307663,
                    318.9562261104584
                ]
            ],
            "provenance": "nvisii",
            "quaternion_xyzw": [
                -0.5381814241409302,
                0.032534778118133545,
                -0.8040600419044495,
                -0.2505791187286377
            ],
            "quaternion_xyzw_world": [
                0.023917118087410927,
                0.8126776814460754,
                -0.5295637845993042,
                -0.2419614940881729
            ],
            "segmentation_id": 8,
            "visibility": -1
        },
        {
            "bounding_box_minx_maxx_miny_maxy": [
                -1,
                -1,
                -1,
                -1
            ],
            "class": "2",
            "local_cuboid": null,
            "local_to_world_matrix": [
                [
                    -0.5153266191482544,
                    0.6453234553337097,
                    0.5639113187789917,
                    0.0
                ],
                [
                    0.5193683505058289,
                    0.7585759162902832,
                    -0.39347049593925476,
                    0.0
                ],
                [
                    -0.6816853284835815,
                    0.0901118814945221,
                    -0.7260750532150269,
                    0.0
                ],
                [
                    1.7624683380126953,
                    -0.7763228416442871,
                    -0.3958168923854828,
                    1.0
                ]
            ],
            "location": [
                0.7763228416442871,
                -0.3958168923854828,
                -1.7624683380126953
            ],
            "location_world": [
                1.7624683380126953,
                -0.7763228416442871,
                -0.3958168923854828
            ],
            "name": "google_2_of_Jenga_Classic_Game_8",
            "projected_cuboid": [
                [
                    550.2164363861084,
                    475.7925271987915
                ],
                [
                    517.1000957489014,
                    482.2786748409271
                ],
                [
                    495.9566593170166,
                    383.49759578704834
                ],
                [
                    524.7006416320801,
                    375.2439618110657
                ],
                [
                    562.0754957199097,
                    487.10691928863525
                ],
                [
                    529.4738411903381,
                    493.1197762489319
                ],
                [
                    507.4414014816284,
                    395.36768198013306
                ],
                [
                    535.8077883720398,
                    387.600302696228
                ],
                [
                    527.0049571990967,
                    432.15078115463257
                ]
            ],
            "provenance": "nvisii",
            "quaternion_xyzw": [
                -0.12890079617500305,
                0.3775472342967987,
                -0.8246937990188599,
                -0.40090253949165344
            ],
            "quaternion_xyzw_world": [
                0.33621883392333984,
                0.8660221695899963,
                -0.08757241815328598,
                -0.3595741391181946
            ],
            "segmentation_id": 9,
            "visibility": -1
        },
        {
            "bounding_box_minx_maxx_miny_maxy": [
                -1,
                -1,
                -1,
                -1
            ],
            "class": "2",
            "local_cuboid": null,
            "local_to_world_matrix": [
                [
                    -0.402493953704834,
                    0.9073903560638428,
                    0.12100225687026978,
                    0.0
                ],
                [
                    0.26461175084114075,
                    -0.01121532917022705,
                    0.9642898440361023,
                    0.0
                ],
                [
                    0.8763443231582642,
                    0.4201393723487854,
                    -0.23559212684631348,
                    0.0
                ],
                [
                    0.8200819492340088,
                    0.5517959594726562,
                    -0.4700106382369995,
                    1.0
                ]
            ],
            "location": [
                -0.5517959594726562,
                -0.4700106382369995,
                -0.8200819492340088
            ],
            "location_world": [
                0.8200819492340088,
                0.5517959594726562,
                -0.4700106382369995
            ],
            "name": "google_2_of_Jenga_Classic_Game_9",
            "projected_cuboid": [
                [
                    -158.94123911857605,
                    580.7129144668579
                ],
                [
                    -149.87924695014954,
                    527.9460549354553
                ],
                [
                    -184.57630276679993,
                    564.2654895782471
                ],
                [
                    -197.54093885421753,
                    635.0878477096558
                ],
                [
                    -106.9524884223938,
                    576.3276815414429
                ],
                [
                    -99.20433163642883,
                    525.1684188842773
                ],
                [
                    -117.28841066360474,
                    559.2873096466064
                ],
                [
                    -127.93111801147461,
                    627.2484064102173
                ],
                [
                    -140.3321921825409,
                    571.1407661437988
                ]
            ],
            "provenance": "nvisii",
            "quaternion_xyzw": [
                0.034147441387176514,
                0.9679907560348511,
                -0.12918606400489807,
                -0.21245896816253662
            ],
            "quaternion_xyzw_world": [
                0.4594326615333557,
                0.6377441883087158,
                0.5427055358886719,
                0.29609915614128113
            ],
            "segmentation_id": 10,
            "visibility": -1
        },
        {
            "bounding_box_minx_maxx_miny_maxy": [
                -1,
                -1,
                -1,
                -1
            ],
            "class": "2",
            "local_cuboid": null,
            "local_to_world_matrix": [
                [
                    -0.5065934658050537,
                    0.4651991128921509,
                    0.7259151339530945,
                    0.0
                ],
                [
                    0.3966168761253357,
                    0.8733144402503967,
                    -0.28287267684936523,
                    0.0
                ],
                [
                    -0.7655442357063293,
                    0.144608736038208,
                    -0.6269211769104004,
                    0.0
                ],
                [
                    1.8912285566329956,
                    -0.7982119917869568,
                    -0.0865585058927536,
                    1.0
                ]
            ],
            "location": [
                0.7982119917869568,
                -0.0865585058927536,
                -1.8912285566329956
            ],
            "location_world": [
                1.8912285566329956,
                -0.7982119917869568,
                -0.0865585058927536
            ],
            "name": "google_2_of_Jenga_Classic_Game_10",
            "projected_cuboid": [
                [
                    536.6365909576416,
                    334.78912711143494
                ],
                [
                    504.1283369064331,
                    341.7445421218872
                ],
                [
                    487.5325858592987,
                    272.33752608299255
                ],
                [
                    515.8213376998901,
                    264.9673819541931
                ],
                [
                    543.0371761322021,
                    353.4468412399292
                ],
                [
                    511.1653804779053,
                    359.87257957458496
                ],
                [
                    494.09738183021545,
                    289.801687002182
                ],
                [
                    521.9054222106934,
                    282.8957140445709
                ],
                [
                    513.5915875434875,
                    310.4177713394165
                ]
            ],
            "provenance": "nvisii",
            "quaternion_xyzw": [
                -0.11415916681289673,
                0.3227933347225189,
                -0.7927193641662598,
                -0.5043491721153259
            ],
            "quaternion_xyzw_world": [
                0.24850216507911682,
                0.8670105338096619,
                -0.039868008345365524,
                -0.4300580322742462
            ],
            "segmentation_id": 11,
            "visibility": -1
        },
        {
            "bounding_box_minx_maxx_miny_maxy": [
                -1,
                -1,
                -1,
                -1
            ],
            "class": "2",
            "local_cuboid": null,
            "local_to_world_matrix": [
                [
                    -0.40608060359954834,
                    0.896575927734375,
                    -0.17677733302116394,
                    0.0
                ],
                [
                    -0.4066365659236908,
                    -0.004045248031616211,
                    0.913581132888794,
                    0.0
                ],
                [
                    0.8183797597885132,
                    0.4428716003894806,
                    0.36622315645217896,
                    0.0
                ],
                [
                    1.6149734258651733,
                    0.07158087939023972,
                    0.7198758721351624,
                    1.0
                ]
            ],
            "location": [
                -0.07158087939023972,
                0.7198758721351624,
                -1.6149734258651733
            ],
            "location_world": [
                1.6149734258651733,
                0.07158087939023972,
                0.7198758721351624
            ],
            "name": "google_2_of_Jenga_Classic_Game_11",
            "projected_cuboid": [
                [
                    173.0717122554779,
                    -4.175126552581787
                ],
                [
                    171.7342734336853,
                    -34.537672996520996
                ],
                [
                    209.26570892333984,
                    -36.721229553222656
                ],
                [
                    210.003599524498,
                    -1.8212497234344482
                ],
                [
                    196.9970464706421,
                    -4.3205320835113525
                ],
                [
                    196.12610340118408,
                    -34.160882234573364
                ],
                [
                    236.5255206823349,
                    -36.245256662368774
                ],
                [
                    236.68117821216583,
                    -2.0335614681243896
                ],
                [
                    202.59130001068115,
                    -19.09458637237549
                ]
            ],
            "provenance": "nvisii",
            "quaternion_xyzw": [
                -0.04533958435058594,
                0.9524359703063965,
                0.20286397635936737,
                -0.22283706068992615
            ],
            "quaternion_xyzw_world": [
                0.24069765210151672,
                0.5088742971420288,
                0.6663987040519714,
                0.4889012277126312
            ],
            "segmentation_id": 12,
            "visibility": -1
        },
        {
            "bounding_box_minx_maxx_miny_maxy": [
                -1,
                -1,
                -1,
                -1
            ],
            "class": "2",
            "local_cuboid": null,
            "local_to_world_matrix": [
                [
                    -0.886064887046814,
                    -0.36475375294685364,
                    -0.2860834002494812,
                    0.0
                ],
                [
                    0.29860785603523254,
                    -0.9211560487747192,
                    0.2496095895767212,
                    0.0
                ],
                [
                    -0.35457348823547363,
                    0.13574352860450745,
                    0.9251223206520081,
                    0.0
                ],
                [
                    1.94460928440094,
                    0.7744348645210266,
                    0.42349305748939514,
                    1.0
                ]
            ],
            "location": [
                -0.7744348645210266,
                0.42349305748939514,
                -1.94460928440094
            ],
            "location_world": [
                1.94460928440094,
                0.7744348645210266,
                0.42349305748939514
            ],
            "name": "google_2_of_Jenga_Classic_Game_12",
            "projected_cuboid": [
                [
                    -32.218486070632935,
                    23.890241980552673
                ],
                [
                    -2.4937093257904053,
                    20.030513405799866
                ],
                [
                    23.55983853340149,
                    117.26650595664978
                ],
                [
                    -4.195809364318848,
                    122.2078949213028
                ],
                [
                    -30.951976776123047,
                    25.06217360496521
                ],
                [
                    -2.344280481338501,
                    21.32965624332428
                ],
                [
                    22.787347435951233,
                    115.0863766670227
                ],
                [
                    -3.9918720722198486,
                    119.82420086860657
                ],
                [
                    -3.272116184234619,
                    71.88147306442261
                ]
            ],
            "provenance": "nvisii",
            "quaternion_xyzw": [
                0.4360535144805908,
                0.36410242319107056,
                0.43017733097076416,
                -0.7015940546989441
            ],
            "quaternion_xyzw_world": [
                -0.16580770909786224,
                0.09973281621932983,
                0.9659636616706848,
                -0.1716838926076889
            ],
            "segmentation_id": 13,
            "visibility": -1
        },
        {
            "bounding_box_minx_maxx_miny_maxy": [
                -1,
                -1,
                -1,
                -1
            ],
            "class": "2",
            "local_cuboid": null,
            "local_to_world_matrix": [
                [
                    -0.9579029083251953,
                    0.2046065628528595,
