{
    "camera_data": {
        "camera_look_at": {
            "at": [
                1.0,
                0.0,
                0.0
            ],
            "eye": [
                0.0,
                0.0,
                0.0
            ],
            "up": [
                0.0,
                0.0,
                1.0
            ]
        },
        "camera_view_matrix": [
            [
                0.0,
                0.0,
                -1.0,
                0.0
            ],
            [
                -1.0,
                0.0,
                0.0,
                0.0
            ],
            [
                0.0,
                1.0,
                0.0,
                0.0
            ],
            [
                0.0,
                0.0,
                0.0,
                1.0
            ]
        ],
        "height": 500,
        "intrinsics": {
            "cx": 250.0,
            "cy": 250.0,
            "fx": 603.5535278320312,
            "fy": 603.5535278320312
        },
        "location_world": [
            0.0,
            0.0,
            0.0
        ],
        "quaternion_world_xyzw": [
            0.5,
            -0.5,
            -0.5,
            0.5
        ],
        "width": 500
    },
    "objects": [
        {
            "bounding_box_minx_maxx_miny_maxy": [
                -1,
                -1,
                -1,
                -1
            ],
            "class": "2",
            "local_cuboid": null,
            "local_to_world_matrix": [
                [
                    -0.328183650970459,
                    -0.9434347748756409,
                    -0.04718336462974548,
                    0.0
                ],
                [
                    -0.048718035221099854,
                    -0.03297865390777588,
                    0.9982680082321167,
                    0.0
                ],
                [
                    -0.9433567523956299,
                    0.3299139738082886,
                    -0.03513920307159424,
                    0.0
                ],
                [
                    1.9925167560577393,
                    -0.5766695141792297,
                    0.7492522597312927,
                    1.0
                ]
            ],
            "location": [
                0.5766695141792297,
                0.7492522597312927,
                -1.9925167560577393
            ],
            "location_world": [
                1.9925167560577393,
                -0.5766695141792297,
                0.7492522597312927
            ],
            "name": "google_2_of_Jenga_Classic_Game_0",
            "projected_cuboid": [
                [
                    432.57927894592285,
                    4.150867462158203
                ],
                [
                    434.0080916881561,
                    -26.335030794143677
                ],
                [
                    437.77990341186523,
                    9.037494659423828
                ],
                [
                    436.54197454452515,
                    35.210758447647095
                ],
                [
                    403.91474962234497,
                    6.528690457344055
                ],
                [
                    405.2538871765137,
                    -23.494720458984375
                ],
                [
                    412.9318594932556,
                    11.030048131942749
                ],
                [
                    411.7608070373535,
                    36.86170279979706
                ],
                [
                    421.9681918621063,
                    7.86609947681427
                ]
            ],
            "provenance": "nvisii",
            "quaternion_xyzw": [
                -0.02127218246459961,
                0.16694042086601257,
                0.02033478021621704,
                -0.985527753829956
            ],
            "quaternion_xyzw_world": [
                -0.43009713292121887,
                0.5767027735710144,
                0.5757653713226318,
                -0.3884901702404022
            ],
            "segmentation_id": 1,
            "visibility": -1
        },
        {
            "bounding_box_minx_maxx_miny_maxy": [
                -1,
                -1,
                -1,
                -1
            ],
            "class": "2",
            "local_cuboid": null,
            "local_to_world_matrix": [
                [
                    -0.7295136451721191,
                    -0.6462985277175903,
                    0.2238481640815735,
                    0.0
                ],
                [
                    0.05528903007507324,
                    -0.3819316625595093,
                    -0.9225351810455322,
                    0.0
                ],
                [
                    0.6817278861999512,
                    -0.660625696182251,
                    0.3143576383590698,
                    0.0
                ],
                [
                    1.5886861085891724,
                    -0.2505473792552948,
                    -0.737123429775238,
                    1.0
                ]
            ],
            "location": [
                0.2505473792552948,
                -0.737123429775238,
                -1.5886861085891724
            ],
            "location_world": [
                1.5886861085891724,
                -0.2505473792552948,
                -0.737123429775238
            ],
            "name": "google_2_of_Jenga_Classic_Game_1",
            "projected_cuboid": [
                [
                    405.5876135826111,
                    455.2803635597229
                ],
                [
                    416.2258505821228,
                    481.4282953739166
                ],
                [
                    362.8637492656708,
                    546.4013814926147
                ],
                [
                    350.7055938243866,
                    517.1053409576416
                ],
                [
                    383.69131088256836,
                    454.6433687210083
                ],
                [
                    394.049197435379,
                    479.96556758880615
                ],
                [
                    339.85668420791626,
                    542.450487613678
                ],
                [
                    328.0652165412903,
                    514.1868591308594
                ],
                [
                    374.05478954315186,
                    497.09808826446533
                ]
            ],
            "provenance": "nvisii",
            "quaternion_xyzw": [
                0.9014657139778137,
                0.16799859702587128,
                0.38552194833755493,
                -0.1025126576423645
            ],
            "quaternion_xyzw_world": [
                0.290714830160141,
                -0.5082381963729858,
                0.7787494659423828,
                -0.2252289056777954
            ],
            "segmentation_id": 2,
            "visibility": -1
        },
        {
            "bounding_box_minx_maxx_miny_maxy": [
                -1,
                -1,
                -1,
                -1
            ],
            "class": "2",
            "local_cuboid": null,
            "local_to_world_matrix": [
                [
                    0.6156048774719238,
                    0.7249880433082581,
                    0.3089061677455902,
                    0.0
                ],
                [
                    -0.7235960364341736,
                    0.6752828359603882,
                    -0.14283542335033417,
                    0.0
                ],
                [
                    -0.31215301156044006,
                    -0.13559310138225555,
                    0.9403058290481567,
                    0.0
                ],
                [
                    0.7946727275848389,
                    -0.029976969584822655,
                    0.23900847136974335,
                    1.0
                ]
            ],
            "location": [
                0.029976969584822655,
                0.23900847136974335,
                -0.7946727275848389
            ],
            "location_world": [
                0.7946727275848389,
                -0.029976969584822655,
                0.23900847136974335
            ],
            "name": "google_2_of_Jenga_Classic_Game_2",
            "projected_cuboid": [
                [
                    305.3414523601532,
                    -173.32330346107483
                ],
                [
                    260.83284616470337,
                    -199.97897744178772
                ],
                [
                    229.26023602485657,
                    62.32120096683502
                ],
                [
                    271.2624669075012,
                    67.25068390369415
                ],
                [
                    357.7611446380615,
                    -181.5655529499054
                ],
                [
                    314.8578405380249,
                    -210.9932005405426
                ],
                [
                    274.5547890663147,
                    69.88148391246796
                ],
                [
                    315.64849615097046,
                    74.53314960002899
                ],
                [
                    290.13800621032715,
                    -53.22110652923584
                ]
            ],
            "provenance": "nvisii",
            "quaternion_xyzw": [
                -0.16255338490009308,
                0.5634713172912598,
                0.738237202167511,
                0.3332902193069458
            ],
            "quaternion_xyzw_world": [
                -0.002014492405578494,
                -0.17275136709213257,
                0.40293243527412415,
                0.8987760543823242
            ],
            "segmentation_id": 3,
            "visibility": -1
        },
        {
            "bounding_box_minx_maxx_miny_maxy": [
                -1,
                -1,
                -1,
                -1
            ],
            "class": "2",
            "local_cuboid": null,
            "local_to_world_matrix": [
                [
                    -0.28928637504577637,
                    0.6732968091964722,
                    -0.6804299354553223,
                    0.0
                ],
                [
                    0.4703114330768585,
                    -0.5191409587860107,
                    -0.713652491569519,
                    0.0
                ],
                [
                    -0.8337389230728149,
                    -0.5264638662338257,
                    -0.16647887229919434,
                    0.0
                ],
                [
                    1.4307337999343872,
                    0.7104077935218811,
                    -0.24979345500469208,
                    1.0
                ]
            ],
            "location": [
                -0.7104077935218811,
                -0.24979345500469208,
                -1.4307337999343872
            ],
            "location_world": [
                1.4307337999343872,
                0.7104077935218811,
                -0.24979345500469208
            ],
            "name": "google_2_of_Jenga_Classic_Game_3",
            "projected_cuboid": [
                [
                    -65.95048308372498,
                    404.08042073249817
                ],
                [
                    -33.32844376564026,
                    429.3815493583679
                ],
                [
                    -49.875497817993164,
                    378.63343954086304
                ],
                [
                    -77.2901177406311,
                    356.295108795166
                ],
                [
                    -32.637327909469604,
                    373.61305952072144
                ],
                [
                    -1.7120540142059326,
                    399.43328499794006
                ],
                [
                    -23.26732873916626,
                    354.4659912586212
                ],
                [
                    -49.499183893203735,
                    331.8113088607788
                ],
                [
                    -42.113810777664185,
                    376.37293338775635
                ]
            ],
            "provenance": "nvisii",
            "quaternion_xyzw": [
                0.22727559506893158,
                -0.17741572856903076,
                0.8973138332366943,
                -0.3342115879058838
            ],
            "quaternion_xyzw_world": [
                -0.5908327698707581,
                -0.48389676213264465,
                0.6406926512718201,
                0.07920543104410172
            ],
            "segmentation_id": 4,
            "visibility": -1
        },
        {
            "bounding_box_minx_maxx_miny_maxy": [
                -1,
                -1,
                -1,
                -1
            ],
            "class": "2",
            "local_cuboid": null,
            "local_to_world_matrix": [
                [
                    0.15161973237991333,
                    -0.8066248893737793,
                    -0.5712862014770508,
                    0.0
                ],
                [
                    0.987197995185852,
                    0.1525288224220276,
                    0.04664066433906555,
                    0.0
                ],
                [
                    0.04951617121696472,
                    -0.5710440874099731,
                    0.8194246292114258,
                    0.0
                ],
                [
                    1.2255589962005615,
                    0.5742974877357483,
                    0.03449336439371109,
                    1.0
                ]
            ],
            "location": [
                -0.5742974877357483,
                0.03449336439371109,
                -1.2255589962005615
            ],
            "location_world": [
                1.2255589962005615,
                0.5742974877357483,
                0.03449336439371109
            ],
            "name": "google_2_of_Jenga_Classic_Game_4",
            "projected_cuboid": [
                [
                    64.94271755218506,
                    125.03111362457275
                ],
                [
                    70.88574767112732,
                    131.27511739730835
                ],
                [
                    -10.221123695373535,
                    243.39161813259125
                ],
                [
                    -21.91862463951111,
                    244.92637813091278
                ],
                [
                    30.87584674358368,
                    100.96466541290283
                ],
                [
                    39.10064697265625,
                    108.83982479572296
                ],
                [
                    -43.13993453979492,
                    221.7622548341751
                ],
                [
                    -57.2858452796936,
                    221.7819094657898
                ],
                [
                    9.653493762016296,
                    174.5135486125946
                ]
            ],
            "provenance": "nvisii",
            "quaternion_xyzw": [
                -0.6725884079933167,
                0.26904091238975525,
                -0.155899316072464,
                0.6715186834335327
            ],
            "quaternion_xyzw_world": [
                0.21193526685237885,
                0.2130049467086792,
                -0.615482747554779,
                0.7286243438720703
            ],
            "segmentation_id": 5,
            "visibility": -1
        },
        {
            "bounding_box_minx_maxx_miny_maxy": [
                -1,
                -1,
                -1,
                -1
            ],
            "class": "2",
            "local_cuboid": null,
            "local_to_world_matrix": [
                [
                    0.8712451457977295,
                    0.3468588590621948,
                    -0.3473050594329834,
                    0.0
                ],
                [
                    -0.1265634298324585,
                    -0.5248880386352539,
                    -0.8417091369628906,
                    0.0
                ],
                [
                    -0.47425055503845215,
                    0.7772911787033081,
                    -0.4134066104888916,
                    0.0
                ],
                [
                    1.4123899936676025,
                    0.08625607192516327,
                    -0.5832290649414062,
                    1.0
                ]
            ],
            "location": [
                -0.08625607192516327,
                -0.5832290649414062,
                -1.4123899936676025
            ],
            "location_world": [
                1.4123899936676025,
                0.08625607192516327,
                -0.5832290649414062
            ],
            "name": "google_2_of_Jenga_Classic_Game_5",
            "projected_cuboid": [
                [
                    89.57020938396454,
                    563.4176731109619
                ],
                [
                    108.7857186794281,
                    598.9125967025757
                ],
                [
                    217.42744743824005,
                    514.8162841796875
                ],
                [
                    199.24552738666534,
                    483.32640528678894
                ],
                [
                    93.97923946380615,
                    567.4383640289307
                ],
                [
                    114.30308222770691,
                    604.9448251724243
                ],
                [
                    227.8277575969696,
                    516.0290002822876
                ],
                [
                    208.66212248802185,
                    482.96529054641724
                ],
                [
                    160.22014617919922,
                    539.2019748687744
                ]
            ],
            "provenance": "nvisii",
            "quaternion_xyzw": [
                0.5051236748695374,
                0.08789084851741791,
                -0.8159072399139404,
                0.26724642515182495
            ],
            "quaternion_xyzw_world": [
                0.8380841016769409,
                0.06571400165557861,
                -0.24506956338882446,
                -0.48294684290885925
            ],
            "segmentation_id": 6,
            "visibility": -1
        },
        {
            "bounding_box_minx_maxx_miny_maxy": [
                -1,
                -1,
                -1,
                -1
            ],
            "class": "2",
            "local_cuboid": null,
            "local_to_world_matrix": [
                [
                    -0.08275902271270752,
                    -0.31742429733276367,
                    0.9446654915809631,
                    0.0
                ],
                [
                    0.8884358406066895,
                    0.4059373736381531,
                    0.21423497796058655,
                    0.0
                ],
                [
                    -0.45147842168807983,
                    0.8570045232772827,
                    0.24841606616973877,
                    0.0
                ],
                [
                    1.9544057846069336,
                    -0.15574048459529877,
                    -0.3457126021385193,
                    1.0
                ]
            ],
            "location": [
                0.15574048459529877,
                -0.3457126021385193,
                -1.9544057846069336
            ],
            "location_world": [
                1.9544057846069336,
                -0.15574048459529877,
                -0.3457126021385193
            ],
            "name": "google_2_of_Jenga_Classic_Game_6",
            "projected_cuboid": [
                [
                    228.0070036649704,
                    332.97911286354065
                ],
                [
                    217.75364875793457,
                    323.74632358551025
                ],
                [
                    295.86783051490784,
                    340.87860584259033
                ],
                [
                    308.47686529159546,
                    350.14674067497253
                ],
                [
                    219.63584423065186,
                    357.8279912471771
                ],
                [
                    209.75543558597565,
                    347.62710332870483
                ],
                [
                    288.14274072647095,
                    363.124817609787
                ],
                [
                    300.4070520401001,
                    373.23060631752014
                ],
                [
                    259.7739100456238,
                    348.90371561050415
                ]
            ],
            "provenance": "nvisii",
            "quaternion_xyzw": [
                -0.40364307165145874,
                -0.3336661458015442,
                0.4795359969139099,
                0.7041196227073669
            ],
            "quaternion_xyzw_world": [
                -0.25636279582977295,
                -0.5568393468856812,
                -0.4809463918209076,
                0.6268162727355957
            ],
            "segmentation_id": 7,
            "visibility": -1
        },
        {
            "bounding_box_minx_maxx_miny_maxy": [
                -1,
                -1,
                -1,
                -1
            ],
            "class": "2",
            "local_cuboid": null,
            "local_to_world_matrix": [
                [
                    0.18411415815353394,
                    0.9809436798095703,
                    -0.06205984950065613,
                    0.0
                ],
                [
                    -0.3033239543437958,
                    -0.0033533573150634766,
                    -0.9528816342353821,
                    0.0
                ],
                [
                    -0.9349312782287598,
                    0.1942632794380188,
                    0.29692625999450684,
                    0.0
                ],
                [
                    1.5982069969177246,
                    0.4878658652305603,
                    -0.2649204432964325,
                    1.0
                ]
            ],
            "location": [
                -0.4878658652305603,
                -0.2649204432964325,
                -1.5982069969177246
            ],
            "location_world": [
                1.5982069969177246,
                0.4878658652305603,
                -0.2649204432964325
            ],
            "name": "google_2_of_Jenga_Classic_Game_7",
            "projected_cuboid": [
                [
                    -11.768490076065063,
                    312.98232078552246
                ],
                [
                    -16.719788312911987,
                    351.0056436061859
                ],
                [
                    50.51767826080322,
                    366.55402183532715
                ],
                [
                    53.569212555885315,
                    334.70121026039124
                ],
                [
                    20.473435521125793,
                    311.44919991493225
                ],
                [
                    16.099855303764343,
                    349.8656153678894
                ],
                [
                    78.27681303024292,
                    365.7543361186981
                ],
                [
                    80.91263473033905,
                    333.625853061676
                ],
                [
                    36.841943860054016,
                    341.47098660469055
                ]
            ],
            "provenance": "nvisii",
            "quaternion_xyzw": [
                -0.09618549048900604,
                0.1525866836309433,
                0.9834578037261963,
                -0.016628369688987732
            ],
            "quaternion_xyzw_world": [
                -0.4718424677848816,
                -0.3590286076068878,
                0.5282436609268188,
                0.6078007817268372
            ],
            "segmentation_id": 8,
            "visibility": -1
        },
        {
            "bounding_box_minx_maxx_miny_maxy": [
                -1,
                -1,
                -1,
                -1
            ],
            "class": "2",
            "local_cuboid": null,
            "local_to_world_matrix": [
                [
                    -0.13115978240966797,
                    0.6641553640365601,
                    0.7359991669654846,
                    0.0
                ],
                [
                    0.7322279214859009,
                    -0.43558502197265625,
                    0.5235533714294434,
                    0.0
                ],
                [
                    0.6683109402656555,
                    0.6075881719589233,
                    -0.42918193340301514,
                    0.0
                ],
                [
                    1.6214194297790527,
                    -0.568519651889801,
                    -0.308034747838974,
                    1.0
                ]
            ],
            "location": [
                0.568519651889801,
                -0.308034747838974,
                -1.6214194297790527
            ],
            "location_world": [
                1.6214194297790527,
                -0.568519651889801,
                -0.308034747838974
            ],
            "name": "google_2_of_Jenga_Classic_Game_8",
            "projected_cuboid": [
                [
                    367.4396872520447,
                    394.57422494888306
                ],
                [
                    375.5476176738739,
                    375.2399981021881
                ],
                [
                    455.4584324359894,
                    344.146728515625
                ],
                [
                    449.4687020778656,
                    364.64905738830566
                ],
                [
                    384.4186067581177,
                    413.30644488334656
                ],
                [
                    391.91460609436035,
                    393.45502853393555
                ],
                [
                    473.2542037963867,
                    364.70115184783936
                ],
                [
                    467.9928421974182,
                    385.86705923080444
                ],
                [
                    418.453574180603,
                    380.1722526550293
                ]
            ],
            "provenance": "nvisii",
            "quaternion_xyzw": [
                0.346627414226532,
                0.8449881076812744,
                -0.34361720085144043,
                -0.21856755018234253
            ],
            "quaternion_xyzw_world": [
                0.6583325862884521,
                0.5302727222442627,
                0.5332829356193542,
                -0.031912002712488174
            ],
            "segmentation_id": 9,
            "visibility": -1
        },
        {
            "bounding_box_minx_maxx_miny_maxy": [
                -1,
                -1,
                -1,
                -1
            ],
            "class": "2",
            "local_cuboid": null,
            "local_to_world_matrix": [
                [
                    0.874670684337616,
                    -0.05165457725524902,
                    0.48195743560791016,
                    0.0
                ],
                [
                    -0.3336503207683563,
                    0.6570974588394165,
                    0.6759440302848816,
                    0.0
                ],
                [
                    -0.35160863399505615,
                    -0.7520336508750916,
                    0.5575093626976013,
                    0.0
                ],
                [
                    0.8363536596298218,
                    0.6251541972160339,
                    -0.6202245354652405,
                    1.0
                ]
            ],
            "location": [
                -0.6251541972160339,
                -0.6202245354652405,
                -0.8363536596298218
            ],
            "location_world": [
                0.8363536596298218,
                0.6251541972160339,
                -0.6202245354652405
            ],
            "name": "google_2_of_Jenga_Classic_Game_9",
            "projected_cuboid": [
                [
                    -39.87163305282593,
                    610.2787256240845
                ],
                [
                    -95.11160850524902,
                    578.0556797981262
                ],
                [
                    -208.48828554153442,
                    653.4494161605835
                ],
                [
                    -156.0499370098114,
                    679.532527923584
                ],
                [
                    -71.36303186416626,
                    677.3068904876709
                ],
                [
                    -133.46195220947266,
                    644.5948481559753
                ],
                [
                    -251.76942348480225,
                    717.9173231124878
                ],
                [
                    -193.40217113494873,
                    743.9801692962646
                ],
                [
                    -146.19383215904236,
                    664.2875671386719
                ]
            ],
            "provenance": "nvisii",
            "quaternion_xyzw": [
                -0.07762393355369568,
                0.5640657544136047,
                0.3949715197086334,
                0.7209728360176086
            ],
            "quaternion_xyzw_world": [
                0.40622156858444214,
                -0.23712730407714844,
                0.08022026717662811,
                0.8788170218467712
            ],
            "segmentation_id": 10,
            "visibility": -1
        },
        {
            "bounding_box_minx_maxx_miny_maxy": [
                -1,
                -1,
                -1,
                -1
            ],
            "class": "2",
            "local_cuboid": null,
            "local_to_world_matrix": [
                [
                    -0.033870697021484375,
                    0.9881018400192261,
                    0.15002495050430298,
                    0.0
                ],
                [
                    0.9990319013595581,
                    0.029257357120513916,
                    0.032852206379175186,
                    0.0
                ],
                [
                    0.028071988373994827,
                    0.15099243819713593,
                    -0.9881362915039062,
                    0.0
                ],
                [
                    1.9497054815292358,
                    -0.8416398167610168,
                    -0.16179539263248444,
                    1.0
                ]
            ],
            "location": [
                0.8416398167610168,
                -0.16179539263248444,
                -1.9497054815292358
            ],
            "location_world": [
                1.9497054815292358,
                -0.8416398167610168,
                -0.16179539263248444
            ],
            "name": "google_2_of_Jenga_Classic_Game_10",
            "projected_cuboid": [
                [
                    489.5526170730591,
                    390.5831575393677
                ],
                [
                    478.6962866783142,
                    383.8121294975281
                ],
                [
                    493.0115342140198,
                    296.8457341194153
                ],
                [
                    504.5480728149414,
                    299.7972071170807
                ],
                [
                    513.7598514556885,
                    394.11336183547974
                ],
                [
                    501.8976926803589,
                    387.20256090164185
                ],
                [
                    516.289234161377,
                    300.36666989326477
                ],
                [
                    528.8383960723877,
                    303.46962809562683
                ],
                [
                    503.19063663482666,
                    344.5649445056915
                ]
            ],
            "provenance": "nvisii",
            "quaternion_xyzw": [
                0.042183905839920044,
                0.7157210111618042,
                -0.694114089012146,
                -0.06457234919071198
            ],
            "quaternion_xyzw_world": [
                0.6937233209609985,
                0.7161117792129517,
                0.06418154388666153,
                -0.042574692517519
            ],
            "segmentation_id": 11,
            "visibility": -1
        },
        {
            "bounding_box_minx_maxx_miny_maxy": [
                -1,
                -1,
                -1,
                -1
            ],
            "class": "2",
            "local_cuboid": null,
            "local_to_world_matrix": [
                [
                    -0.8871155977249146,
                    -0.2050808221101761,
                    0.4134833812713623,
                    0.0
                ],
                [
                    -0.1671481877565384,
                    0.977800726890564,
                    0.12636172771453857,
                    0.0
                ],
                [
                    -0.4302186965942383,
                    0.042984429746866226,
                    -0.9017012119293213,
                    0.0
                ],
                [
                    1.3063032627105713,
                    -0.05260881781578064,
                    0.5751545429229736,
                    1.0
                ]
            ],
            "location": [
                0.05260881781578064,
                0.5751545429229736,
                -1.3063032627105713
            ],
            "location_world": [
                1.3063032627105713,
                -0.05260881781578064,
                0.5751545429229736
            ],
            "name": "google_2_of_Jenga_Classic_Game_11",
            "projected_cuboid": [
                [
                    296.83613777160645,
                    81.02250099182129
                ],
                [
                    253.65149974822998,
                    73.27215373516083
                ],
                [
                    259.28252935409546,
                    -34.898966550827026
                ],
                [
                    298.1598973274231,
                    -26.716232299804688
                ],
                [
                    286.169558763504,
                    106.79511725902557
                ],
                [
                    245.36092579364777,
                    99.79449212551117
                ],
                [
                    251.4774203300476,
                    -5.201011896133423
                ],
                [
                    288.4187400341034,
                    2.2461116313934326
                ],
                [
                    272.5013196468353,
                    34.76390242576599
                ]
            ],
            "provenance": "nvisii",
            "quaternion_xyzw": [
                -0.4026476740837097,
                0.35037922859191895,
                -0.5241127014160156,
                -0.6636379957199097
            ],
            "quaternion_xyzw_world": [
                -0.095896877348423,
                0.9703887701034546,
                0.043628428131341934,
                -0.21736186742782593
            ],
            "segmentation_id": 12,
            "visibility": -1
        },
        {
            "bounding_box_minx_maxx_miny_maxy": [
                -1,
                -1,
                -1,
                -1
            ],
            "class": "2",
            "local_cuboid": null,
            "local_to_world_matrix": [
                [
                    0.7008183002471924,
                    -0.5647586584091187,
                    0.4357767105102539,
                    0.0
                ],
                [
                    0.40761446952819824,
                    0.8183861374855042,
                    0.40508589148521423,
                    0.0
                ],
                [
                    -0.58540940284729,
                    -0.10626271367073059,
                    0.8037437796592712,
                    0.0
                ],
                [
                    1.9568836688995361,
                    0.559365451335907,
                    0.5524701476097107,
                    1.0
                ]
            ],
            "location": [
                -0.559365451335907,
                0.5524701476097107,
                -1.9568836688995361
            ],
            "location_world": [
                1.9568836688995361,
                0.559365451335907,
                0.5524701476097107
            ],
            "name": "google_2_of_Jenga_Classic_Game_12",
            "projected_cuboid": [
                [
                    91.58200025558472,
                    -14.535248279571533
                ],
                [
                    71.77826762199402,
                    -20.83858847618103
                ],
                [
                    77.64405012130737,
                    73.08623194694519
                ],
                [
                    95.8290696144104,
                    80.48494160175323
                ],
                [
                    71.10661268234253,
                    -11.01800799369812
                ],
                [
                    51.08310282230377,
                    -17.585843801498413
                ],
                [
                    58.93361568450928,
                    78.7210613489151
                ],
                [
                    77.30764150619507,
                    86.43507957458496
                ],
                [
                    74.60299134254456,
                    33.96324813365936
                ]
            ],
            "provenance": "nvisii",
            "quaternion_xyzw": [
                -0.37890082597732544,
                0.2524469494819641,
                0.3922896981239319,
                0.7992580533027649
            ],
            "quaternion_xyzw_world": [
                0.14025723934173584,
                -0.280100017786026,
                -0.26671114563941956,
                0.9114477634429932
            ],
            "segmentation_id": 13,
            "visibility": -1
        },
        {
            "bounding_box_minx_maxx_miny_maxy": [
                -1,
                -1,
                -1,
                -1
            ],
            "class": "2",
            "local_cuboid": null,
            "local_to_world_matrix": [
                [
                    -0.15860974788665771,
                    0.7178876996040344,
