{
    "camera_data": {
        "camera_look_at": {
            "at": [
                1.0,
                0.0,
                0.0
            ],
            "eye": [
                0.0,
                0.0,
                0.0
            ],
            "up": [
                0.0,
                0.0,
                1.0
            ]
        },
        "camera_view_matrix": [
            [
                0.0,
                0.0,
                -1.0,
                0.0
            ],
            [
                -1.0,
                0.0,
                0.0,
                0.0
            ],
            [
                0.0,
                1.0,
                0.0,
                0.0
            ],
            [
                0.0,
                0.0,
                0.0,
                1.0
            ]
        ],
        "height": 500,
        "intrinsics": {
            "cx": 250.0,
            "cy": 250.0,
            "fx": 603.5535278320312,
            "fy": 603.5535278320312
        },
        "location_world": [
            0.0,
            0.0,
            0.0
        ],
        "quaternion_world_xyzw": [
            0.5,
            -0.5,
            -0.5,
            0.5
        ],
        "width": 500
    },
    "objects": [
        {
            "bounding_box_minx_maxx_miny_maxy": [
                -1,
                -1,
                -1,
                -1
            ],
            "class": "2",
            "local_cuboid": null,
            "local_to_world_matrix": [
                [
                    0.7713503241539001,
                    -0.4568864107131958,
                    0.44302764534950256,
                    0.0
                ],
                [
                    -0.5658230781555176,
                    -0.8109911680221558,
                    0.14878761768341064,
                    0.0
                ],
                [
                    0.29131242632865906,
                    -0.3654426336288452,
                    -0.8840751647949219,
                    0.0
                ],
                [
                    1.368565559387207,
                    -0.6375333666801453,
                    0.7304649949073792,
                    1.0
                ]
            ],
            "location": [
                0.6375333666801453,
                0.7304649949073792,
                -1.368565559387207
            ],
            "location_world": [
                1.368565559387207,
                -0.6375333666801453,
                0.7304649949073792
            ],
            "name": "google_2_of_Jenga_Classic_Game_0",
            "projected_cuboid": [
                [
                    541.3857698440552,
                    56.52099847793579
                ],
                [
                    579.2244076728821,
                    44.997572898864746
                ],
                [
                    552.7449250221252,
                    -81.03165030479431
                ],
                [
                    513.5325789451599,
                    -64.58738446235657
                ],
                [
                    538.6059284210205,
                    62.96172738075256
                ],
                [
                    577.9950618743896,
                    51.15711688995361
                ],
                [
                    550.2099990844727,
                    -80.30843734741211
                ],
                [
                    509.3346834182739,
                    -63.15481662750244
                ],
                [
                    545.4950332641602,
                    -7.197737693786621
                ]
            ],
            "provenance": "nvisii",
            "quaternion_xyzw": [
                0.6323391795158386,
                0.495785653591156,
                -0.1604786515235901,
                0.5732280611991882
            ],
            "quaternion_xyzw_world": [
                0.9309157729148865,
                -0.2746514678001404,
                0.19720904529094696,
                0.13809795677661896
            ],
            "segmentation_id": 1,
            "visibility": -1
        },
        {
            "bounding_box_minx_maxx_miny_maxy": [
                -1,
                -1,
                -1,
                -1
            ],
            "class": "2",
            "local_cuboid": null,
            "local_to_world_matrix": [
                [
                    -0.09897732734680176,
                    -0.24090981483459473,
                    -0.9654875993728638,
                    0.0
                ],
                [
                    0.876675009727478,
                    -0.4801514148712158,
                    0.029935479164123535,
                    0.0
                ],
                [
                    -0.47079160809516907,
                    -0.8434557914733887,
                    0.2587233781814575,
                    0.0
                ],
                [
                    1.325513482093811,
                    -0.32376229763031006,
                    -0.6823523044586182,
                    1.0
                ]
            ],
            "location": [
                0.32376229763031006,
                -0.6823523044586182,
                -1.325513482093811
            ],
            "location_world": [
                1.325513482093811,
                -0.32376229763031006,
                -0.6823523044586182
            ],
            "name": "google_2_of_Jenga_Classic_Game_1",
            "projected_cuboid": [
                [
                    544.3156361579895,
                    589.9675488471985
                ],
                [
                    546.5130805969238,
                    568.1084990501404
                ],
                [
                    407.0495665073395,
                    569.4824457168579
                ],
                [
                    397.0506191253662,
                    589.0805721282959
                ],
                [
                    532.3935151100159,
                    547.8639602661133
                ],
                [
                    535.2951288223267,
                    528.6799669265747
                ],
                [
                    397.7575898170471,
                    534.0142846107483
                ],
                [
                    387.28684186935425,
                    551.4625310897827
                ],
                [
                    464.6414816379547,
                    559.5493316650391
                ]
            ],
            "provenance": "nvisii",
            "quaternion_xyzw": [
                0.43016940355300903,
                -0.28206127882003784,
                0.5477102994918823,
                -0.6598554849624634
            ],
            "quaternion_xyzw_world": [
                -0.5297288298606873,
                -0.3000427484512329,
                0.6778370141983032,
                -0.4121879041194916
            ],
            "segmentation_id": 2,
            "visibility": -1
        },
        {
            "bounding_box_minx_maxx_miny_maxy": [
                -1,
                -1,
                -1,
                -1
            ],
            "class": "2",
            "local_cuboid": null,
            "local_to_world_matrix": [
                [
                    0.629629909992218,
                    -0.7446665167808533,
                    -0.22144514322280884,
                    0.0
                ],
                [
                    0.7522178292274475,
                    0.5130698084831238,
                    0.4134339988231659,
                    0.0
                ],
                [
                    -0.19425365328788757,
                    -0.4268853962421417,
                    0.8831955194473267,
                    0.0
                ],
                [
                    0.7847313284873962,
                    -0.04022260382771492,
                    0.2360456883907318,
                    1.0
                ]
            ],
            "location": [
                0.04022260382771492,
                0.2360456883907318,
                -0.7847313284873962
            ],
            "location_world": [
                0.7847313284873962,
                -0.04022260382771492,
                0.2360456883907318
            ],
            "name": "google_2_of_Jenga_Classic_Game_2",
            "projected_cuboid": [
                [
                    430.76711893081665,
                    -141.60597324371338
                ],
                [
                    382.8042149543762,
                    -136.75808906555176
                ],
                [
                    284.3906879425049,
                    74.40613210201263
                ],
                [
                    320.8177089691162,
                    87.15641498565674
                ],
                [
                    391.3295269012451,
                    -186.28311157226562
                ],
                [
                    343.5335159301758,
                    -177.24621295928955
                ],
                [
                    241.75986647605896,
                    50.06955564022064
                ],
                [
                    276.95298194885254,
                    61.56666576862335
                ],
                [
                    331.8534791469574,
                    -41.29594564437866
                ]
            ],
            "provenance": "nvisii",
            "quaternion_xyzw": [
                -0.5331460237503052,
                0.344424843788147,
                0.09506987780332565,
                0.766869306564331
            ],
            "quaternion_xyzw_world": [
                0.2415391057729721,
                0.007815848104655743,
                -0.4302603304386139,
                0.8697550296783447
            ],
            "segmentation_id": 3,
            "visibility": -1
        },
        {
            "bounding_box_minx_maxx_miny_maxy": [
                -1,
                -1,
                -1,
                -1
            ],
            "class": "2",
            "local_cuboid": null,
            "local_to_world_matrix": [
                [
                    -0.19926702976226807,
                    -0.6710556149482727,
                    -0.7141266465187073,
                    0.0
                ],
                [
                    -0.45826297998428345,
                    0.707960307598114,
                    -0.5373892784118652,
                    0.0
                ],
                [
                    0.8661914467811584,
                    0.22017380595207214,
                    -0.4485931396484375,
                    0.0
                ],
                [
                    1.2104487419128418,
                    0.3938075006008148,
                    -0.6019026637077332,
                    1.0
                ]
            ],
            "location": [
                -0.3938075006008148,
                -0.6019026637077332,
                -1.2104487419128418
            ],
            "location_world": [
                1.2104487419128418,
                0.3938075006008148,
                -0.6019026637077332
            ],
            "name": "google_2_of_Jenga_Classic_Game_3",
            "projected_cuboid": [
                [
                    85.6042355298996,
                    552.1450042724609
                ],
                [
                    56.054964661598206,
                    579.3530941009521
                ],
                [
                    47.38856852054596,
                    582.9405784606934
                ],
                [
                    83.33063125610352,
                    549.9852895736694
                ],
                [
                    65.90437889099121,
                    526.149570941925
                ],
                [
                    36.149993538856506,
                    552.3703694343567
                ],
                [
                    23.396790027618408,
                    550.2169132232666
                ],
                [
                    59.632450342178345,
                    518.703281879425
                ],
                [
                    57.710811495780945,
                    551.2803792953491
                ]
            ],
            "provenance": "nvisii",
            "quaternion_xyzw": [
                -0.8767320513725281,
                0.4055078625679016,
                0.005961552262306213,
                -0.25858986377716064
            ],
            "quaternion_xyzw_world": [
                -0.36788779497146606,
                0.7674341201782227,
                -0.10333637148141861,
                0.514805793762207
            ],
            "segmentation_id": 4,
            "visibility": -1
        },
        {
            "bounding_box_minx_maxx_miny_maxy": [
                -1,
                -1,
                -1,
                -1
            ],
            "class": "2",
            "local_cuboid": null,
            "local_to_world_matrix": [
                [
                    -0.4156184196472168,
                    -0.8771175146102905,
                    0.24067875742912292,
                    0.0
                ],
                [
                    0.15785107016563416,
                    -0.33016014099121094,
                    -0.9306327700614929,
                    0.0
                ],
                [
                    0.895736813545227,
                    -0.34879666566848755,
                    0.27567458152770996,
                    0.0
                ],
                [
                    1.2082213163375854,
                    0.5420430302619934,
                    0.01064958143979311,
                    1.0
                ]
            ],
            "location": [
                -0.5420430302619934,
                0.01064958143979311,
                -1.2082213163375854
            ],
            "location_world": [
                1.2082213163375854,
                0.5420430302619934,
                0.01064958143979311
            ],
            "name": "google_2_of_Jenga_Classic_Game_4",
            "projected_cuboid": [
                [
                    74.98833537101746,
                    191.60421192646027
                ],
                [
                    88.10943365097046,
                    224.61888194084167
                ],
                [
                    1.4598071575164795,
                    259.62918996810913
                ],
                [
                    -15.53240418434143,
                    219.719797372818
                ],
                [
                    50.641387701034546,
                    200.6431221961975
                ],
                [
                    63.691675662994385,
                    232.852041721344
                ],
                [
                    -25.839269161224365,
                    268.67958903312683
                ],
                [
                    -42.67284274101257,
                    229.94357347488403
                ],
                [
                    28.631746768951416,
                    227.04046964645386
                ]
            ],
            "provenance": "nvisii",
            "quaternion_xyzw": [
                0.9622222781181335,
                0.14831265807151794,
                0.19860664010047913,
                -0.11263658106327057
            ],
            "quaternion_xyzw_world": [
                0.3996458649635315,
                -0.44993987679481506,
                0.7108891010284424,
                -0.3639698028564453
            ],
            "segmentation_id": 5,
            "visibility": -1
        },
        {
            "bounding_box_minx_maxx_miny_maxy": [
                -1,
                -1,
                -1,
                -1
            ],
            "class": "2",
            "local_cuboid": null,
            "local_to_world_matrix": [
                [
                    0.12986451387405396,
                    0.7818734645843506,
                    0.6097615361213684,
                    0.0
                ],
                [
                    0.9835696220397949,
                    -0.17936062812805176,
                    0.020510584115982056,
                    0.0
                ],
                [
                    0.12540389597415924,
                    0.5970792770385742,
                    -0.7923195362091064,
                    0.0
                ],
                [
                    1.3870395421981812,
                    0.08548686653375626,
                    0.07787343114614487,
                    1.0
                ]
            ],
            "location": [
                -0.08548686653375626,
                0.07787343114614487,
                -1.3870395421981812
            ],
            "location_world": [
                1.3870395421981812,
                0.08548686653375626,
                0.07787343114614487
            ],
            "name": "google_2_of_Jenga_Classic_Game_5",
            "projected_cuboid": [
                [
                    120.21784484386444,
                    306.7299723625183
                ],
                [
                    133.76569747924805,
                    302.8145730495453
                ],
                [
                    204.21895384788513,
                    206.73218369483948
                ],
                [
                    194.63592767715454,
                    204.84551787376404
                ],
                [
                    146.28735184669495,
                    328.235924243927
                ],
                [
                    158.44739973545074,
                    323.0697512626648
                ],
                [
                    230.04287481307983,
                    226.81710124015808
                ],
                [
                    221.98668122291565,
                    226.16049647331238
                ],
                [
                    175.83709955215454,
                    266.25925302505493
                ]
            ],
            "provenance": "nvisii",
            "quaternion_xyzw": [
                0.2841741740703583,
                0.6942239999771118,
                -0.6395230293273926,
                -0.16825070977210999
            ],
            "quaternion_xyzw_world": [
                0.7248352766036987,
                0.6089118123054504,
                0.25356292724609375,
                -0.1988619714975357
            ],
            "segmentation_id": 6,
            "visibility": -1
        },
        {
            "bounding_box_minx_maxx_miny_maxy": [
                -1,
                -1,
                -1,
                -1
            ],
            "class": "2",
            "local_cuboid": null,
            "local_to_world_matrix": [
                [
                    -0.11696362495422363,
                    0.9885029792785645,
                    0.09581974148750305,
                    0.0
                ],
                [
                    0.6911364793777466,
                    0.15030300617218018,
                    -0.7069225311279297,
                    0.0
                ],
                [
                    -0.7131969928741455,
                    -0.016459673643112183,
                    -0.700770378112793,
                    0.0
                ],
                [
                    1.4586652517318726,
                    -0.42646634578704834,
                    -0.003180118976160884,
                    1.0
                ]
            ],
            "location": [
                0.42646634578704834,
                -0.003180118976160884,
                -1.4586652517318726
            ],
            "location_world": [
                1.4586652517318726,
                -0.42646634578704834,
                -0.003180118976160884
            ],
            "name": "google_2_of_Jenga_Classic_Game_6",
            "projected_cuboid": [
                [
                    447.78352975845337,
                    336.43972873687744
                ],
                [
                    432.72167444229126,
                    360.7417941093445
                ],
                [
                    405.1011800765991,
                    261.8928253650665
                ],
                [
                    416.8296456336975,
                    237.09532618522644
                ],
                [
                    484.6915602684021,
                    339.510977268219
                ],
                [
                    468.06058287620544,
                    363.49883675575256
                ],
                [
                    435.67806482315063,
                    264.87618684768677
                ],
                [
                    448.57531785964966,
                    240.3596192598343
                ],
                [
                    441.11427664756775,
                    297.0135807991028
                ]
            ],
            "provenance": "nvisii",
            "quaternion_xyzw": [
                -0.03613367676734924,
                0.376956045627594,
                -0.9231227040290833,
                -0.06665493547916412
            ],
            "quaternion_xyzw_world": [
                0.5986450910568237,
                0.7014337182044983,
                -0.257822722196579,
                -0.28834396600723267
            ],
            "segmentation_id": 7,
            "visibility": -1
        },
        {
            "bounding_box_minx_maxx_miny_maxy": [
                -1,
                -1,
                -1,
                -1
            ],
            "class": "2",
            "local_cuboid": null,
            "local_to_world_matrix": [
                [
                    0.9735503792762756,
                    0.21775303781032562,
                    0.06916089355945587,
                    0.0
                ],
                [
                    0.11606235802173615,
                    -0.21061086654663086,
                    -0.9706557393074036,
                    0.0
                ],
                [
                    -0.1967972069978714,
                    0.953009307384491,
                    -0.23031318187713623,
                    0.0
                ],
                [
                    0.8918951153755188,
                    0.37729740142822266,
                    -0.41435506939888,
                    1.0
                ]
            ],
            "location": [
                -0.37729740142822266,
                -0.41435506939888,
                -0.8918951153755188
            ],
            "location_world": [
                0.8918951153755188,
                0.37729740142822266,
                -0.41435506939888
            ],
            "name": "google_2_of_Jenga_Classic_Game_7",
            "projected_cuboid": [
                [
                    -218.13064813613892,
                    554.5214414596558
                ],
                [
                    -200.67453384399414,
                    607.4822545051575
                ],
                [
                    6.687372922897339,
                    542.0900583267212
                ],
                [
                    -7.488369941711426,
                    491.7266368865967
                ],
                [
                    -250.47200918197632,
                    588.2475972175598
                ],
                [
                    -230.94621300697327,
                    645.8743214607239
                ],
                [
                    -3.003925085067749,
                    572.060227394104
                ],
                [
                    -18.574565649032593,
                    517.4847841262817
                ],
                [
                    -111.1602783203125,
                    563.2425546646118
                ]
            ],
            "provenance": "nvisii",
            "quaternion_xyzw": [
                -0.6237197518348694,
                -0.11213837563991547,
                0.7722055912017822,
                -0.045794133096933365
            ],
            "quaternion_xyzw_world": [
                -0.7769289612770081,
                -0.10741503536701202,
                0.04107078164815903,
                0.6189964413642883
            ],
            "segmentation_id": 8,
            "visibility": -1
        },
        {
            "bounding_box_minx_maxx_miny_maxy": [
                -1,
                -1,
                -1,
                -1
            ],
            "class": "2",
            "local_cuboid": null,
            "local_to_world_matrix": [
                [
                    0.45302534103393555,
                    -0.1349458396434784,
                    0.8812251091003418,
                    0.0
                ],
                [
                    -0.43144914507865906,
                    0.8318194150924683,
                    0.3491820693016052,
                    0.0
                ],
                [
                    -0.7801408767700195,
                    -0.5383921265602112,
                    0.31861305236816406,
                    0.0
                ],
                [
                    1.735771656036377,
                    -0.11304067075252533,
                    -0.28979775309562683,
                    1.0
                ]
            ],
            "location": [
                0.11304067075252533,
                -0.28979775309562683,
                -1.735771656036377
            ],
            "location_world": [
                1.735771656036377,
                -0.11304067075252533,
                -0.28979775309562683
            ],
            "name": "google_2_of_Jenga_Classic_Game_8",
            "projected_cuboid": [
                [
                    371.48261070251465,
                    319.0901279449463
                ],
                [
                    346.2986350059509,
                    308.9556097984314
                ],
                [
                    278.9601683616638,
                    333.5811197757721
                ],
                [
                    302.28981375694275,
                    341.9059216976166
                ],
                [
                    370.1011538505554,
                    348.5458791255951
                ],
                [
                    344.2714512348175,
                    338.8943672180176
                ],
                [
                    275.78893303871155,
                    360.02376675605774
                ],
                [
                    299.6653616428375,
                    367.96504259109497
                ],
                [
                    321.3389217853546,
                    340.5393958091736
                ]
            ],
            "provenance": "nvisii",
            "quaternion_xyzw": [
                0.03749331831932068,
                0.32942959666252136,
                0.569212794303894,
                0.7523744106292725
            ],
            "quaternion_xyzw_world": [
                0.27504223585128784,
                -0.5148254632949829,
                0.0918806865811348,
                0.8067617416381836
            ],
            "segmentation_id": 9,
            "visibility": -1
        },
        {
            "bounding_box_minx_maxx_miny_maxy": [
                -1,
                -1,
                -1,
                -1
            ],
            "class": "2",
            "local_cuboid": null,
            "local_to_world_matrix": [
                [
                    -0.6819474697113037,
                    -0.08142003417015076,
                    0.7268558740615845,
                    0.0
                ],
                [
                    -0.5662895441055298,
                    -0.570166826248169,
                    -0.5951695442199707,
                    0.0
                ],
                [
                    0.4628875255584717,
                    -0.8174848556518555,
                    0.3427157402038574,
                    0.0
                ],
                [
                    1.2238773107528687,
                    0.05441373214125633,
                    -0.6893855333328247,
                    1.0
                ]
            ],
            "location": [
                -0.05441373214125633,
                -0.6893855333328247,
                -1.2238773107528687
            ],
            "location_world": [
                1.2238773107528687,
                0.05441373214125633,
                -0.6893855333328247
            ],
            "name": "google_2_of_Jenga_Classic_Game_9",
            "projected_cuboid": [
                [
                    322.7635622024536,
                    488.3168339729309
                ],
                [
                    347.63267636299133,
                    520.2105045318604
                ],
                [
                    236.03196442127228,
                    602.858304977417
                ],
                [
                    212.7794772386551,
                    564.1958117485046
                ],
                [
                    317.23764538764954,
                    503.7692189216614
                ],
                [
                    340.93061089515686,
                    534.9457263946533
                ],
                [
                    233.48475992679596,
                    615.5935525894165
                ],
                [
                    211.30913496017456,
                    578.0849456787109
                ],
                [
                    280.35739064216614,
                    548.771321773529
                ]
            ],
            "provenance": "nvisii",
            "quaternion_xyzw": [
                0.7313476204872131,
                0.4433673024177551,
                0.512557864189148,
                0.07642519474029541
            ],
            "quaternion_xyzw_world": [
                0.36929112672805786,
                -0.4384816884994507,
                0.8054237961769104,
                0.15050137042999268
            ],
            "segmentation_id": 10,
            "visibility": -1
        },
        {
            "bounding_box_minx_maxx_miny_maxy": [
                -1,
                -1,
                -1,
                -1
            ],
            "class": "2",
            "local_cuboid": null,
            "local_to_world_matrix": [
                [
                    0.8186760544776917,
                    0.20781658589839935,
                    -0.5353333353996277,
                    0.0
                ],
                [
                    0.27569252252578735,
                    -0.9599993228912354,
                    0.048939771950244904,
                    0.0
                ],
                [
                    -0.5037490725517273,
                    -0.18765321373939514,
                    -0.84322190284729,
                    0.0
                ],
                [
                    1.9509657621383667,
                    -0.7504573464393616,
                    -0.11834344267845154,
                    1.0
                ]
            ],
            "location": [
                0.7504573464393616,
                -0.11834344267845154,
                -1.9509657621383667
            ],
            "location_world": [
                1.9509657621383667,
                -0.7504573464393616,
                -0.11834344267845154
            ],
            "name": "google_2_of_Jenga_Classic_Game_10",
            "projected_cuboid": [
                [
                    500.266432762146,
                    378.2969117164612
                ],
                [
                    523.5915184020996,
                    375.33071637153625
                ],
                [
                    486.8272542953491,
                    291.5663719177246
                ],
                [
                    464.8088216781616,
                    293.3221757411957
                ],
                [
                    515.0729417800903,
                    368.5218393802643
                ],
                [
                    539.0496253967285,
                    365.5758202075958
                ],
                [
                    499.8769164085388,
                    279.75255250930786
                ],
                [
                    477.272093296051,
                    281.4235985279083
                ],
                [
                    500.0661611557007,
                    327.63582468032837
                ]
            ],
            "provenance": "nvisii",
            "quaternion_xyzw": [
                0.2446909248828888,
                0.43387994170188904,
                -0.6447142362594604,
                0.5798431634902954
            ],
            "quaternion_xyzw_world": [
                0.9515641331672668,
                0.12703008949756622,
                -0.272993266582489,
                0.062158968299627304
            ],
            "segmentation_id": 11,
            "visibility": -1
        },
        {
            "bounding_box_minx_maxx_miny_maxy": [
                -1,
                -1,
                -1,
                -1
            ],
            "class": "2",
            "local_cuboid": null,
            "local_to_world_matrix": [
                [
                    -0.26837587356567383,
                    -0.49612167477607727,
                    -0.8257348537445068,
                    0.0
                ],
                [
                    -0.24142780900001526,
                    -0.7951838970184326,
                    0.5562334060668945,
                    0.0
                ],
                [
                    -0.9325703382492065,
                    0.34863483905792236,
                    0.09363031387329102,
                    0.0
                ],
                [
                    0.9618719220161438,
                    -0.09943404793739319,
                    0.14067190885543823,
                    1.0
                ]
            ],
            "location": [
                0.09943404793739319,
                0.14067190885543823,
                -0.9618719220161438
            ],
            "location_world": [
                0.9618719220161438,
                -0.09943404793739319,
                0.14067190885543823
            ],
            "name": "google_2_of_Jenga_Classic_Game_11",
            "projected_cuboid": [
                [
                    235.59965193271637,
                    151.93244814872742
                ],
                [
                    295.7627773284912,
                    106.55142366886139
                ],
                [
                    347.82642126083374,
                    165.61225056648254
                ],
                [
                    303.6043643951416,
                    196.88403606414795
                ],
                [
                    202.77120172977448,
                    99.50223565101624
                ],
                [
                    260.11791825294495,
                    53.96457016468048
                ],
                [
                    321.1264908313751,
                    126.61227583885193
                ],
                [
                    278.41106057167053,
                    158.01940858364105
                ],
                [
                    285.4374647140503,
                    137.177973985672
                ]
            ],
            "provenance": "nvisii",
            "quaternion_xyzw": [
                -0.04277302324771881,
                0.17856480181217194,
                0.4690989851951599,
                -0.8638468384742737
            ],
            "quaternion_xyzw_world": [
                -0.5985770225524902,
                0.30804285407066345,
                0.7343688011169434,
                -0.08670502156019211
            ],
            "segmentation_id": 12,
            "visibility": -1
        },
        {
            "bounding_box_minx_maxx_miny_maxy": [
                -1,
                -1,
                -1,
                -1
            ],
            "class": "2",
            "local_cuboid": null,
            "local_to_world_matrix": [
                [
                    -0.2575174570083618,
                    -0.9110081791877747,
                    -0.32210081815719604,
                    0.0
                ],
                [
                    0.9579874873161316,
                    -0.2842681407928467,
                    0.03810012340545654,
                    0.0
                ],
                [
                    -0.126272514462471,
                    -0.2987571358680725,
                    0.9459384083747864,
                    0.0
                ],
                [
                    1.7446250915527344,
                    0.41999393701553345,
                    0.555901288986206,
                    1.0
                ]
            ],
            "location": [
                -0.41999393701553345,
                0.555901288986206,
                -1.7446250915527344
            ],
            "location_world": [
                1.7446250915527344,
                0.41999393701553345,
                0.555901288986206
            ],
            "name": "google_2_of_Jenga_Classic_Game_12",
            "projected_cuboid": [
                [
                    137.52064108848572,
                    -47.89629578590393
                ],
                [
                    151.09121799468994,
                    -35.14871001243591
                ],
                [
                    123.47155809402466,
                    64.73565101623535
                ],
                [
                    108.87758433818817,
                    57.03522264957428
                ],
                [
                    113.02456259727478,
                    -53.431153297424316
                ],
                [
                    127.56526470184326,
                    -40.57621955871582
                ],
                [
                    100.74150562286377,
                    58.2893043756485
                ],
                [
                    85.2479487657547,
                    50.37596821784973
                ],
                [
                    118.39550733566284,
                    7.320195436477661
                ]
            ],
            "provenance": "nvisii",
            "quaternion_xyzw": [
                -0.6608017086982727,
                0.014313191175460815,
                -0.21045443415641785,
                0.7203091382980347
            ],
            "quaternion_xyzw_world": [
                0.14213751256465912,
                0.08263010531663895,
                -0.7886260151863098,
                0.5924847722053528
            ],
            "segmentation_id": 13,
            "visibility": -1
        },
        {
            "bounding_box_minx_maxx_miny_maxy": [
                -1,
                -1,
                -1,
                -1
            ],
            "class": "2",
            "local_cuboid": null,
            "local_to_world_matrix": [
                [
                    -0.47329890727996826,
                    -0.47309285402297974,
