{
    "camera_data": {
        "camera_look_at": {
            "at": [
                1.0,
                0.0,
                0.0
            ],
            "eye": [
                0.0,
                0.0,
                0.0
            ],
            "up": [
                0.0,
                0.0,
                1.0
            ]
        },
        "camera_view_matrix": [
            [
                0.0,
                0.0,
                -1.0,
                0.0
            ],
            [
                -1.0,
                0.0,
                0.0,
                0.0
            ],
            [
                0.0,
                1.0,
                0.0,
                0.0
            ],
            [
                0.0,
                0.0,
                0.0,
                1.0
            ]
        ],
        "height": 500,
        "intrinsics": {
            "cx": 250.0,
            "cy": 250.0,
            "fx": 603.5535278320312,
            "fy": 603.5535278320312
        },
        "location_world": [
            0.0,
            0.0,
            0.0
        ],
        "quaternion_world_xyzw": [
            0.5,
            -0.5,
            -0.5,
            0.5
        ],
        "width": 500
    },
    "objects": [
        {
            "bounding_box_minx_maxx_miny_maxy": [
                -1,
                -1,
                -1,
                -1
            ],
            "class": "2",
            "local_cuboid": null,
            "local_to_world_matrix": [
                [
                    -0.6601301431655884,
                    0.1130841076374054,
                    0.7425905466079712,
                    0.0
                ],
                [
                    -0.7290903329849243,
                    0.14137256145477295,
                    -0.6696575880050659,
                    0.0
                ],
                [
                    -0.1807096302509308,
                    -0.9834765195846558,
                    -0.010875940322875977,
                    0.0
                ],
                [
                    1.8262821435928345,
                    -0.32835060358047485,
                    0.7795687913894653,
                    1.0
                ]
            ],
            "location": [
                0.32835060358047485,
                0.7795687913894653,
                -1.8262821435928345
            ],
            "location_world": [
                1.8262821435928345,
                -0.32835060358047485,
                0.7795687913894653
            ],
            "name": "google_2_of_Jenga_Classic_Game_0",
            "projected_cuboid": [
                [
                    459.4591557979584,
                    -33.04964303970337
                ],
                [
                    462.77371048927307,
                    -23.320376873016357
                ],
                [
                    358.4419786930084,
                    -16.25072956085205
                ],
                [
                    358.7307333946228,
                    -25.937169790267944
                ],
                [
                    456.4414620399475,
                    -5.679726600646973
                ],
                [
                    459.5533609390259,
                    4.715681076049805
                ],
                [
                    358.2976162433624,
                    10.770827531814575
                ],
                [
                    358.58312249183655,
                    0.4688650369644165
                ],
                [
                    408.270001411438,
                    -10.875940322875977
                ]
            ],
            "provenance": "nvisii",
            "quaternion_xyzw": [
                -0.5864861607551575,
                -0.2562796473503113,
                -0.7006160616874695,
                -0.3154235780239105
            ],
            "quaternion_xyzw_world": [
                -0.2287866324186325,
                0.6731230616569519,
                -0.613979160785675,
                -0.3429165482521057
            ],
            "segmentation_id": 1,
            "visibility": -1
        },
        {
            "bounding_box_minx_maxx_miny_maxy": [
                -1,
                -1,
                -1,
                -1
            ],
            "class": "2",
            "local_cuboid": null,
            "local_to_world_matrix": [
                [
                    -0.31513118743896484,
                    -0.840172529220581,
                    0.44136446714401245,
                    0.0
                ],
                [
                    -0.9157272577285767,
                    0.14703428745269775,
                    -0.37393128871917725,
                    0.0
                ],
                [
                    0.24927103519439697,
                    -0.5220068097114563,
                    -0.8157039880752563,
                    0.0
                ],
                [
                    1.549225091934204,
                    -0.4239937961101532,
                    -0.5407677292823792,
                    1.0
                ]
            ],
            "location": [
                0.4239937961101532,
                -0.5407677292823792,
                -1.549225091934204
            ],
            "location_world": [
                1.549225091934204,
                -0.4239937961101532,
                -0.5407677292823792
            ],
            "name": "google_2_of_Jenga_Classic_Game_1",
            "projected_cuboid": [
                [
                    475.4878282546997,
                    523.0996012687683
                ],
                [
                    481.8163514137268,
                    548.6717224121094
                ],
                [
                    431.65573477745056,
                    467.19950437545776
                ],
                [
                    427.4965822696686,
                    444.44411993026733
                ],
                [
                    448.2291340827942,
                    531.6016674041748
                ],
                [
                    453.1382918357849,
                    557.1872591972351
                ],
                [
                    402.4254083633423,
                    477.4520695209503
                ],
                [
                    399.74313974380493,
                    454.55479621887207
                ],
                [
                    440.399706363678,
                    501.17748975753784
                ]
            ],
            "provenance": "nvisii",
            "quaternion_xyzw": [
                -0.784757137298584,
                -0.09376470744609833,
                -0.26668694615364075,
                -0.551581859588623
            ],
            "quaternion_xyzw_world": [
                -0.5817083716392517,
                0.7546306252479553,
                -0.2968134582042694,
                -0.06363822519779205
            ],
            "segmentation_id": 2,
            "visibility": -1
        },
        {
            "bounding_box_minx_maxx_miny_maxy": [
                -1,
                -1,
                -1,
                -1
            ],
            "class": "2",
            "local_cuboid": null,
            "local_to_world_matrix": [
                [
                    0.7140203714370728,
                    0.6767356395721436,
                    0.17945441603660583,
                    0.0
                ],
                [
                    -0.5318734645843506,
                    0.6909899711608887,
                    -0.489533931016922,
                    0.0
                ],
                [
                    -0.4552862346172333,
                    0.25409016013145447,
                    0.8533186316490173,
                    0.0
                ],
                [
                    0.7914372086524963,
                    0.025544380769133568,
                    0.30446022748947144,
                    1.0
                ]
            ],
            "location": [
                -0.025544380769133568,
                0.30446022748947144,
                -0.7914372086524963
            ],
            "location_world": [
                0.7914372086524963,
                0.025544380769133568,
                0.30446022748947144
            ],
            "name": "google_2_of_Jenga_Classic_Game_2",
            "projected_cuboid": [
                [
                    167.22342371940613,
                    -244.94412541389465
                ],
                [
                    108.60452055931091,
                    -240.84889888763428
                ],
                [
                    188.3879452943802,
                    29.75885570049286
                ],
                [
                    233.4938794374466,
                    11.87773048877716
                ],
                [
                    209.44297313690186,
                    -274.56438541412354
                ],
                [
                    148.5113799571991,
                    -272.2780704498291
                ],
                [
                    227.19712555408478,
                    24.5467871427536
                ],
                [
                    273.318350315094,
                    5.681708455085754
                ],
                [
                    197.86697626113892,
                    -107.24791884422302
                ]
            ],
            "provenance": "nvisii",
            "quaternion_xyzw": [
                -0.2989615797996521,
                0.4277603030204773,
                0.8095609545707703,
                0.26880139112472534
            ],
            "quaternion_xyzw_world": [
                -0.20598043501377106,
                -0.1758202314376831,
                0.33477914333343506,
                0.9025421142578125
            ],
            "segmentation_id": 3,
            "visibility": -1
        },
        {
            "bounding_box_minx_maxx_miny_maxy": [
                -1,
                -1,
                -1,
                -1
            ],
            "class": "2",
            "local_cuboid": null,
            "local_to_world_matrix": [
                [
                    0.3026224374771118,
                    0.6338843107223511,
                    -0.7117656469345093,
                    0.0
                ],
                [
                    -0.6038271188735962,
                    -0.4502887725830078,
                    -0.6577483415603638,
                    0.0
                ],
                [
                    -0.7374364137649536,
                    0.6288328170776367,
                    0.24648898839950562,
                    0.0
                ],
                [
                    1.7074581384658813,
                    0.5783886313438416,
                    0.08909539133310318,
                    1.0
                ]
            ],
            "location": [
                -0.5783886313438416,
                0.08909539133310318,
                -1.7074581384658813
            ],
            "location_world": [
                1.7074581384658813,
                0.5783886313438416,
                0.08909539133310318
            ],
            "name": "google_2_of_Jenga_Classic_Game_3",
            "projected_cuboid": [
                [
                    -68.08921694755554,
                    186.53681874275208
                ],
                [
                    -63.53744864463806,
                    207.02029764652252
                ],
                [
                    41.779786348342896,
                    238.13948035240173
                ],
                [
                    34.71249341964722,
                    219.2753404378891
                ],
                [
                    -53.087472915649414,
                    163.02227973937988
                ],
                [
                    -47.93506860733032,
                    183.017760515213
                ],
                [
                    56.875213980674744,
                    217.67763793468475
                ],
                [
                    49.2626428604126,
                    199.15801286697388
                ],
                [
                    -2.8623640537261963,
                    202.79119908809662
                ]
            ],
            "provenance": "nvisii",
            "quaternion_xyzw": [
                -0.2675946354866028,
                0.24428445100784302,
                0.8702110052108765,
                -0.3338426947593689
            ],
            "quaternion_xyzw_world": [
                -0.613681972026825,
                -0.012244611978530884,
                0.5903717875480652,
                0.5241237282752991
            ],
            "segmentation_id": 4,
            "visibility": -1
        },
        {
            "bounding_box_minx_maxx_miny_maxy": [
                -1,
                -1,
                -1,
                -1
            ],
            "class": "2",
            "local_cuboid": null,
            "local_to_world_matrix": [
                [
                    -0.48256421089172363,
                    -0.7955421209335327,
                    0.3663941025733948,
                    0.0
                ],
                [
                    -0.7446808815002441,
                    0.15245234966278076,
                    -0.6497758030891418,
                    0.0
                ],
                [
                    0.4610663652420044,
                    -0.5864052176475525,
                    -0.6659930944442749,
                    0.0
                ],
                [
                    1.3928862810134888,
                    0.6668998599052429,
                    0.19753211736679077,
                    1.0
                ]
            ],
            "location": [
                -0.6668998599052429,
                0.19753211736679077,
                -1.3928862810134888
            ],
            "location_world": [
                1.3928862810134888,
                0.6668998599052429,
                0.19753211736679077
            ],
            "name": "google_2_of_Jenga_Classic_Game_4",
            "projected_cuboid": [
                [
                    70.57800889015198,
                    232.40499198436737
                ],
                [
                    57.68042802810669,
                    254.07418608665466
                ],
                [
                    -38.62300515174866,
                    167.0214682817459
                ],
                [
                    -20.180433988571167,
                    147.17070758342743
                ],
                [
                    50.90366303920746,
                    243.88408660888672
                ],
                [
                    37.51365840435028,
                    265.4852271080017
                ],
                [
                    -58.1015944480896,
                    181.94617331027985
                ],
                [
                    -39.29680585861206,
                    161.96878254413605
                ],
                [
                    9.751766920089722,
                    208.55340361595154
                ]
            ],
            "provenance": "nvisii",
            "quaternion_xyzw": [
                -0.8524060249328613,
                -0.06274642050266266,
                -0.313515305519104,
                -0.41373300552368164
            ],
            "quaternion_xyzw_world": [
                -0.5076850652694702,
                0.7584539651870728,
                -0.40746739506721497,
                0.0312056802213192
            ],
            "segmentation_id": 5,
            "visibility": -1
        },
        {
            "bounding_box_minx_maxx_miny_maxy": [
                -1,
                -1,
                -1,
                -1
            ],
            "class": "2",
            "local_cuboid": null,
            "local_to_world_matrix": [
                [
                    0.5908769965171814,
                    0.40241360664367676,
                    0.6992336511611938,
                    0.0
                ],
                [
                    0.5942590236663818,
                    -0.803284764289856,
                    -0.03987409174442291,
                    0.0
                ],
                [
                    0.545637845993042,
                    0.43908655643463135,
                    -0.713780403137207,
                    0.0
                ],
                [
                    1.7425552606582642,
                    0.12445265799760818,
                    -0.3885526955127716,
                    1.0
                ]
            ],
            "location": [
                -0.12445265799760818,
                -0.3885526955127716,
                -1.7425552606582642
            ],
            "location_world": [
                1.7425552606582642,
                0.12445265799760818,
                -0.3885526955127716
            ],
            "name": "google_2_of_Jenga_Classic_Game_5",
            "projected_cuboid": [
                [
                    153.9093554019928,
                    430.3545355796814
                ],
                [
                    177.3720681667328,
                    426.75626277923584
                ],
                [
                    214.13199603557587,
                    372.222363948822
                ],
                [
                    189.58067893981934,
                    374.5781183242798
                ],
                [
                    161.82993352413177,
                    452.85189151763916
                ],
                [
                    185.65836548805237,
                    448.5724866390228
                ],
                [
                    224.15778040885925,
                    394.57473158836365
                ],
                [
                    199.2279291152954,
                    397.6573944091797
                ],
                [
                    187.53185868263245,
                    413.22946548461914
                ]
            ],
            "provenance": "nvisii",
            "quaternion_xyzw": [
                0.5438516139984131,
                0.6906839609146118,
                -0.4734579920768738,
                0.05494207143783569
            ],
            "quaternion_xyzw_world": [
                0.8814678192138672,
                0.2826741337776184,
                0.3530677556991577,
                -0.13584178686141968
            ],
            "segmentation_id": 6,
            "visibility": -1
        },
        {
            "bounding_box_minx_maxx_miny_maxy": [
                -1,
                -1,
                -1,
                -1
            ],
            "class": "2",
            "local_cuboid": null,
            "local_to_world_matrix": [
                [
                    -0.5077052116394043,
                    -0.0591871440410614,
                    0.8594955205917358,
                    0.0
                ],
                [
                    -0.4196125566959381,
                    -0.8543201684951782,
                    -0.30669641494750977,
                    0.0
                ],
                [
                    0.752436637878418,
                    -0.5163664221763611,
                    0.40890687704086304,
                    0.0
                ],
                [
                    1.724349021911621,
                    0.5533624291419983,
                    -0.7998601198196411,
                    1.0
                ]
            ],
            "location": [
                -0.5533624291419983,
                -0.7998601198196411,
                -1.724349021911621
            ],
            "location_world": [
                1.724349021911621,
                0.5533624291419983,
                -0.7998601198196411
            ],
            "name": "google_2_of_Jenga_Classic_Game_6",
            "projected_cuboid": [
                [
                    114.3934577703476,
                    446.9238817691803
                ],
                [
                    134.71108675003052,
                    458.78249406814575
                ],
                [
                    65.71413576602936,
                    528.7302136421204
                ],
                [
                    44.22296583652496,
                    513.9189958572388
                ],
                [
                    115.71197211742401,
                    463.5925590991974
                ],
                [
                    135.63556969165802,
                    475.51053762435913
                ],
                [
                    68.35669279098511,
                    545.9651947021484
                ],
                [
                    47.30084538459778,
                    531.1440229415894
                ],
                [
                    92.72511303424835,
                    493.54004859924316
                ]
            ],
            "provenance": "nvisii",
            "quaternion_xyzw": [
                0.7277225255966187,
                0.5887599587440491,
                0.35180699825286865,
                0.0036777853965759277
            ],
            "quaternion_xyzw_world": [
                0.4841766357421875,
                -0.24722367525100708,
                0.8323058485984802,
                0.1082611083984375
            ],
            "segmentation_id": 7,
            "visibility": -1
        },
        {
            "bounding_box_minx_maxx_miny_maxy": [
                -1,
                -1,
                -1,
                -1
            ],
            "class": "2",
            "local_cuboid": null,
            "local_to_world_matrix": [
                [
                    -0.607210636138916,
                    0.6062312722206116,
                    -0.5135939717292786,
                    0.0
                ],
                [
                    -0.07992684841156006,
                    -0.689730167388916,
                    -0.7196415066719055,
                    0.0
                ],
                [
                    -0.7905104756355286,
                    -0.39592403173446655,
                    0.4672657251358032,
                    0.0
                ],
                [
                    1.918068766593933,
                    0.6202115416526794,
                    -0.17107148468494415,
                    1.0
                ]
            ],
            "location": [
                -0.6202115416526794,
                -0.17107148468494415,
                -1.918068766593933
            ],
            "location_world": [
                1.918068766593933,
                0.6202115416526794,
                -0.17107148468494415
            ],
            "name": "google_2_of_Jenga_Classic_Game_7",
            "projected_cuboid": [
                [
                    48.06523025035858,
                    258.84538888931274
                ],
                [
                    68.42117011547089,
                    280.97668290138245
                ],
                [
                    53.679779171943665,
                    320.76215744018555
                ],
                [
                    35.853371024131775,
                    301.1825382709503
                ],
                [
                    70.54241001605988,
                    244.33547258377075
                ],
                [
                    90.41619300842285,
                    265.7886743545532
                ],
                [
                    73.41925799846649,
                    306.4001500606537
                ],
                [
                    55.96330761909485,
                    287.35238313674927
                ],
                [
                    61.69886887073517,
                    284.417062997818
                ]
            ],
            "provenance": "nvisii",
            "quaternion_xyzw": [
                0.2841213345527649,
                0.15498322248458862,
                0.8826640248298645,
                -0.34082168340682983
            ],
            "quaternion_xyzw_world": [
                -0.3921905755996704,
                -0.33549022674560547,
                0.8312951326370239,
                0.2063521444797516
            ],
            "segmentation_id": 8,
            "visibility": -1
        },
        {
            "bounding_box_minx_maxx_miny_maxy": [
                -1,
                -1,
                -1,
                -1
            ],
            "class": "2",
            "local_cuboid": null,
            "local_to_world_matrix": [
                [
                    0.0824049711227417,
                    -0.9208661317825317,
                    0.3810707628726959,
                    0.0
                ],
                [
                    0.1306498944759369,
                    0.3890532851219177,
                    0.9119036197662354,
                    0.0
                ],
                [
                    -0.9879980087280273,
                    -0.025358468294143677,
                    0.15237104892730713,
                    0.0
                ],
                [
                    1.8575756549835205,
                    -0.7188733220100403,
                    -0.413422167301178,
                    1.0
                ]
            ],
            "location": [
                0.7188733220100403,
                -0.413422167301178,
                -1.8575756549835205
            ],
            "location_world": [
                1.8575756549835205,
                -0.7188733220100403,
                -0.413422167301178
            ],
            "name": "google_2_of_Jenga_Classic_Game_8",
            "projected_cuboid": [
                [
                    550.108015537262,
                    401.1748433113098
                ],
                [
                    535.4427099227905,
                    370.66227197647095
                ],
                [
                    488.90912532806396,
                    366.3973808288574
                ],
                [
                    501.0164976119995,
                    392.13836193084717
                ],
                [
                    523.2565402984619,
                    413.4337306022644
                ],
                [
                    508.7190866470337,
                    382.708877325058
                ],
                [
                    466.1696255207062,
                    376.5597939491272
                ],
                [
                    478.18389534950256,
                    402.45193243026733
                ],
                [
                    504.5486092567444,
                    387.814462184906
                ]
            ],
            "provenance": "nvisii",
            "quaternion_xyzw": [
                -0.07239577174186707,
                0.02756550908088684,
                0.1969950944185257,
                0.9773392081260681
            ],
            "quaternion_xyzw_world": [
                0.3677569329738617,
                -0.5371865034103394,
                -0.4125871956348419,
                0.6371477842330933
            ],
            "segmentation_id": 9,
            "visibility": -1
        },
        {
            "bounding_box_minx_maxx_miny_maxy": [
                -1,
                -1,
                -1,
                -1
            ],
            "class": "2",
            "local_cuboid": null,
            "local_to_world_matrix": [
                [
                    -0.3209949731826782,
                    0.34978994727134705,
                    -0.8801188468933105,
                    0.0
                ],
                [
                    -0.7655607461929321,
                    0.4512630105018616,
                    0.4585612714290619,
                    0.0
                ],
                [
                    0.5575652122497559,
                    0.8209803104400635,
                    0.12293225526809692,
                    0.0
                ],
                [
                    0.8733202219009399,
                    0.31033769249916077,
                    -0.460000604391098,
                    1.0
                ]
            ],
            "location": [
                -0.31033769249916077,
                -0.460000604391098,
                -0.8733202219009399
            ],
            "location_world": [
                0.8733202219009399,
                0.31033769249916077,
                -0.460000604391098
            ],
            "name": "google_2_of_Jenga_Classic_Game_9",
            "projected_cuboid": [
                [
                    -61.45474314689636,
                    523.3256816864014
                ],
                [
                    -104.96702790260315,
                    517.5741314888
                ],
                [
                    -0.03221631050109863,
                    596.343994140625
                ],
                [
                    43.819740414619446,
                    597.442626953125
                ],
                [
                    -38.756728172302246,
                    478.1665802001953
                ],
                [
                    -79.7417163848877,
                    469.68668699264526
                ],
                [
                    26.892900466918945,
                    536.9843244552612
                ],
                [
                    67.64036417007446,
                    542.2310829162598
                ],
                [
                    -21.958082914352417,
                    529.431939125061
                ]
            ],
            "provenance": "nvisii",
            "quaternion_xyzw": [
                -0.4327857494354248,
                0.7690768241882324,
                0.2888180613517761,
                -0.3712162971496582
            ],
            "quaternion_xyzw_world": [
                -0.16187165677547455,
                0.6421303749084473,
                0.4981626868247986,
                0.5597321391105652
            ],
            "segmentation_id": 10,
            "visibility": -1
        },
        {
            "bounding_box_minx_maxx_miny_maxy": [
                -1,
                -1,
                -1,
                -1
            ],
            "class": "2",
            "local_cuboid": null,
            "local_to_world_matrix": [
                [
                    0.2999945282936096,
                    -0.5655013918876648,
                    -0.7682523727416992,
                    0.0
                ],
                [
                    0.1549426168203354,
                    0.82353675365448,
                    -0.5456922650337219,
                    0.0
                ],
                [
                    0.9412738084793091,
                    0.0446697473526001,
                    0.33467674255371094,
                    0.0
                ],
                [
                    1.7019073963165283,
                    -0.578659176826477,
                    0.012077819555997849,
                    1.0
                ]
            ],
            "location": [
                0.578659176826477,
                0.012077819555997849,
                -1.7019073963165283
            ],
            "location_world": [
                1.7019073963165283,
                -0.578659176826477,
                0.012077819555997849
            ],
            "name": "google_2_of_Jenga_Classic_Game_10",
            "projected_cuboid": [
                [
                    439.61066007614136,
                    218.756765127182
                ],
                [
                    417.33214259147644,
                    232.8999787569046
                ],
                [
                    448.6539959907532,
                    264.4653022289276
                ],
                [
                    474.7605323791504,
                    248.28621745109558
                ],
                [
                    428.1539022922516,
                    199.7021585702896
                ],
                [
                    405.6839942932129,
                    214.1416072845459
                ],
                [
                    435.555100440979,
                    243.10731887817383
                ],
                [
                    461.92681789398193,
                    226.53481364250183
                ],
                [
                    437.7402663230896,
                    229.98706996440887
                ]
            ],
            "provenance": "nvisii",
            "quaternion_xyzw": [
                -0.8735656142234802,
                0.45554372668266296,
                0.09863725304603577,
                0.14012101292610168
            ],
            "quaternion_xyzw_world": [
                -0.18826907873153687,
                0.5451755523681641,
                -0.2297528237104416,
                0.7839338183403015
            ],
            "segmentation_id": 11,
            "visibility": -1
        },
        {
            "bounding_box_minx_maxx_miny_maxy": [
                -1,
                -1,
                -1,
                -1
            ],
            "class": "2",
            "local_cuboid": null,
            "local_to_world_matrix": [
                [
                    0.9083806276321411,
                    -0.4176996052265167,
                    0.019278371706604958,
                    0.0
                ],
                [
                    0.4170021712779999,
                    0.9083415269851685,
                    0.03201378881931305,
                    0.0
                ],
                [
                    -0.030883492901921272,
                    -0.02104158326983452,
                    0.9993014931678772,
                    0.0
                ],
                [
                    1.853190302848816,
                    0.1557110995054245,
                    0.5046762824058533,
                    1.0
                ]
            ],
            "location": [
                -0.1557110995054245,
                0.5046762824058533,
                -1.853190302848816
            ],
            "location_world": [
                1.853190302848816,
                0.1557110995054245,
                0.5046762824058533
            ],
            "name": "google_2_of_Jenga_Classic_Game_11",
            "projected_cuboid": [
                [
                    219.30380165576935,
                    -7.960766553878784
                ],
                [
                    195.4781711101532,
                    -4.033923149108887
                ],
                [
                    193.7905102968216,
                    89.57034349441528
                ],
                [
                    217.46951341629028,
                    87.42359280586243
                ],
                [
                    206.96932077407837,
                    -17.771124839782715
                ],
                [
                    182.44650959968567,
                    -13.500988483428955
                ],
                [
                    180.75698614120483,
                    83.80530774593353
                ],
                [
                    205.12381196022034,
                    81.46032691001892
                ],
                [
                    200.17336308956146,
                    37.581875920295715
                ]
            ],
            "provenance": "nvisii",
            "quaternion_xyzw": [
                -0.5819798707962036,
                0.3819131553173065,
                0.3811725676059723,
                0.6083989143371582
            ],
            "quaternion_xyzw_world": [
                0.013579814694821835,
                -0.01283920556306839,
                -0.2136465162038803,
                0.9767322540283203
            ],
            "segmentation_id": 12,
            "visibility": -1
        },
        {
            "bounding_box_minx_maxx_miny_maxy": [
                -1,
                -1,
                -1,
                -1
            ],
            "class": "2",
            "local_cuboid": null,
            "local_to_world_matrix": [
                [
                    0.4659995436668396,
                    -0.8816230893135071,
                    -0.07473340630531311,
                    0.0
                ],
                [
                    0.8448478579521179,
                    0.4182851314544678,
                    0.33357104659080505,
                    0.0
                ],
                [
                    -0.26282408833503723,
                    -0.21858230233192444,
                    0.9397580623626709,
                    0.0
                ],
                [
                    1.9419859647750854,
                    0.8072890639305115,
                    0.43827053904533386,
                    1.0
                ]
            ],
            "location": [
                -0.8072890639305115,
                0.43827053904533386,
                -1.9419859647750854
            ],
            "location_world": [
                1.9419859647750854,
                0.8072890639305115,
                0.43827053904533386
            ],
            "name": "google_2_of_Jenga_Classic_Game_12",
            "projected_cuboid": [
                [
                    24.30368959903717,
                    22.76115119457245
                ],
                [
                    21.585717797279358,
                    22.349998354911804
                ],
                [
                    11.064708232879639,
                    114.11017179489136
                ],
                [
                    13.284295797348022,
                    117.90600419044495
                ],
                [
                    -3.4542083740234375,
                    16.18412137031555
                ],
                [
                    -5.173385143280029,
                    16.014188528060913
                ],
                [
                    -14.843255281448364,
                    109.74432528018951
                ],
                [
                    -13.559430837631226,
                    113.4490966796875
                ],
                [
                    4.157781600952148,
                    67.5247311592102
                ]
            ],
            "provenance": "nvisii",
            "quaternion_xyzw": [
                -0.5668394565582275,
                0.2174418568611145,
                0.10912138968706131,
                0.7870860695838928
            ],
            "quaternion_xyzw_world": [
                0.16428355872631073,
                -0.05596308782696724,
                -0.513681173324585,
                0.8402444124221802
            ],
            "segmentation_id": 13,
            "visibility": -1
        },
        {
            "bounding_box_minx_maxx_miny_maxy": [
                -1,
                -1,
                -1,
                -1
            ],
            "class": "2",
            "local_cuboid": null,
            "local_to_world_matrix": [
                [
                    0.12931019067764282,
                    0.5469672679901123,
                    0.8271068334579468,
