{
    "camera_data": {
        "camera_look_at": {
            "at": [
                1.0,
                0.0,
                0.0
            ],
            "eye": [
                0.0,
                0.0,
                0.0
            ],
            "up": [
                0.0,
                0.0,
                1.0
            ]
        },
        "camera_view_matrix": [
            [
                0.0,
                0.0,
                -1.0,
                0.0
            ],
            [
                -1.0,
                0.0,
                0.0,
                0.0
            ],
            [
                0.0,
                1.0,
                0.0,
                0.0
            ],
            [
                0.0,
                0.0,
                0.0,
                1.0
            ]
        ],
        "height": 500,
        "intrinsics": {
            "cx": 250.0,
            "cy": 250.0,
            "fx": 603.5535278320312,
            "fy": 603.5535278320312
        },
        "location_world": [
            0.0,
            0.0,
            0.0
        ],
        "quaternion_world_xyzw": [
            0.5,
            -0.5,
            -0.5,
            0.5
        ],
        "width": 500
    },
    "objects": [
        {
            "bounding_box_minx_maxx_miny_maxy": [
                -1,
                -1,
                -1,
                -1
            ],
            "class": "2",
            "local_cuboid": null,
            "local_to_world_matrix": [
                [
                    -0.17513668537139893,
                    0.6205518245697021,
                    -0.7643579244613647,
                    0.0
                ],
                [
                    0.44689643383026123,
                    0.7418763041496277,
                    0.4999031722545624,
                    0.0
                ],
                [
                    0.8772748708724976,
                    -0.254037469625473,
                    -0.4072521924972534,
                    0.0
                ],
                [
                    1.680864930152893,
                    0.12164069712162018,
                    -0.6826831102371216,
                    1.0
                ]
            ],
            "location": [
                -0.12164069712162018,
                -0.6826831102371216,
                -1.680864930152893
            ],
            "location_world": [
                1.680864930152893,
                0.12164069712162018,
                -0.6826831102371216
            ],
            "name": "google_2_of_Jenga_Classic_Game_0",
            "projected_cuboid": [
                [
                    237.19361424446106,
                    519.3251371383667
                ],
                [
                    218.04344654083252,
                    501.03968381881714
                ],
                [
                    186.74950301647186,
                    496.6279864311218
                ],
                [
                    208.15114676952362,
                    517.643928527832
                ],
                [
                    252.63294577598572,
                    498.48824739456177
                ],
                [
                    233.32077264785767,
                    480.7320833206177
                ],
                [
                    204.57403361797333,
                    473.30692410469055
                ],
                [
                    226.20151937007904,
                    493.6215877532959
                ],
                [
                    221.8066155910492,
                    497.6179003715515
                ]
            ],
            "provenance": "nvisii",
            "quaternion_xyzw": [
                -0.4349770247936249,
                0.8656976819038391,
                -0.24666474759578705,
                0.02278534695506096
            ],
            "quaternion_xyzw_world": [
                0.35008540749549866,
                0.7622770667076111,
                0.08063528686761856,
                0.5383976697921753
            ],
            "segmentation_id": 1,
            "visibility": -1
        },
        {
            "bounding_box_minx_maxx_miny_maxy": [
                -1,
                -1,
                -1,
                -1
            ],
            "class": "2",
            "local_cuboid": null,
            "local_to_world_matrix": [
                [
                    -0.11508917808532715,
                    0.4396776854991913,
                    0.8907514810562134,
                    0.0
                ],
                [
                    -0.9933500289916992,
                    -0.04804885387420654,
                    -0.10462835431098938,
                    0.0
                ],
                [
                    -0.00320318341255188,
                    -0.8968695402145386,
                    0.4422836899757385,
                    0.0
                ],
                [
                    0.7430840134620667,
                    0.611441433429718,
                    -0.3977106213569641,
                    1.0
                ]
            ],
            "location": [
                -0.611441433429718,
                -0.3977106213569641,
                -0.7430840134620667
            ],
            "location_world": [
                0.7430840134620667,
                0.611441433429718,
                -0.3977106213569641
            ],
            "name": "google_2_of_Jenga_Classic_Game_1",
            "projected_cuboid": [
                [
                    -35.54853796958923,
                    427.2780418395996
                ],
                [
                    -66.45545363426208,
                    456.3155770301819
                ],
                [
                    -292.9982542991638,
                    567.9658055305481
                ],
                [
                    -237.78358101844788,
                    526.9647836685181
                ],
                [
                    -5.7173967361450195,
                    479.01302576065063
                ],
                [
                    -32.67595171928406,
                    513.8336420059204
                ],
                [
                    -256.3491463661194,
                    623.9712238311768
                ],
                [
                    -205.66236972808838,
                    577.4922966957092
                ],
                [
                    -140.4588520526886,
                    520.7339525222778
                ]
            ],
            "provenance": "nvisii",
            "quaternion_xyzw": [
                0.40673935413360596,
                0.577028214931488,
                0.6219946146011353,
                0.3387097716331482
            ],
            "quaternion_xyzw_world": [
                0.3502413332462311,
                -0.3952077627182007,
                0.6335262060165405,
                0.5654966235160828
            ],
            "segmentation_id": 2,
            "visibility": -1
        },
        {
            "bounding_box_minx_maxx_miny_maxy": [
                -1,
                -1,
                -1,
                -1
            ],
            "class": "2",
            "local_cuboid": null,
            "local_to_world_matrix": [
                [
                    -0.4873788356781006,
                    0.3421475291252136,
                    0.8033663034439087,
                    0.0
                ],
                [
                    0.8721951842308044,
                    0.14683055877685547,
                    0.46660116314888,
                    0.0
                ],
                [
                    0.041687577962875366,
                    0.9281035661697388,
                    -0.3699817657470703,
                    0.0
                ],
                [
                    1.817003846168518,
                    -0.41528865694999695,
                    -0.5373101830482483,
                    1.0
                ]
            ],
            "location": [
                0.41528865694999695,
                -0.5373101830482483,
                -1.817003846168518
            ],
            "location_world": [
                1.817003846168518,
                -0.41528865694999695,
                -0.5373101830482483
            ],
            "name": "google_2_of_Jenga_Classic_Game_2",
            "projected_cuboid": [
                [
                    296.601265668869,
                    465.61264991760254
                ],
                [
                    290.69092869758606,
                    444.1379904747009
                ],
                [
                    380.14835119247437,
                    409.8726809024811
                ],
                [
                    389.84084129333496,
                    430.0627112388611
                ],
                [
                    304.604709148407,
                    482.1510910987854
                ],
                [
                    298.5022962093353,
                    460.4683816432953
                ],
                [
                    386.17417216300964,
                    427.01256275177
                ],
                [
                    395.9062099456787,
                    447.4727511405945
                ],
                [
                    342.6150381565094,
                    445.78373432159424
                ]
            ],
            "provenance": "nvisii",
            "quaternion_xyzw": [
                0.24131879210472107,
                0.6801537275314331,
                -0.45657938718795776,
                -0.5202802419662476
            ],
            "quaternion_xyzw_world": [
                0.4288858473300934,
                0.7078472971916199,
                0.4925867021083832,
                -0.26901236176490784
            ],
            "segmentation_id": 3,
            "visibility": -1
        },
        {
            "bounding_box_minx_maxx_miny_maxy": [
                -1,
                -1,
                -1,
                -1
            ],
            "class": "2",
            "local_cuboid": null,
            "local_to_world_matrix": [
                [
                    -0.05465221405029297,
                    0.9921936988830566,
                    0.11209243535995483,
                    0.0
                ],
                [
                    0.273149698972702,
                    0.12283414602279663,
                    -0.9540969133377075,
                    0.0
                ],
                [
                    -0.9604178071022034,
                    -0.021525472402572632,
                    -0.27773070335388184,
                    0.0
                ],
                [
                    1.793308973312378,
                    -0.7486839294433594,
                    0.708301305770874,
                    1.0
                ]
            ],
            "location": [
                0.7486839294433594,
                0.708301305770874,
                -1.793308973312378
            ],
            "location_world": [
                1.793308973312378,
                -0.7486839294433594,
                0.708301305770874
            ],
            "name": "google_2_of_Jenga_Classic_Game_3",
            "projected_cuboid": [
                [
                    540.3052568435669,
                    -20.521700382232666
                ],
                [
                    531.7937731742859,
                    15.52155613899231
                ],
                [
                    485.8352541923523,
                    24.850308895111084
                ],
                [
                    492.409348487854,
                    -5.3902268409729
                ],
                [
                    570.8956718444824,
                    -16.19592308998108
                ],
                [
                    561.9460344314575,
                    19.680187106132507
                ],
                [
                    511.4160180091858,
                    28.341040015220642
                ],
                [
                    518.3050036430359,
                    -1.7813146114349365
                ],
                [
                    524.5153903961182,
                    6.185069680213928
                ]
            ],
            "provenance": "nvisii",
            "quaternion_xyzw": [
                -0.019270479679107666,
                0.13935473561286926,
                -0.9882698059082031,
                -0.059428781270980835
            ],
            "quaternion_xyzw_world": [
                0.5244626402854919,
                0.6031618714332581,
                -0.40437835454940796,
                -0.44453665614128113
            ],
            "segmentation_id": 4,
            "visibility": -1
        },
        {
            "bounding_box_minx_maxx_miny_maxy": [
                -1,
                -1,
                -1,
                -1
            ],
            "class": "2",
            "local_cuboid": null,
            "local_to_world_matrix": [
                [
                    -0.8976747989654541,
                    0.04491117596626282,
                    -0.43836429715156555,
                    0.0
                ],
                [
                    -0.21837377548217773,
                    0.8187111020088196,
                    0.5310602784156799,
                    0.0
                ],
                [
                    0.38274428248405457,
                    0.5724466443061829,
                    -0.7251288890838623,
                    0.0
                ],
                [
                    0.16762356460094452,
                    0.3342409133911133,
                    0.07816646993160248,
                    1.0
                ]
            ],
            "location": [
                -0.3342409133911133,
                0.07816646993160248,
                -0.16762356460094452
            ],
            "location_world": [
                0.16762356460094452,
                0.3342409133911133,
                0.07816646993160248
            ],
            "name": "google_2_of_Jenga_Classic_Game_4",
            "projected_cuboid": [
                [
                    -866.8123483657837,
                    663.1507277488708
                ],
                [
                    -1132.1924924850464,
                    580.3377032279968
                ],
                [
                    -1567.944049835205,
                    -158.60730409622192
                ],
                [
                    -1036.0310077667236,
                    85.97363531589508
                ],
                [
                    -616.1749958992004,
                    508.46779346466064
                ],
                [
                    -804.9465417861938,
                    435.51021814346313
                ],
                [
                    -892.7589654922485,
                    -117.00615286827087
                ],
                [
                    -596.9400405883789,
                    42.36941039562225
                ],
                [
                    -878.0614137649536,
                    324.91716742515564
                ]
            ],
            "provenance": "nvisii",
            "quaternion_xyzw": [
                -0.4491026699542999,
                0.6997706294059753,
                -0.18104326725006104,
                -0.5252153873443604
            ],
            "quaternion_xyzw_world": [
                -0.046752091497182846,
                0.9275659918785095,
                0.29742005467414856,
                0.22130732238292694
            ],
            "segmentation_id": 5,
            "visibility": -1
        },
        {
            "bounding_box_minx_maxx_miny_maxy": [
                -1,
                -1,
                -1,
                -1
            ],
            "class": "2",
            "local_cuboid": null,
            "local_to_world_matrix": [
                [
                    0.11252105236053467,
                    0.9904507398605347,
                    -0.07966333627700806,
                    0.0
                ],
                [
                    0.5175760984420776,
                    0.010015726089477539,
                    0.8555785417556763,
                    0.0
                ],
                [
                    0.8482063412666321,
                    -0.13750243186950684,
                    -0.5115066766738892,
                    0.0
                ],
                [
                    1.493795394897461,
                    -0.1365581601858139,
                    -0.29396307468414307,
                    1.0
                ]
            ],
            "location": [
                0.1365581601858139,
                -0.29396307468414307,
                -1.493795394897461
            ],
            "location_world": [
                1.493795394897461,
                -0.1365581601858139,
                -0.29396307468414307
            ],
            "name": "google_2_of_Jenga_Classic_Game_5",
            "projected_cuboid": [
                [
                    298.3432114124298,
                    418.9635217189789
                ],
                [
                    296.85938358306885,
                    390.1219069957733
                ],
                [
                    288.54963183403015,
                    353.63635420799255
                ],
                [
                    290.03649950027466,
                    386.23806834220886
                ],
                [
                    326.08672976493835,
                    417.6265597343445
                ],
                [
                    323.9060640335083,
                    388.6726498603821
                ],
                [
                    319.98181343078613,
                    351.7352044582367
                ],
                [
                    322.41377234458923,
                    384.47749614715576
                ],
                [
                    308.45046043395996,
                    387.5616788864136
                ]
            ],
            "provenance": "nvisii",
            "quaternion_xyzw": [
                -0.02332913875579834,
                0.96101975440979,
                -0.2677059471607208,
                0.0650411993265152
            ],
            "quaternion_xyzw_world": [
                0.6352188587188721,
                0.5935068130493164,
                0.30247172713279724,
                0.3908420503139496
            ],
            "segmentation_id": 6,
            "visibility": -1
        },
        {
            "bounding_box_minx_maxx_miny_maxy": [
                -1,
                -1,
                -1,
                -1
            ],
            "class": "2",
            "local_cuboid": null,
            "local_to_world_matrix": [
                [
                    0.9879012703895569,
                    -0.10413547605276108,
                    0.11492138355970383,
                    0.0
                ],
                [
                    -0.08869714289903641,
                    -0.9872562885284424,
                    -0.13212843239307404,
                    0.0
                ],
                [
                    0.12721611559391022,
                    0.12033664435148239,
                    -0.9845482110977173,
                    0.0
                ],
                [
                    1.8709285259246826,
                    0.27897199988365173,
                    0.5293876528739929,
                    1.0
                ]
            ],
            "location": [
                -0.27897199988365173,
                0.5293876528739929,
                -1.8709285259246826
            ],
            "location_world": [
                1.8709285259246826,
                0.27897199988365173,
                0.5293876528739929
            ],
            "name": "google_2_of_Jenga_Classic_Game_6",
            "projected_cuboid": [
                [
                    141.1779820919037,
                    172.0600724220276
                ],
                [
                    166.64937138557434,
                    175.22476613521576
                ],
                [
                    176.15431547164917,
                    82.7069878578186
                ],
                [
                    150.1511037349701,
                    79.84291017055511
                ],
                [
                    134.00232791900635,
                    171.73844575881958
                ],
                [
                    160.50907969474792,
                    175.0340461730957
                ],
                [
                    170.2943742275238,
                    78.56856286525726
                ],
                [
                    143.21115612983704,
                    75.5997896194458
                ],
                [
                    155.26393055915833,
                    126.83063745498657
                ]
            ],
            "provenance": "nvisii",
            "quaternion_xyzw": [
                0.5838407278060913,
                0.47195133566856384,
                -0.47454631328582764,
                0.4595625400543213
            ],
            "quaternion_xyzw_world": [
                0.9949504733085632,
                -0.048452816903591156,
                0.06084159389138222,
                -0.0634365901350975
            ],
            "segmentation_id": 7,
            "visibility": -1
        },
        {
            "bounding_box_minx_maxx_miny_maxy": [
                -1,
                -1,
                -1,
                -1
            ],
            "class": "2",
            "local_cuboid": null,
            "local_to_world_matrix": [
                [
                    -0.8558077812194824,
                    0.5078181624412537,
                    0.09855872392654419,
                    0.0
                ],
                [
                    0.3013511300086975,
                    0.33456140756607056,
                    0.8928920030593872,
                    0.0
                ],
                [
                    0.4204528331756592,
                    0.7938446998596191,
                    -0.43935179710388184,
                    0.0
                ],
                [
                    1.775191068649292,
                    -0.6573842167854309,
                    -0.6615227460861206,
                    1.0
                ]
            ],
            "location": [
                0.6573842167854309,
                -0.6615227460861206,
                -1.775191068649292
            ],
            "location_world": [
                1.775191068649292,
                -0.6573842167854309,
                -0.6615227460861206
            ],
            "name": "google_2_of_Jenga_Classic_Game_7",
            "projected_cuboid": [
                [
                    386.7848813533783,
                    518.5049772262573
                ],
                [
                    375.8466839790344,
                    490.62156677246094
                ],
                [
                    464.44034576416016,
                    463.3125066757202
                ],
                [
                    477.45969891548157,
                    492.7748441696167
                ],
                [
                    394.57201957702637,
                    511.50429248809814
                ],
                [
                    383.91169905662537,
                    484.6805930137634
                ],
                [
                    469.7657823562622,
                    457.98301696777344
                ],
                [
                    482.37115144729614,
                    486.26255989074707
                ],
                [
                    427.9381334781647,
                    488.4900152683258
                ]
            ],
            "provenance": "nvisii",
            "quaternion_xyzw": [
                -0.07025426626205444,
                0.8398159146308899,
                -0.22049562633037567,
                -0.4910755753517151
            ],
            "quaternion_xyzw_world": [
                0.24949082732200623,
                0.8108206987380981,
                0.5200707912445068,
                0.0992494747042656
            ],
            "segmentation_id": 8,
            "visibility": -1
        },
        {
            "bounding_box_minx_maxx_miny_maxy": [
                -1,
                -1,
                -1,
                -1
            ],
            "class": "2",
            "local_cuboid": null,
            "local_to_world_matrix": [
                [
                    -0.220855712890625,
                    -0.8792245388031006,
                    0.4221220016479492,
                    0.0
                ],
                [
                    -0.7069383859634399,
                    0.442484974861145,
                    0.5517654418945312,
                    0.0
                ],
                [
                    -0.6719083786010742,
                    -0.17655372619628906,
                    -0.7192829847335815,
                    0.0
                ],
                [
                    0.5604451894760132,
                    0.3423435091972351,
                    0.2873610854148865,
                    1.0
                ]
            ],
            "location": [
                -0.3423435091972351,
                0.2873610854148865,
                -0.5604451894760132
            ],
            "location_world": [
                0.5604451894760132,
                0.3423435091972351,
                0.2873610854148865
            ],
            "name": "google_2_of_Jenga_Classic_Game_8",
            "projected_cuboid": [
                [
                    -121.85516953468323,
                    139.44119215011597
                ],
                [
                    -259.26387310028076,
                    32.82684087753296
                ],
                [
                    -127.39565968513489,
                    -128.47214937210083
                ],
                [
                    -49.889713525772095,
                    -41.28003120422363
                ],
                [
                    -209.70624685287476,
                    194.12437081336975
                ],
                [
                    -355.42231798171997,
                    102.43873298168182
                ],
                [
                    -192.82203912734985,
                    -78.98116111755371
                ],
                [
                    -111.05072498321533,
                    0.7432103157043457
                ],
                [
                    -163.24791312217712,
                    12.04228401184082
                ]
            ],
            "provenance": "nvisii",
            "quaternion_xyzw": [
                -0.4048304259777069,
                0.012575022876262665,
                -0.24541717767715454,
                -0.8807523250579834
            ],
            "quaternion_xyzw_world": [
                -0.5137952566146851,
                0.7717874646186829,
                0.12153984606266022,
                -0.3543820083141327
            ],
            "segmentation_id": 9,
            "visibility": -1
        },
        {
            "bounding_box_minx_maxx_miny_maxy": [
                -1,
                -1,
                -1,
                -1
            ],
            "class": "2",
            "local_cuboid": null,
            "local_to_world_matrix": [
                [
                    0.6386193037033081,
                    -0.5511457920074463,
                    -0.5370323657989502,
                    0.0
                ],
                [
                    -0.6940691471099854,
                    -0.7139173746109009,
                    -0.0926823616027832,
                    0.0
                ],
                [
                    -0.33231523633003235,
                    0.4319263696670532,
                    -0.8384547233581543,
                    0.0
                ],
                [
                    1.9339531660079956,
                    0.2614027261734009,
                    0.851828932762146,
                    1.0
                ]
            ],
            "location": [
                -0.2614027261734009,
                0.851828932762146,
                -1.9339531660079956
            ],
            "location_world": [
                1.9339531660079956,
                0.2614027261734009,
                0.851828932762146
            ],
            "name": "google_2_of_Jenga_Classic_Game_9",
            "projected_cuboid": [
                [
                    123.63244593143463,
                    61.83566153049469
                ],
                [
                    139.4430547952652,
                    58.395981788635254
                ],
                [
                    184.46148931980133,
                    -8.56161117553711
                ],
                [
                    168.09587180614471,
                    -3.316432237625122
                ],
                [
                    105.92058300971985,
                    42.79772937297821
                ],
                [
                    121.59569561481476,
                    38.63483667373657
                ],
                [
                    168.7425971031189,
                    -29.096931219100952
                ],
                [
                    152.42689847946167,
                    -23.09441566467285
                ],
                [
                    146.1162567138672,
                    16.51298999786377
                ]
            ],
            "provenance": "nvisii",
            "quaternion_xyzw": [
                0.5726065635681152,
                0.07722797989845276,
                -0.4674002230167389,
                0.6690999269485474
            ],
            "quaternion_xyzw_world": [
                0.8931673169136047,
                -0.3485391139984131,
                -0.24333280324935913,
                -0.146839439868927
            ],
            "segmentation_id": 10,
            "visibility": -1
        },
        {
            "bounding_box_minx_maxx_miny_maxy": [
                -1,
                -1,
                -1,
                -1
            ],
            "class": "2",
            "local_cuboid": null,
            "local_to_world_matrix": [
                [
                    0.9976145029067993,
                    0.06325873732566833,
                    -0.027634115889668465,
                    0.0
                ],
                [
                    0.05727200210094452,
                    -0.9819493293762207,
                    -0.18026569485664368,
                    0.0
                ],
                [
                    -0.038538675755262375,
                    0.17825299501419067,
                    -0.9832297563552856,
                    0.0
                ],
                [
                    1.7169301509857178,
                    0.5711256265640259,
                    -0.43396347761154175,
                    1.0
                ]
            ],
            "location": [
                -0.5711256265640259,
                -0.43396347761154175,
                -1.7169301509857178
            ],
            "location_world": [
                1.7169301509857178,
                0.5711256265640259,
                -0.43396347761154175
            ],
            "name": "google_2_of_Jenga_Classic_Game_10",
            "projected_cuboid": [
                [
                    18.91966164112091,
                    497.5188374519348
                ],
                [
                    48.19735884666443,
                    502.0912289619446
                ],
                [
                    67.35783815383911,
                    401.91468596458435
                ],
                [
                    38.32092881202698,
                    397.09538221359253
                ],
                [
                    9.80009138584137,
                    508.4352493286133
                ],
                [
                    40.48503935337067,
                    513.1916999816895
                ],
                [
                    60.594797134399414,
                    408.2479476928711
                ],
                [
                    30.174151062965393,
                    403.22059392929077
                ],
                [
                    39.37603533267975,
                    453.69988679885864
                ]
            ],
            "provenance": "nvisii",
            "quaternion_xyzw": [
                0.5192466974258423,
                0.4594709873199463,
                -0.5661411285400391,
                0.44581788778305054
            ],
            "quaternion_xyzw_world": [
                0.9953383207321167,
                0.030273811891674995,
                -0.016620678827166557,
                -0.09004945307970047
            ],
            "segmentation_id": 11,
            "visibility": -1
        },
        {
            "bounding_box_minx_maxx_miny_maxy": [
                -1,
                -1,
                -1,
                -1
            ],
            "class": "2",
            "local_cuboid": null,
            "local_to_world_matrix": [
                [
                    -0.1006321907043457,
                    -0.4619048237800598,
                    0.8812020421028137,
                    0.0
                ],
                [
                    -0.9756712317466736,
                    -0.1275796890258789,
                    -0.17829465866088867,
                    0.0
                ],
                [
                    0.19477862119674683,
                    -0.8777056932449341,
                    -0.43782854080200195,
                    0.0
                ],
                [
                    1.6981391906738281,
                    0.27008944749832153,
                    0.41743770241737366,
                    1.0
                ]
            ],
            "location": [
                -0.27008944749832153,
                0.41743770241737366,
                -1.6981391906738281
            ],
            "location_world": [
                1.6981391906738281,
                0.27008944749832153,
                0.41743770241737366
            ],
            "name": "google_2_of_Jenga_Classic_Game_11",
            "projected_cuboid": [
                [
                    249.69962239265442,
                    138.25908303260803
                ],
                [
                    253.48761677742004,
                    138.1893754005432
                ],
                [
                    159.99875962734222,
                    87.64578402042389
                ],
                [
                    160.52474081516266,
                    90.11721611022949
                ],
                [
                    237.48448491096497,
                    162.05790638923645
                ],
                [
                    240.6691461801529,
                    163.12983632087708
                ],
                [
                    147.18803763389587,
                    113.68215084075928
                ],
                [
                    148.31702411174774,
                    114.91194367408752
                ],
                [
                    200.39327442646027,
                    126.4379620552063
                ]
            ],
            "provenance": "nvisii",
            "quaternion_xyzw": [
                0.6773068308830261,
                0.3723503351211548,
                0.3611132800579071,
                0.521735429763794
            ],
            "quaternion_xyzw_world": [
                0.6051396727561951,
                -0.593902587890625,
                0.44451749324798584,
                0.28894612193107605
            ],
            "segmentation_id": 12,
            "visibility": -1
        },
        {
            "bounding_box_minx_maxx_miny_maxy": [
                -1,
                -1,
                -1,
                -1
            ],
            "class": "2",
            "local_cuboid": null,
            "local_to_world_matrix": [
                [
                    0.2436741590499878,
                    0.11526411771774292,
                    -0.9629834294319153,
                    0.0
                ],
                [
                    -0.9662556052207947,
                    0.1143420934677124,
                    -0.23081597685813904,
                    0.0
                ],
                [
                    0.08350473642349243,
                    0.986732006072998,
                    0.13923680782318115,
                    0.0
                ],
                [
                    1.2537481784820557,
                    -0.3726476728916168,
                    0.30762457847595215,
                    1.0
                ]
            ],
            "location": [
                0.3726476728916168,
                0.30762457847595215,
                -1.2537481784820557
            ],
            "location_world": [
                1.2537481784820557,
                -0.3726476728916168,
                0.30762457847595215
            ],
            "name": "google_2_of_Jenga_Classic_Game_12",
            "projected_cuboid": [
                [
                    288.48275542259216,
                    104.59020733833313
                ],
                [
                    286.327600479126,
                    104.5093983411789
                ],
                [
                    429.338276386261,
                    121.68459594249725
                ],
                [
                    422.5870668888092,
                    120.69244682788849
                ],
                [
                    293.23914647102356,
                    67.43799149990082
                ],
                [
                    291.366308927536,
                    64.88704681396484
                ],
                [
                    436.76358461380005,
                    81.53349161148071
                ],
                [
                    429.4399321079254,
                    83.0758810043335
                ],
                [
                    358.9569628238678,
                    93.63189339637756
                ]
            ],
            "provenance": "nvisii",
            "quaternion_xyzw": [
                -0.5475072264671326,
                0.4919229745864868,
                0.5618219375610352,
                -0.3776291608810425
            ],
            "quaternion_xyzw_world": [
                -0.4975176453590393,
                0.42761874198913574,
                0.44193342328071594,
                0.6118114590644836
            ],
            "segmentation_id": 13,
            "visibility": -1
        },
        {
            "bounding_box_minx_maxx_miny_maxy": [
                -1,
                -1,
                -1,
                -1
            ],
            "class": "2",
            "local_cuboid": null,
            "local_to_world_matrix": [
                [
                    -0.5175034999847412,
                    0.7549165487289429,
