{
    "camera_data": {
        "camera_look_at": {
            "at": [
                1.0,
                0.0,
                0.0
            ],
            "eye": [
                0.0,
                0.0,
                0.0
            ],
            "up": [
                0.0,
                0.0,
                1.0
            ]
        },
        "camera_view_matrix": [
            [
                0.0,
                0.0,
                -1.0,
                0.0
            ],
            [
                -1.0,
                0.0,
                0.0,
                0.0
            ],
            [
                0.0,
                1.0,
                0.0,
                0.0
            ],
            [
                0.0,
                0.0,
                0.0,
                1.0
            ]
        ],
        "height": 500,
        "intrinsics": {
            "cx": 250.0,
            "cy": 250.0,
            "fx": 603.5535278320312,
            "fy": 603.5535278320312
        },
        "location_world": [
            0.0,
            0.0,
            0.0
        ],
        "quaternion_world_xyzw": [
            0.5,
            -0.5,
            -0.5,
            0.5
        ],
        "width": 500
    },
    "objects": [
        {
            "bounding_box_minx_maxx_miny_maxy": [
                -1,
                -1,
                -1,
                -1
            ],
            "class": "2",
            "local_cuboid": null,
            "local_to_world_matrix": [
                [
                    0.2186959981918335,
                    0.2385370433330536,
                    0.94618821144104,
                    0.0
                ],
                [
                    0.7893891334533691,
                    -0.6132612228393555,
                    -0.027849406003952026,
                    0.0
                ],
                [
                    0.5736173391342163,
                    0.75300133228302,
                    -0.32241642475128174,
                    0.0
                ],
                [
                    1.6863939762115479,
                    0.34307870268821716,
                    -0.353544682264328,
                    1.0
                ]
            ],
            "location": [
                -0.34307870268821716,
                -0.353544682264328,
                -1.6863939762115479
            ],
            "location_world": [
                1.6863939762115479,
                0.34307870268821716,
                -0.353544682264328
            ],
            "name": "google_2_of_Jenga_Classic_Game_0",
            "projected_cuboid": [
                [
                    52.5745153427124,
                    385.0306272506714
                ],
                [
                    76.00060105323792,
                    381.03187084198
                ],
                [
                    135.94195246696472,
                    360.8468174934387
                ],
                [
                    112.55812644958496,
                    364.43907022476196
                ],
                [
                    56.9627583026886,
                    411.1790657043457
                ],
                [
                    80.44825494289398,
                    406.2158465385437
                ],
                [
                    141.42951369285583,
                    388.2933259010315
                ],
                [
                    118.02279949188232,
                    393.03576946258545
                ],
                [
                    95.51931917667389,
                    386.6075277328491
                ]
            ],
            "provenance": "nvisii",
            "quaternion_xyzw": [
                0.5837229490280151,
                0.667889416217804,
                -0.4161638021469116,
                -0.1999976485967636
            ],
            "quaternion_xyzw_world": [
                0.7338892221450806,
                0.3501639664173126,
                0.5177230834960938,
                -0.2659974694252014
            ],
            "segmentation_id": 1,
            "visibility": -1
        },
        {
            "bounding_box_minx_maxx_miny_maxy": [
                -1,
                -1,
                -1,
                -1
            ],
            "class": "2",
            "local_cuboid": null,
            "local_to_world_matrix": [
                [
                    -0.6197187900543213,
                    -0.7745955586433411,
                    -0.1262984275817871,
                    0.0
                ],
                [
                    -0.753454864025116,
                    0.5421507954597473,
                    0.37199267745018005,
                    0.0
                ],
                [
                    -0.21967098116874695,
                    0.3256908357143402,
                    -0.9196038246154785,
                    0.0
                ],
                [
                    0.8665479421615601,
                    0.4644981324672699,
                    -0.36315488815307617,
                    1.0
                ]
            ],
            "location": [
                -0.4644981324672699,
                -0.36315488815307617,
                -0.8665479421615601
            ],
            "location_world": [
                0.8665479421615601,
                0.4644981324672699,
                -0.36315488815307617
            ],
            "name": "google_2_of_Jenga_Classic_Game_1",
            "projected_cuboid": [
                [
                    -127.27457284927368,
                    736.3008260726929
                ],
                [
                    -196.47088646888733,
                    752.3573040962219
                ],
                [
                    -90.25958180427551,
                    512.5080347061157
                ],
                [
                    -33.875465393066406,
                    515.0904655456543
                ],
                [
                    -148.7453281879425,
                    701.6106247901917
                ],
                [
                    -215.40486812591553,
                    713.9039039611816
                ],
                [
                    -113.82275819778442,
                    490.5731678009033
                ],
                [
                    -58.801233768463135,
                    494.5310950279236
                ],
                [
                    -120.3494668006897,
                    609.7979545593262
                ]
            ],
            "provenance": "nvisii",
            "quaternion_xyzw": [
                -0.5438134074211121,
                0.3072972595691681,
                -0.1351693570613861,
                -0.7691325545310974
            ],
            "quaternion_xyzw_world": [
                -0.43523967266082764,
                0.8777062892913818,
                0.19872350990772247,
                -0.02659561298787594
            ],
            "segmentation_id": 2,
            "visibility": -1
        },
        {
            "bounding_box_minx_maxx_miny_maxy": [
                -1,
                -1,
                -1,
                -1
            ],
            "class": "2",
            "local_cuboid": null,
            "local_to_world_matrix": [
                [
                    0.5010029077529907,
                    0.5628248453140259,
                    -0.6574376821517944,
                    0.0
                ],
                [
                    -0.03882220387458801,
                    -0.744271993637085,
                    -0.6667473316192627,
                    0.0
                ],
                [
                    -0.8645744323730469,
                    0.35956549644470215,
                    -0.3510323762893677,
                    0.0
                ],
                [
                    1.9803895950317383,
                    -0.25850823521614075,
                    -0.5179654955863953,
                    1.0
                ]
            ],
            "location": [
                0.25850823521614075,
                -0.5179654955863953,
                -1.9803895950317383
            ],
            "location_world": [
                1.9803895950317383,
                -0.25850823521614075,
                -0.5179654955863953
            ],
            "name": "google_2_of_Jenga_Classic_Game_2",
            "projected_cuboid": [
                [
                    284.4497561454773,
                    463.3193612098694
                ],
                [
                    306.23897910118103,
                    483.18153619766235
                ],
                [
                    330.8512270450592,
                    422.74945974349976
                ],
                [
                    311.77058815956116,
                    405.49203753471375
                ],
                [
                    300.919771194458,
                    449.94211196899414
                ],
                [
                    323.2452869415283,
                    470.2386260032654
                ],
                [
                    346.16175293922424,
                    410.2558493614197
                ],
                [
                    326.67121291160583,
                    392.67170429229736
                ],
                [
                    317.0509934425354,
                    435.2869391441345
                ]
            ],
            "provenance": "nvisii",
            "quaternion_xyzw": [
                0.24461603164672852,
                0.08874554932117462,
                -0.8795093297958374,
                0.39843517541885376
            ],
            "quaternion_xyzw_world": [
                0.8056530356407166,
                0.16260182857513428,
                -0.4722914397716522,
                -0.31847232580184937
            ],
            "segmentation_id": 3,
            "visibility": -1
        },
        {
            "bounding_box_minx_maxx_miny_maxy": [
                -1,
                -1,
                -1,
                -1
            ],
            "class": "2",
            "local_cuboid": null,
            "local_to_world_matrix": [
                [
                    0.47516727447509766,
                    -0.8775131702423096,
                    0.06470486521720886,
                    0.0
                ],
                [
                    0.6177810430526733,
                    0.28035151958465576,
                    -0.7346765398979187,
                    0.0
                ],
                [
                    0.626548171043396,
                    0.38906770944595337,
                    0.6753248572349548,
                    0.0
                ],
                [
                    1.3289191722869873,
                    -0.5215155482292175,
                    -0.011833149008452892,
                    1.0
                ]
            ],
            "location": [
                0.5215155482292175,
                -0.011833149008452892,
                -1.3289191722869873
            ],
            "location_world": [
                1.3289191722869873,
                -0.5215155482292175,
                -0.011833149008452892
            ],
            "name": "google_2_of_Jenga_Classic_Game_3",
            "projected_cuboid": [
                [
                    432.2454333305359,
                    162.13978826999664
                ],
                [
                    416.9606566429138,
                    189.13507461547852
                ],
                [
                    489.13538455963135,
                    267.69471168518066
                ],
                [
                    509.3855857849121,
                    240.0618940591812
                ],
                [
                    408.42312574386597,
                    161.9948446750641
                ],
                [
                    393.5791850090027,
                    189.6611750125885
                ],
                [
                    464.57618474960327,
                    270.4966366291046
                ],
                [
                    484.41988229751587,
                    242.17097461223602
                ],
                [
                    447.4529027938843,
                    213.10780942440033
                ]
            ],
            "provenance": "nvisii",
            "quaternion_xyzw": [
                -0.8998246788978577,
                0.05991354584693909,
                0.2401120364665985,
                0.359266072511673
            ],
            "quaternion_xyzw_world": [
                -0.36037856340408325,
                0.18018005788326263,
                -0.4795325994491577,
                0.7795581817626953
            ],
            "segmentation_id": 4,
            "visibility": -1
        },
        {
            "bounding_box_minx_maxx_miny_maxy": [
                -1,
                -1,
                -1,
                -1
            ],
            "class": "2",
            "local_cuboid": null,
            "local_to_world_matrix": [
                [
                    0.005391180515289307,
                    0.8785135746002197,
                    -0.4776870012283325,
                    0.0
                ],
                [
                    0.9959666728973389,
                    -0.04750072956085205,
                    -0.07611823081970215,
                    0.0
                ],
                [
                    -0.08956141769886017,
                    -0.47534996271133423,
                    -0.8752262592315674,
                    0.0
                ],
                [
                    0.16793429851531982,
                    0.4230351448059082,
                    0.4513366222381592,
                    1.0
                ]
            ],
            "location": [
                -0.4230351448059082,
                0.4513366222381592,
                -0.16793429851531982
            ],
            "location_world": [
                0.16793429851531982,
                0.4230351448059082,
                0.4513366222381592
            ],
            "name": "google_2_of_Jenga_Classic_Game_4",
            "projected_cuboid": [
                [
                    -1688.215732574463,
                    -837.8396034240723
                ],
                [
                    -789.2041206359863,
                    -319.563627243042
                ],
                [
                    -1058.597445487976,
                    -982.8571081161499
                ],
                [
                    -1950.7591724395752,
                    -1836.061716079712
                ],
                [
                    -1276.0288715362549,
                    -1071.1199045181274
                ],
                [
                    -563.7597441673279,
                    -444.7762966156006
                ],
                [
                    -861.8191480636597,
                    -1093.796730041504
                ],
                [
                    -1625.2866983413696,
                    -2024.1477489471436
                ],
                [
                    -1128.4518241882324,
                    -1011.2134218215942
                ]
            ],
            "provenance": "nvisii",
            "quaternion_xyzw": [
                -0.16434967517852783,
                0.6543763875961304,
                -0.7148764133453369,
                0.18366384506225586
            ],
            "quaternion_xyzw_world": [
                0.6942834854125977,
                0.6749693155288696,
                -0.20425677299499512,
                0.14375674724578857
            ],
            "segmentation_id": 5,
            "visibility": -1
        },
        {
            "bounding_box_minx_maxx_miny_maxy": [
                -1,
                -1,
                -1,
                -1
            ],
            "class": "2",
            "local_cuboid": null,
            "local_to_world_matrix": [
                [
                    -0.059537410736083984,
                    0.7587340474128723,
                    -0.6486741304397583,
                    0.0
                ],
                [
                    0.9891628623008728,
                    -0.042525529861450195,
                    -0.14052924513816833,
                    0.0
                ],
                [
                    -0.13420948386192322,
                    -0.6500110626220703,
                    -0.7479796409606934,
                    0.0
                ],
                [
                    0.7606933116912842,
                    0.227535218000412,
                    0.6257117986679077,
                    1.0
                ]
            ],
            "location": [
                -0.227535218000412,
                0.6257117986679077,
                -0.7606933116912842
            ],
            "location_world": [
                0.7606933116912842,
                0.227535218000412,
                0.6257117986679077
            ],
            "name": "google_2_of_Jenga_Classic_Game_5",
            "projected_cuboid": [
                [
                    188.1822794675827,
                    -95.3640341758728
                ],
                [
                    197.81652092933655,
                    -48.039913177490234
                ],
                [
                    57.143211364746094,
                    -198.25401902198792
                ],
                [
                    31.638890504837036,
                    -260.49840450286865
                ],
                [
                    241.57394468784332,
                    -138.26856017112732
                ],
                [
                    245.32407522201538,
                    -86.55396103858948
                ],
                [
                    103.15757989883423,
                    -234.01537537574768
                ],
                [
                    83.14795792102814,
                    -299.9956011772156
                ],
                [
                    142.01503992080688,
                    -170.6496775150299
                ]
            ],
            "provenance": "nvisii",
            "quaternion_xyzw": [
                -0.2487899512052536,
                0.6090967655181885,
                -0.7129994630813599,
                0.2423562854528427
            ],
            "quaternion_xyzw_world": [
                0.6578312516212463,
                0.6642649173736572,
                -0.29752448201179504,
                0.19362176954746246
            ],
            "segmentation_id": 6,
            "visibility": -1
        },
        {
            "bounding_box_minx_maxx_miny_maxy": [
                -1,
                -1,
                -1,
                -1
            ],
            "class": "2",
            "local_cuboid": null,
            "local_to_world_matrix": [
                [
                    -0.16569292545318604,
                    -0.1385430246591568,
                    0.9763972759246826,
                    0.0
                ],
                [
                    0.1391112357378006,
                    -0.983466386795044,
                    -0.11593914777040482,
                    0.0
                ],
                [
                    0.9763164520263672,
                    0.11661753803491592,
                    0.182226300239563,
                    0.0
                ],
                [
                    1.446890950202942,
                    0.5961146950721741,
                    0.7451965808868408,
                    1.0
                ]
            ],
            "location": [
                -0.5961146950721741,
                0.7451965808868408,
                -1.446890950202942
            ],
            "location_world": [
                1.446890950202942,
                0.5961146950721741,
                0.7451965808868408
            ],
            "name": "google_2_of_Jenga_Classic_Game_6",
            "projected_cuboid": [
                [
                    16.157805919647217,
                    -45.454204082489014
                ],
                [
                    46.69193923473358,
                    -40.03715515136719
                ],
                [
                    20.81763744354248,
                    -75.01569390296936
                ],
                [
                    -15.998601913452148,
                    -81.7960798740387
                ],
                [
                    14.114916324615479,
                    -16.39571785926819
                ],
                [
                    44.43398118019104,
                    -11.21494174003601
                ],
                [
                    18.350213766098022,
                    -40.24761915206909
                ],
                [
                    -18.153637647628784,
                    -46.6846227645874
                ],
                [
                    17.16424524784088,
                    -43.06414723396301
                ]
            ],
            "provenance": "nvisii",
            "quaternion_xyzw": [
                0.7467929124832153,
                0.656093418598175,
                0.016428709030151367,
                -0.10757249593734741
            ],
            "quaternion_xyzw_world": [
                0.6394425630569458,
                0.00022215026547200978,
                0.7634437680244446,
                -0.09092164784669876
            ],
            "segmentation_id": 7,
            "visibility": -1
        },
        {
            "bounding_box_minx_maxx_miny_maxy": [
                -1,
                -1,
                -1,
                -1
            ],
            "class": "2",
            "local_cuboid": null,
            "local_to_world_matrix": [
                [
                    -0.08486294746398926,
                    0.16642987728118896,
                    0.9823946952819824,
                    0.0
                ],
                [
                    0.12363377213478088,
                    -0.9765732288360596,
                    0.17612360417842865,
                    0.0
                ],
                [
                    0.9886925220489502,
                    0.13640354573726654,
                    0.06229853630065918,
                    0.0
                ],
                [
                    1.4097715616226196,
                    -0.24618522822856903,
                    -0.7368875741958618,
                    1.0
                ]
            ],
            "location": [
                0.24618522822856903,
                -0.7368875741958618,
                -1.4097715616226196
            ],
            "location_world": [
                1.4097715616226196,
                -0.24618522822856903,
                -0.7368875741958618
            ],
            "name": "google_2_of_Jenga_Classic_Game_7",
            "projected_cuboid": [
                [
                    306.6119849681854,
                    495.49350142478943
                ],
                [
                    335.5327248573303,
                    488.7078106403351
                ],
                [
                    370.06619572639465,
                    545.3231334686279
                ],
                [
                    335.44203639030457,
                    553.9292097091675
                ],
                [
                    311.05896830558777,
                    522.0927000045776
                ],
                [
                    339.8391008377075,
                    515.1710510253906
                ],
                [
                    375.0864267349243,
                    576.9074559211731
                ],
                [
                    340.6640887260437,
                    585.7067108154297
                ],
                [
                    337.8569483757019,
                    532.6427817344666
                ]
            ],
            "provenance": "nvisii",
            "quaternion_xyzw": [
                0.6415097713470459,
                0.7634209394454956,
                -0.020085662603378296,
                -0.0724588930606842
            ],
            "quaternion_xyzw_world": [
                0.6762787103652954,
                0.1072278544306755,
                0.7286519408226013,
                0.0146833136677742
            ],
            "segmentation_id": 8,
            "visibility": -1
        },
        {
            "bounding_box_minx_maxx_miny_maxy": [
                -1,
                -1,
                -1,
                -1
            ],
            "class": "2",
            "local_cuboid": null,
            "local_to_world_matrix": [
                [
                    -0.9193787574768066,
                    -0.38400596380233765,
                    -0.08533535897731781,
                    0.0
                ],
                [
                    0.0076105594635009766,
                    -0.23425519466400146,
                    0.9721453785896301,
                    0.0
                ],
                [
                    -0.3932998776435852,
                    0.8931203484535217,
                    0.21829169988632202,
                    0.0
                ],
                [
                    1.9650495052337646,
                    -0.8604668974876404,
                    -0.8431929349899292,
                    1.0
                ]
            ],
            "location": [
                0.8604668974876404,
                -0.8431929349899292,
                -1.9650495052337646
            ],
            "location_world": [
                1.9650495052337646,
                -0.8604668974876404,
                -0.8431929349899292
            ],
            "name": "google_2_of_Jenga_Classic_Game_8",
            "projected_cuboid": [
                [
                    451.2825608253479,
                    524.1780877113342
                ],
                [
                    457.7915668487549,
                    496.77300453186035
                ],
                [
                    527.0367860794067,
                    502.0263195037842
                ],
                [
                    520.9386348724365,
                    527.8006792068481
                ],
                [
                    433.8489770889282,
                    511.48098707199097
                ],
                [
                    440.11372327804565,
                    485.1336479187012
                ],
                [
                    507.8645348548889,
                    490.86466431617737
                ],
                [
                    501.981258392334,
                    515.701174736023
                ],
                [
                    480.9679985046387,
                    506.700336933136
                ]
            ],
            "provenance": "nvisii",
            "quaternion_xyzw": [
                0.06811890006065369,
                0.5465435981750488,
                0.09636977314949036,
                -0.829073429107666
            ],
            "quaternion_xyzw_world": [
                -0.15539038181304932,
                0.6055641770362854,
                0.7700528502464294,
                -0.12713949382305145
            ],
            "segmentation_id": 9,
            "visibility": -1
        },
        {
            "bounding_box_minx_maxx_miny_maxy": [
                -1,
                -1,
                -1,
                -1
            ],
            "class": "2",
            "local_cuboid": null,
            "local_to_world_matrix": [
                [
                    0.07223266363143921,
                    0.981867790222168,
                    -0.17526568472385406,
                    0.0
                ],
                [
                    0.9857813119888306,
                    -0.043551087379455566,
                    0.16229166090488434,
                    0.0
                ],
                [
                    0.151715949177742,
                    -0.18449638783931732,
                    -0.9710526466369629,
                    0.0
                ],
                [
                    1.3361787796020508,
                    -0.3637394607067108,
                    -0.23306582868099213,
                    1.0
                ]
            ],
            "location": [
                0.3637394607067108,
                -0.23306582868099213,
                -1.3361787796020508
            ],
            "location_world": [
                1.3361787796020508,
                -0.3637394607067108,
                -0.23306582868099213
            ],
            "name": "google_2_of_Jenga_Classic_Game_9",
            "projected_cuboid": [
                [
                    419.6283221244812,
                    488.63255977630615
                ],
                [
                    411.2771153450012,
                    468.88846158981323
                ],
                [
                    392.8947150707245,
                    351.9163429737091
                ],
                [
                    400.3518223762512,
                    364.8301959037781
                ],
                [
                    455.34390211105347,
                    483.40415954589844
                ],
                [
                    444.8644518852234,
                    463.88742327690125
                ],
                [
                    427.4884760379791,
                    346.2693691253662
                ],
                [
                    437.20775842666626,
                    358.8762879371643
                ],
                [
                    423.6064553260803,
                    416.5804982185364
                ]
            ],
            "provenance": "nvisii",
            "quaternion_xyzw": [
                -0.04346400499343872,
                0.7576073408126831,
                -0.645728349685669,
                0.0847170501947403
            ],
            "quaternion_xyzw_world": [
                0.7222943305969238,
                0.6810413002967834,
                -0.008151019923388958,
                0.12003003060817719
            ],
            "segmentation_id": 10,
            "visibility": -1
        },
        {
            "bounding_box_minx_maxx_miny_maxy": [
                -1,
                -1,
                -1,
                -1
            ],
            "class": "2",
            "local_cuboid": null,
            "local_to_world_matrix": [
                [
                    0.19187688827514648,
                    0.4609110653400421,
                    0.8664550185203552,
                    0.0
                ],
                [
                    -0.9584335088729858,
                    0.27795618772506714,
                    0.06438666582107544,
                    0.0
                ],
                [
                    -0.21116000413894653,
                    -0.8427937626838684,
                    0.4950859546661377,
                    0.0
                ],
                [
                    1.6137207746505737,
                    0.5083425045013428,
                    -0.7876043915748596,
                    1.0
                ]
            ],
            "location": [
                -0.5083425045013428,
                -0.7876043915748596,
                -1.6137207746505737
            ],
            "location_world": [
                1.6137207746505737,
                0.5083425045013428,
                -0.7876043915748596
            ],
            "name": "google_2_of_Jenga_Classic_Game_10",
            "projected_cuboid": [
                [
                    148.68894219398499,
                    480.67525029182434
                ],
                [
                    133.9675486087799,
                    490.80368876457214
                ],
                [
                    44.50629651546478,
                    536.6203784942627
                ],
                [
                    63.03805112838745,
                    524.6366262435913
                ],
                [
                    161.56724095344543,
                    508.90666246414185
                ],
                [
                    147.39063382148743,
                    520.6561088562012
                ],
                [
                    56.53572082519531,
                    565.7396912574768
                ],
                [
                    74.64660704135895,
                    552.2146821022034
                ],
                [
                    103.11281681060791,
                    522.7454900741577
                ]
            ],
            "provenance": "nvisii",
            "quaternion_xyzw": [
                0.2566818594932556,
                0.5731792449951172,
                0.6339724659919739,
                0.45128583908081055
            ],
            "quaternion_xyzw_world": [
                0.32358720898628235,
                -0.3843804597854614,
                0.5062738656997681,
                0.700877845287323
            ],
            "segmentation_id": 11,
            "visibility": -1
        },
        {
            "bounding_box_minx_maxx_miny_maxy": [
                -1,
                -1,
                -1,
                -1
            ],
            "class": "2",
            "local_cuboid": null,
            "local_to_world_matrix": [
                [
                    0.9154796600341797,
                    0.07305260002613068,
                    0.39567697048187256,
                    0.0
                ],
                [
                    -0.28244614601135254,
                    -0.5836973190307617,
                    0.7612631320953369,
                    0.0
                ],
                [
                    0.2865678668022156,
                    -0.808678388595581,
                    -0.5137295722961426,
                    0.0
                ],
                [
                    1.5292140245437622,
                    0.6523818373680115,
                    0.46830713748931885,
                    1.0
                ]
            ],
            "location": [
                -0.6523818373680115,
                0.46830713748931885,
                -1.5292140245437622
            ],
            "location_world": [
                1.5292140245437622,
                0.6523818373680115,
                0.46830713748931885
            ],
            "name": "google_2_of_Jenga_Classic_Game_11",
            "projected_cuboid": [
                [
                    88.7652337551117,
                    140.37540555000305
                ],
                [
                    104.58686947822571,
                    115.08023738861084
                ],
                [
                    4.972994327545166,
                    49.505993723869324
                ],
                [
                    -10.182112455368042,
                    77.1351307630539
                ],
                [
                    83.62521231174469,
                    147.25017547607422
                ],
                [
                    100.09869933128357,
                    120.89240550994873
                ],
                [
                    -4.625827074050903,
                    52.449315786361694
                ],
                [
                    -20.356059074401855,
                    81.35762810707092
                ],
                [
                    44.74133253097534,
                    98.92766177654266
                ]
            ],
            "provenance": "nvisii",
            "quaternion_xyzw": [
                0.3362484574317932,
                0.7281627058982849,
                -0.07940652966499329,
                0.5919548869132996
            ],
            "quaternion_xyzw_world": [
                0.8678863048553467,
                -0.06031709536910057,
                0.19652482867240906,
                0.4522313177585602
            ],
            "segmentation_id": 12,
            "visibility": -1
        },
        {
            "bounding_box_minx_maxx_miny_maxy": [
                -1,
                -1,
                -1,
                -1
            ],
            "class": "2",
            "local_cuboid": null,
            "local_to_world_matrix": [
                [
                    0.6462276577949524,
                    0.7615990042686462,
                    -0.048546403646469116,
                    0.0
                ],
                [
                    -0.014881014823913574,
                    -0.0510258674621582,
                    -0.9985864162445068,
                    0.0
                ],
                [
                    -0.7629995346069336,
                    0.6460365056991577,
                    -0.021641016006469727,
                    0.0
                ],
                [
                    1.5759285688400269,
                    -0.36948105692863464,
                    0.5187515616416931,
                    1.0
                ]
            ],
            "location": [
                0.36948105692863464,
                0.5187515616416931,
                -1.5759285688400269
            ],
            "location_world": [
                1.5759285688400269,
                -0.36948105692863464,
                0.5187515616416931
            ],
            "name": "google_2_of_Jenga_Classic_Game_12",
            "projected_cuboid": [
                [
                    315.02753496170044,
                    8.121788501739502
                ],
                [
                    316.97404384613037,
                    44.834718108177185
                ],
                [
                    378.79881262779236,
                    71.01580500602722
                ],
                [
                    377.07459926605225,
                    39.38975930213928
                ],
                [
                    344.8251485824585,
                    -2.9023587703704834
                ],
                [
                    346.8746840953827,
                    35.21053493022919
                ],
                [
                    406.43322467803955,
                    63.63685429096222
                ],
                [
                    404.6299159526825,
                    30.977338552474976
                ],
                [
                    363.3929491043091,
                    37.496402859687805
                ]
            ],
            "provenance": "nvisii",
            "quaternion_xyzw": [
                -0.3442338705062866,
                -0.00180073082447052,
                0.9385074377059937,
                -0.02652411162853241
            ],
            "quaternion_xyzw_world": [
                -0.6555330753326416,
                -0.28477510809898376,
                0.30949848890304565,
                0.6272082328796387
            ],
            "segmentation_id": 13,
            "visibility": -1
        },
        {
            "bounding_box_minx_maxx_miny_maxy": [
                -1,
                -1,
                -1,
                -1
            ],
            "class": "2",
            "local_cuboid": null,
            "local_to_world_matrix": [
                [
                    -0.07664275169372559,
                    0.3661944270133972,
