{
    "camera_data": {
        "camera_look_at": {
            "at": [
                1.0,
                0.0,
                0.0
            ],
            "eye": [
                0.0,
                0.0,
                0.0
            ],
            "up": [
                0.0,
                0.0,
                1.0
            ]
        },
        "camera_view_matrix": [
            [
                0.0,
                0.0,
                -1.0,
                0.0
            ],
            [
                -1.0,
                0.0,
                0.0,
                0.0
            ],
            [
                0.0,
                1.0,
                0.0,
                0.0
            ],
            [
                0.0,
                0.0,
                0.0,
                1.0
            ]
        ],
        "height": 500,
        "intrinsics": {
            "cx": 250.0,
            "cy": 250.0,
            "fx": 603.5535278320312,
            "fy": 603.5535278320312
        },
        "location_world": [
            0.0,
            0.0,
            0.0
        ],
        "quaternion_world_xyzw": [
            0.5,
            -0.5,
            -0.5,
            0.5
        ],
        "width": 500
    },
    "objects": [
        {
            "bounding_box_minx_maxx_miny_maxy": [
                -1,
                -1,
                -1,
                -1
            ],
            "class": "2",
            "local_cuboid": null,
            "local_to_world_matrix": [
                [
                    0.02142322063446045,
                    -0.7606148719787598,
                    -0.6488498449325562,
                    0.0
                ],
                [
                    -0.050884097814559937,
                    0.6473281383514404,
                    -0.7605111002922058,
                    0.0
                ],
                [
                    0.9984748363494873,
                    0.049308717250823975,
                    -0.02483534812927246,
                    0.0
                ],
                [
                    1.5939081907272339,
                    0.0872255489230156,
                    -0.6243264079093933,
                    1.0
                ]
            ],
            "location": [
                -0.0872255489230156,
                -0.6243264079093933,
                -1.5939081907272339
            ],
            "location_world": [
                1.5939081907272339,
                0.0872255489230156,
                -0.6243264079093933
            ],
            "name": "google_2_of_Jenga_Classic_Game_0",
            "projected_cuboid": [
                [
                    235.84520816802979,
                    449.749231338501
                ],
                [
                    218.30491721630096,
                    470.77393531799316
                ],
                [
                    217.9589569568634,
                    508.4547996520996
                ],
                [
                    238.7036681175232,
                    483.4888279438019
                ],
                [
                    216.6394591331482,
                    433.5553050041199
                ],
                [
                    199.03957843780518,
                    454.56191897392273
                ],
                [
                    195.16146183013916,
                    489.31077122688293
                ],
                [
                    215.98955988883972,
                    464.36992287635803
                ],
                [
                    217.24340319633484,
                    467.837929725647
                ]
            ],
            "provenance": "nvisii",
            "quaternion_xyzw": [
                -0.9380300045013428,
                0.34545212984085083,
                0.01885119080543518,
                -0.020180433988571167
            ],
            "quaternion_xyzw_world": [
                -0.31580469012260437,
                0.6424056887626648,
                -0.276773065328598,
                0.6410764455795288
            ],
            "segmentation_id": 1,
            "visibility": -1
        },
        {
            "bounding_box_minx_maxx_miny_maxy": [
                -1,
                -1,
                -1,
                -1
            ],
            "class": "2",
            "local_cuboid": null,
            "local_to_world_matrix": [
                [
                    -0.7457830905914307,
                    -0.39515066146850586,
                    -0.5363427400588989,
                    0.0
                ],
                [
                    0.5166006684303284,
                    0.16530239582061768,
                    -0.840118408203125,
                    0.0
                ],
                [
                    0.4206320643424988,
                    -0.9036210775375366,
                    0.0808553695678711,
                    0.0
                ],
                [
                    0.6835149526596069,
                    0.597974956035614,
                    -0.3921627104282379,
                    1.0
                ]
            ],
            "location": [
                -0.597974956035614,
                -0.3921627104282379,
                -0.6835149526596069
            ],
            "location_world": [
                0.6835149526596069,
                0.597974956035614,
                -0.3921627104282379
            ],
            "name": "google_2_of_Jenga_Classic_Game_1",
            "projected_cuboid": [
                [
                    1.0629147291183472,
                    533.0877900123596
                ],
                [
                    4.110768437385559,
                    571.229100227356
                ],
                [
                    -276.2780785560608,
                    650.7114171981812
                ],
                [
                    -299.26180839538574,
                    610.6417179107666
                ],
                [
                    -4.058182239532471,
                    481.2546372413635
                ],
                [
                    -0.9589493274688721,
                    519.4159150123596
                ],
                [
                    -259.7440481185913,
                    583.8693976402283
                ],
                [
                    -279.7277569770813,
                    542.9919362068176
                ],
                [
                    -127.55396962165833,
                    558.1307411193848
                ]
            ],
            "provenance": "nvisii",
            "quaternion_xyzw": [
                -0.8148467540740967,
                0.2152690291404724,
                -0.5060473084449768,
                0.18330319225788116
            ],
            "quaternion_xyzw_world": [
                0.04488639906048775,
                0.6764299869537354,
                -0.6444641351699829,
                0.35368582606315613
            ],
            "segmentation_id": 2,
            "visibility": -1
        },
        {
            "bounding_box_minx_maxx_miny_maxy": [
                -1,
                -1,
                -1,
                -1
            ],
            "class": "2",
            "local_cuboid": null,
            "local_to_world_matrix": [
                [
                    0.7747175097465515,
                    -0.017171740531921387,
                    0.632074236869812,
                    0.0
                ],
                [
                    0.5742069482803345,
                    -0.3994636535644531,
                    -0.7146432995796204,
                    0.0
                ],
                [
                    0.26476243138313293,
                    0.9165881276130676,
                    -0.29961133003234863,
                    0.0
                ],
                [
                    1.7737839221954346,
                    -0.42520955204963684,
                    -0.5319560766220093,
                    1.0
                ]
            ],
            "location": [
                0.42520955204963684,
                -0.5319560766220093,
                -1.7737839221954346
            ],
            "location_world": [
                1.7737839221954346,
                -0.42520955204963684,
                -0.5319560766220093
            ],
            "name": "google_2_of_Jenga_Classic_Game_2",
            "projected_cuboid": [
                [
                    295.9059476852417,
                    433.38555097579956
                ],
                [
                    305.4196536540985,
                    447.82960414886475
                ],
                [
                    396.13497257232666,
                    427.31010913848877
                ],
                [
                    388.67878913879395,
                    411.67956590652466
                ],
                [
                    297.0126271247864,
                    456.378698348999
                ],
                [
                    306.81243538856506,
                    470.69695591926575
                ],
                [
                    400.72548389434814,
                    450.4684507846832
                ],
                [
                    393.1336998939514,
                    434.93542075157166
                ],
                [
                    347.0149636268616,
                    441.7150020599365
                ]
            ],
            "provenance": "nvisii",
            "quaternion_xyzw": [
                -0.7065014839172363,
                -0.36501622200012207,
                0.598479151725769,
                0.09716735780239105
            ],
            "quaternion_xyzw_world": [
                -0.7864147424697876,
                -0.17708060145378113,
                -0.2851029634475708,
                0.5185658931732178
            ],
            "segmentation_id": 3,
            "visibility": -1
        },
        {
            "bounding_box_minx_maxx_miny_maxy": [
                -1,
                -1,
                -1,
                -1
            ],
            "class": "2",
            "local_cuboid": null,
            "local_to_world_matrix": [
                [
                    -0.5752236843109131,
                    -0.2794405221939087,
                    0.7687851786613464,
                    0.0
                ],
                [
                    0.6514216065406799,
                    0.41194355487823486,
                    0.6371439099311829,
                    0.0
                ],
                [
                    -0.49473994970321655,
                    0.8673035502433777,
                    -0.05492603778839111,
                    0.0
                ],
                [
                    1.8121181726455688,
                    -0.6627681255340576,
                    0.6911314725875854,
                    1.0
                ]
            ],
            "location": [
                0.6627681255340576,
                0.6911314725875854,
                -1.8121181726455688
            ],
            "location_world": [
                1.8121181726455688,
                -0.6627681255340576,
                0.6911314725875854
            ],
            "name": "google_2_of_Jenga_Classic_Game_3",
            "projected_cuboid": [
                [
                    413.38932514190674,
                    -3.181338310241699
                ],
                [
                    395.4624831676483,
                    -14.269858598709106
                ],
                [
                    468.04773807525635,
                    1.419857144355774
                ],
                [
                    486.77024245262146,
                    12.088745832443237
                ],
                [
                    400.928795337677,
                    25.741636753082275
                ],
                [
                    383.8745355606079,
                    14.0199214220047
                ],
                [
                    455.59030771255493,
                    27.1320641040802
                ],
                [
                    473.46362471580505,
                    38.315579295158386
                ],
                [
                    435.9748959541321,
                    13.042107224464417
                ]
            ],
            "provenance": "nvisii",
            "quaternion_xyzw": [
                0.1920655369758606,
                0.46447911858558655,
                -0.3801826536655426,
                -0.7764220237731934
            ],
            "quaternion_xyzw_world": [
                0.1301526576280594,
                0.714509129524231,
                0.5263919830322266,
                -0.4420955181121826
            ],
            "segmentation_id": 4,
            "visibility": -1
        },
        {
            "bounding_box_minx_maxx_miny_maxy": [
                -1,
                -1,
                -1,
                -1
            ],
            "class": "2",
            "local_cuboid": null,
            "local_to_world_matrix": [
                [
                    -0.5567549467086792,
                    0.7806822061538696,
                    0.2838294804096222,
                    0.0
                ],
                [
                    0.7350339889526367,
                    0.3038257360458374,
                    0.6061475872993469,
                    0.0
                ],
                [
                    0.38697394728660583,
                    0.5461000800132751,
                    -0.7429842948913574,
                    0.0
                ],
                [
                    0.192704439163208,
                    0.34530672430992126,
                    0.013298937119543552,
                    1.0
                ]
            ],
            "location": [
                -0.34530672430992126,
                0.013298937119543552,
                -0.192704439163208
            ],
            "location_world": [
                0.192704439163208,
                0.34530672430992126,
                0.013298937119543552
            ],
            "name": "google_2_of_Jenga_Classic_Game_4",
            "projected_cuboid": [
                [
                    -998.4123706817627,
                    770.9603309631348
                ],
                [
                    -801.4649152755737,
                    570.1195597648621
                ],
                [
                    -913.3577346801758,
                    100.25693476200104
                ],
                [
                    -1319.3721771240234,
                    254.85527515411377
                ],
                [
                    -688.2818937301636,
                    739.3844723701477
                ],
                [
                    -569.1064596176147,
                    568.5973167419434
                ],
                [
                    -554.0931820869446,
                    182.03113973140717
                ],
                [
                    -741.5570616722107,
                    327.29077339172363
                ],
                [
                    -779.3946266174316,
                    480.66020011901855
                ]
            ],
            "provenance": "nvisii",
            "quaternion_xyzw": [
                -0.006003141403198242,
                0.8327369689941406,
                -0.44372305274009705,
                -0.331093430519104
            ],
            "quaternion_xyzw_world": [
                0.4696817398071289,
                0.8067783117294312,
                0.35705211758613586,
                0.0319618321955204
            ],
            "segmentation_id": 5,
            "visibility": -1
        },
        {
            "bounding_box_minx_maxx_miny_maxy": [
                -1,
                -1,
                -1,
                -1
            ],
            "class": "2",
            "local_cuboid": null,
            "local_to_world_matrix": [
                [
                    0.4183535575866699,
                    0.09134745597839355,
                    0.9036791324615479,
                    0.0
                ],
                [
                    0.8466549515724182,
                    -0.3994624614715576,
                    -0.3515753149986267,
                    0.0
                ],
                [
                    0.32887032628059387,
                    0.9121871590614319,
                    -0.24445629119873047,
                    0.0
                ],
                [
                    0.9890515804290771,
                    -0.6827899217605591,
                    -0.602676510810852,
                    1.0
                ]
            ],
            "location": [
                0.6827899217605591,
                -0.602676510810852,
                -0.9890515804290771
            ],
            "location_world": [
                0.9890515804290771,
                -0.6827899217605591,
                -0.602676510810852
            ],
            "name": "google_2_of_Jenga_Classic_Game_5",
            "projected_cuboid": [
                [
                    474.1652011871338,
                    603.1283140182495
                ],
                [
                    477.9743254184723,
                    596.6852307319641
                ],
                [
                    653.4492373466492,
                    587.2799158096313
                ],
                [
                    662.198543548584,
                    593.6678647994995
                ],
                [
                    485.5390787124634,
                    656.0707092285156
                ],
                [
                    488.7257516384125,
                    646.007776260376
                ],
                [
                    670.9687113761902,
                    640.9938335418701
                ],
                [
                    681.3631057739258,
                    651.7059803009033
                ],
                [
                    569.835364818573,
                    621.5354204177856
                ]
            ],
            "provenance": "nvisii",
            "quaternion_xyzw": [
                0.6302971839904785,
                0.5168758630752563,
                -0.527743399143219,
                -0.2388550341129303
            ],
            "quaternion_xyzw_world": [
                0.7180306911468506,
                0.32658854126930237,
                0.4291423261165619,
                -0.4400098919868469
            ],
            "segmentation_id": 6,
            "visibility": -1
        },
        {
            "bounding_box_minx_maxx_miny_maxy": [
                -1,
                -1,
                -1,
                -1
            ],
            "class": "2",
            "local_cuboid": null,
            "local_to_world_matrix": [
                [
                    0.9465885758399963,
                    -0.18212270736694336,
                    0.2660854160785675,
                    0.0
                ],
                [
                    -0.26549243927001953,
                    -0.9085260629653931,
                    0.3226366639137268,
                    0.0
                ],
                [
                    0.18298602104187012,
                    -0.37604784965515137,
                    -0.9083524942398071,
                    0.0
                ],
                [
                    1.8541486263275146,
                    0.1704884171485901,
                    0.45772451162338257,
                    1.0
                ]
            ],
            "location": [
                -0.1704884171485901,
                0.45772451162338257,
                -1.8541486263275146
            ],
            "location_world": [
                1.8541486263275146,
                0.1704884171485901,
                0.45772451162338257
            ],
            "name": "google_2_of_Jenga_Classic_Game_6",
            "projected_cuboid": [
                [
                    221.65966033935547,
                    191.60716235637665
                ],
                [
                    245.27516961097717,
                    182.42716789245605
                ],
                [
                    209.88203585147858,
                    95.33777832984924
                ],
                [
                    186.0201358795166,
                    105.80173134803772
                ],
                [
                    215.92605113983154,
                    196.02319598197937
                ],
                [
                    240.42098224163055,
                    186.52772903442383
                ],
                [
                    203.42041552066803,
                    95.95794975757599
                ],
                [
                    178.6630153656006,
                    106.84177279472351
                ],
                [
                    212.90498971939087,
                    145.6964612007141
                ]
            ],
            "provenance": "nvisii",
            "quaternion_xyzw": [
                0.5105076432228088,
                0.5752173662185669,
                -0.27939873933792114,
                0.5748420357704163
            ],
            "quaternion_xyzw_world": [
                0.9699828624725342,
                -0.11536676436662674,
                0.11574210226535797,
                0.1800765097141266
            ],
            "segmentation_id": 7,
            "visibility": -1
        },
        {
            "bounding_box_minx_maxx_miny_maxy": [
                -1,
                -1,
                -1,
                -1
            ],
            "class": "2",
            "local_cuboid": null,
            "local_to_world_matrix": [
                [
                    -0.5713014602661133,
                    0.7957844138145447,
                    0.2008526772260666,
                    0.0
                ],
                [
                    0.6800501942634583,
                    0.3219645023345947,
                    0.6586885452270508,
                    0.0
                ],
                [
                    0.459506630897522,
                    0.51289963722229,
                    -0.7251121997833252,
                    0.0
                ],
                [
                    1.7478704452514648,
                    -0.6105957627296448,
                    -0.5996696352958679,
                    1.0
                ]
            ],
            "location": [
                0.6105957627296448,
                -0.5996696352958679,
                -1.7478704452514648
            ],
            "location_world": [
                1.7478704452514648,
                -0.6105957627296448,
                -0.5996696352958679
            ],
            "name": "google_2_of_Jenga_Classic_Game_7",
            "projected_cuboid": [
                [
                    396.04222774505615,
                    524.0752696990967
                ],
                [
                    382.91144371032715,
                    497.963011264801
                ],
                [
                    444.6331262588501,
                    444.05704736709595
                ],
                [
                    460.8916640281677,
                    470.41055560112
                ],
                [
                    412.731409072876,
                    522.5884914398193
                ],
                [
                    399.41108226776123,
                    497.1291720867157
                ],
                [
                    460.8175754547119,
                    444.5113241672516
                ],
                [
                    477.18894481658936,
                    470.1978862285614
                ],
                [
                    428.14671993255615,
                    484.64101552963257
                ]
            ],
            "provenance": "nvisii",
            "quaternion_xyzw": [
                -0.0354742705821991,
                0.853519082069397,
                -0.41157907247543335,
                -0.3175678849220276
            ],
            "quaternion_xyzw_world": [
                0.456028014421463,
                0.8090701699256897,
                0.36201685667037964,
                0.07992321997880936
            ],
            "segmentation_id": 8,
            "visibility": -1
        },
        {
            "bounding_box_minx_maxx_miny_maxy": [
                -1,
                -1,
                -1,
                -1
            ],
            "class": "2",
            "local_cuboid": null,
            "local_to_world_matrix": [
                [
                    0.8304149508476257,
                    0.5349003672599792,
                    -0.15586093068122864,
                    0.0
                ],
                [
                    -0.4579150378704071,
                    0.8146193027496338,
                    0.35596251487731934,
                    0.0
                ],
                [
                    0.31737175583839417,
                    -0.22422553598880768,
                    0.9214109182357788,
                    0.0
                ],
                [
                    1.050384521484375,
                    0.20828013122081757,
                    0.3632776737213135,
                    1.0
                ]
            ],
            "location": [
                -0.20828013122081757,
                0.3632776737213135,
                -1.050384521484375
            ],
            "location_world": [
                1.050384521484375,
                0.20828013122081757,
                0.3632776737213135
            ],
            "name": "google_2_of_Jenga_Classic_Game_8",
            "projected_cuboid": [
                [
                    184.62753295898438,
                    -58.66962671279907
                ],
                [
                    146.54487371444702,
                    -84.67519283294678
                ],
                [
                    100.37022829055786,
                    38.85874152183533
                ],
                [
                    143.27457547187805,
                    62.71851062774658
                ],
                [
                    203.38129997253418,
                    -83.13843607902527
                ],
                [
                    163.67658972740173,
                    -111.5727424621582
                ],
                [
                    116.06277525424957,
                    17.569854855537415
                ],
                [
                    161.09246015548706,
                    43.73082518577576
                ],
                [
                    153.4222513437271,
                    -23.971349000930786
                ]
            ],
            "provenance": "nvisii",
            "quaternion_xyzw": [
                -0.3265382647514343,
                0.7430064678192139,
                0.46410295367240906,
                0.3548557758331299
            ],
            "quaternion_xyzw_world": [
                0.15361052751541138,
                0.1252930462360382,
                0.26285770535469055,
                0.9442517161369324
            ],
            "segmentation_id": 9,
            "visibility": -1
        },
        {
            "bounding_box_minx_maxx_miny_maxy": [
                -1,
                -1,
                -1,
                -1
            ],
            "class": "2",
            "local_cuboid": null,
            "local_to_world_matrix": [
                [
                    0.9492142200469971,
                    -0.1413796842098236,
                    -0.2810768783092499,
                    0.0
                ],
                [
                    -0.31401291489601135,
                    -0.48164522647857666,
                    -0.8181774616241455,
                    0.0
                ],
                [
                    -0.019705623388290405,
                    0.8648874759674072,
                    -0.5015795230865479,
                    0.0
                ],
                [
                    1.921452522277832,
                    0.3046697676181793,
                    0.819710373878479,
                    1.0
                ]
            ],
            "location": [
                -0.3046697676181793,
                0.819710373878479,
                -1.921452522277832
            ],
            "location_world": [
                1.921452522277832,
                0.3046697676181793,
                0.819710373878479
            ],
            "name": "google_2_of_Jenga_Classic_Game_9",
            "projected_cuboid": [
                [
                    74.40829277038574,
                    36.16194427013397
                ],
                [
                    84.66169238090515,
                    54.73373830318451
                ],
                [
                    163.51988911628723,
                    9.862378239631653
                ],
                [
                    152.2361934185028,
                    -8.051902055740356
                ],
                [
                    63.89828026294708,
                    20.62135934829712
                ],
                [
                    74.41386580467224,
                    39.717838168144226
                ],
                [
                    156.46006166934967,
                    -6.903290748596191
                ],
                [
                    144.82972025871277,
                    -25.290369987487793
                ],
                [
                    114.41163718700409,
                    15.165969729423523
                ]
            ],
            "provenance": "nvisii",
            "quaternion_xyzw": [
                0.696392834186554,
                0.07200250774621964,
                -0.6512495279312134,
                0.2927917540073395
            ],
            "quaternion_xyzw_world": [
                0.8562182784080505,
                -0.13296626508235931,
                -0.08782295882701874,
                -0.491424024105072
            ],
            "segmentation_id": 10,
            "visibility": -1
        },
        {
            "bounding_box_minx_maxx_miny_maxy": [
                -1,
                -1,
                -1,
                -1
            ],
            "class": "2",
            "local_cuboid": null,
            "local_to_world_matrix": [
                [
                    -0.4918251037597656,
                    0.41743993759155273,
                    -0.764102041721344,
                    0.0
                ],
                [
                    0.034959837794303894,
                    0.8863381147384644,
                    0.4617169201374054,
                    0.0
                ],
                [
                    0.8699918389320374,
                    0.20037111639976501,
                    -0.45051705837249756,
                    0.0
                ],
                [
                    1.6668834686279297,
                    0.45897889137268066,
                    -0.3513519763946533,
                    1.0
                ]
            ],
            "location": [
                -0.45897889137268066,
                -0.3513519763946533,
                -1.6668834686279297
            ],
            "location_world": [
                1.6668834686279297,
                0.45897889137268066,
                -0.3513519763946533
            ],
            "name": "google_2_of_Jenga_Classic_Game_10",
            "projected_cuboid": [
                [
                    92.28894114494324,
                    419.16680335998535
                ],
                [
                    68.79836320877075,
                    406.54006600379944
                ],
                [
                    62.29566037654877,
                    382.49826431274414
                ],
                [
                    89.4012451171875,
                    397.0312178134918
                ],
                [
                    105.69539666175842,
                    397.0184922218323
                ],
                [
                    82.65377581119537,
                    384.6777081489563
                ],
                [
                    78.38676869869232,
                    357.8967750072479
                ],
                [
                    104.89632189273834,
                    372.05198407173157
                ],
                [
                    85.74928343296051,
                    390.34512639045715
                ]
            ],
            "provenance": "nvisii",
            "quaternion_xyzw": [
                -0.497703492641449,
                0.8290278315544128,
                -0.14639943838119507,
                -0.2087373286485672
            ],
            "quaternion_xyzw_world": [
                0.13449324667453766,
                0.8409340381622314,
                0.1968311369419098,
                0.48579728603363037
            ],
            "segmentation_id": 11,
            "visibility": -1
        },
        {
            "bounding_box_minx_maxx_miny_maxy": [
                -1,
                -1,
                -1,
                -1
            ],
            "class": "2",
            "local_cuboid": null,
            "local_to_world_matrix": [
                [
                    0.9191014170646667,
                    -0.038083046674728394,
                    0.3921762704849243,
                    0.0
                ],
                [
                    -0.3621489405632019,
                    -0.4738023281097412,
                    0.8027201890945435,
                    0.0
                ],
                [
                    0.15524399280548096,
                    -0.8798074722290039,
                    -0.44926416873931885,
                    0.0
                ],
                [
                    1.7184514999389648,
                    0.20618635416030884,
                    0.3957115411758423,
                    1.0
                ]
            ],
            "location": [
                -0.20618635416030884,
                0.3957115411758423,
                -1.7184514999389648
            ],
            "location_world": [
                1.7184514999389648,
                0.20618635416030884,
                0.3957115411758423
            ],
            "name": "google_2_of_Jenga_Classic_Game_11",
            "projected_cuboid": [
                [
                    260.7348561286926,
                    168.2024449110031
                ],
                [
                    274.4479775428772,
                    143.87966692447662
                ],
                [
                    185.91296672821045,
                    95.57820856571198
                ],
                [
                    173.3780801296234,
                    121.35858833789825
                ],
                [
                    260.1410448551178,
                    175.5133867263794
                ],
                [
                    274.4242548942566,
                    150.29120445251465
                ],
                [
                    182.0376068353653,
                    100.06318986415863
                ],
                [
                    169.0371334552765,
                    126.86395645141602
                ],
                [
                    223.06346893310547,
                    135.58506965637207
                ]
            ],
            "provenance": "nvisii",
            "quaternion_xyzw": [
                0.3124927580356598,
                0.6927988529205322,
                -0.03143593668937683,
                0.6491454839706421
            ],
            "quaternion_xyzw_world": [
                0.8429365158081055,
                -0.11870169639587402,
                0.16235512495040894,
                0.49900782108306885
            ],
            "segmentation_id": 12,
            "visibility": -1
        },
        {
            "bounding_box_minx_maxx_miny_maxy": [
                -1,
                -1,
                -1,
                -1
            ],
            "class": "2",
            "local_cuboid": null,
            "local_to_world_matrix": [
                [
                    0.3736869692802429,
                    0.5701766014099121,
                    0.7316123843193054,
                    0.0
                ],
                [
                    0.8772460222244263,
                    0.038985371589660645,
                    -0.47845548391342163,
                    0.0
                ],
                [
                    -0.30132633447647095,
                    0.8205966353416443,
                    -0.48561692237854004,
                    0.0
                ],
                [
                    1.2148514986038208,
                    -0.376895546913147,
                    0.25735795497894287,
                    1.0
                ]
            ],
            "location": [
                0.376895546913147,
                0.25735795497894287,
                -1.2148514986038208
            ],
            "location_world": [
                1.2148514986038208,
                -0.376895546913147,
                0.25735795497894287
            ],
            "name": "google_2_of_Jenga_Classic_Game_12",
            "projected_cuboid": [
                [
                    313.58909606933594,
                    160.0719392299652
                ],
                [
                    307.90677666664124,
                    186.41284108161926
                ],
                [
                    418.10157895088196,
                    123.23856353759766
                ],
                [
                    430.2092492580414,
                    94.91778910160065
                ],
                [
                    340.585857629776,
                    190.00892341136932
                ],
                [
                    333.0174684524536,
                    215.09578824043274
                ],
                [
                    444.0515637397766,
                    148.37545156478882
                ],
                [
                    458.11885595321655,
                    120.9377646446228
                ],
                [
                    382.5145363807678,
                    153.89254689216614
                ]
            ],
            "provenance": "nvisii",
            "quaternion_xyzw": [
                0.3895357549190521,
                0.4445207715034485,
                -0.7664787173271179,
                -0.2513434886932373
            ],
            "quaternion_xyzw_world": [
                0.6745958924293518,
                0.5364035964012146,
                0.15946067869663239,
                -0.4814186096191406
            ],
            "segmentation_id": 13,
            "visibility": -1
        },
        {
            "bounding_box_minx_maxx_miny_maxy": [
                -1,
                -1,
                -1,
                -1
            ],
            "class": "2",
            "local_cuboid": null,
            "local_to_world_matrix": [
                [
                    0.15932410955429077,
                    0.30357933044433594,
                    -0.939391016960144,
                    0.0
