{
    "camera_data": {
        "camera_look_at": {
            "at": [
                1.0,
                0.0,
                0.0
            ],
            "eye": [
                0.0,
                0.0,
                0.0
            ],
            "up": [
                0.0,
                0.0,
                1.0
            ]
        },
        "camera_view_matrix": [
            [
                0.0,
                0.0,
                -1.0,
                0.0
            ],
            [
                -1.0,
                0.0,
                0.0,
                0.0
            ],
            [
                0.0,
                1.0,
                0.0,
                0.0
            ],
            [
                0.0,
                0.0,
                0.0,
                1.0
            ]
        ],
        "height": 500,
        "intrinsics": {
            "cx": 250.0,
            "cy": 250.0,
            "fx": 603.5535278320312,
            "fy": 603.5535278320312
        },
        "location_world": [
            0.0,
            0.0,
            0.0
        ],
        "quaternion_world_xyzw": [
            0.5,
            -0.5,
            -0.5,
            0.5
        ],
        "width": 500
    },
    "objects": [
        {
            "bounding_box_minx_maxx_miny_maxy": [
                -1,
                -1,
                -1,
                -1
            ],
            "class": "2",
            "local_cuboid": null,
            "local_to_world_matrix": [
                [
                    0.7083804607391357,
                    -0.3790082633495331,
                    0.5954408645629883,
                    0.0
                ],
                [
                    0.006842672824859619,
                    -0.8398756980895996,
                    -0.5427356958389282,
                    0.0
                ],
                [
                    0.7057976722717285,
                    0.38853779435157776,
                    -0.5923581123352051,
                    0.0
                ],
                [
                    1.5808132886886597,
                    -0.7519500851631165,
                    0.3970717787742615,
                    1.0
                ]
            ],
            "location": [
                0.7519500851631165,
                0.3970717787742615,
                -1.5808132886886597
            ],
            "location_world": [
                1.5808132886886597,
                -0.7519500851631165,
                0.3970717787742615
            ],
            "name": "google_2_of_Jenga_Classic_Game_0",
            "projected_cuboid": [
                [
                    455.52241802215576,
                    160.0463092327118
                ],
                [
                    479.0371358394623,
                    175.31265318393707
                ],
                [
                    550.9542226791382,
                    100.84018111228943
                ],
                [
                    524.4513750076294,
                    83.5903137922287
                ],
                [
                    451.7921507358551,
                    173.30795526504517
                ],
                [
                    476.05499625205994,
                    189.05484676361084
                ],
                [
                    550.163745880127,
                    113.72698843479156
                ],
                [
                    522.7066874504089,
                    95.8610475063324
                ],
                [
                    499.1692304611206,
                    138.6847198009491
                ]
            ],
            "provenance": "nvisii",
            "quaternion_xyzw": [
                0.8104846477508545,
                0.4427340030670166,
                -0.3383525609970093,
                0.18060658872127533
            ],
            "quaternion_xyzw_world": [
                0.8860889077186584,
                -0.10500232875347137,
                0.36712977290153503,
                -0.2627483308315277
            ],
            "segmentation_id": 1,
            "visibility": -1
        },
        {
            "bounding_box_minx_maxx_miny_maxy": [
                -1,
                -1,
                -1,
                -1
            ],
            "class": "2",
            "local_cuboid": null,
            "local_to_world_matrix": [
                [
                    0.311567485332489,
                    0.8560135960578918,
                    -0.41251224279403687,
                    0.0
                ],
                [
                    -0.8881085515022278,
                    0.41671139001846313,
                    0.19394540786743164,
                    0.0
                ],
                [
                    0.3379184603691101,
                    0.3059285581111908,
                    0.8900667428970337,
                    0.0
                ],
                [
                    1.5933818817138672,
                    0.5833733081817627,
                    -0.34924256801605225,
                    1.0
                ]
            ],
            "location": [
                -0.5833733081817627,
                -0.34924256801605225,
                -1.5933818817138672
            ],
            "location_world": [
                1.5933818817138672,
                0.5833733081817627,
                -0.34924256801605225
            ],
            "name": "google_2_of_Jenga_Classic_Game_1",
            "projected_cuboid": [
                [
                    11.30986213684082,
                    289.40021991729736
                ],
                [
                    -12.168526649475098,
                    285.2431535720825
                ],
                [
                    5.722552537918091,
                    387.5225782394409
                ],
                [
                    29.794752597808838,
                    387.26159930229187
                ],
                [
                    31.626597046852112,
                    278.5272002220154
                ],
                [
                    8.72454047203064,
                    273.8114893436432
                ],
                [
                    28.236493468284607,
                    376.9884705543518
                ],
                [
                    51.63116753101349,
                    377.2116005420685
                ],
                [
                    19.262447953224182,
                    330.5514454841614
                ]
            ],
            "provenance": "nvisii",
            "quaternion_xyzw": [
                -0.26830926537513733,
                0.7726379632949829,
                0.575358510017395,
                0.0018245875835418701
            ],
            "quaternion_xyzw_world": [
                -0.034602630883455276,
                0.2318820357322693,
                0.5389313101768494,
                0.8090651631355286
            ],
            "segmentation_id": 2,
            "visibility": -1
        },
        {
            "bounding_box_minx_maxx_miny_maxy": [
                -1,
                -1,
                -1,
                -1
            ],
            "class": "2",
            "local_cuboid": null,
            "local_to_world_matrix": [
                [
                    -0.7227814197540283,
                    -0.6389668583869934,
                    0.263264924287796,
                    0.0
                ],
                [
                    0.30290210247039795,
                    0.04949641227722168,
                    0.9517354965209961,
                    0.0
                ],
                [
                    -0.6211581230163574,
                    0.767640233039856,
                    0.1577693223953247,
                    0.0
                ],
                [
                    1.8168973922729492,
                    -0.2949150502681732,
                    -0.07452189177274704,
                    1.0
                ]
            ],
            "location": [
                0.2949150502681732,
                -0.07452189177274704,
                -1.8168973922729492
            ],
            "location_world": [
                1.8168973922729492,
                -0.2949150502681732,
                -0.07452189177274704
            ],
            "name": "google_2_of_Jenga_Classic_Game_2",
            "projected_cuboid": [
                [
                    287.09137439727783,
                    272.06161618232727
                ],
                [
                    284.94831919670105,
                    241.7682260274887
                ],
                [
                    356.5633296966553,
                    258.039653301239
                ],
                [
                    359.51894521713257,
                    285.47191619873047
                ],
                [
                    267.38566160202026,
                    278.8911461830139
                ],
                [
                    265.6160593032837,
                    249.52369928359985
                ],
                [
                    336.92124485969543,
                    264.53858613967896
                ],
                [
                    339.51079845428467,
                    291.20805859565735
                ],
                [
                    313.9117360115051,
                    268.0124342441559
                ]
            ],
            "provenance": "nvisii",
            "quaternion_xyzw": [
                0.12852361798286438,
                0.4158156216144562,
                -0.08725789189338684,
                -0.8960832357406616
            ],
            "quaternion_xyzw_world": [
                -0.13224303722381592,
                0.6353165507316589,
                0.6765822768211365,
                -0.34802454710006714
            ],
            "segmentation_id": 3,
            "visibility": -1
        },
        {
            "bounding_box_minx_maxx_miny_maxy": [
                -1,
                -1,
                -1,
                -1
            ],
            "class": "2",
            "local_cuboid": null,
            "local_to_world_matrix": [
                [
                    0.034739673137664795,
                    -0.8958519697189331,
                    0.4429926574230194,
                    0.0
                ],
                [
                    0.9104605913162231,
                    -0.15442383289337158,
                    -0.3836858570575714,
                    0.0
                ],
                [
                    0.4121343195438385,
                    0.4166564643383026,
                    0.8102731704711914,
                    0.0
                ],
                [
                    1.817254900932312,
                    -0.7483499050140381,
                    0.2389993816614151,
                    1.0
                ]
            ],
            "location": [
                0.7483499050140381,
                0.2389993816614151,
                -1.817254900932312
            ],
            "location_world": [
                1.817254900932312,
                -0.7483499050140381,
                0.2389993816614151
            ],
            "name": "google_2_of_Jenga_Classic_Game_3",
            "projected_cuboid": [
                [
                    458.1470489501953,
                    88.24405074119568
                ],
                [
                    454.0346562862396,
                    104.42124307155609
                ],
                [
                    506.81644678115845,
                    171.906977891922
                ],
                [
                    513.486385345459,
                    157.55021572113037
                ],
                [
                    435.97227334976196,
                    99.12438690662384
                ],
                [
                    432.7174723148346,
                    114.90045487880707
                ],
                [
                    484.1933250427246,
                    183.1662654876709
                ],
                [
                    489.8950159549713,
                    169.27433013916016
                ],
                [
                    471.0097908973694,
                    135.12057065963745
                ]
            ],
            "provenance": "nvisii",
            "quaternion_xyzw": [
                -0.8203157782554626,
                -0.18206904828548431,
                0.13756780326366425,
                0.5244119763374329
            ],
            "quaternion_xyzw_world": [
                -0.30777034163475037,
                -0.011866512708365917,
                -0.6946145296096802,
                0.6501132845878601
            ],
            "segmentation_id": 4,
            "visibility": -1
        },
        {
            "bounding_box_minx_maxx_miny_maxy": [
                -1,
                -1,
                -1,
                -1
            ],
            "class": "2",
            "local_cuboid": null,
            "local_to_world_matrix": [
                [
                    0.9163051843643188,
                    -0.3585146367549896,
                    0.17847153544425964,
                    0.0
                ],
                [
                    -0.3992609679698944,
                    -0.7830325365066528,
                    0.4769180119037628,
                    0.0
                ],
                [
                    -0.03123309463262558,
                    -0.5082591772079468,
                    -0.8606376647949219,
                    0.0
                ],
                [
                    1.398754596710205,
                    0.24657884240150452,
                    0.7203130722045898,
                    1.0
                ]
            ],
            "location": [
                -0.24657884240150452,
                0.7203130722045898,
                -1.398754596710205
            ],
            "location_world": [
                1.398754596710205,
                0.24657884240150452,
                0.7203130722045898
            ],
            "name": "google_2_of_Jenga_Classic_Game_4",
            "projected_cuboid": [
                [
                    201.02249085903168,
                    59.30367112159729
                ],
                [
                    228.17422449588776,
                    37.48965263366699
                ],
                [
                    165.1255339384079,
                    -68.1416392326355
                ],
                [
                    139.60856199264526,
                    -44.0116822719574
                ],
                [
                    185.9823614358902,
                    55.445536971092224
                ],
                [
                    214.22313153743744,
                    32.35454857349396
                ],
                [
                    147.88244664669037,
                    -78.91571521759033
                ],
                [
                    121.4497834444046,
                    -53.258031606674194
                ],
                [
                    175.3755807876587,
                    -7.404953241348267
                ]
            ],
            "provenance": "nvisii",
            "quaternion_xyzw": [
                0.4610758125782013,
                0.5213373303413391,
                -0.22124671936035156,
                0.6831298470497131
            ],
            "quaternion_xyzw_world": [
                0.9433948397636414,
                -0.20081083476543427,
                0.03901824355125427,
                0.2610723376274109
            ],
            "segmentation_id": 5,
            "visibility": -1
        },
        {
            "bounding_box_minx_maxx_miny_maxy": [
                -1,
                -1,
                -1,
                -1
            ],
            "class": "2",
            "local_cuboid": null,
            "local_to_world_matrix": [
                [
                    0.961548924446106,
                    -0.13143953680992126,
                    0.2411375641822815,
                    0.0
                ],
                [
                    -0.2661129832267761,
                    -0.22890281677246094,
                    0.9363692402839661,
                    0.0
                ],
                [
                    -0.06787887960672379,
                    -0.9645346999168396,
                    -0.25507891178131104,
                    0.0
                ],
                [
                    1.6074460744857788,
                    -0.4985537827014923,
                    -0.6716085076332092,
                    1.0
                ]
            ],
            "location": [
                0.4985537827014923,
                -0.6716085076332092,
                -1.6074460744857788
            ],
            "location_world": [
                1.6074460744857788,
                -0.4985537827014923,
                -0.6716085076332092
            ],
            "name": "google_2_of_Jenga_Classic_Game_5",
            "projected_cuboid": [
                [
                    536.075234413147,
                    536.2114906311035
                ],
                [
                    547.2837090492249,
                    510.63454151153564
                ],
                [
                    439.61846828460693,
                    479.9531400203705
                ],
                [
                    430.0045967102051,
                    505.64008951187134
                ],
                [
                    545.9680557250977,
                    557.4755072593689
                ],
                [
                    557.8734874725342,
                    530.9480428695679
                ],
                [
                    444.83262300491333,
                    498.51471185684204
                ],
                [
                    434.68332290649414,
                    525.1704454421997
                ],
                [
                    491.574764251709,
                    517.8261399269104
                ]
            ],
            "provenance": "nvisii",
            "quaternion_xyzw": [
                0.17831951379776,
                0.6589861512184143,
                0.004185974597930908,
                0.7306996583938599
            ],
            "quaternion_xyzw_world": [
                0.7819096446037292,
                -0.12710948288440704,
                0.055396001785993576,
                0.6077761054039001
            ],
            "segmentation_id": 6,
            "visibility": -1
        },
        {
            "bounding_box_minx_maxx_miny_maxy": [
                -1,
                -1,
                -1,
                -1
            ],
            "class": "2",
            "local_cuboid": null,
            "local_to_world_matrix": [
                [
                    -0.5797538757324219,
                    0.5261953473091125,
                    0.6220964193344116,
                    0.0
                ],
                [
                    0.172557070851326,
                    -0.6668931245803833,
                    0.7248983979225159,
                    0.0
                ],
                [
                    0.7963099479675293,
                    0.5276097655296326,
                    0.29583513736724854,
                    0.0
                ],
                [
                    0.5590137839317322,
                    0.06506935507059097,
                    0.5178578495979309,
                    1.0
                ]
            ],
            "location": [
                -0.06506935507059097,
                0.5178578495979309,
                -0.5590137839317322
            ],
            "location_world": [
                0.5590137839317322,
                0.06506935507059097,
                0.5178578495979309
            ],
            "name": "google_2_of_Jenga_Classic_Game_6",
            "projected_cuboid": [
                [
                    37.49410808086395,
                    -224.11876916885376
                ],
                [
                    85.27921140193939,
                    -262.8214359283447
                ],
                [
                    185.937762260437,
                    -386.3455057144165
                ],
                [
                    119.90958452224731,
                    -334.02419090270996
                ],
                [
                    80.57180047035217,
                    -160.56180000305176
                ],
                [
                    124.93361532688141,
                    -198.23738932609558
                ],
                [
                    233.43369364738464,
                    -286.67569160461426
                ],
                [
                    173.86537790298462,
                    -235.99138855934143
                ],
                [
                    122.96637892723083,
                    -251.40714645385742
                ]
            ],
            "provenance": "nvisii",
            "quaternion_xyzw": [
                0.36919379234313965,
                0.8728407025337219,
                0.03530944883823395,
                -0.3171722888946533
            ],
            "quaternion_xyzw_world": [
                0.44477638602256775,
                0.3927548825740814,
                0.7972581386566162,
                0.11089202016592026
            ],
            "segmentation_id": 7,
            "visibility": -1
        },
        {
            "bounding_box_minx_maxx_miny_maxy": [
                -1,
                -1,
                -1,
                -1
            ],
            "class": "2",
            "local_cuboid": null,
            "local_to_world_matrix": [
                [
                    -0.9297362565994263,
                    -0.14051632583141327,
                    -0.34036126732826233,
                    0.0
                ],
                [
                    0.11823727190494537,
                    0.7614560127258301,
                    -0.6373418569564819,
                    0.0
                ],
                [
                    0.3487270772457123,
                    -0.632803201675415,
                    -0.6913390159606934,
                    0.0
                ],
                [
                    1.8480292558670044,
                    -0.23410016298294067,
                    -0.45083191990852356,
                    1.0
                ]
            ],
            "location": [
                0.23410016298294067,
                -0.45083191990852356,
                -1.8480292558670044
            ],
            "location_world": [
                1.8480292558670044,
                -0.23410016298294067,
                -0.45083191990852356
            ],
            "name": "google_2_of_Jenga_Classic_Game_7",
            "projected_cuboid": [
                [
                    394.43427324295044,
                    452.1905183792114
                ],
                [
                    373.45239520072937,
                    468.0708348751068
                ],
                [
                    318.95560026168823,
                    413.1988286972046
                ],
                [
                    340.81944823265076,
                    396.11971378326416
                ],
                [
                    385.7120871543884,
                    436.5288019180298
                ],
                [
                    365.54664373397827,
                    451.9028663635254
                ],
                [
                    312.7388656139374,
                    398.2890248298645
                ],
                [
                    333.71657133102417,
                    381.79710507392883
                ],
                [
                    353.7858724594116,
                    425.3712594509125
                ]
            ],
            "provenance": "nvisii",
            "quaternion_xyzw": [
                -0.7291408181190491,
                0.37777936458587646,
                -0.5357468128204346,
                -0.19649897515773773
            ],
            "quaternion_xyzw_world": [
                -0.006056834943592548,
                0.9195829629898071,
                -0.3453046381473541,
                0.18733718991279602
            ],
            "segmentation_id": 8,
            "visibility": -1
        },
        {
            "bounding_box_minx_maxx_miny_maxy": [
                -1,
                -1,
                -1,
                -1
            ],
            "class": "2",
            "local_cuboid": null,
            "local_to_world_matrix": [
                [
                    -0.18812358379364014,
                    0.1352100968360901,
                    -0.972793698310852,
                    0.0
                ],
                [
                    -0.7939478754997253,
                    0.5621182918548584,
                    0.2316671907901764,
                    0.0
                ],
                [
                    0.5781489610671997,
                    0.815929651260376,
                    0.0016021132469177246,
                    0.0
                ],
                [
                    1.0721819400787354,
                    -0.08859563618898392,
                    0.24599087238311768,
                    1.0
                ]
            ],
            "location": [
                0.08859563618898392,
                0.24599087238311768,
                -1.0721819400787354
            ],
            "location_world": [
                1.0721819400787354,
                -0.08859563618898392,
                0.24599087238311768
            ],
            "name": "google_2_of_Jenga_Classic_Game_8",
            "projected_cuboid": [
                [
                    187.45440244674683,
                    155.54198622703552
                ],
                [
                    160.09098291397095,
                    140.42815566062927
                ],
                [
                    284.85167026519775,
                    122.75910377502441
                ],
                [
                    308.80728363990784,
                    141.2753015756607
                ],
                [
                    193.19990277290344,
                    120.5073595046997
                ],
                [
                    166.48775339126587,
                    103.64507138729095
                ],
                [
                    290.51119089126587,
                    80.28869330883026
                ],
                [
                    313.80653381347656,
                    101.11580789089203
                ],
                [
                    234.05839502811432,
                    121.51119112968445
                ]
            ],
            "provenance": "nvisii",
            "quaternion_xyzw": [
                -0.5502889156341553,
                0.6973209381103516,
                0.2852165400981903,
                -0.3599681258201599
            ],
            "quaternion_xyzw_world": [
                -0.24907629191875458,
                0.6611807346343994,
                0.39610835909843445,
                0.5864291787147522
            ],
            "segmentation_id": 9,
            "visibility": -1
        },
        {
            "bounding_box_minx_maxx_miny_maxy": [
                -1,
                -1,
                -1,
                -1
            ],
            "class": "2",
            "local_cuboid": null,
            "local_to_world_matrix": [
                [
                    -0.0924985408782959,
                    0.39808833599090576,
                    0.9126717448234558,
                    0.0
                ],
                [
                    -0.7855199575424194,
                    -0.5924432277679443,
                    0.178799569606781,
                    0.0
                ],
                [
                    0.6118842959403992,
                    -0.7003831267356873,
                    0.3675065040588379,
                    0.0
                ],
                [
                    0.3262079060077667,
                    -0.3397807478904724,
                    0.3676852583885193,
                    1.0
                ]
            ],
            "location": [
                0.3397807478904724,
                0.3676852583885193,
                -0.3262079060077667
            ],
            "location_world": [
                0.3262079060077667,
                -0.3397807478904724,
                0.3676852583885193
            ],
            "name": "google_2_of_Jenga_Classic_Game_9",
            "projected_cuboid": [
                [
                    818.7214732170105,
                    -318.522572517395
                ],
                [
                    963.7901186943054,
                    -418.53415966033936
                ],
                [
                    977.958083152771,
                    -607.5197458267212
                ],
                [
                    757.3651671409607,
                    -422.02693223953247
                ],
                [
                    846.0463881492615,
                    -230.6581735610962
                ],
                [
                    992.7006363868713,
                    -316.87748432159424
                ],
                [
                    1023.9343643188477,
                    -439.982533454895
                ],
                [
                    799.3755340576172,
                    -288.8264060020447
                ],
                [
                    891.9779658317566,
                    -361.8811368942261
                ]
            ],
            "provenance": "nvisii",
            "quaternion_xyzw": [
                0.5086738467216492,
                0.7397249937057495,
                0.38968074321746826,
                0.20544275641441345
            ],
            "quaternion_xyzw_world": [
                0.5320804119110107,
                -0.18203620612621307,
                0.7163184285163879,
                0.4130873382091522
            ],
            "segmentation_id": 10,
            "visibility": -1
        },
        {
            "bounding_box_minx_maxx_miny_maxy": [
                -1,
                -1,
                -1,
                -1
            ],
            "class": "2",
            "local_cuboid": null,
            "local_to_world_matrix": [
                [
                    0.8289379477500916,
                    -0.536082923412323,
                    0.1596151888370514,
                    0.0
                ],
                [
                    0.4984671473503113,
                    0.8374684453010559,
                    0.22400245070457458,
                    0.0
                ],
                [
                    -0.2537565529346466,
                    -0.10612121224403381,
                    0.9614291191101074,
                    0.0
                ],
                [
                    1.150429129600525,
                    -0.49910613894462585,
                    0.41422203183174133,
                    1.0
                ]
            ],
            "location": [
                0.49910613894462585,
                0.41422203183174133,
                -1.150429129600525
            ],
            "location_world": [
                1.150429129600525,
                -0.49910613894462585,
                0.41422203183174133
            ],
            "name": "google_2_of_Jenga_Classic_Game_10",
            "projected_cuboid": [
                [
                    575.4438638687134,
                    -133.83948802947998
                ],
                [
                    525.5528688430786,
                    -129.6449601650238
                ],
                [
                    493.05373430252075,
                    34.486547112464905
                ],
                [
                    538.5853052139282,
                    36.504462361335754
                ],
                [
                    571.2946653366089,
                    -150.95430612564087
                ],
                [
                    518.5031890869141,
                    -145.82553505897522
                ],
                [
                    484.59672927856445,
                    28.78442406654358
                ],
                [
                    532.5186848640442,
                    30.703812837600708
                ],
                [
                    528.9835333824158,
                    -50.67172646522522
                ]
            ],
            "provenance": "nvisii",
            "quaternion_xyzw": [
                -0.5143743753433228,
                0.3294551968574524,
                0.3513087034225464,
                0.7095494866371155
            ],
            "quaternion_xyzw_world": [
                0.08666083216667175,
                -0.10851430892944336,
                -0.27157995104789734,
                0.9523438811302185
            ],
            "segmentation_id": 11,
            "visibility": -1
        },
        {
            "bounding_box_minx_maxx_miny_maxy": [
                -1,
                -1,
                -1,
                -1
            ],
            "class": "2",
            "local_cuboid": null,
            "local_to_world_matrix": [
                [
                    -0.21724820137023926,
                    -0.3930971324443817,
                    -0.8934639096260071,
                    0.0
                ],
                [
                    -0.40448543429374695,
                    0.8692941069602966,
                    -0.284111350774765,
                    0.0
                ],
                [
                    0.8883662819862366,
                    0.2996704876422882,
                    -0.3478546142578125,
                    0.0
                ],
                [
                    1.1743109226226807,
                    0.3524281084537506,
                    0.5767565965652466,
                    1.0
                ]
            ],
            "location": [
                -0.3524281084537506,
                0.5767565965652466,
                -1.1743109226226807
            ],
            "location_world": [
                1.1743109226226807,
                0.3524281084537506,
                0.5767565965652466
            ],
            "name": "google_2_of_Jenga_Classic_Game_11",
            "projected_cuboid": [
                [
                    87.74927258491516,
                    60.8869194984436
                ],
                [
                    52.35365033149719,
                    66.58238172531128
                ],
                [
                    53.69752645492554,
                    -28.23975682258606
                ],
                [
                    96.81940078735352,
                    -32.446712255477905
                ],
                [
                    76.8304318189621,
                    33.95991027355194
                ],
                [
                    41.59873723983765,
                    38.9416366815567
                ],
                [
                    40.529027581214905,
                    -60.638874769210815
                ],
                [
                    83.4098607301712,
                    -63.863605260849
                ],
                [
                    66.64219498634338,
                    6.565913558006287
                ]
            ],
            "provenance": "nvisii",
            "quaternion_xyzw": [
                -0.8008705377578735,
                0.5502630472183228,
                0.025728970766067505,
                -0.2348507195711136
            ],
            "quaternion_xyzw_world": [
                -0.25559359788894653,
                0.7801277041435242,
                0.004986079875379801,
                0.5710059404373169
            ],
            "segmentation_id": 12,
            "visibility": -1
        },
        {
            "bounding_box_minx_maxx_miny_maxy": [
                -1,
                -1,
                -1,
                -1
            ],
            "class": "2",
            "local_cuboid": null,
            "local_to_world_matrix": [
                [
                    -0.8984818458557129,
                    0.43151402473449707,
                    0.08078446984291077,
                    0.0
                ],
                [
                    0.42664241790771484,
                    0.9016295671463013,
                    -0.07099580019712448,
                    0.0
                ],
                [
                    -0.10347335040569305,
                    -0.029322350397706032,
                    -0.9941999912261963,
                    0.0
                ],
                [
                    0.9206449389457703,
                    -0.5757735371589661,
                    -0.3075591027736664,
                    1.0
                ]
            ],
            "location": [
                0.5757735371589661,
                -0.3075591027736664,
                -0.9206449389457703
            ],
            "location_world": [
                0.9206449389457703,
                -0.5757735371589661,
                -0.3075591027736664
            ],
            "name": "google_2_of_Jenga_Classic_Game_12",
            "projected_cuboid": [
                [
                    686.5793466567993,
                    676.7418384552002
                ],
                [
                    615.9292459487915,
                    663.2766723632812
                ],
                [
                    597.9608297348022,
                    455.39265871047974
                ],
                [
                    665.4021739959717,
                    459.75279808044434
                ],
                [
                    675.125241279602,
                    647.6616859436035
                ],
                [
                    610.2176308631897,
                    636.3174915313721
                ],
                [
                    593.7339067459106,
                    444.3962574005127
                ],
                [
                    655.9171676635742,
                    448.00469279289246
                ],
                [
                    636.6416811943054,
                    551.772952079773
                ]
            ],
            "provenance": "nvisii",
            "quaternion_xyzw": [
                -0.3660629987716675,
                0.5605900287628174,
                -0.6336369514465332,
                -0.38760921359062195
            ],
            "quaternion_xyzw_world": [
                0.22027742862701416,
                0.9739496111869812,
                -0.02575034275650978,
                -0.04729655012488365
            ],
            "segmentation_id": 13,
            "visibility": -1
        },
        {
            "bounding_box_minx_maxx_miny_maxy": [
                -1,
                -1,
                -1,
                -1
            ],
            "class": "2",
            "local_cuboid": null,
            "local_to_world_matrix": [
                [
                    -0.7094669342041016,
                    -0.695229709148407,
                    0.11537852883338928,
