{
    "camera_data": {
        "camera_look_at": {
            "at": [
                1.0,
                0.0,
                0.0
            ],
            "eye": [
                0.0,
                0.0,
                0.0
            ],
            "up": [
                0.0,
                0.0,
                1.0
            ]
        },
        "camera_view_matrix": [
            [
                0.0,
                0.0,
                -1.0,
                0.0
            ],
            [
                -1.0,
                0.0,
                0.0,
                0.0
            ],
            [
                0.0,
                1.0,
                0.0,
                0.0
            ],
            [
                0.0,
                0.0,
                0.0,
                1.0
            ]
        ],
        "height": 500,
        "intrinsics": {
            "cx": 250.0,
            "cy": 250.0,
            "fx": 603.5535278320312,
            "fy": 603.5535278320312
        },
        "location_world": [
            0.0,
            0.0,
            0.0
        ],
        "quaternion_world_xyzw": [
            0.5,
            -0.5,
            -0.5,
            0.5
        ],
        "width": 500
    },
    "objects": [
        {
            "bounding_box_minx_maxx_miny_maxy": [
                -1,
                -1,
                -1,
                -1
            ],
            "class": "2",
            "local_cuboid": null,
            "local_to_world_matrix": [
                [
                    0.969117283821106,
                    -0.21914245188236237,
                    -0.11308539658784866,
                    0.0
                ],
                [
                    0.224334254860878,
                    0.5930258631706238,
                    0.7733011245727539,
                    0.0
                ],
                [
                    -0.10240048915147781,
                    -0.7747883796691895,
                    0.6238727569580078,
                    0.0
                ],
                [
                    1.825492024421692,
                    -0.032417234033346176,
                    -0.2483561486005783,
                    1.0
                ]
            ],
            "location": [
                0.032417234033346176,
                -0.2483561486005783,
                -1.825492024421692
            ],
            "location_world": [
                1.825492024421692,
                -0.032417234033346176,
                -0.2483561486005783
            ],
            "name": "google_2_of_Jenga_Classic_Game_0",
            "projected_cuboid": [
                [
                    346.7470705509186,
                    284.16070342063904
                ],
                [
                    329.3566405773163,
                    262.4291777610779
                ],
                [
                    255.16855716705322,
                    320.94788551330566
                ],
                [
                    271.52055501937866,
                    342.92668104171753
                ],
                [
                    345.0092077255249,
                    282.5743854045868
                ],
                [
                    326.884925365448,
                    259.91952419281006
                ],
                [
                    249.5812475681305,
                    320.96999883651733
                ],
                [
                    266.5769159793854,
                    343.89421343803406
                ],
                [
                    298.53445291519165,
                    302.4250864982605
                ]
            ],
            "provenance": "nvisii",
            "quaternion_xyzw": [
                -0.29301920533180237,
                0.6024446487426758,
                0.16579893231391907,
                0.7236788272857666
            ],
            "quaternion_xyzw_world": [
                0.43365269899368286,
                0.0029930677264928818,
                -0.12422722578048706,
                0.8924708366394043
            ],
            "segmentation_id": 1,
            "visibility": -1
        },
        {
            "bounding_box_minx_maxx_miny_maxy": [
                -1,
                -1,
                -1,
                -1
            ],
            "class": "2",
            "local_cuboid": null,
            "local_to_world_matrix": [
                [
                    0.6302270293235779,
                    -0.7390755414962769,
                    0.23786801099777222,
                    0.0
                ],
                [
                    0.7671259641647339,
                    0.639985978603363,
                    -0.04399716854095459,
                    0.0
                ],
                [
                    -0.11971494555473328,
                    0.21020293235778809,
                    0.9703004956245422,
                    0.0
                ],
                [
                    1.7169990539550781,
                    0.4743965268135071,
                    -0.7103955745697021,
                    1.0
                ]
            ],
            "location": [
                -0.4743965268135071,
                -0.7103955745697021,
                -1.7169990539550781
            ],
            "location_world": [
                1.7169990539550781,
                0.4743965268135071,
                -0.7103955745697021
            ],
            "name": "google_2_of_Jenga_Classic_Game_1",
            "projected_cuboid": [
                [
                    77.12337374687195,
                    399.84962344169617
                ],
                [
                    64.80909883975983,
                    395.5579996109009
                ],
                [
                    89.34623003005981,
                    489.1045093536377
                ],
                [
                    102.33840346336365,
                    496.8531131744385
                ],
                [
                    50.17513036727905,
                    411.4055931568146
                ],
                [
                    38.53166103363037,
                    406.54459595680237
                ],
                [
                    64.30898606777191,
                    502.56526470184326
                ],
                [
                    76.71323418617249,
                    511.0713243484497
                ],
                [
                    70.62192261219025,
                    451.96333527565
                ]
            ],
            "provenance": "nvisii",
            "quaternion_xyzw": [
                -0.6448561549186707,
                0.155894473195076,
                0.3258207440376282,
                0.6735712885856628
            ],
            "quaternion_xyzw_world": [
                -0.07060554623603821,
                -0.09932073205709457,
                -0.41835615038871765,
                0.9000713229179382
            ],
            "segmentation_id": 2,
            "visibility": -1
        },
        {
            "bounding_box_minx_maxx_miny_maxy": [
                -1,
                -1,
                -1,
                -1
            ],
            "class": "2",
            "local_cuboid": null,
            "local_to_world_matrix": [
                [
                    -0.9591684341430664,
                    -0.02135089971125126,
                    -0.28202852606773376,
                    0.0
                ],
                [
                    0.06637739390134811,
                    -0.986290454864502,
                    -0.15108013153076172,
                    0.0
                ],
                [
                    -0.27493634819984436,
                    -0.1636316180229187,
                    0.9474358558654785,
                    0.0
                ],
                [
                    0.9095230102539062,
                    -0.04516272991895676,
                    -0.09205716103315353,
                    1.0
                ]
            ],
            "location": [
                0.04516272991895676,
                -0.09205716103315353,
                -0.9095230102539062
            ],
            "location_world": [
                0.9095230102539062,
                -0.04516272991895676,
                -0.09205716103315353
            ],
            "name": "google_2_of_Jenga_Classic_Game_2",
            "projected_cuboid": [
                [
                    289.896696805954,
                    112.27200925350189
                ],
                [
                    352.90420055389404,
                    122.93864786624908
                ],
                [
                    310.4668855667114,
                    325.6056010723114
                ],
                [
                    253.0091106891632,
                    317.2321617603302
                ],
                [
                    285.22753715515137,
                    108.7929904460907
                ],
                [
                    342.7843749523163,
                    118.55418980121613
                ],
                [
                    304.58182096481323,
                    305.4526150226593
                ],
                [
                    251.69184803962708,
                    297.6303696632385
                ],
                [
                    297.9215681552887,
                    217.83816814422607
                ]
            ],
            "provenance": "nvisii",
            "quaternion_xyzw": [
                0.4736809730529785,
                0.3716963231563568,
                0.5925929546356201,
                -0.5350717306137085
            ],
            "quaternion_xyzw_world": [
                -0.14114369451999664,
                -0.07975292950868607,
                0.9865210056304932,
                -0.022231735289096832
            ],
            "segmentation_id": 3,
            "visibility": -1
        },
        {
            "bounding_box_minx_maxx_miny_maxy": [
                -1,
                -1,
                -1,
                -1
            ],
            "class": "2",
            "local_cuboid": null,
            "local_to_world_matrix": [
                [
                    0.8680644035339355,
                    0.47613030672073364,
                    -0.14058475196361542,
                    0.0
                ],
                [
                    -0.48210012912750244,
                    0.7408686280250549,
                    -0.46764636039733887,
                    0.0
                ],
                [
                    -0.11850579082965851,
                    0.4737231135368347,
                    0.872664213180542,
                    0.0
                ],
                [
                    1.6862564086914062,
                    -0.5494123101234436,
                    0.17113669216632843,
                    1.0
                ]
            ],
            "location": [
                0.5494123101234436,
                0.17113669216632843,
                -1.6862564086914062
            ],
            "location_world": [
                1.6862564086914062,
                -0.5494123101234436,
                0.17113669216632843
            ],
            "name": "google_2_of_Jenga_Classic_Game_3",
            "projected_cuboid": [
                [
                    399.8313248157501,
                    94.2654013633728
                ],
                [
                    380.8237910270691,
                    104.76838052272797
                ],
                [
                    427.2831082344055,
                    198.21660220623016
                ],
                [
                    444.82630491256714,
                    185.7372522354126
                ],
                [
                    419.93820667266846,
                    83.6666077375412
                ],
                [
                    400.62811970710754,
                    94.34983134269714
                ],
                [
                    448.617160320282,
                    191.94099307060242
                ],
                [
                    466.3594365119934,
                    179.10340428352356
                ],
                [
                    423.6793518066406,
                    142.0120894908905
                ]
            ],
            "provenance": "nvisii",
            "quaternion_xyzw": [
                -0.46717509627342224,
                0.4716932773590088,
                0.7180324792861938,
                0.2090030461549759
            ],
            "quaternion_xyzw_world": [
                -0.2522556185722351,
                0.005916423164308071,
                0.25677379965782166,
                0.9329519271850586
            ],
            "segmentation_id": 4,
            "visibility": -1
        },
        {
            "bounding_box_minx_maxx_miny_maxy": [
                -1,
                -1,
                -1,
                -1
            ],
            "class": "2",
            "local_cuboid": null,
            "local_to_world_matrix": [
                [
                    -0.3992348909378052,
                    -0.044054239988327026,
                    0.9157896637916565,
                    0.0
                ],
                [
                    0.629366397857666,
                    -0.7395098209381104,
                    0.23879551887512207,
                    0.0
                ],
                [
                    0.6667154431343079,
                    0.6717027425765991,
                    0.3229643702507019,
                    0.0
                ],
                [
                    1.6752557754516602,
                    0.646215558052063,
                    0.2907453775405884,
                    1.0
                ]
            ],
            "location": [
                -0.646215558052063,
                0.2907453775405884,
                -1.6752557754516602
            ],
            "location_world": [
                1.6752557754516602,
                0.646215558052063,
                0.2907453775405884
            ],
            "name": "google_2_of_Jenga_Classic_Game_4",
            "projected_cuboid": [
                [
                    -37.937819957733154,
                    114.24285173416138
                ],
                [
                    -9.76419448852539,
                    111.60825192928314
                ],
                [
                    30.46603500843048,
                    129.39299643039703
                ],
                [
                    0.24172663688659668,
                    132.92062282562256
                ],
                [
                    -34.18835997581482,
                    139.99560475349426
                ],
                [
                    -6.582915782928467,
                    136.6887092590332
                ],
                [
                    33.27026963233948,
                    156.991109251976
                ],
                [
                    3.707379102706909,
                    161.33315861225128
                ],
                [
                    -3.4395158290863037,
                    134.95314121246338
                ]
            ],
            "provenance": "nvisii",
            "quaternion_xyzw": [
                0.6066247224807739,
                0.6821760535240173,
                -0.1122884750366211,
                -0.3924711346626282
            ],
            "quaternion_xyzw_world": [
                0.5043090581893921,
                0.29015547037124634,
                0.7844917178153992,
                -0.21460412442684174
            ],
            "segmentation_id": 5,
            "visibility": -1
        },
        {
            "bounding_box_minx_maxx_miny_maxy": [
                -1,
                -1,
                -1,
                -1
            ],
            "class": "2",
            "local_cuboid": null,
            "local_to_world_matrix": [
                [
                    0.39206087589263916,
                    0.4518890082836151,
                    -0.8013018369674683,
                    0.0
                ],
                [
                    -0.9198390245437622,
                    0.20542335510253906,
                    -0.3342116177082062,
                    0.0
                ],
                [
                    0.01357954740524292,
                    0.8681000471115112,
                    0.49620360136032104,
                    0.0
                ],
                [
                    1.9438574314117432,
                    -0.8680700063705444,
                    -0.82770836353302,
                    1.0
                ]
            ],
            "location": [
                0.8680700063705444,
                -0.82770836353302,
                -1.9438574314117432
            ],
            "location_world": [
                1.9438574314117432,
                -0.8680700063705444,
                -0.82770836353302
            ],
            "name": "google_2_of_Jenga_Classic_Game_5",
            "projected_cuboid": [
                [
                    432.48844146728516,
                    461.0886871814728
                ],
                [
                    434.4135522842407,
                    478.45831513404846
                ],
                [
                    514.4833326339722,
                    524.4801044464111
                ],
                [
                    509.4420909881592,
                    505.2870512008667
                ],
                [
                    446.26662135124207,
                    445.0461268424988
                ],
                [
                    448.78828525543213,
                    462.041437625885
                ],
                [
                    530.1988124847412,
                    508.7820291519165
                ],
                [
                    524.4578123092651,
                    489.9071455001831
                ],
                [
                    479.9305498600006,
                    484.245628118515
                ]
            ],
            "provenance": "nvisii",
            "quaternion_xyzw": [
                -0.4732605218887329,
                0.5318028330802917,
                0.6656803488731384,
                -0.22378551959991455
            ],
            "quaternion_xyzw_world": [
                -0.41546177864074707,
                0.2815842926502228,
                0.4740040600299835,
                0.7234790921211243
            ],
            "segmentation_id": 6,
            "visibility": -1
        },
        {
            "bounding_box_minx_maxx_miny_maxy": [
                -1,
                -1,
                -1,
                -1
            ],
            "class": "2",
            "local_cuboid": null,
            "local_to_world_matrix": [
                [
                    0.6958255767822266,
                    -0.20132391154766083,
                    0.689416766166687,
                    0.0
                ],
                [
                    -0.011276409029960632,
                    -0.9628527164459229,
                    -0.2697916030883789,
                    0.0
                ],
                [
                    0.7181222438812256,
                    0.17995375394821167,
                    -0.6722476482391357,
                    0.0
                ],
                [
                    0.245260089635849,
                    0.27567988634109497,
                    0.34776899218559265,
                    1.0
                ]
            ],
            "location": [
                -0.27567988634109497,
                0.34776899218559265,
                -0.245260089635849
            ],
            "location_world": [
                0.245260089635849,
                0.27567988634109497,
                0.34776899218559265
            ],
            "name": "google_2_of_Jenga_Classic_Game_6",
            "projected_cuboid": [
                [
                    -201.15363597869873,
                    12.563720345497131
                ],
                [
                    -100.23635625839233,
                    40.62144458293915
                ],
                [
                    -253.5730004310608,
                    -556.0869574546814
                ],
                [
                    -431.4483404159546,
                    -603.6097407341003
                ],
                [
                    -281.40324354171753,
                    58.80141258239746
                ],
                [
                    -167.69447922706604,
                    90.56836366653442
                ],
                [
                    -424.87049102783203,
                    -608.6462140083313
                ],
                [
                    -646.7297077178955,
                    -667.8904891014099
                ],
                [
                    -270.5845832824707,
                    -180.2297830581665
                ]
            ],
            "provenance": "nvisii",
            "quaternion_xyzw": [
                0.739803671836853,
                0.5583472847938538,
                -0.29594990611076355,
                0.23098160326480865
            ],
            "quaternion_xyzw_world": [
                0.9125412106513977,
                -0.05824403464794159,
                0.3856097161769867,
                -0.12321234494447708
            ],
            "segmentation_id": 7,
            "visibility": -1
        },
        {
            "bounding_box_minx_maxx_miny_maxy": [
                -1,
                -1,
                -1,
                -1
            ],
            "class": "2",
            "local_cuboid": null,
            "local_to_world_matrix": [
                [
                    0.8093329071998596,
                    -0.24781697988510132,
                    0.5325101613998413,
                    0.0
                ],
                [
                    -0.5858375430107117,
                    -0.2755700349807739,
                    0.7621391415596008,
                    0.0
                ],
                [
                    -0.04212729632854462,
                    -0.9287887215614319,
                    -0.3682084083557129,
                    0.0
                ],
                [
                    1.4546828269958496,
                    -0.004517551511526108,
                    -0.29375898838043213,
                    1.0
                ]
            ],
            "location": [
                0.004517551511526108,
                -0.29375898838043213,
                -1.4546828269958496
            ],
            "location_world": [
                1.4546828269958496,
                -0.004517551511526108,
                -0.29375898838043213
            ],
            "name": "google_2_of_Jenga_Classic_Game_7",
            "projected_cuboid": [
                [
                    360.2970838546753,
                    416.0922169685364
                ],
                [
                    373.7492859363556,
                    394.9654698371887
                ],
                [
                    260.6991231441498,
                    349.34067726135254
                ],
                [
                    251.05664134025574,
                    371.78874015808105
                ],
                [
                    356.98243975639343,
                    441.1470293998718
                ],
                [
                    370.9360957145691,
                    419.941246509552
                ],
                [
                    252.74789333343506,
                    372.01300263404846
                ],
                [
                    242.95182526111603,
                    394.67641711235046
                ],
                [
                    308.3973526954651,
                    394.82104778289795
                ]
            ],
            "provenance": "nvisii",
            "quaternion_xyzw": [
                0.33299803733825684,
                0.6066702008247375,
                0.08968189358711243,
                0.7162548303604126
            ],
            "quaternion_xyzw_world": [
                0.7831205725669861,
                -0.2661322355270386,
                0.1565476953983307,
                0.5398044586181641
            ],
            "segmentation_id": 8,
            "visibility": -1
        },
        {
            "bounding_box_minx_maxx_miny_maxy": [
                -1,
                -1,
                -1,
                -1
            ],
            "class": "2",
            "local_cuboid": null,
            "local_to_world_matrix": [
                [
                    0.41970300674438477,
                    -0.7953048944473267,
                    0.4374236464500427,
                    0.0
                ],
                [
                    -0.5979293584823608,
                    -0.6048355102539062,
                    -0.5259795188903809,
                    0.0
                ],
                [
                    0.6828834414482117,
                    -0.040793225169181824,
                    -0.7293875217437744,
                    0.0
                ],
                [
                    1.135612964630127,
                    -0.5323486924171448,
                    -0.11727999895811081,
                    1.0
                ]
            ],
            "location": [
                0.5323486924171448,
                -0.11727999895811081,
                -1.135612964630127
            ],
            "location_world": [
                1.135612964630127,
                -0.5323486924171448,
                -0.11727999895811081
            ],
            "name": "google_2_of_Jenga_Classic_Game_8",
            "projected_cuboid": [
                [
                    491.117000579834,
                    377.4992823600769
                ],
                [
                    523.5337018966675,
                    402.5614261627197
                ],
                [
                    565.5678510665894,
                    315.46032428741455
                ],
                [
                    525.8569717407227,
                    289.8872494697571
                ],
                [
                    468.8788652420044,
                    396.13932371139526
                ],
                [
                    501.2572407722473,
                    422.57076501846313
                ],
                [
                    540.5013561248779,
                    336.48210763931274
                ],
                [
                    500.74756145477295,
                    309.2415928840637
                ],
                [
                    512.9802227020264,
                    359.3403100967407
                ]
            ],
            "provenance": "nvisii",
            "quaternion_xyzw": [
                0.8666267991065979,
                0.3006655275821686,
                -0.10930594801902771,
                0.3828974962234497
            ],
            "quaternion_xyzw_world": [
                0.8297478556632996,
                -0.41977640986442566,
                0.33754444122314453,
                -0.14618486166000366
            ],
            "segmentation_id": 9,
            "visibility": -1
        },
        {
            "bounding_box_minx_maxx_miny_maxy": [
                -1,
                -1,
                -1,
                -1
            ],
            "class": "2",
            "local_cuboid": null,
            "local_to_world_matrix": [
                [
                    0.05993473529815674,
                    0.584140419960022,
                    -0.8094366788864136,
                    0.0
                ],
                [
                    0.49332138895988464,
                    0.68761146068573,
                    0.532751739025116,
                    0.0
                ],
                [
                    0.8677798509597778,
                    -0.43124282360076904,
                    -0.2469571828842163,
                    0.0
                ],
                [
                    0.19311529397964478,
                    -0.3708273768424988,
                    0.24742461740970612,
                    1.0
                ]
            ],
            "location": [
                0.3708273768424988,
                0.24742461740970612,
                -0.19311529397964478
            ],
            "location_world": [
                0.19311529397964478,
                -0.3708273768424988,
                0.24742461740970612
            ],
            "name": "google_2_of_Jenga_Classic_Game_9",
            "projected_cuboid": [
                [
                    958.8716626167297,
                    79.60119843482971
                ],
                [
                    821.4192986488342,
                    36.91507875919342
                ],
                [
                    1139.5775079727173,
                    -414.0966534614563
                ],
                [
                    1552.4247884750366,
                    -417.030930519104
                ],
                [
                    1032.4785709381104,
                    -13.328462839126587
                ],
                [
                    887.0353698730469,
                    -48.1245219707489
                ],
                [
                    1290.9196615219116,
                    -611.102819442749
                ],
                [
                    1752.3586750030518,
                    -662.4174118041992
                ],
                [
                    1068.6914920806885,
                    -148.8385796546936
                ]
            ],
            "provenance": "nvisii",
            "quaternion_xyzw": [
                -0.43326884508132935,
                0.8638101816177368,
                -0.21424804627895355,
                0.14215436577796936
            ],
            "quaternion_xyzw_world": [
                0.3934718668460846,
                0.6845863461494446,
                0.03706944361329079,
                0.6124926805496216
            ],
            "segmentation_id": 10,
            "visibility": -1
        },
        {
            "bounding_box_minx_maxx_miny_maxy": [
                -1,
                -1,
                -1,
                -1
            ],
            "class": "2",
            "local_cuboid": null,
            "local_to_world_matrix": [
                [
                    0.049896955490112305,
                    0.7788516879081726,
                    -0.6252202391624451,
                    0.0
                ],
                [
                    0.7753965258598328,
                    -0.42476749420166016,
                    -0.4672608971595764,
                    0.0
                ],
                [
                    -0.6295002102851868,
                    -0.46147871017456055,
                    -0.6251134872436523,
                    0.0
                ],
                [
                    0.7644870281219482,
                    -0.10681615024805069,
                    0.2398049533367157,
                    1.0
                ]
            ],
            "location": [
                0.10681615024805069,
                0.2398049533367157,
                -0.7644870281219482
            ],
            "location_world": [
                0.7644870281219482,
                -0.10681615024805069,
                0.2398049533367157
            ],
            "name": "google_2_of_Jenga_Classic_Game_10",
            "projected_cuboid": [
                [
                    461.82122826576233,
                    192.58461892604828
                ],
                [
                    474.4637608528137,
                    237.39634454250336
                ],
                [
                    321.01505994796753,
                    102.39522159099579
                ],
                [
                    297.84753918647766,
                    56.766897439956665
                ],
                [
                    531.2814116477966,
                    137.63774931430817
                ],
                [
                    536.5665555000305,
                    188.62253427505493
                ],
                [
                    367.9986298084259,
                    64.23088908195496
                ],
                [
                    348.9214777946472,
                    14.932408928871155
                ],
                [
                    406.35064244270325,
                    116.69822037220001
                ]
            ],
            "provenance": "nvisii",
            "quaternion_xyzw": [
                -0.12135592103004456,
                0.41294386982917786,
                -0.847881555557251,
                0.30959150195121765
            ],
            "quaternion_xyzw_world": [
                0.7245305180549622,
                0.5362949371337891,
                -0.43294256925582886,
                -0.0019951469730585814
            ],
            "segmentation_id": 11,
            "visibility": -1
        },
        {
            "bounding_box_minx_maxx_miny_maxy": [
                -1,
                -1,
                -1,
                -1
            ],
            "class": "2",
            "local_cuboid": null,
            "local_to_world_matrix": [
                [
                    -0.40590500831604004,
                    0.46556729078292847,
                    -0.7864402532577515,
                    0.0
                ],
                [
                    0.9058215022087097,
                    0.09067511558532715,
                    -0.41384220123291016,
                    0.0
                ],
                [
                    -0.12136086821556091,
                    -0.8803551197052002,
                    -0.4585263729095459,
                    0.0
                ],
                [
                    1.9124797582626343,
                    0.8582369089126587,
                    0.7556619644165039,
                    1.0
                ]
            ],
            "location": [
                -0.8582369089126587,
                0.7556619644165039,
                -1.9124797582626343
            ],
            "location_world": [
                1.9124797582626343,
                0.8582369089126587,
                0.7556619644165039
            ],
            "name": "google_2_of_Jenga_Classic_Game_11",
            "projected_cuboid": [
                [
                    46.15876078605652,
                    48.609331250190735
                ],
                [
                    51.93467438220978,
                    67.82446801662445
                ],
                [
                    -24.65769648551941,
                    29.3797105550766
                ],
                [
                    -33.4760844707489,
                    8.948743343353271
                ],
                [
                    61.629071831703186,
                    31.898006796836853
                ],
                [
                    66.69655442237854,
                    51.45639181137085
                ],
                [
                    -8.91488790512085,
                    13.932570815086365
                ],
                [
                    -16.94682240486145,
                    -6.777316331863403
                ],
                [
                    17.575860023498535,
                    30.61230480670929
                ]
            ],
            "provenance": "nvisii",
            "quaternion_xyzw": [
                -0.4546740651130676,
                0.48227691650390625,
                -0.7072429656982422,
                0.24594278633594513
            ],
            "quaternion_xyzw_world": [
                0.4903942942619324,
                0.6991255879402161,
                -0.46279141306877136,
                0.2378254234790802
            ],
            "segmentation_id": 12,
            "visibility": -1
        },
        {
            "bounding_box_minx_maxx_miny_maxy": [
                -1,
                -1,
                -1,
                -1
            ],
            "class": "2",
            "local_cuboid": null,
            "local_to_world_matrix": [
                [
                    0.7392292022705078,
                    -0.014671757817268372,
                    0.6732941269874573,
                    0.0
                ],
                [
                    -0.4089353084564209,
                    -0.8041236400604248,
                    0.4314592778682709,
                    0.0
                ],
                [
                    0.5350814461708069,
                    -0.594281017780304,
                    -0.6004314422607422,
                    0.0
                ],
                [
                    0.6229992508888245,
                    -0.07693963497877121,
                    -0.07732881605625153,
                    1.0
                ]
            ],
            "location": [
                0.07693963497877121,
                -0.07732881605625153,
                -0.6229992508888245
            ],
            "location_world": [
                0.6229992508888245,
                -0.07693963497877121,
                -0.07732881605625153
            ],
            "name": "google_2_of_Jenga_Classic_Game_12",
            "projected_cuboid": [
                [
                    408.7110757827759,
                    428.64328622817993
                ],
                [
                    467.43372082710266,
                    408.64822268486023
                ],
                [
                    355.94114661216736,
                    280.97614645957947
                ],
                [
                    289.2588973045349,
                    312.2251331806183
                ],
                [
                    419.8613464832306,
                    483.9922785758972
                ],
                [
                    483.78196358680725,
                    465.01392126083374
                ],
                [
                    365.4445707798004,
                    339.7083282470703
                ],
                [
                    291.8621599674225,
                    370.6207275390625
                ],
                [
                    390.92129468917847,
                    392.07619428634644
                ]
            ],
            "provenance": "nvisii",
            "quaternion_xyzw": [
                0.5287470817565918,
                0.6985465288162231,
                -0.06853377819061279,
                0.47724461555480957
            ],
            "quaternion_xyzw_world": [
                0.8865360021591187,
                -0.11945568025112152,
                0.3407576084136963,
                0.2892551124095917
            ],
            "segmentation_id": 13,
            "visibility": -1
        },
        {
            "bounding_box_minx_maxx_miny_maxy": [
                -1,
                -1,
                -1,
                -1
            ],
            "class": "2",
            "local_cuboid": null,
            "local_to_world_matrix": [
                [
                    -0.015433073043823242,
                    -0.9261109828948975,
