{
    "camera_data": {
        "camera_look_at": {
            "at": [
                1.0,
                0.0,
                0.0
            ],
            "eye": [
                0.0,
                0.0,
                0.0
            ],
            "up": [
                0.0,
                0.0,
                1.0
            ]
        },
        "camera_view_matrix": [
            [
                0.0,
                0.0,
                -1.0,
                0.0
            ],
            [
                -1.0,
                0.0,
                0.0,
                0.0
            ],
            [
                0.0,
                1.0,
                0.0,
                0.0
            ],
            [
                0.0,
                0.0,
                0.0,
                1.0
            ]
        ],
        "height": 500,
        "intrinsics": {
            "cx": 250.0,
            "cy": 250.0,
            "fx": 603.5535278320312,
            "fy": 603.5535278320312
        },
        "location_world": [
            0.0,
            0.0,
            0.0
        ],
        "quaternion_world_xyzw": [
            0.5,
            -0.5,
            -0.5,
            0.5
        ],
        "width": 500
    },
    "objects": [
        {
            "bounding_box_minx_maxx_miny_maxy": [
                -1,
                -1,
                -1,
                -1
            ],
            "class": "2",
            "local_cuboid": null,
            "local_to_world_matrix": [
                [
                    0.9063171148300171,
                    -0.42182546854019165,
                    0.025546297430992126,
                    0.0
                ],
                [
                    -0.17735230922698975,
                    -0.43452906608581543,
                    -0.8830236196517944,
                    0.0
                ],
                [
                    0.3835824728012085,
                    0.7957687377929688,
                    -0.4686328172683716,
                    0.0
                ],
                [
                    1.6842942237854004,
                    -0.5376403331756592,
                    0.1329834759235382,
                    1.0
                ]
            ],
            "location": [
                0.5376403331756592,
                0.1329834759235382,
                -1.6842942237854004
            ],
            "location_world": [
                1.6842942237854004,
                -0.5376403331756592,
                0.1329834759235382
            ],
            "name": "google_2_of_Jenga_Classic_Game_0",
            "projected_cuboid": [
                [
                    349.56619143486023,
                    238.70940506458282
                ],
                [
                    362.520307302475,
                    263.28063011169434
                ],
                [
                    451.80195569992065,
                    215.90638160705566
                ],
                [
                    437.23374605178833,
                    190.15218317508698
                ],
                [
                    342.2330617904663,
                    238.9407604932785
                ],
                [
                    355.6528091430664,
                    264.51605558395386
                ],
                [
                    448.35537672042847,
                    215.16218781471252
                ],
                [
                    433.18936228752136,
                    188.30281496047974
                ],
                [
                    396.1435556411743,
                    227.60728001594543
                ]
            ],
            "provenance": "nvisii",
            "quaternion_xyzw": [
                -0.8198218941688538,
                -0.14029735326766968,
                0.5190413594245911,
                -0.19698947668075562
            ],
            "quaternion_xyzw_world": [
                -0.8380750417709351,
                0.17873631417751312,
                -0.12204419076442719,
                0.5007882118225098
            ],
            "segmentation_id": 1,
            "visibility": -1
        },
        {
            "bounding_box_minx_maxx_miny_maxy": [
                -1,
                -1,
                -1,
                -1
            ],
            "class": "2",
            "local_cuboid": null,
            "local_to_world_matrix": [
                [
                    0.3610606789588928,
                    -0.15840476751327515,
                    0.9189904928207397,
                    0.0
                ],
                [
                    -0.6135501265525818,
                    -0.7824848890304565,
                    0.10618139803409576,
                    0.0
                ],
                [
                    0.7022761106491089,
                    -0.602184534072876,
                    -0.3797140121459961,
                    0.0
                ],
                [
                    1.7088065147399902,
                    0.8147797584533691,
                    -0.465573787689209,
                    1.0
                ]
            ],
            "location": [
                -0.8147797584533691,
                -0.465573787689209,
                -1.7088065147399902
            ],
            "location_world": [
                1.7088065147399902,
                0.8147797584533691,
                -0.465573787689209
            ],
            "name": "google_2_of_Jenga_Classic_Game_1",
            "projected_cuboid": [
                [
                    44.388920068740845,
                    418.2526171207428
                ],
                [
                    59.752315282821655,
                    419.9901521205902
                ],
                [
                    -25.796175003051758,
                    401.09288692474365
                ],
                [
                    -40.42741656303406,
                    399.7113108634949
                ],
                [
                    37.43085265159607,
                    443.4641897678375
                ],
                [
                    52.83540487289429,
                    445.925235748291
                ],
                [
                    -35.02357006072998,
                    429.8936128616333
                ],
                [
                    -49.61922764778137,
                    427.62190103530884
                ],
                [
                    7.8108906745910645,
                    423.6145615577698
                ]
            ],
            "provenance": "nvisii",
            "quaternion_xyzw": [
                0.6622876524925232,
                0.6422719359397888,
                0.09101921319961548,
                0.3749367594718933
            ],
            "quaternion_xyzw_world": [
                0.7942385673522949,
                -0.2429858297109604,
                0.5103210210800171,
                0.2229701280593872
            ],
            "segmentation_id": 2,
            "visibility": -1
        },
        {
            "bounding_box_minx_maxx_miny_maxy": [
                -1,
                -1,
                -1,
                -1
            ],
            "class": "2",
            "local_cuboid": null,
            "local_to_world_matrix": [
                [
                    0.9433166980743408,
                    -0.0668940544128418,
                    0.3250827491283417,
                    0.0
                ],
                [
                    0.008303262293338776,
                    0.9839277267456055,
                    0.17837399244308472,
                    0.0
                ],
                [
                    -0.33179011940956116,
                    -0.1655639111995697,
                    0.9287108778953552,
                    0.0
                ],
                [
                    1.584183692932129,
                    -0.32184240221977234,
                    -0.09088065475225449,
                    1.0
                ]
            ],
            "location": [
                0.32184240221977234,
                -0.09088065475225449,
                -1.584183692932129
            ],
            "location_world": [
                1.584183692932129,
                -0.32184240221977234,
                -0.09088065475225449
            ],
            "name": "google_2_of_Jenga_Classic_Game_2",
            "projected_cuboid": [
                [
                    414.10988569259644,
                    176.47171020507812
                ],
                [
                    381.1491131782532,
                    170.5438196659088
                ],
                [
                    355.31318187713623,
                    276.25197172164917
                ],
                [
                    386.29215955734253,
                    281.87114000320435
                ],
                [
                    420.33693194389343,
                    183.37413668632507
                ],
                [
                    385.68204641342163,
                    177.13874578475952
                ],
                [
                    358.31964015960693,
                    287.5176668167114
                ],
                [
                    390.79055190086365,
                    293.41235756874084
                ],
                [
                    386.0040605068207,
                    232.414111495018
                ]
            ],
            "provenance": "nvisii",
            "quaternion_xyzw": [
                -0.37307167053222656,
                0.4415002465248108,
                0.5211818814277649,
                0.6279048919677734
            ],
            "quaternion_xyzw_world": [
                0.08757578581571579,
                -0.1672573983669281,
                -0.019147247076034546,
                0.9818293452262878
            ],
            "segmentation_id": 3,
            "visibility": -1
        },
        {
            "bounding_box_minx_maxx_miny_maxy": [
                -1,
                -1,
                -1,
                -1
            ],
            "class": "2",
            "local_cuboid": null,
            "local_to_world_matrix": [
                [
                    -0.732513427734375,
                    0.6636266112327576,
                    -0.15173572301864624,
                    0.0
                ],
                [
                    -0.49331051111221313,
                    -0.3638662099838257,
                    0.7900924682617188,
                    0.0
                ],
                [
                    0.46911489963531494,
                    0.6536061763763428,
                    0.5939108729362488,
                    0.0
                ],
                [
                    1.8141573667526245,
                    -0.5970682501792908,
                    0.2706969678401947,
                    1.0
                ]
            ],
            "location": [
                0.5970682501792908,
                0.2706969678401947,
                -1.8141573667526245
            ],
            "location_world": [
                1.8141573667526245,
                -0.5970682501792908,
                0.2706969678401947
            ],
            "name": "google_2_of_Jenga_Classic_Game_3",
            "projected_cuboid": [
                [
                    363.25085163116455,
                    124.26270544528961
                ],
                [
                    375.4838705062866,
                    100.33266246318817
                ],
                [
                    450.5338668823242,
                    148.0501890182495
                ],
                [
                    435.641884803772,
                    172.69524931907654
                ],
                [
                    375.77134370803833,
                    124.2833286523819
                ],
                [
                    387.90974020957947,
                    101.05952620506287
                ],
                [
                    461.5142345428467,
                    147.3185420036316
                ],
                [
                    446.83852791786194,
                    171.21590673923492
                ],
                [
                    410.8050465583801,
                    135.42047142982483
                ]
            ],
            "provenance": "nvisii",
            "quaternion_xyzw": [
                0.06203988194465637,
                0.854814887046814,
                0.31796979904174805,
                -0.40538591146469116
            ],
            "quaternion_xyzw_world": [
                0.09674952179193497,
                0.44009554386138916,
                0.820105254650116,
                0.35267946124076843
            ],
            "segmentation_id": 4,
            "visibility": -1
        },
        {
            "bounding_box_minx_maxx_miny_maxy": [
                -1,
                -1,
                -1,
                -1
            ],
            "class": "2",
            "local_cuboid": null,
            "local_to_world_matrix": [
                [
                    -0.403458833694458,
                    0.2730676829814911,
                    0.8733015656471252,
                    0.0
                ],
                [
                    -0.3625251352787018,
                    0.828616738319397,
                    -0.4265793263912201,
                    0.0
                ],
                [
                    -0.8401172757148743,
                    -0.4887007772922516,
                    -0.23531901836395264,
                    0.0
                ],
                [
                    1.5683730840682983,
                    0.42715632915496826,
                    0.7643939256668091,
                    1.0
                ]
            ],
            "location": [
                -0.42715632915496826,
                0.7643939256668091,
                -1.5683730840682983
            ],
            "location_world": [
                1.5683730840682983,
                0.42715632915496826,
                0.7643939256668091
            ],
            "name": "google_2_of_Jenga_Classic_Game_4",
            "projected_cuboid": [
                [
                    131.259024143219,
                    -91.44681692123413
                ],
                [
                    95.75478732585907,
                    -82.7086865901947
                ],
                [
                    64.33011591434479,
                    -56.5829873085022
                ],
                [
                    94.89065408706665,
                    -64.46349620819092
                ],
                [
                    143.65047216415405,
                    -52.717745304107666
                ],
                [
                    109.28657650947571,
                    -43.29398274421692
                ],
                [
                    76.38297975063324,
                    -23.862868547439575
                ],
                [
                    106.104776263237,
                    -32.21270442008972
                ],
                [
                    101.48073732852936,
                    -54.77261543273926
                ]
            ],
            "provenance": "nvisii",
            "quaternion_xyzw": [
                0.27990826964378357,
                0.03991004824638367,
                0.7968319058418274,
                0.5339640974998474
            ],
            "quaternion_xyzw_world": [
                0.02847522683441639,
                -0.7853971123695374,
                0.291343092918396,
                0.5453988909721375
            ],
            "segmentation_id": 5,
            "visibility": -1
        },
        {
            "bounding_box_minx_maxx_miny_maxy": [
                -1,
                -1,
                -1,
                -1
            ],
            "class": "2",
            "local_cuboid": null,
            "local_to_world_matrix": [
                [
                    -0.5710399150848389,
                    0.7440611720085144,
                    -0.3468232750892639,
                    0.0
                ],
                [
                    0.23473626375198364,
                    0.5528365969657898,
                    0.7995439767837524,
                    0.0
                ],
                [
                    0.7866461873054504,
                    0.37515950202941895,
                    -0.4903498888015747,
                    0.0
                ],
                [
                    1.719366192817688,
                    -0.7161936163902283,
                    -0.6951285004615784,
                    1.0
                ]
            ],
            "location": [
                0.7161936163902283,
                -0.6951285004615784,
                -1.719366192817688
            ],
            "location_world": [
                1.719366192817688,
                -0.7161936163902283,
                -0.6951285004615784
            ],
            "name": "google_2_of_Jenga_Classic_Game_5",
            "projected_cuboid": [
                [
                    439.13334608078003,
                    528.9340019226074
                ],
                [
                    422.6488471031189,
                    505.03790378570557
                ],
                [
                    484.6437871456146,
                    488.7233376502991
                ],
                [
                    504.10205125808716,
                    515.6826376914978
                ],
                [
                    452.8489112854004,
                    514.1113996505737
                ],
                [
                    436.6019368171692,
                    490.9067749977112
                ],
                [
                    498.8328814506531,
                    473.15818071365356
                ],
                [
                    517.9473757743835,
                    499.23816323280334
                ],
                [
                    467.64129400253296,
                    502.2997856140137
                ]
            ],
            "provenance": "nvisii",
            "quaternion_xyzw": [
                -0.24649597704410553,
                0.9124488830566406,
                -0.19866488873958588,
                -0.2592472434043884
            ],
            "quaternion_xyzw_world": [
                0.3026852309703827,
                0.8084284663200378,
                0.36326760053634644,
                0.35051631927490234
            ],
            "segmentation_id": 6,
            "visibility": -1
        },
        {
            "bounding_box_minx_maxx_miny_maxy": [
                -1,
                -1,
                -1,
                -1
            ],
            "class": "2",
            "local_cuboid": null,
            "local_to_world_matrix": [
                [
                    0.2757682204246521,
                    -0.7206990122795105,
                    0.6360383629798889,
                    0.0
                ],
                [
                    0.18644142150878906,
                    -0.6090255975723267,
                    -0.7709263563156128,
                    0.0
                ],
                [
                    0.9429695010185242,
                    0.3311809301376343,
                    -0.03358173370361328,
                    0.0
                ],
                [
                    0.4052989184856415,
                    0.15858787298202515,
                    0.5240529179573059,
                    1.0
                ]
            ],
            "location": [
                -0.15858787298202515,
                0.5240529179573059,
                -0.4052989184856415
            ],
            "location_world": [
                0.4052989184856415,
                0.15858787298202515,
                0.5240529179573059
            ],
            "name": "google_2_of_Jenga_Classic_Game_6",
            "projected_cuboid": [
                [
                    26.982024312019348,
                    -254.82666492462158
                ],
                [
                    76.37403905391693,
                    -187.29636073112488
                ],
                [
                    101.28378868103027,
                    -485.3098392486572
                ],
                [
                    19.531920552253723,
                    -609.8873615264893
                ],
                [
                    -32.18281269073486,
                    -225.6700098514557
                ],
                [
                    20.169004797935486,
                    -156.64923191070557
                ],
                [
                    7.9427361488342285,
                    -449.79482889175415
                ],
                [
                    -82.21164345741272,
                    -579.9371600151062
                ],
                [
                    19.929498434066772,
                    -327.04687118530273
                ]
            ],
            "provenance": "nvisii",
            "quaternion_xyzw": [
                0.9266330599784851,
                0.33591073751449585,
                -0.16375121474266052,
                -0.04124060273170471
            ],
            "quaternion_xyzw_world": [
                0.692527174949646,
                -0.19286520779132843,
                0.5700165629386902,
                -0.39785704016685486
            ],
            "segmentation_id": 7,
            "visibility": -1
        },
        {
            "bounding_box_minx_maxx_miny_maxy": [
                -1,
                -1,
                -1,
                -1
            ],
            "class": "2",
            "local_cuboid": null,
            "local_to_world_matrix": [
                [
                    -0.4637620449066162,
                    0.8674075603485107,
                    0.18035748600959778,
                    0.0
                ],
                [
                    -0.3177003562450409,
                    0.0272139310836792,
                    -0.9478005170822144,
                    0.0
                ],
                [
                    -0.8270376920700073,
                    -0.4968535602092743,
                    0.2629549503326416,
                    0.0
                ],
                [
                    1.9810866117477417,
                    -0.289096862077713,
                    -0.3037174940109253,
                    1.0
                ]
            ],
            "location": [
                0.289096862077713,
                -0.3037174940109253,
                -1.9810866117477417
            ],
            "location_world": [
                1.9810866117477417,
                -0.289096862077713,
                -0.3037174940109253
            ],
            "name": "google_2_of_Jenga_Classic_Game_7",
            "projected_cuboid": [
                [
                    389.586865901947,
                    312.54273653030396
                ],
                [
                    390.96739888191223,
                    341.8082892894745
                ],
                [
                    328.5645544528961,
                    354.21180725097656
                ],
                [
                    328.1998932361603,
                    328.3553421497345
                ],
                [
                    410.02047061920166,
                    316.0991072654724
                ],
                [
                    411.6862416267395,
                    344.8055386543274
                ],
                [
                    347.9127287864685,
                    356.61599040031433
                ],
                [
                    347.296804189682,
                    331.19747042655945
                ],
                [
                    367.3422038555145,
                    336.06797456741333
                ]
            ],
            "provenance": "nvisii",
            "quaternion_xyzw": [
                0.25167205929756165,
                0.15212610363960266,
                0.9542333483695984,
                0.05438169836997986
            ],
            "quaternion_xyzw_world": [
                -0.2480267733335495,
                -0.5540805459022522,
                0.651824951171875,
                0.4545345902442932
            ],
            "segmentation_id": 8,
            "visibility": -1
        },
        {
            "bounding_box_minx_maxx_miny_maxy": [
                -1,
                -1,
                -1,
                -1
            ],
            "class": "2",
            "local_cuboid": null,
            "local_to_world_matrix": [
                [
                    0.06798422336578369,
                    0.837542712688446,
                    -0.5421261191368103,
                    0.0
                ],
                [
                    -0.21750181913375854,
                    -0.517871618270874,
                    -0.8273466229438782,
                    0.0
                ],
                [
                    -0.973689615726471,
                    0.17416006326675415,
                    0.14695966243743896,
                    0.0
                ],
                [
                    0.8599966168403625,
                    0.553168535232544,
                    -0.34143176674842834,
                    1.0
                ]
            ],
            "location": [
                -0.553168535232544,
                -0.34143176674842834,
                -0.8599966168403625
            ],
            "location_world": [
                0.8599966168403625,
                0.553168535232544,
                -0.34143176674842834
            ],
            "name": "google_2_of_Jenga_Classic_Game_8",
            "projected_cuboid": [
                [
                    -427.0021915435791,
                    542.7299737930298
                ],
                [
                    -402.4737477302551,
                    626.2674331665039
                ],
                [
                    -149.07485246658325,
                    531.2389731407166
                ],
                [
                    -170.93947529792786,
                    476.9541323184967
                ],
                [
                    -364.7320866584778,
                    501.0833144187927
                ],
                [
                    -337.9417657852173,
                    584.0587615966797
                ],
                [
                    -104.58052158355713,
                    502.5836229324341
                ],
                [
                    -127.52360105514526,
                    448.5701322555542
                ],
                [
                    -236.5175485610962,
                    519.0117359161377
                ]
            ],
            "provenance": "nvisii",
            "quaternion_xyzw": [
                -0.06347152590751648,
                0.09553354978561401,
                0.9537529945373535,
                -0.27784907817840576
            ],
            "quaternion_xyzw_world": [
                -0.5997700095176697,
                -0.2584494352340698,
                0.6318320631980896,
                0.41745448112487793
            ],
            "segmentation_id": 9,
            "visibility": -1
        },
        {
            "bounding_box_minx_maxx_miny_maxy": [
                -1,
                -1,
                -1,
                -1
            ],
            "class": "2",
            "local_cuboid": null,
            "local_to_world_matrix": [
                [
                    0.031744539737701416,
                    -0.8048627972602844,
                    -0.5926113128662109,
                    0.0
                ],
                [
                    0.8982990384101868,
                    0.2829405665397644,
                    -0.3361600339412689,
                    0.0
                ],
                [
                    0.4382364749908447,
                    -0.521670937538147,
                    0.7319892644882202,
                    0.0
                ],
                [
                    0.24516735970973969,
                    -0.35390806198120117,
                    0.32727140188217163,
                    1.0
                ]
            ],
            "location": [
                0.35390806198120117,
                0.32727140188217163,
                -0.24516735970973969
            ],
            "location_world": [
                0.24516735970973969,
                -0.35390806198120117,
                0.32727140188217163
            ],
            "name": "google_2_of_Jenga_Classic_Game_9",
            "projected_cuboid": [
                [
                    1236.5244626998901,
                    -704.1505575180054
                ],
                [
                    1020.073413848877,
                    -487.07693815231323
                ],
                [
                    1043.3101654052734,
                    -365.04465341567993
                ],
                [
                    1401.1281728744507,
                    -671.0106134414673
                ],
                [
                    1129.1759014129639,
                    -795.7912683486938
                ],
                [
                    931.2704801559448,
                    -560.4299902915955
                ],
                [
                    914.3766164779663,
                    -470.6328511238098
                ],
                [
                    1229.0621995925903,
                    -819.2048072814941
                ],
                [
                    1089.6910429000854,
                    -597.7142453193665
                ]
            ],
            "provenance": "nvisii",
            "quaternion_xyzw": [
                -0.8030036687850952,
                0.27258649468421936,
                -0.1525292992591858,
                0.5075594782829285
            ],
            "quaternion_xyzw_world": [
                0.06483582407236099,
                0.36028000712394714,
                -0.5952529311180115,
                0.7153101563453674
            ],
            "segmentation_id": 10,
            "visibility": -1
        },
        {
            "bounding_box_minx_maxx_miny_maxy": [
                -1,
                -1,
                -1,
                -1
            ],
            "class": "2",
            "local_cuboid": null,
            "local_to_world_matrix": [
                [
                    0.11650151014328003,
                    0.7267847657203674,
                    0.6769130825996399,
                    0.0
                ],
                [
                    -0.5526180863380432,
                    0.613744854927063,
                    -0.5638532638549805,
                    0.0
                ],
                [
                    -0.8252518773078918,
                    -0.3083846867084503,
                    0.47313666343688965,
                    0.0
                ],
                [
                    0.9668673872947693,
                    -0.3088959753513336,
                    0.3440764546394348,
                    1.0
                ]
            ],
            "location": [
                0.3088959753513336,
                0.3440764546394348,
                -0.9668673872947693
            ],
            "location_world": [
                0.9668673872947693,
                -0.3088959753513336,
                0.3440764546394348
            ],
            "name": "google_2_of_Jenga_Classic_Game_10",
            "projected_cuboid": [
                [
                    567.2929286956787,
                    -176.62140727043152
                ],
                [
                    543.9965724945068,
                    -164.1356348991394
                ],
                [
                    411.9110703468323,
                    29.12752330303192
                ],
                [
                    435.75793504714966,
                    10.60214638710022
                ],
                [
                    617.685079574585,
                    -138.60085606575012
                ],
                [
                    597.4512100219727,
                    -123.40858578681946
                ],
                [
                    450.3496289253235,
                    61.29050254821777
                ],
                [
                    472.5990891456604,
                    41.06965661048889
                ],
                [
                    502.4237632751465,
                    -44.650256633758545
                ]
            ],
            "provenance": "nvisii",
            "quaternion_xyzw": [
                0.0543520450592041,
                0.2905510663986206,
                0.8825941681861877,
                0.36558645963668823
            ],
            "quaternion_xyzw_world": [
                -0.0860522910952568,
                -0.5059908032417297,
                0.4309554100036621,
                0.7421898245811462
            ],
            "segmentation_id": 11,
            "visibility": -1
        },
        {
            "bounding_box_minx_maxx_miny_maxy": [
                -1,
                -1,
                -1,
                -1
            ],
            "class": "2",
            "local_cuboid": null,
            "local_to_world_matrix": [
                [
                    0.9142711758613586,
                    0.3197818696498871,
                    0.2486920803785324,
                    0.0
                ],
                [
                    0.3967076241970062,
                    -0.5824244022369385,
                    -0.709510326385498,
                    0.0
                ],
                [
                    -0.08204422891139984,
                    0.7473429441452026,
                    -0.6593537330627441,
                    0.0
                ],
                [
                    1.64937424659729,
                    0.5703819990158081,
                    0.7240278124809265,
                    1.0
                ]
            ],
            "location": [
                -0.5703819990158081,
                0.7240278124809265,
                -1.64937424659729
            ],
            "location_world": [
                1.64937424659729,
                0.5703819990158081,
                0.7240278124809265
            ],
            "name": "google_2_of_Jenga_Classic_Game_11",
            "projected_cuboid": [
                [
                    -53.079754114151,
                    40.38152098655701
                ],
                [
                    -29.34327721595764,
                    66.11180305480957
                ],
                [
                    51.99402570724487,
                    0.40972232818603516
                ],
                [
                    30.231237411499023,
                    -26.269972324371338
                ],
                [
                    -57.29818344116211,
                    38.297221064567566
                ],
                [
                    -32.40776062011719,
                    65.2264803647995
                ],
                [
                    52.5735467672348,
                    -3.3696889877319336
                ],
                [
                    29.839739203453064,
                    -31.333982944488525
                ],
                [
                    -0.489652156829834,
                    18.60387623310089
                ]
            ],
            "provenance": "nvisii",
            "quaternion_xyzw": [
                0.5717700719833374,
                0.36339622735977173,
                -0.726521909236908,
                0.11483902484178543
            ],
            "quaternion_xyzw_world": [
                0.8882636427879333,
                0.20165450870990753,
                0.04690270125865936,
                -0.4100283980369568
            ],
            "segmentation_id": 12,
            "visibility": -1
        },
        {
            "bounding_box_minx_maxx_miny_maxy": [
                -1,
                -1,
                -1,
                -1
            ],
            "class": "2",
            "local_cuboid": null,
            "local_to_world_matrix": [
                [
                    0.028171002864837646,
                    -0.8198007345199585,
                    -0.5719558596611023,
                    0.0
                ],
                [
                    -0.5374165773391724,
                    0.4700322151184082,
                    -0.7001808881759644,
                    0.0
                ],
                [
                    0.8428464531898499,
                    0.3271033763885498,
                    -0.42733335494995117,
                    0.0
                ],
                [
                    0.7637434005737305,
                    -0.4674008786678314,
                    -0.22137433290481567,
                    1.0
                ]
            ],
            "location": [
                0.4674008786678314,
                -0.22137433290481567,
                -0.7637434005737305
            ],
            "location_world": [
                0.7637434005737305,
                -0.4674008786678314,
                -0.22137433290481567
            ],
            "name": "google_2_of_Jenga_Classic_Game_12",
            "projected_cuboid": [
                [
                    497.56985902786255,
                    448.01872968673706
                ],
                [
                    484.70044136047363,
                    493.21290850639343
                ],
                [
                    640.2536034584045,
                    472.3825752735138
                ],
                [
                    648.1832265853882,
                    414.2608046531677
                ],
                [
                    460.263729095459,
                    422.0455586910248
                ],
                [
                    445.6486105918884,
                    466.14646911621094
                ],
                [
                    588.6759161949158,
                    436.2482726573944
                ],
                [
                    599.608302116394,
                    380.0498843193054
                ],
                [
                    535.577654838562,
                    443.1082606315613
                ]
            ],
            "provenance": "nvisii",
            "quaternion_xyzw": [
                -0.9169008135795593,
                0.2841060757637024,
                0.09686832129955292,
                -0.26304638385772705
            ],
            "quaternion_xyzw_world": [
                -0.49635472893714905,
                0.6835924386978149,
                -0.13644002377986908,
                0.517414391040802
            ],
            "segmentation_id": 13,
            "visibility": -1
        },
        {
            "bounding_box_minx_maxx_miny_maxy": [
                -1,
                -1,
                -1,
                -1
            ],
            "class": "2",
            "local_cuboid": null,
            "local_to_world_matrix": [
                [
                    -0.2690463066101074,
                    0.9620097279548645,
                    0.046383678913116455,
