{
    "camera_data": {
        "camera_look_at": {
            "at": [
                1.0,
                0.0,
                0.0
            ],
            "eye": [
                0.0,
                0.0,
                0.0
            ],
            "up": [
                0.0,
                0.0,
                1.0
            ]
        },
        "camera_view_matrix": [
            [
                0.0,
                0.0,
                -1.0,
                0.0
            ],
            [
                -1.0,
                0.0,
                0.0,
                0.0
            ],
            [
                0.0,
                1.0,
                0.0,
                0.0
            ],
            [
                0.0,
                0.0,
                0.0,
                1.0
            ]
        ],
        "height": 500,
        "intrinsics": {
            "cx": 250.0,
            "cy": 250.0,
            "fx": 603.5535278320312,
            "fy": 603.5535278320312
        },
        "location_world": [
            0.0,
            0.0,
            0.0
        ],
        "quaternion_world_xyzw": [
            0.5,
            -0.5,
            -0.5,
            0.5
        ],
        "width": 500
    },
    "objects": [
        {
            "bounding_box_minx_maxx_miny_maxy": [
                -1,
                -1,
                -1,
                -1
            ],
            "class": "2",
            "local_cuboid": null,
            "local_to_world_matrix": [
                [
                    -0.7105027437210083,
                    -0.5997604131698608,
                    -0.36806684732437134,
                    0.0
                ],
                [
                    0.6960314512252808,
                    -0.5219888687133789,
                    -0.49301913380622864,
                    0.0
                ],
                [
                    0.10356658697128296,
                    -0.6064775586128235,
                    0.788326621055603,
                    0.0
                ],
                [
                    1.732732892036438,
                    0.563103199005127,
                    -0.5516915321350098,
                    1.0
                ]
            ],
            "location": [
                -0.563103199005127,
                -0.5516915321350098,
                -1.732732892036438
            ],
            "location_world": [
                1.732732892036438,
                0.563103199005127,
                -0.5516915321350098
            ],
            "name": "google_2_of_Jenga_Classic_Game_0",
            "projected_cuboid": [
                [
                    113.98488283157349,
                    361.5056872367859
                ],
                [
                    133.59329104423523,
                    372.03219532966614
                ],
                [
                    69.904625415802,
                    454.30678129196167
                ],
                [
                    47.7079302072525,
                    446.47642970085144
                ],
                [
                    102.10230946540833,
                    348.0098843574524
                ],
                [
                    121.49058282375336,
                    358.64800214767456
                ],
                [
                    59.591516852378845,
                    438.12039494514465
                ],
                [
                    37.76326775550842,
                    429.9940764904022
                ],
                [
                    86.13026142120361,
                    400.73978900909424
                ]
            ],
            "provenance": "nvisii",
            "quaternion_xyzw": [
                0.7410037517547607,
                0.05193021893501282,
                0.4443231225013733,
                -0.5007930397987366
            ],
            "quaternion_xyzw_world": [
                -0.07609109580516815,
                -0.31630179286003113,
                0.8690250515937805,
                -0.3727717101573944
            ],
            "segmentation_id": 1,
            "visibility": -1
        },
        {
            "bounding_box_minx_maxx_miny_maxy": [
                -1,
                -1,
                -1,
                -1
            ],
            "class": "2",
            "local_cuboid": null,
            "local_to_world_matrix": [
                [
                    -0.8750369548797607,
                    -0.26440516114234924,
                    0.40546298027038574,
                    0.0
                ],
                [
                    0.22878673672676086,
                    0.5122592449188232,
                    0.8277965188026428,
                    0.0
                ],
                [
                    -0.42657583951950073,
                    0.8171171545982361,
                    -0.3877534866333008,
                    0.0
                ],
                [
                    1.7442654371261597,
                    -0.6891086101531982,
                    0.6123024225234985,
                    1.0
                ]
            ],
            "location": [
                0.6891086101531982,
                0.6123024225234985,
                -1.7442654371261597
            ],
            "location_world": [
                1.7442654371261597,
                -0.6891086101531982,
                0.6123024225234985
            ],
            "name": "google_2_of_Jenga_Classic_Game_1",
            "projected_cuboid": [
                [
                    434.83829498291016,
                    66.09944999217987
                ],
                [
                    416.2299633026123,
                    41.87461733818054
                ],
                [
                    487.964928150177,
                    17.19948649406433
                ],
                [
                    506.0245990753174,
                    39.36852514743805
                ],
                [
                    419.4246530532837,
                    85.55766940116882
                ],
                [
                    401.7673134803772,
                    62.11197376251221
                ],
                [
                    471.74108028411865,
                    36.979272961616516
                ],
                [
                    488.9189600944519,
                    58.4992915391922
                ],
                [
                    454.45770025253296,
                    50.61770975589752
                ]
            ],
            "provenance": "nvisii",
            "quaternion_xyzw": [
                -0.05008193850517273,
                0.5331077575683594,
                -0.2891254723072052,
                -0.7935328483581543
            ],
            "quaternion_xyzw_world": [
                -0.010690777562558651,
                0.8329240083694458,
                0.49371659755706787,
                -0.2497343122959137
            ],
            "segmentation_id": 2,
            "visibility": -1
        },
        {
            "bounding_box_minx_maxx_miny_maxy": [
                -1,
                -1,
                -1,
                -1
            ],
            "class": "2",
            "local_cuboid": null,
            "local_to_world_matrix": [
                [
                    -0.998004674911499,
                    0.04154210910201073,
                    -0.04754863679409027,
                    0.0
                ],
                [
                    0.061086561530828476,
                    0.44479602575302124,
                    -0.8935462832450867,
                    0.0
                ],
                [
                    -0.01597035489976406,
                    -0.89466792345047,
                    -0.4464460611343384,
                    0.0
                ],
                [
                    1.862725019454956,
                    0.7092980146408081,
                    0.12736265361309052,
                    1.0
                ]
            ],
            "location": [
                -0.7092980146408081,
                0.12736265361309052,
                -1.862725019454956
            ],
            "location_world": [
                1.862725019454956,
                0.7092980146408081,
                0.12736265361309052
            ],
            "name": "google_2_of_Jenga_Classic_Game_2",
            "projected_cuboid": [
                [
                    106.82955384254456,
                    239.08789455890656
                ],
                [
                    94.78886425495148,
                    264.12174105644226
                ],
                [
                    8.804857730865479,
                    220.98112106323242
                ],
                [
                    20.57112753391266,
                    195.8892047405243
                ],
                [
                    113.82198333740234,
                    238.34651708602905
                ],
                [
                    102.26123034954071,
                    262.3450756072998
                ],
                [
                    19.81303095817566,
                    220.99199891090393
                ],
                [
                    31.121522188186646,
                    196.9400942325592
                ],
                [
                    62.285855412483215,
                    229.82461750507355
                ]
            ],
            "provenance": "nvisii",
            "quaternion_xyzw": [
                -0.6775016188621521,
                0.18167656660079956,
                -0.6984014511108398,
                -0.14219877123832703
            ],
            "quaternion_xyzw_world": [
                0.03018883801996708,
                0.8498892188072205,
                -0.5260139107704163,
                0.009288941510021687
            ],
            "segmentation_id": 3,
            "visibility": -1
        },
        {
            "bounding_box_minx_maxx_miny_maxy": [
                -1,
                -1,
                -1,
                -1
            ],
            "class": "2",
            "local_cuboid": null,
            "local_to_world_matrix": [
                [
                    -0.8713381290435791,
                    0.021211564540863037,
                    -0.49022427201271057,
                    0.0
                ],
                [
                    -0.4879651665687561,
                    0.06754779815673828,
                    0.8702454566955566,
                    0.0
                ],
                [
                    0.051572829484939575,
                    0.9974905252456665,
                    -0.04850637912750244,
                    0.0
                ],
                [
                    1.7809752225875854,
                    -0.815108060836792,
                    -0.47322046756744385,
                    1.0
                ]
            ],
            "location": [
                0.815108060836792,
                -0.47322046756744385,
                -1.7809752225875854
            ],
            "location_world": [
                1.7809752225875854,
                -0.815108060836792,
                -0.47322046756744385
            ],
            "name": "google_2_of_Jenga_Classic_Game_3",
            "projected_cuboid": [
                [
                    428.04110050201416,
                    434.0439438819885
                ],
                [
                    430.2772581577301,
                    412.9268527030945
                ],
                [
                    533.7338447570801,
                    409.39438343048096
                ],
                [
                    529.0666818618774,
                    430.77385425567627
                ],
                [
                    421.9752550125122,
                    414.60004448890686
                ],
                [
                    423.98837208747864,
                    393.84230971336365
                ],
                [
                    523.4299898147583,
                    390.2849555015564
                ],
                [
                    519.1687345504761,
                    411.2928509712219
                ],
                [
                    475.90184211730957,
                    412.08821535110474
                ]
            ],
            "provenance": "nvisii",
            "quaternion_xyzw": [
                -0.20007231831550598,
                0.6969630718231201,
                0.1576334536075592,
                -0.6703470945358276
            ],
            "quaternion_xyzw_world": [
                -0.16554492712020874,
                0.7048745155334473,
                0.6624356508255005,
                0.19216082990169525
            ],
            "segmentation_id": 4,
            "visibility": -1
        },
        {
            "bounding_box_minx_maxx_miny_maxy": [
                -1,
                -1,
                -1,
                -1
            ],
            "class": "2",
            "local_cuboid": null,
            "local_to_world_matrix": [
                [
                    -0.2858095169067383,
                    0.923361599445343,
                    -0.2563522160053253,
                    0.0
                ],
                [
                    -0.15899091958999634,
                    0.2181125283241272,
                    0.9628856778144836,
                    0.0
                ],
                [
                    0.9450052976608276,
                    0.3159593939781189,
                    0.08446741104125977,
                    0.0
                ],
                [
                    1.7077431678771973,
                    -0.3791499435901642,
                    -0.11597543954849243,
                    1.0
                ]
            ],
            "location": [
                0.3791499435901642,
                -0.11597543954849243,
                -1.7077431678771973
            ],
            "location_world": [
                1.7077431678771973,
                -0.3791499435901642,
                -0.11597543954849243
            ],
            "name": "google_2_of_Jenga_Classic_Game_4",
            "projected_cuboid": [
                [
                    329.1851878166199,
                    293.33028197288513
                ],
                [
                    324.0714371204376,
                    268.6637043952942
                ],
                [
                    369.1360652446747,
                    280.52517771720886
                ],
                [
                    374.7233748435974,
                    309.09591913223267
                ],
                [
                    350.2555787563324,
                    286.7448627948761
                ],
                [
                    345.34209966659546,
                    262.31351494789124
                ],
                [
                    393.2422697544098,
                    272.99511432647705
                ],
                [
                    398.5690474510193,
                    301.25120282173157
                ],
                [
                    358.8979244232178,
                    283.89787673950195
                ]
            ],
            "provenance": "nvisii",
            "quaternion_xyzw": [
                -0.12120027840137482,
                0.9786792993545532,
                0.062190547585487366,
                -0.15371963381767273
            ],
            "quaternion_xyzw_world": [
                0.32078441977500916,
                0.5957043170928955,
                0.5366945862770081,
                0.5041752457618713
            ],
            "segmentation_id": 5,
            "visibility": -1
        },
        {
            "bounding_box_minx_maxx_miny_maxy": [
                -1,
                -1,
                -1,
                -1
            ],
            "class": "2",
            "local_cuboid": null,
            "local_to_world_matrix": [
                [
                    0.02575075626373291,
                    0.6074417233467102,
                    -0.7939466834068298,
                    0.0
                ],
                [
                    0.6208892464637756,
                    -0.6321687698364258,
                    -0.46352899074554443,
                    0.0
                ],
                [
                    -0.7834752202033997,
                    -0.48101675510406494,
                    -0.3934328556060791,
                    0.0
                ],
                [
                    1.9704049825668335,
                    -0.6329120993614197,
                    0.621727466583252,
                    1.0
                ]
            ],
            "location": [
                0.6329120993614197,
                0.621727466583252,
                -1.9704049825668335
            ],
            "location_world": [
                1.9704049825668335,
                -0.6329120993614197,
                0.621727466583252
            ],
            "name": "google_2_of_Jenga_Classic_Game_5",
            "projected_cuboid": [
                [
                    504.1602849960327,
                    75.90009272098541
                ],
                [
                    514.8413777351379,
                    94.41597759723663
                ],
                [
                    442.0488774776459,
                    77.51819491386414
                ],
                [
                    430.66251277923584,
                    60.72521209716797
                ],
                [
                    521.3323831558228,
                    53.64292860031128
                ],
                [
                    531.5161347389221,
                    72.8406310081482
                ],
                [
                    456.7373991012573,
                    58.39982628822327
                ],
                [
                    445.7353949546814,
                    41.07348620891571
                ],
                [
                    478.66493463516235,
                    66.49167835712433
                ]
            ],
            "provenance": "nvisii",
            "quaternion_xyzw": [
                -0.13473311066627502,
                0.3001822233200073,
                -0.8447552919387817,
                0.4220499098300934
            ],
            "quaternion_xyzw_world": [
                0.7161271572113037,
                0.42881035804748535,
                -0.550678014755249,
                0.006104981992393732
            ],
            "segmentation_id": 6,
            "visibility": -1
        },
        {
            "bounding_box_minx_maxx_miny_maxy": [
                -1,
                -1,
                -1,
                -1
            ],
            "class": "2",
            "local_cuboid": null,
            "local_to_world_matrix": [
                [
                    -0.10402202606201172,
                    -0.8058437705039978,
                    0.5829195976257324,
                    0.0
                ],
                [
                    -0.14335733652114868,
                    -0.5678303241729736,
                    -0.8105660676956177,
                    0.0
                ],
                [
                    0.9841890335083008,
                    -0.1678825318813324,
                    -0.056456804275512695,
                    0.0
                ],
                [
                    0.9736058115959167,
                    0.14159651100635529,
                    -0.49511203169822693,
                    1.0
                ]
            ],
            "location": [
                -0.14159651100635529,
                -0.49511203169822693,
                -0.9736058115959167
            ],
            "location_world": [
                0.9736058115959167,
                0.14159651100635529,
                -0.49511203169822693
            ],
            "name": "google_2_of_Jenga_Classic_Game_6",
            "projected_cuboid": [
                [
                    209.48714017868042,
                    467.1255350112915
                ],
                [
                    232.2283536195755,
                    502.24876403808594
                ],
                [
                    196.20591402053833,
                    567.1849250793457
                ],
                [
                    167.21029579639435,
                    520.9057331085205
                ],
                [
                    179.5671284198761,
                    487.5562787055969
                ],
                [
                    201.87248289585114,
                    522.6470232009888
                ],
                [
                    157.17309713363647,
                    593.0697917938232
                ],
                [
                    128.89961898326874,
                    546.8581914901733
                ],
                [
                    186.7406964302063,
                    521.8868255615234
                ]
            ],
            "provenance": "nvisii",
            "quaternion_xyzw": [
                0.9487622380256653,
                0.30322399735450745,
                0.07164719700813293,
                0.05265125632286072
            ],
            "quaternion_xyzw_world": [
                0.6164951324462891,
                -0.38491833209991455,
                0.6354910731315613,
                -0.2606198787689209
            ],
            "segmentation_id": 7,
            "visibility": -1
        },
        {
            "bounding_box_minx_maxx_miny_maxy": [
                -1,
                -1,
                -1,
                -1
            ],
            "class": "2",
            "local_cuboid": null,
            "local_to_world_matrix": [
                [
                    -0.4260355234146118,
                    -0.866291880607605,
                    0.26082974672317505,
                    0.0
                ],
                [
                    -0.11410754919052124,
                    0.3374536633491516,
                    0.9344006180763245,
                    0.0
                ],
                [
                    -0.8974816203117371,
                    0.3683251738548279,
                    -0.24261772632598877,
                    0.0
                ],
                [
                    1.3828392028808594,
                    0.3515268862247467,
                    -0.48336079716682434,
                    1.0
                ]
            ],
            "location": [
                -0.3515268862247467,
                -0.48336079716682434,
                -1.3828392028808594
            ],
            "location_world": [
                1.3828392028808594,
                0.3515268862247467,
                -0.48336079716682434
            ],
            "name": "google_2_of_Jenga_Classic_Game_7",
            "projected_cuboid": [
                [
                    26.42323076725006,
                    567.6026344299316
                ],
                [
                    8.81589949131012,
                    527.0599126815796
                ],
                [
                    102.96736657619476,
                    442.27999448776245
                ],
                [
                    116.54584109783173,
                    475.6656289100647
                ],
                [
                    -3.1063854694366455,
                    569.1298842430115
                ],
                [
                    -20.44239640235901,
                    529.8029780387878
                ],
                [
                    76.9394189119339,
                    446.5503692626953
                ],
                [
                    90.3715193271637,
                    479.1077971458435
                ],
                [
                    54.56805229187012,
                    500.1590847969055
                ]
            ],
            "provenance": "nvisii",
            "quaternion_xyzw": [
                -0.0927492082118988,
                0.20653517544269562,
                -0.15555477142333984,
                -0.9615318775177002
            ],
            "quaternion_xyzw_world": [
                -0.34609556198120117,
                0.7081854939460754,
                0.4598815441131592,
                -0.4089011251926422
            ],
            "segmentation_id": 8,
            "visibility": -1
        },
        {
            "bounding_box_minx_maxx_miny_maxy": [
                -1,
                -1,
                -1,
                -1
            ],
            "class": "2",
            "local_cuboid": null,
            "local_to_world_matrix": [
                [
                    -0.32487308979034424,
                    -0.6030523180961609,
                    -0.7285502552986145,
                    0.0
                ],
                [
                    0.80535489320755,
                    -0.58027184009552,
                    0.12119433283805847,
                    0.0
                ],
                [
                    -0.49584370851516724,
                    -0.5473687648773193,
                    0.6741858124732971,
                    0.0
                ],
                [
                    1.8198657035827637,
                    0.6194550395011902,
                    -0.8053725957870483,
                    1.0
                ]
            ],
            "location": [
                -0.6194550395011902,
                -0.8053725957870483,
                -1.8198657035827637
            ],
            "location_world": [
                1.8198657035827637,
                0.6194550395011902,
                -0.8053725957870483
            ],
            "name": "google_2_of_Jenga_Classic_Game_8",
            "projected_cuboid": [
                [
                    79.36762273311615,
                    488.08830976486206
                ],
                [
                    103.64295542240143,
                    474.9017357826233
                ],
                [
                    62.74105608463287,
                    521.7684507369995
                ],
                [
                    38.879990577697754,
                    535.6754064559937
                ],
                [
                    64.65034186840057,
                    463.4242653846741
                ],
                [
                    89.14557099342346,
                    451.4080882072449
                ],
                [
                    49.930110573768616,
                    499.4542896747589
                ],
                [
                    25.924667716026306,
                    512.3193264007568
                ],
                [
                    63.64455819129944,
                    494.1590428352356
                ]
            ],
            "provenance": "nvisii",
            "quaternion_xyzw": [
                0.49649128317832947,
                -0.07466316223144531,
                0.43920302391052246,
                -0.7449983358383179
            ],
            "quaternion_xyzw_world": [
                -0.3811866343021393,
                -0.1326795071363449,
                0.8030147552490234,
                -0.4384748935699463
            ],
            "segmentation_id": 9,
            "visibility": -1
        },
        {
            "bounding_box_minx_maxx_miny_maxy": [
                -1,
                -1,
                -1,
                -1
            ],
            "class": "2",
            "local_cuboid": null,
            "local_to_world_matrix": [
                [
                    0.095406174659729,
                    0.33673644065856934,
                    0.9367530345916748,
                    0.0
                ],
                [
                    -0.34893178939819336,
                    -0.8700244426727295,
                    0.34828731417655945,
                    0.0
                ],
                [
                    0.932279109954834,
                    -0.3600916564464569,
                    0.0344923734664917,
                    0.0
                ],
                [
                    1.5612666606903076,
                    -0.7107153534889221,
                    -0.23039288818836212,
                    1.0
                ]
            ],
            "location": [
                0.7107153534889221,
                -0.23039288818836212,
                -1.5612666606903076
            ],
            "location_world": [
                1.5612666606903076,
                -0.7107153534889221,
                -0.23039288818836212
            ],
            "name": "google_2_of_Jenga_Classic_Game_9",
            "projected_cuboid": [
                [
                    499.57698583602905,
                    314.55719470977783
                ],
                [
                    527.9383659362793,
                    305.8622479438782
                ],
                [
                    535.8105897903442,
                    319.5970058441162
                ],
                [
                    502.4135112762451,
                    329.5346200466156
                ],
                [
                    509.2872381210327,
                    339.000403881073
                ],
                [
                    537.9239320755005,
                    330.666184425354
                ],
                [
                    547.5970506668091,
                    348.84607791900635
                ],
                [
                    513.8192176818848,
                    358.2831621170044
                ],
                [
                    521.3994383811951,
                    330.1396369934082
                ]
            ],
            "provenance": "nvisii",
            "quaternion_xyzw": [
                0.5584028959274292,
                0.8089040517807007,
                0.11850112676620483,
                0.14077621698379517
            ],
            "quaternion_xyzw_world": [
                0.6947910189628601,
                -0.004388133063912392,
                0.6725159287452698,
                0.25488921999931335
            ],
            "segmentation_id": 10,
            "visibility": -1
        },
        {
            "bounding_box_minx_maxx_miny_maxy": [
                -1,
                -1,
                -1,
                -1
            ],
            "class": "2",
            "local_cuboid": null,
            "local_to_world_matrix": [
                [
                    -0.37088561058044434,
                    0.7269318103790283,
                    -0.5779394507408142,
                    0.0
                ],
                [
                    0.7475645542144775,
                    -0.13553309440612793,
                    -0.6502138376235962,
                    0.0
                ],
                [
                    -0.5509909987449646,
                    -0.6732020378112793,
                    -0.4931612014770508,
                    0.0
                ],
                [
                    1.8858518600463867,
                    -0.6231582164764404,
                    0.4735710620880127,
                    1.0
                ]
            ],
            "location": [
                0.6231582164764404,
                0.4735710620880127,
                -1.8858518600463867
            ],
            "location_world": [
                1.8858518600463867,
                -0.6231582164764404,
                0.4735710620880127
            ],
            "name": "google_2_of_Jenga_Classic_Game_10",
            "projected_cuboid": [
                [
                    532.3854684829712,
                    129.84050810337067
                ],
                [
                    526.1173844337463,
                    153.21922302246094
                ],
                [
                    440.38814306259155,
                    115.7124936580658
                ],
                [
                    443.16625595092773,
                    93.09214353561401
                ],
                [
                    547.8126406669617,
                    115.78774452209473
                ],
                [
                    541.0982966423035,
                    139.28109407424927
                ],
                [
                    455.4194211959839,
                    103.50345075130463
                ],
                [
                    458.66167545318604,
                    80.8248519897461
                ],
                [
                    491.2024736404419,
                    115.74806272983551
                ]
            ],
            "provenance": "nvisii",
            "quaternion_xyzw": [
                -0.30507829785346985,
                0.36253514885902405,
                -0.8555899858474731,
                0.2084738314151764
            ],
            "quaternion_xyzw_world": [
                0.5607603192329407,
                0.6573647856712341,
                -0.5033034682273865,
                0.010248673148453236
            ],
            "segmentation_id": 11,
            "visibility": -1
        },
        {
            "bounding_box_minx_maxx_miny_maxy": [
                -1,
                -1,
                -1,
                -1
            ],
            "class": "2",
            "local_cuboid": null,
            "local_to_world_matrix": [
                [
                    0.8898532390594482,
                    0.4248981475830078,
                    0.16620087623596191,
                    0.0
                ],
                [
                    0.29899388551712036,
                    -0.8182364702224731,
                    0.4910110533237457,
                    0.0
                ],
                [
                    0.34462130069732666,
                    -0.38723471760749817,
                    -0.8551522493362427,
                    0.0
                ],
                [
                    1.8116735219955444,
                    0.18635249137878418,
                    0.763573169708252,
                    1.0
                ]
            ],
            "location": [
                -0.18635249137878418,
                0.763573169708252,
                -1.8116735219955444
            ],
            "location_world": [
                1.8116735219955444,
                0.18635249137878418,
                0.763573169708252
            ],
            "name": "google_2_of_Jenga_Classic_Game_11",
            "projected_cuboid": [
                [
                    211.14227175712585,
                    94.15389597415924
                ],
                [
                    232.91777074337006,
                    83.39446783065796
                ],
                [
                    195.2771544456482,
                    -6.706863641738892
                ],
                [
                    171.78839445114136,
                    3.402814269065857
                ],
                [
                    220.5291986465454,
                    92.53056347370148
                ],
                [
                    242.98813939094543,
                    81.39322698116302
                ],
                [
                    204.4372707605362,
                    -12.355834245681763
                ],
                [
                    180.14487624168396,
                    -1.9247233867645264
                ],
                [
                    207.9208493232727,
                    42.98140108585358
                ]
            ],
            "provenance": "nvisii",
            "quaternion_xyzw": [
                0.32738053798675537,
                0.751753032207489,
                -0.38381826877593994,
                0.42470329999923706
            ],
            "quaternion_xyzw_world": [
                0.9438275694847107,
                0.19174371659755707,
                0.13530601561069489,
                0.23262876272201538
            ],
            "segmentation_id": 12,
            "visibility": -1
        },
        {
            "bounding_box_minx_maxx_miny_maxy": [
                -1,
                -1,
                -1,
                -1
            ],
            "class": "2",
            "local_cuboid": null,
            "local_to_world_matrix": [
                [
                    0.380787193775177,
                    -0.5857089161872864,
                    -0.7155041694641113,
                    0.0
                ],
                [
                    0.7669593691825867,
                    -0.2321683168411255,
                    0.5982233881950378,
                    0.0
                ],
                [
                    -0.5165021419525146,
                    -0.7765584588050842,
                    0.36080819368362427,
                    0.0
                ],
                [
                    1.0816055536270142,
                    0.5835287570953369,
                    -0.6652746796607971,
                    1.0
                ]
            ],
            "location": [
                -0.5835287570953369,
                -0.6652746796607971,
                -1.0816055536270142
            ],
            "location_world": [
                1.0816055536270142,
                0.5835287570953369,
                -0.6652746796607971
            ],
            "name": "google_2_of_Jenga_Classic_Game_12",
            "projected_cuboid": [
                [
                    23.065179586410522,
                    655.3242206573486
                ],
                [
                    50.187453627586365,
                    597.3178148269653
                ],
                [
                    -44.37580704689026,
                    607.2471141815186
                ],
                [
                    -73.40753078460693,
                    657.6343774795532
                ],
                [
                    -16.22369885444641,
                    630.5407881736755
                ],
                [
                    14.44166898727417,
                    572.3893642425537
                ],
                [
                    -77.79902219772339,
                    586.0123634338379
                ],
                [
                    -109.76701974868774,
                    636.5334987640381
                ],
                [
                    -32.0182740688324,
                    617.4720525741577
                ]
            ],
            "provenance": "nvisii",
            "quaternion_xyzw": [
                -0.3431411385536194,
                0.35214075446128845,
                -0.2883443236351013,
                0.8216499090194702
            ],
            "quaternion_xyzw_world": [
                0.5594969391822815,
                0.08098813891410828,
                -0.5504973530769348,
                0.6142937541007996
            ],
            "segmentation_id": 13,
            "visibility": -1
        },
        {
            "bounding_box_minx_maxx_miny_maxy": [
                -1,
                -1,
                -1,
                -1
            ],
            "class": "2",
            "local_cuboid": null,
            "local_to_world_matrix": [
                [
                    0.6746379137039185,
                    0.32222533226013184,
                    -0.6641042828559875,
