{
    "camera_data": {
        "camera_look_at": {
            "at": [
                1.0,
                0.0,
                0.0
            ],
            "eye": [
                0.0,
                0.0,
                0.0
            ],
            "up": [
                0.0,
                0.0,
                1.0
            ]
        },
        "camera_view_matrix": [
            [
                0.0,
                0.0,
                -1.0,
                0.0
            ],
            [
                -1.0,
                0.0,
                0.0,
                0.0
            ],
            [
                0.0,
                1.0,
                0.0,
                0.0
            ],
            [
                0.0,
                0.0,
                0.0,
                1.0
            ]
        ],
        "height": 500,
        "intrinsics": {
            "cx": 250.0,
            "cy": 250.0,
            "fx": 603.5535278320312,
            "fy": 603.5535278320312
        },
        "location_world": [
            0.0,
            0.0,
            0.0
        ],
        "quaternion_world_xyzw": [
            0.5,
            -0.5,
            -0.5,
            0.5
        ],
        "width": 500
    },
    "objects": [
        {
            "bounding_box_minx_maxx_miny_maxy": [
                -1,
                -1,
                -1,
                -1
            ],
            "class": "2",
            "local_cuboid": null,
            "local_to_world_matrix": [
                [
                    0.7003253102302551,
                    -0.581866979598999,
                    -0.41349154710769653,
                    0.0
                ],
                [
                    0.2810249626636505,
                    0.7572265863418579,
                    -0.5896040201187134,
                    0.0
                ],
                [
                    0.6561779379844666,
                    0.2967131733894348,
                    0.693824052810669,
                    0.0
                ],
                [
                    1.6716488599777222,
                    0.49616262316703796,
                    -0.5857508778572083,
                    1.0
                ]
            ],
            "location": [
                -0.49616262316703796,
                -0.5857508778572083,
                -1.6716488599777222
            ],
            "location_world": [
                1.6716488599777222,
                0.49616262316703796,
                -0.5857508778572083
            ],
            "name": "google_2_of_Jenga_Classic_Game_0",
            "projected_cuboid": [
                [
                    80.43858408927917,
                    370.2813982963562
                ],
                [
                    62.2720867395401,
                    384.57298278808594
                ],
                [
                    71.81447744369507,
                    471.13192081451416
                ],
                [
                    92.17864274978638,
                    456.4342498779297
                ],
                [
                    60.11196970939636,
                    363.1303310394287
                ],
                [
                    41.66331887245178,
                    377.9410719871521
                ],
                [
                    49.13857579231262,
                    466.6203260421753
                ],
                [
                    69.86239552497864,
                    451.3595998287201
                ],
                [
                    65.77667593955994,
                    415.4096245765686
                ]
            ],
            "provenance": "nvisii",
            "quaternion_xyzw": [
                -0.8407806754112244,
                0.34810447692871094,
                0.29646211862564087,
                0.2898642420768738
            ],
            "quaternion_xyzw_world": [
                -0.24963706731796265,
                0.3012794256210327,
                -0.24303919076919556,
                0.8876057863235474
            ],
            "segmentation_id": 1,
            "visibility": -1
        },
        {
            "bounding_box_minx_maxx_miny_maxy": [
                -1,
                -1,
                -1,
                -1
            ],
            "class": "2",
            "local_cuboid": null,
            "local_to_world_matrix": [
                [
                    0.29945486783981323,
                    0.7176496982574463,
                    0.6287333965301514,
                    0.0
                ],
                [
                    -0.28052929043769836,
                    0.6960713267326355,
                    -0.6608994007110596,
                    0.0
                ],
                [
                    -0.9119375944137573,
                    0.02153143286705017,
                    0.4097636938095093,
                    0.0
                ],
                [
                    1.553920865058899,
                    -0.5510866045951843,
                    0.5245025157928467,
                    1.0
                ]
            ],
            "location": [
                0.5510866045951843,
                0.5245025157928467,
                -1.553920865058899
            ],
            "location_world": [
                1.553920865058899,
                -0.5510866045951843,
                0.5245025157928467
            ],
            "name": "google_2_of_Jenga_Classic_Game_1",
            "projected_cuboid": [
                [
                    501.28763914108276,
                    -70.78957557678223
                ],
                [
                    478.3586263656616,
                    -50.53138732910156
                ],
                [
                    441.65515899658203,
                    47.4768728017807
                ],
                [
                    461.2636864185333,
                    29.167726635932922
                ],
                [
                    532.4354767799377,
                    -53.42558026313782
                ],
                [
                    509.6616744995117,
                    -32.46331214904785
                ],
                [
                    466.9426381587982,
                    63.912808895111084
                ],
                [
                    486.4638149738312,
                    45.07477581501007
                ],
                [
                    482.7912449836731,
                    1.754075288772583
                ]
            ],
            "provenance": "nvisii",
            "quaternion_xyzw": [
                -0.08847621083259583,
                0.19027134776115417,
                0.9069849252700806,
                0.3651672601699829
            ],
            "quaternion_xyzw_world": [
                -0.22001127898693085,
                -0.49670231342315674,
                0.3218064308166504,
                0.7754498720169067
            ],
            "segmentation_id": 2,
            "visibility": -1
        },
        {
            "bounding_box_minx_maxx_miny_maxy": [
                -1,
                -1,
                -1,
                -1
            ],
            "class": "2",
            "local_cuboid": null,
            "local_to_world_matrix": [
                [
                    0.24549448490142822,
                    0.7762547135353088,
                    -0.5806558728218079,
                    0.0
                ],
                [
                    0.5459781289100647,
                    0.3842310905456543,
                    0.74449622631073,
                    0.0
                ],
                [
                    0.8010247349739075,
                    -0.49979522824287415,
                    -0.3294914960861206,
                    0.0
                ],
                [
                    1.7371346950531006,
                    0.7981249094009399,
                    0.45805802941322327,
                    1.0
                ]
            ],
            "location": [
                -0.7981249094009399,
                0.45805802941322327,
                -1.7371346950531006
            ],
            "location_world": [
                1.7371346950531006,
                0.7981249094009399,
                0.45805802941322327
            ],
            "name": "google_2_of_Jenga_Classic_Game_2",
            "projected_cuboid": [
                [
                    44.521450996398926,
                    155.21040558815002
                ],
                [
                    39.47669267654419,
                    138.4565532207489
                ],
                [
                    -38.14020752906799,
                    90.88924527168274
                ],
                [
                    -34.4865620136261,
                    108.6450070142746
                ],
                [
                    61.53586506843567,
                    140.00049233436584
                ],
                [
                    56.04664981365204,
                    123.43649566173553
                ],
                [
                    -20.214110612869263,
                    73.33527505397797
                ],
                [
                    -16.03412628173828,
                    90.81798791885376
                ],
                [
                    13.962656259536743,
                    116.56077206134796
                ]
            ],
            "provenance": "nvisii",
            "quaternion_xyzw": [
                -0.26470455527305603,
                0.9112869501113892,
                -0.24017390608787537,
                0.20446082949638367
            ],
            "quaternion_xyzw_world": [
                0.5456085801124573,
                0.6058523058891296,
                0.10097385942935944,
                0.5701392292976379
            ],
            "segmentation_id": 3,
            "visibility": -1
        },
        {
            "bounding_box_minx_maxx_miny_maxy": [
                -1,
                -1,
                -1,
                -1
            ],
            "class": "2",
            "local_cuboid": null,
            "local_to_world_matrix": [
                [
                    0.12502777576446533,
                    0.8931584358215332,
                    -0.43201419711112976,
                    0.0
                ],
                [
                    0.8338005542755127,
                    0.14140349626541138,
                    0.5336495637893677,
                    0.0
                ],
                [
                    0.5377219915390015,
                    -0.42693468928337097,
                    -0.727036714553833,
                    0.0
                ],
                [
                    1.5715805292129517,
                    -0.5226240754127502,
                    -0.25002235174179077,
                    1.0
                ]
            ],
            "location": [
                0.5226240754127502,
                -0.25002235174179077,
                -1.5715805292129517
            ],
            "location_world": [
                1.5715805292129517,
                -0.5226240754127502,
                -0.25002235174179077
            ],
            "name": "google_2_of_Jenga_Classic_Game_3",
            "projected_cuboid": [
                [
                    469.656378030777,
                    428.38817834854126
                ],
                [
                    456.83878660202026,
                    405.91156482696533
                ],
                [
                    430.2954077720642,
                    341.5779173374176
                ],
                [
                    443.2067573070526,
                    363.40636014938354
                ],
                [
                    496.12510204315186,
                    417.2481298446655
                ],
                [
                    482.17612504959106,
                    395.09132504463196
                ],
                [
                    457.9537808895111,
                    329.3006122112274
                ],
                [
                    472.2197651863098,
                    350.70523619651794
                ],
                [
                    463.9762043952942,
                    380.29342889785767
                ]
            ],
            "provenance": "nvisii",
            "quaternion_xyzw": [
                -0.16651879251003265,
                0.8608905076980591,
                -0.4532623291015625,
                0.1602882742881775
            ],
            "quaternion_xyzw_world": [
                0.653961181640625,
                0.6601917147636414,
                0.040410567075014114,
                0.36721763014793396
            ],
            "segmentation_id": 4,
            "visibility": -1
        },
        {
            "bounding_box_minx_maxx_miny_maxy": [
                -1,
                -1,
                -1,
                -1
            ],
            "class": "2",
            "local_cuboid": null,
            "local_to_world_matrix": [
                [
                    -0.16492247581481934,
                    -0.9362939596176147,
                    0.3100874423980713,
                    0.0
                ],
                [
                    0.6428354978561401,
                    -0.34048259258270264,
                    -0.6861734390258789,
                    0.0
                ],
                [
                    0.7480394840240479,
                    0.08616974949836731,
                    0.6580362915992737,
                    0.0
                ],
                [
                    1.707209825515747,
                    -0.3151813745498657,
                    -0.10083045810461044,
                    1.0
                ]
            ],
            "location": [
                0.3151813745498657,
                -0.10083045810461044,
                -1.707209825515747
            ],
            "location_world": [
                1.707209825515747,
                -0.3151813745498657,
                -0.10083045810461044
            ],
            "name": "google_2_of_Jenga_Classic_Game_4",
            "projected_cuboid": [
                [
                    349.6977984905243,
                    207.70159363746643
                ],
                [
                    355.83263635635376,
                    226.8480360507965
                ],
                [
                    378.0084252357483,
                    291.0621762275696
                ],
                [
                    371.79189920425415,
                    271.4986205101013
                ],
                [
                    325.61641931533813,
                    215.7403528690338
                ],
                [
                    332.37767219543457,
                    234.53694581985474
                ],
                [
                    351.4437675476074,
                    299.2362678050995
                ],
                [
                    344.42025423049927,
                    280.0867557525635
                ],
                [
                    350.53443908691406,
                    251.56399607658386
                ]
            ],
            "provenance": "nvisii",
            "quaternion_xyzw": [
                -0.9179470539093018,
                -0.1771807223558426,
                -0.021448060870170593,
                0.35428836941719055
            ],
            "quaternion_xyzw_world": [
                -0.3596956431865692,
                0.2039629966020584,
                -0.7354320883750916,
                0.5368033051490784
            ],
            "segmentation_id": 5,
            "visibility": -1
        },
        {
            "bounding_box_minx_maxx_miny_maxy": [
                -1,
                -1,
                -1,
                -1
            ],
            "class": "2",
            "local_cuboid": null,
            "local_to_world_matrix": [
                [
                    0.29699021577835083,
                    -0.8181780576705933,
                    -0.49232250452041626,
                    0.0
                ],
                [
                    0.20092424750328064,
                    0.5575879216194153,
                    -0.8054347634315491,
                    0.0
                ],
                [
                    0.9335021376609802,
                    0.14028668403625488,
                    0.3299899697303772,
                    0.0
                ],
                [
                    1.4799540042877197,
                    -0.19146883487701416,
                    0.6828796863555908,
                    1.0
                ]
            ],
            "location": [
                0.19146883487701416,
                0.6828796863555908,
                -1.4799540042877197
            ],
            "location_world": [
                1.4799540042877197,
                -0.19146883487701416,
                0.6828796863555908
            ],
            "name": "google_2_of_Jenga_Classic_Game_5",
            "projected_cuboid": [
                [
                    320.91543078422546,
                    -22.89140224456787
                ],
                [
                    304.2078912258148,
                    2.8738677501678467
                ],
                [
                    330.5475413799286,
                    -3.264695405960083
                ],
                [
                    350.62798857688904,
                    -33.83699059486389
                ],
                [
                    299.3882894515991,
                    -40.11252522468567
                ],
                [
                    282.66575932502747,
                    -13.835161924362183
                ],
                [
                    305.4455518722534,
                    -23.15649390220642
                ],
                [
                    325.55651664733887,
                    -54.4506311416626
                ],
                [
                    313.84843587875366,
                    -23.01245927810669
                ]
            ],
            "provenance": "nvisii",
            "quaternion_xyzw": [
                -0.9430158138275146,
                0.2783384919166565,
                0.11592511832714081,
                0.1407490223646164
            ],
            "quaternion_xyzw_world": [
                -0.3199266791343689,
                0.4823400676250458,
                -0.3447505831718445,
                0.739014208316803
            ],
            "segmentation_id": 6,
            "visibility": -1
        },
        {
            "bounding_box_minx_maxx_miny_maxy": [
                -1,
                -1,
                -1,
                -1
            ],
            "class": "2",
            "local_cuboid": null,
            "local_to_world_matrix": [
                [
                    0.8213869333267212,
                    -0.48452553153038025,
                    -0.300929456949234,
                    0.0
                ],
                [
                    -0.5700370073318481,
                    -0.7154150009155273,
                    -0.40402889251708984,
                    0.0
                ],
                [
                    -0.01952710747718811,
                    0.503404974937439,
                    -0.8638299703598022,
                    0.0
                ],
                [
                    0.8112005591392517,
                    0.00754614407196641,
                    -0.19595742225646973,
                    1.0
                ]
            ],
            "location": [
                -0.00754614407196641,
                -0.19595742225646973,
                -0.8112005591392517
            ],
            "location_world": [
                0.8112005591392517,
                0.00754614407196641,
                -0.19595742225646973
            ],
            "name": "google_2_of_Jenga_Classic_Game_6",
            "projected_cuboid": [
                [
                    133.96409153938293,
                    560.2442026138306
                ],
                [
                    171.90125584602356,
                    603.8938760757446
                ],
                [
                    280.7362973690033,
                    415.60542583465576
                ],
                [
                    237.01100051403046,
                    382.68786668777466
                ],
                [
                    95.59297561645508,
                    567.488431930542
                ],
                [
                    134.34624671936035,
                    615.3795719146729
                ],
                [
                    252.80889868736267,
                    410.83911061286926
                ],
                [
                    207.22898840904236,
                    375.55062770843506
                ],
                [
                    189.4454061985016,
                    490.4962182044983
                ]
            ],
            "provenance": "nvisii",
            "quaternion_xyzw": [
                0.6835618615150452,
                0.15159031748771667,
                -0.4845179319381714,
                0.5244101285934448
            ],
            "quaternion_xyzw_world": [
                0.9220401048660278,
                -0.28593185544013977,
                -0.0868879109621048,
                -0.24603970348834991
            ],
            "segmentation_id": 7,
            "visibility": -1
        },
        {
            "bounding_box_minx_maxx_miny_maxy": [
                -1,
                -1,
                -1,
                -1
            ],
            "class": "2",
            "local_cuboid": null,
            "local_to_world_matrix": [
                [
                    -0.026897907257080078,
                    0.038133591413497925,
                    0.9989106059074402,
                    0.0
                ],
                [
                    -0.9972231388092041,
                    0.06839513778686523,
                    -0.02946344017982483,
                    0.0
                ],
                [
                    -0.06944423913955688,
                    -0.9969292879104614,
                    0.03618800640106201,
                    0.0
                ],
                [
                    1.590256690979004,
                    0.7233439683914185,
                    -0.3993642032146454,
                    1.0
                ]
            ],
            "location": [
                -0.7233439683914185,
                -0.3993642032146454,
                -1.590256690979004
            ],
            "location_world": [
                1.590256690979004,
                0.7233439683914185,
                -0.3993642032146454
            ],
            "name": "google_2_of_Jenga_Classic_Game_7",
            "projected_cuboid": [
                [
                    88.62447738647461,
                    380.43564558029175
                ],
                [
                    77.44191586971283,
                    388.61244916915894
                ],
                [
                    -33.89677405357361,
                    390.9187614917755
                ],
                [
                    -17.106324434280396,
                    382.7245831489563
                ],
                [
                    89.96227383613586,
                    409.74682569503784
                ],
                [
                    78.86889576911926,
                    419.52651739120483
                ],
                [
                    -32.33599662780762,
                    421.42489552497864
                ],
                [
                    -15.647858381271362,
                    411.6688370704651
                ],
                [
                    29.326915740966797,
                    400.52950382232666
                ]
            ],
            "provenance": "nvisii",
            "quaternion_xyzw": [
                0.480074405670166,
                0.48456835746765137,
                0.5331606864929199,
                0.5004615783691406
            ],
            "quaternion_xyzw_world": [
                0.46597182750701904,
                -0.5145641565322876,
                0.49867090582847595,
                0.519058108329773
            ],
            "segmentation_id": 8,
            "visibility": -1
        },
        {
            "bounding_box_minx_maxx_miny_maxy": [
                -1,
                -1,
                -1,
                -1
            ],
            "class": "2",
            "local_cuboid": null,
            "local_to_world_matrix": [
                [
                    0.5396079421043396,
                    -0.669971227645874,
                    0.5098644495010376,
                    0.0
                ],
                [
                    -0.39799928665161133,
                    -0.736650824546814,
                    -0.546755850315094,
                    0.0
                ],
                [
                    0.7419028282165527,
                    0.0921081155538559,
                    -0.6641507148742676,
                    0.0
                ],
                [
                    1.5734014511108398,
                    0.3644160032272339,
                    -0.6078963875770569,
                    1.0
                ]
            ],
            "location": [
                -0.3644160032272339,
                -0.6078963875770569,
                -1.5734014511108398
            ],
            "location_world": [
                1.5734014511108398,
                0.3644160032272339,
                -0.6078963875770569
            ],
            "name": "google_2_of_Jenga_Classic_Game_8",
            "projected_cuboid": [
                [
                    119.25561726093292,
                    500.47099590301514
                ],
                [
                    137.72666454315186,
                    520.6881761550903
                ],
                [
                    132.5981169939041,
                    483.65938663482666
                ],
                [
                    111.75015568733215,
                    461.49569749832153
                ],
                [
                    98.27449917793274,
                    520.0372338294983
                ],
                [
                    116.79185926914215,
                    541.1209464073181
                ],
                [
                    108.56623947620392,
                    505.9494972229004
                ],
                [
                    87.66737580299377,
                    482.7069640159607
                ],
                [
                    114.37633633613586,
                    502.9717683792114
                ]
            ],
            "provenance": "nvisii",
            "quaternion_xyzw": [
                0.8600334525108337,
                0.36234501004219055,
                -0.18363124132156372,
                0.30875256657600403
            ],
            "quaternion_xyzw_world": [
                0.8573811054229736,
                -0.31140485405921936,
                0.36499732732772827,
                -0.18628354370594025
            ],
            "segmentation_id": 9,
            "visibility": -1
        },
        {
            "bounding_box_minx_maxx_miny_maxy": [
                -1,
                -1,
                -1,
                -1
            ],
            "class": "2",
            "local_cuboid": null,
            "local_to_world_matrix": [
                [
                    0.8358215093612671,
                    -0.47517481446266174,
                    -0.27497509121894836,
                    0.0
                ],
                [
                    0.1784059703350067,
                    -0.23859286308288574,
                    0.9545913934707642,
                    0.0
                ],
                [
                    -0.51920485496521,
                    -0.8469252586364746,
                    -0.1146470308303833,
                    0.0
                ],
                [
                    1.0645287036895752,
                    -0.33026793599128723,
                    -0.3904072344303131,
                    1.0
                ]
            ],
            "location": [
                0.33026793599128723,
                -0.3904072344303131,
                -1.0645287036895752
            ],
            "location_world": [
                1.0645287036895752,
                -0.33026793599128723,
                -0.3904072344303131
            ],
            "name": "google_2_of_Jenga_Classic_Game_9",
            "projected_cuboid": [
                [
                    627.1442174911499,
                    555.5902719497681
                ],
                [
                    633.9391469955444,
                    499.7321367263794
                ],
                [
                    446.122944355011,
                    447.16590642929077
                ],
                [
                    437.67762184143066,
                    494.5251941680908
                ],
                [
                    629.7153234481812,
                    563.6799335479736
                ],
                [
                    636.9715929031372,
                    503.534197807312
                ],
                [
                    436.794638633728,
                    447.07733392715454
                ],
                [
                    427.6682436466217,
                    497.4847733974457
                ],
                [
                    527.1182060241699,
                    498.5682964324951
                ]
            ],
            "provenance": "nvisii",
            "quaternion_xyzw": [
                -0.018564175814390182,
                0.4899519979953766,
                -0.1495314985513687,
                0.8586283922195435
            ],
            "quaternion_xyzw_world": [
                0.7397738695144653,
                -0.10029039531946182,
                -0.2683860659599304,
                0.6088065505027771
            ],
            "segmentation_id": 10,
            "visibility": -1
        },
        {
            "bounding_box_minx_maxx_miny_maxy": [
                -1,
                -1,
                -1,
                -1
            ],
            "class": "2",
            "local_cuboid": null,
            "local_to_world_matrix": [
                [
                    -0.7790199518203735,
                    0.548073947429657,
                    0.30453720688819885,
                    0.0
                ],
                [
                    -0.06599479913711548,
                    -0.5546822547912598,
                    0.8294409513473511,
                    0.0
                ],
                [
                    0.623516321182251,
                    0.6260532140731812,
                    0.46827852725982666,
                    0.0
                ],
                [
                    1.4622817039489746,
                    -0.6555013060569763,
                    0.37019386887550354,
                    1.0
                ]
            ],
            "location": [
                0.6555013060569763,
                0.37019386887550354,
                -1.4622817039489746
            ],
            "location_world": [
                1.4622817039489746,
                -0.6555013060569763,
                0.37019386887550354
            ],
            "name": "google_2_of_Jenga_Classic_Game_10",
            "projected_cuboid": [
                [
                    409.6498489379883,
                    69.31012868881226
                ],
                [
                    427.74999141693115,
                    42.44492948055267
                ],
                [
                    527.6560187339783,
                    73.76831769943237
                ],
                [
                    506.86943531036377,
                    103.92303764820099
                ],
                [
                    419.35455799102783,
                    84.56927537918091
                ],
                [
                    436.82193756103516,
                    58.74212086200714
                ],
                [
                    533.7167382240295,
                    90.76555073261261
                ],
                [
                    513.7616395950317,
                    119.61807310581207
                ],
                [
                    469.1624939441681,
                    79.60191369056702
                ]
            ],
            "provenance": "nvisii",
            "quaternion_xyzw": [
                0.24799266457557678,
                0.8661742210388184,
                0.15420493483543396,
                -0.40553995966911316
            ],
            "quaternion_xyzw_world": [
                0.2772110104560852,
                0.4347583055496216,
                0.8369559049606323,
                0.1834232658147812
            ],
            "segmentation_id": 11,
            "visibility": -1
        },
        {
            "bounding_box_minx_maxx_miny_maxy": [
                -1,
                -1,
                -1,
                -1
            ],
            "class": "2",
            "local_cuboid": null,
            "local_to_world_matrix": [
                [
                    0.7427537441253662,
                    -0.19262607395648956,
                    -0.641258180141449,
                    0.0
                ],
                [
                    -0.1943656951189041,
                    -0.9785131216049194,
                    0.06880424171686172,
                    0.0
                ],
                [
                    -0.6407330632209778,
                    0.07353398948907852,
                    -0.764234185218811,
                    0.0
                ],
                [
                    1.950236201286316,
                    0.33523160219192505,
                    0.7195073962211609,
                    1.0
                ]
            ],
            "location": [
                -0.33523160219192505,
                0.7195073962211609,
                -1.950236201286316
            ],
            "location_world": [
                1.950236201286316,
                0.33523160219192505,
                0.7195073962211609
            ],
            "name": "google_2_of_Jenga_Classic_Game_11",
            "projected_cuboid": [
                [
                    119.11715567111969,
                    93.09694170951843
                ],
                [
                    145.86353302001953,
                    89.68833088874817
                ],
                [
                    162.32645511627197,
                    36.56215965747833
                ],
                [
                    137.9624903202057,
                    40.08843004703522
                ],
                [
                    109.44981873035431,
                    70.2921450138092
                ],
                [
                    137.01242208480835,
                    66.55091047286987
                ],
                [
                    154.84574437141418,
                    14.061272144317627
                ],
                [
                    129.80543076992035,
                    17.88608729839325
                ],
                [
                    137.52099871635437,
                    52.385538816452026
                ]
            ],
            "provenance": "nvisii",
            "quaternion_xyzw": [
                0.3475229740142822,
                0.24261344969272614,
                -0.5872186422348022,
                0.6895946860313416
            ],
            "quaternion_xyzw_world": [
                0.9334748387336731,
                -0.10364279896020889,
                -0.3433384597301483,
                -0.0012667040573433042
            ],
            "segmentation_id": 12,
            "visibility": -1
        },
        {
            "bounding_box_minx_maxx_miny_maxy": [
                -1,
                -1,
                -1,
                -1
            ],
            "class": "2",
            "local_cuboid": null,
            "local_to_world_matrix": [
                [
                    -0.5392128229141235,
                    -0.7419427037239075,
                    -0.398460328578949,
                    0.0
                ],
                [
                    0.8411690592765808,
                    -0.4975329637527466,
                    -0.2118861973285675,
                    0.0
                ],
                [
                    -0.04103972017765045,
                    -0.44942423701286316,
                    0.8923752307891846,
                    0.0
                ],
                [
                    1.0481970310211182,
                    0.4001120626926422,
                    -0.6210309267044067,
                    1.0
                ]
            ],
            "location": [
                -0.4001120626926422,
                -0.6210309267044067,
                -1.0481970310211182
            ],
            "location_world": [
                1.0481970310211182,
                0.4001120626926422,
                -0.6210309267044067
            ],
            "name": "google_2_of_Jenga_Classic_Game_12",
            "projected_cuboid": [
                [
                    89.40333127975464,
                    476.23735666275024
                ],
                [
                    124.40046668052673,
                    471.21986746788025
                ],
                [
                    51.24104022979736,
                    616.8029308319092
                ],
                [
                    11.425703763961792,
                    632.189691066742
                ],
                [
                    61.52075529098511,
                    448.25631380081177
                ],
                [
                    96.96781635284424,
                    445.2524483203888
                ],
                [
                    26.92234516143799,
                    585.5128765106201
                ],
                [
                    -12.925565242767334,
                    598.1170535087585
                ],
                [
                    56.28110468387604,
                    534.1660976409912
                ]
            ],
            "provenance": "nvisii",
            "quaternion_xyzw": [
                0.6915180683135986,
                0.03581705689430237,
                0.35741546750068665,
                -0.6267168521881104
            ],
            "quaternion_xyzw_world": [
                -0.128398597240448,
                -0.19319981336593628,
                0.8557337522506714,
                -0.46250125765800476
            ],
            "segmentation_id": 13,
            "visibility": -1
        },
        {
            "bounding_box_minx_maxx_miny_maxy": [
                -1,
                -1,
                -1,
                -1
            ],
            "class": "2",
            "local_cuboid": null,
            "local_to_world_matrix": [
                [
                    0.971885085105896,
                    -0.19396547973155975,
                    0.13347944617271423,
