{
    "camera_data": {
        "camera_look_at": {
            "at": [
                1.0,
                0.0,
                0.0
            ],
            "eye": [
                0.0,
                0.0,
                0.0
            ],
            "up": [
                0.0,
                0.0,
                1.0
            ]
        },
        "camera_view_matrix": [
            [
                0.0,
                0.0,
                -1.0,
                0.0
            ],
            [
                -1.0,
                0.0,
                0.0,
                0.0
            ],
            [
                0.0,
                1.0,
                0.0,
                0.0
            ],
            [
                0.0,
                0.0,
                0.0,
                1.0
            ]
        ],
        "height": 500,
        "intrinsics": {
            "cx": 250.0,
            "cy": 250.0,
            "fx": 603.5535278320312,
            "fy": 603.5535278320312
        },
        "location_world": [
            0.0,
            0.0,
            0.0
        ],
        "quaternion_world_xyzw": [
            0.5,
            -0.5,
            -0.5,
            0.5
        ],
        "width": 500
    },
    "objects": [
        {
            "bounding_box_minx_maxx_miny_maxy": [
                -1,
                -1,
                -1,
                -1
            ],
            "class": "2",
            "local_cuboid": null,
            "local_to_world_matrix": [
                [
                    0.9382802248001099,
                    0.32657212018966675,
                    -0.11393387615680695,
                    0.0
                ],
                [
                    -0.294639527797699,
                    0.9272086024284363,
                    0.23123961687088013,
                    0.0
                ],
                [
                    0.18115685880184174,
                    -0.18339815735816956,
                    0.9662024974822998,
                    0.0
                ],
                [
                    1.7154690027236938,
                    0.45945096015930176,
                    -0.633391261100769,
                    1.0
                ]
            ],
            "location": [
                -0.45945096015930176,
                -0.633391261100769,
                -1.7154690027236938
            ],
            "location_world": [
                1.7154690027236938,
                0.45945096015930176,
                -0.633391261100769
            ],
            "name": "google_2_of_Jenga_Classic_Game_0",
            "projected_cuboid": [
                [
                    123.97241592407227,
                    371.3284432888031
                ],
                [
                    95.86858749389648,
                    366.43922328948975
                ],
                [
                    72.59975373744965,
                    467.87410974502563
                ],
                [
                    101.87418758869171,
                    471.4800715446472
                ],
                [
                    127.53964960575104,
                    373.3675479888916
                ],
                [
                    98.27731549739838,
                    368.2973384857178
                ],
                [
                    74.05120134353638,
                    474.2978513240814
                ],
                [
                    104.58573698997498,
                    477.96714305877686
                ],
                [
                    100.09947419166565,
                    420.56965827941895
                ]
            ],
            "provenance": "nvisii",
            "quaternion_xyzw": [
                -0.3947611153125763,
                0.6593498587608337,
                0.4780626893043518,
                0.42529720067977905
            ],
            "quaternion_xyzw_world": [
                0.10591160506010056,
                0.0753755122423172,
                0.1586771160364151,
                0.9787354469299316
            ],
            "segmentation_id": 1,
            "visibility": -1
        },
        {
            "bounding_box_minx_maxx_miny_maxy": [
                -1,
                -1,
                -1,
                -1
            ],
            "class": "2",
            "local_cuboid": null,
            "local_to_world_matrix": [
                [
                    0.1099998950958252,
                    0.9479117393493652,
                    -0.2989371418952942,
                    0.0
                ],
                [
                    -0.9643236398696899,
                    0.0289190411567688,
                    -0.2631416916847229,
                    0.0
                ],
                [
                    -0.24079014360904694,
                    0.31721770763397217,
                    0.9172747731208801,
                    0.0
                ],
                [
                    1.4430735111236572,
                    -0.47114816308021545,
                    0.4548373222351074,
                    1.0
                ]
            ],
            "location": [
                0.47114816308021545,
                0.4548373222351074,
                -1.4430735111236572
            ],
            "location_world": [
                1.4430735111236572,
                -0.47114816308021545,
                0.4548373222351074
            ],
            "name": "google_2_of_Jenga_Classic_Game_1",
            "projected_cuboid": [
                [
                    395.73127031326294,
                    -57.39426612854004
                ],
                [
                    403.5077691078186,
                    -66.08882546424866
                ],
                [
                    435.5875849723816,
                    64.67162072658539
                ],
                [
                    426.4233708381653,
                    65.80057740211487
                ],
                [
                    428.65699529647827,
                    -69.38782334327698
                ],
                [
                    438.50356340408325,
                    -78.87467741966248
                ],
                [
                    469.02191638946533,
                    53.340598940849304
                ],
                [
                    457.96385407447815,
                    55.09975552558899
                ],
                [
                    432.11933970451355,
                    -2.415597438812256
                ]
            ],
            "provenance": "nvisii",
            "quaternion_xyzw": [
                -0.13641832768917084,
                0.6008285284042358,
                0.7829181551933289,
                -0.08622168004512787
            ],
            "quaternion_xyzw_world": [
                -0.20236481726169586,
                0.020275205373764038,
                0.6667750477790833,
                0.7169716954231262
            ],
            "segmentation_id": 2,
            "visibility": -1
        },
        {
            "bounding_box_minx_maxx_miny_maxy": [
                -1,
                -1,
                -1,
                -1
            ],
            "class": "2",
            "local_cuboid": null,
            "local_to_world_matrix": [
                [
                    0.2848218083381653,
                    0.49282535910606384,
                    0.8221920132637024,
                    0.0
                ],
                [
                    -0.10619446635246277,
                    -0.8362164497375488,
                    0.5380192995071411,
                    0.0
                ],
                [
                    0.9526800513267517,
                    -0.2405518740415573,
                    -0.1858372688293457,
                    0.0
                ],
                [
                    1.6946786642074585,
                    0.7929637432098389,
                    0.5047460794448853,
                    1.0
                ]
            ],
            "location": [
                -0.7929637432098389,
                0.5047460794448853,
                -1.6946786642074585
            ],
            "location_world": [
                1.6946786642074585,
                0.7929637432098389,
                0.5047460794448853
            ],
            "name": "google_2_of_Jenga_Classic_Game_2",
            "projected_cuboid": [
                [
                    14.044389128684998,
                    110.34804582595825
                ],
                [
                    34.502074122428894,
                    95.86548805236816
                ],
                [
                    -25.66877007484436,
                    51.40022933483124
                ],
                [
                    -49.139440059661865,
                    68.47219169139862
                ],
                [
                    23.281991481781006,
                    128.66191565990448
                ],
                [
                    44.01685297489166,
                    114.096999168396
                ],
                [
                    -15.382230281829834,
                    72.05843925476074
                ],
                [
                    -39.21988606452942,
                    89.24791216850281
                ],
                [
                    0.5734860897064209,
                    92.8199291229248
                ]
            ],
            "provenance": "nvisii",
            "quaternion_xyzw": [
                0.48006129264831543,
                0.8636441230773926,
                -0.023054301738739014,
                0.1520805060863495
            ],
            "quaternion_xyzw_world": [
                0.7594200968742371,
                0.12727832794189453,
                0.584285318851471,
                0.2563045024871826
            ],
            "segmentation_id": 3,
            "visibility": -1
        },
        {
            "bounding_box_minx_maxx_miny_maxy": [
                -1,
                -1,
                -1,
                -1
            ],
            "class": "2",
            "local_cuboid": null,
            "local_to_world_matrix": [
                [
                    0.7040049433708191,
                    -0.5537326335906982,
                    -0.4446990489959717,
                    0.0
                ],
                [
                    0.45855334401130676,
                    0.8325620293617249,
                    -0.3107560873031616,
                    0.0
                ],
                [
                    0.5423153042793274,
                    0.014855578541755676,
                    0.8400437235832214,
                    0.0
                ],
                [
                    1.5236598253250122,
                    -0.5729538202285767,
                    -0.0705084353685379,
                    1.0
                ]
            ],
            "location": [
                0.5729538202285767,
                -0.0705084353685379,
                -1.5236598253250122
            ],
            "location_world": [
                1.5236598253250122,
                -0.5729538202285767,
                -0.0705084353685379
            ],
            "name": "google_2_of_Jenga_Classic_Game_3",
            "projected_cuboid": [
                [
                    473.37043285369873,
                    189.13710117340088
                ],
                [
                    443.83111596107483,
                    199.65867698192596
                ],
                [
                    465.0460481643677,
                    288.86544704437256
                ],
                [
                    498.17585945129395,
                    279.510498046875
                ],
                [
                    464.8321568965912,
                    174.11893606185913
                ],
                [
                    434.51017141342163,
                    185.337096452713
                ],
                [
                    455.528199672699,
                    276.3162851333618
                ],
                [
                    489.654541015625,
                    266.2803828716278
                ],
                [
                    464.9369716644287,
                    230.3439974784851
                ]
            ],
            "provenance": "nvisii",
            "quaternion_xyzw": [
                -0.7756938338279724,
                0.4116511642932892,
                0.23168307542800903,
                0.4185275435447693
            ],
            "quaternion_xyzw_world": [
                -0.08859913051128387,
                0.26856720447540283,
                -0.2754436135292053,
                0.9187778234481812
            ],
            "segmentation_id": 4,
            "visibility": -1
        },
        {
            "bounding_box_minx_maxx_miny_maxy": [
                -1,
                -1,
                -1,
                -1
            ],
            "class": "2",
            "local_cuboid": null,
            "local_to_world_matrix": [
                [
                    0.429545521736145,
                    0.8222987055778503,
                    -0.37324994802474976,
                    0.0
                ],
                [
                    -0.6730162501335144,
                    0.5670914649963379,
                    0.4748225212097168,
                    0.0
                ],
                [
                    0.6021127700805664,
                    0.04724538326263428,
                    0.7970119714736938,
                    0.0
                ],
                [
                    1.6976327896118164,
                    -0.27757441997528076,
                    -0.0993797555565834,
                    1.0
                ]
            ],
            "location": [
                0.27757441997528076,
                -0.0993797555565834,
                -1.6976327896118164
            ],
            "location_world": [
                1.6976327896118164,
                -0.27757441997528076,
                -0.0993797555565834
            ],
            "name": "google_2_of_Jenga_Classic_Game_4",
            "projected_cuboid": [
                [
                    330.3057849407196,
                    218.97108852863312
                ],
                [
                    317.2357976436615,
                    205.02863824367523
                ],
                [
                    329.1884958744049,
                    283.6688160896301
                ],
                [
                    343.1876003742218,
                    296.45422101020813
                ],
                [
                    352.51960158348083,
                    208.98549258708954
                ],
                [
                    339.89787101745605,
                    194.4742202758789
                ],
                [
                    354.5079231262207,
                    273.60373735427856
                ],
                [
                    367.9426908493042,
                    286.97726130485535
                ],
                [
                    341.5035307407379,
                    244.24830079078674
                ]
            ],
            "provenance": "nvisii",
            "quaternion_xyzw": [
                -0.27613022923469543,
                0.8513568639755249,
                0.43167221546173096,
                0.11226202547550201
            ],
            "quaternion_xyzw_world": [
                0.12790824472904205,
                0.2917764484882355,
                0.4473184049129486,
                0.8357106447219849
            ],
            "segmentation_id": 5,
            "visibility": -1
        },
        {
            "bounding_box_minx_maxx_miny_maxy": [
                -1,
                -1,
                -1,
                -1
            ],
            "class": "2",
            "local_cuboid": null,
            "local_to_world_matrix": [
                [
                    -0.09198319911956787,
                    0.9548273682594299,
                    0.2825663983821869,
                    0.0
                ],
                [
                    -0.1117820143699646,
                    -0.2918771505355835,
                    0.9499013423919678,
                    0.0
                ],
                [
                    0.9894664287567139,
                    0.05578911304473877,
                    0.13358032703399658,
                    0.0
                ],
                [
                    1.2810447216033936,
                    -0.14169806241989136,
                    0.6914090514183044,
                    1.0
                ]
            ],
            "location": [
                0.14169806241989136,
                0.6914090514183044,
                -1.2810447216033936
            ],
            "location_world": [
                1.2810447216033936,
                -0.14169806241989136,
                0.6914090514183044
            ],
            "name": "google_2_of_Jenga_Classic_Game_5",
            "projected_cuboid": [
                [
                    278.97465229034424,
                    -19.451111555099487
                ],
                [
                    288.6744439601898,
                    -52.07717418670654
                ],
                [
                    305.18507957458496,
                    -102.17282176017761
                ],
                [
                    293.1772470474243,
                    -61.823368072509766
                ],
                [
                    307.64350295066833,
                    -9.688884019851685
                ],
                [
                    317.470908164978,
                    -42.10534691810608
                ],
                [
                    340.39029479026794,
                    -89.66526389122009
                ],
                [
                    328.1922936439514,
                    -49.634456634521484
                ],
                [
                    306.54609203338623,
                    -50.97249150276184
                ]
            ],
            "provenance": "nvisii",
            "quaternion_xyzw": [
                0.1455487608909607,
                0.9866857528686523,
                0.06216832995414734,
                -0.03744161128997803
            ],
            "quaternion_xyzw_world": [
                0.516312301158905,
                0.40820515155792236,
                0.615922212600708,
                0.4329318702220917
            ],
            "segmentation_id": 6,
            "visibility": -1
        },
        {
            "bounding_box_minx_maxx_miny_maxy": [
                -1,
                -1,
                -1,
                -1
            ],
            "class": "2",
            "local_cuboid": null,
            "local_to_world_matrix": [
                [
                    0.41440707445144653,
                    -0.28089356422424316,
                    -0.8656590580940247,
                    0.0
                ],
                [
                    0.16788078844547272,
                    -0.9112608432769775,
                    0.37605834007263184,
                    0.0
                ],
                [
                    -0.8944734930992126,
                    -0.3011687397956848,
                    -0.3304762840270996,
                    0.0
                ],
                [
                    0.8452405333518982,
                    -0.021700959652662277,
                    0.06152096390724182,
                    1.0
                ]
            ],
            "location": [
                0.021700959652662277,
                0.06152096390724182,
                -0.8452405333518982
            ],
            "location_world": [
                0.8452405333518982,
                -0.021700959652662277,
                0.06152096390724182
            ],
            "name": "google_2_of_Jenga_Classic_Game_6",
            "projected_cuboid": [
                [
                    333.67788791656494,
                    336.5108370780945
                ],
                [
                    408.18464756011963,
                    302.9384911060333
                ],
                [
                    299.4830012321472,
                    219.944566488266
                ],
                [
                    245.9547370672226,
                    241.87472462654114
                ],
                [
                    314.69810009002686,
                    268.0240571498871
                ],
                [
                    393.91130208969116,
                    234.23123359680176
                ],
                [
                    285.4197919368744,
                    169.4655865430832
                ],
                [
                    229.5195758342743,
                    191.39739871025085
                ],
                [
                    305.45029044151306,
                    238.80121111869812
                ]
            ],
            "provenance": "nvisii",
            "quaternion_xyzw": [
                0.05089640989899635,
                0.22399288415908813,
                -0.556219756603241,
                0.798659086227417
            ],
            "quaternion_xyzw_world": [
                0.8148840665817261,
                -0.03467143326997757,
                -0.5399947762489319,
                0.20776791870594025
            ],
            "segmentation_id": 7,
            "visibility": -1
        },
        {
            "bounding_box_minx_maxx_miny_maxy": [
                -1,
                -1,
                -1,
                -1
            ],
            "class": "2",
            "local_cuboid": null,
            "local_to_world_matrix": [
                [
                    0.27227938175201416,
                    -0.12993015348911285,
                    0.953405499458313,
                    0.0
                ],
                [
                    -0.36322712898254395,
                    0.9036538600921631,
                    0.22688263654708862,
                    0.0
                ],
                [
                    -0.8910274505615234,
                    -0.4080781936645508,
                    0.19885218143463135,
                    0.0
                ],
                [
                    1.5681074857711792,
                    0.7626872658729553,
                    -0.32674187421798706,
                    1.0
                ]
            ],
            "location": [
                -0.7626872658729553,
                -0.32674187421798706,
                -1.5681074857711792
            ],
            "location_world": [
                1.5681074857711792,
                0.7626872658729553,
                -0.32674187421798706
            ],
            "name": "google_2_of_Jenga_Classic_Game_7",
            "projected_cuboid": [
                [
                    -21.562963724136353,
                    358.8888645172119
                ],
                [
                    -63.29071521759033,
                    352.5792956352234
                ],
                [
                    -57.15298652648926,
                    357.92553424835205
                ],
                [
                    -22.355765104293823,
                    363.10213804244995
                ],
                [
                    -30.720949172973633,
                    395.25842666625977
                ],
                [
                    -73.36708903312683,
                    389.7133767604828
                ],
                [
                    -65.44312834739685,
                    388.8665437698364
                ],
                [
                    -30.009031295776367,
                    393.51046085357666
                ],
                [
                    -45.090705156326294,
                    374.96232986450195
                ]
            ],
            "provenance": "nvisii",
            "quaternion_xyzw": [
                0.054817959666252136,
                0.2268947809934616,
                0.6193171143531799,
                0.7496399283409119
            ],
            "quaternion_xyzw_world": [
                0.20601780712604523,
                -0.5984401106834412,
                0.07569494843482971,
                0.7705169320106506
            ],
            "segmentation_id": 8,
            "visibility": -1
        },
        {
            "bounding_box_minx_maxx_miny_maxy": [
                -1,
                -1,
                -1,
                -1
            ],
            "class": "2",
            "local_cuboid": null,
            "local_to_world_matrix": [
                [
                    0.2680397629737854,
                    0.6378723382949829,
                    0.7219927906990051,
                    0.0
                ],
                [
                    -0.28018686175346375,
                    -0.6654089689254761,
                    0.6919005513191223,
                    0.0
                ],
                [
                    0.9217646718025208,
                    -0.38774973154067993,
                    0.0003673434257507324,
                    0.0
                ],
                [
                    1.4507886171340942,
                    0.42828384041786194,
                    -0.6505341529846191,
                    1.0
                ]
            ],
            "location": [
                -0.42828384041786194,
                -0.6505341529846191,
                -1.4507886171340942
            ],
            "location_world": [
                1.4507886171340942,
                0.42828384041786194,
                -0.6505341529846191
            ],
            "name": "google_2_of_Jenga_Classic_Game_8",
            "projected_cuboid": [
                [
                    122.4321722984314,
                    475.564181804657
                ],
                [
                    140.40598273277283,
                    458.15375447273254
                ],
                [
                    72.89014756679535,
                    496.86211347579956
                ],
                [
                    52.71564424037933,
                    516.8328881263733
                ],
                [
                    138.50922882556915,
                    498.3059763908386
                ],
                [
                    156.93095326423645,
                    480.99565505981445
                ],
                [
                    91.53054654598236,
                    524.5826244354248
                ],
                [
                    70.75853645801544,
                    544.3925261497498
                ],
                [
                    108.51164162158966,
                    497.64591455459595
                ]
            ],
            "provenance": "nvisii",
            "quaternion_xyzw": [
                0.3847050070762634,
                0.9016010165214539,
                0.07779335975646973,
                0.18184027075767517
            ],
            "quaternion_xyzw_world": [
                0.6951764822006226,
                0.12863118946552277,
                0.5911295413970947,
                0.38826483488082886
            ],
            "segmentation_id": 9,
            "visibility": -1
        },
        {
            "bounding_box_minx_maxx_miny_maxy": [
                -1,
                -1,
                -1,
                -1
            ],
            "class": "2",
            "local_cuboid": null,
            "local_to_world_matrix": [
                [
                    -0.5816249847412109,
                    -0.6906945705413818,
                    -0.4297139644622803,
                    0.0
                ],
                [
                    0.8034154176712036,
                    -0.5705008506774902,
                    -0.1704496294260025,
                    0.0
                ],
                [
                    -0.1274234503507614,
                    -0.44437646865844727,
                    0.8867315649986267,
                    0.0
                ],
                [
                    0.7854519486427307,
                    -0.2974327504634857,
                    -0.4161618947982788,
                    1.0
                ]
            ],
            "location": [
                0.2974327504634857,
                -0.4161618947982788,
                -0.7854519486427307
            ],
            "location_world": [
                0.7854519486427307,
                -0.2974327504634857,
                -0.4161618947982788
            ],
            "name": "google_2_of_Jenga_Classic_Game_9",
            "projected_cuboid": [
                [
                    625.7044672966003,
                    395.6921696662903
                ],
                [
                    630.4291486740112,
                    394.11550760269165
                ],
                [
                    514.2815113067627,
                    583.669900894165
                ],
                [
                    498.9834427833557,
                    602.8158068656921
                ],
                [
                    557.7155351638794,
                    358.87300968170166
                ],
                [
                    567.9000020027161,
                    360.4887127876282
                ],
                [
                    460.8423411846161,
                    541.203498840332
                ],
                [
                    441.7695999145508,
                    555.4951429367065
                ],
                [
                    535.1605415344238,
                    475.6084084510803
                ]
            ],
            "provenance": "nvisii",
            "quaternion_xyzw": [
                0.6583542227745056,
                0.05346158146858215,
                0.38960838317871094,
                -0.6418077349662781
            ],
            "quaternion_xyzw_world": [
                -0.15980014204978943,
                -0.17634661495685577,
                0.8716159462928772,
                -0.4285459816455841
            ],
            "segmentation_id": 10,
            "visibility": -1
        },
        {
            "bounding_box_minx_maxx_miny_maxy": [
                -1,
                -1,
                -1,
                -1
            ],
            "class": "2",
            "local_cuboid": null,
            "local_to_world_matrix": [
                [
                    -0.18666625022888184,
                    0.9734232425689697,
                    0.132676362991333,
                    0.0
                ],
                [
                    0.3399275839328766,
                    -0.06271171569824219,
                    0.9383584260940552,
                    0.0
                ],
                [
                    0.9217401742935181,
                    0.22026017308235168,
                    -0.3191871643066406,
                    0.0
                ],
                [
                    1.3292412757873535,
                    -0.7328261733055115,
                    0.40128153562545776,
                    1.0
                ]
            ],
            "location": [
                0.7328261733055115,
                0.40128153562545776,
                -1.3292412757873535
            ],
            "location_world": [
                1.3292412757873535,
                -0.7328261733055115,
                0.40128153562545776
            ],
            "name": "google_2_of_Jenga_Classic_Game_10",
            "projected_cuboid": [
                [
                    490.1805818080902,
                    145.25964856147766
                ],
                [
                    487.8772497177124,
                    117.34555661678314
                ],
                [
                    564.8679733276367,
                    48.504263162612915
                ],
                [
                    569.3356990814209,
                    80.65512776374817
                ],
                [
                    517.0801877975464,
                    150.1981019973755
                ],
                [
                    514.3212080001831,
                    122.45021760463715
                ],
                [
                    595.74294090271,
                    55.376648902893066
                ],
                [
                    600.831151008606,
                    87.31861412525177
                ],
                [
                    538.8907194137573,
                    103.78439724445343
                ]
            ],
            "provenance": "nvisii",
            "quaternion_xyzw": [
                0.04989638924598694,
                0.9789690971374512,
                -0.16831859946250916,
                -0.10391709208488464
            ],
            "quaternion_xyzw_world": [
                0.5466334819793701,
                0.6006541848182678,
                0.4822319746017456,
                0.3284185230731964
            ],
            "segmentation_id": 11,
            "visibility": -1
        },
        {
            "bounding_box_minx_maxx_miny_maxy": [
                -1,
                -1,
                -1,
                -1
            ],
            "class": "2",
            "local_cuboid": null,
            "local_to_world_matrix": [
                [
                    0.42035937309265137,
                    -0.6866846084594727,
                    -0.5930954813957214,
                    0.0
                ],
                [
                    -0.11827558279037476,
                    -0.6895425319671631,
                    0.7145223021507263,
                    0.0
                ],
                [
                    -0.8996159434318542,
                    -0.2302074432373047,
                    -0.37107372283935547,
                    0.0
                ],
                [
                    1.952124834060669,
                    0.3420751094818115,
                    0.7070412635803223,
                    1.0
                ]
            ],
            "location": [
                -0.3420751094818115,
                0.7070412635803223,
                -1.952124834060669
            ],
            "location_world": [
                1.952124834060669,
                0.3420751094818115,
                0.7070412635803223
            ],
            "name": "google_2_of_Jenga_Classic_Game_11",
            "projected_cuboid": [
                [
                    152.32107043266296,
                    57.71477520465851
                ],
                [
                    172.40746319293976,
                    35.177409648895264
                ],
                [
                    162.12312877178192,
                    30.61005473136902
                ],
                [
                    144.7630524635315,
                    50.16990005970001
                ],
                [
                    130.9032142162323,
                    37.08295524120331
                ],
                [
                    151.26073360443115,
                    13.973921537399292
                ],
                [
                    143.67811381816864,
                    12.214243412017822
                ],
                [
                    126.11633539199829,
                    32.203033566474915
                ],
                [
                    147.7389633655548,
                    33.59237313270569
                ]
            ],
            "provenance": "nvisii",
            "quaternion_xyzw": [
                0.1346721649169922,
                0.1790403127670288,
                -0.35299044847488403,
                0.9084082841873169
            ],
            "quaternion_xyzw_world": [
                0.7875556349754333,
                -0.2555248737335205,
                -0.47384315729141235,
                0.29989302158355713
            ],
            "segmentation_id": 12,
            "visibility": -1
        },
        {
            "bounding_box_minx_maxx_miny_maxy": [
                -1,
                -1,
                -1,
                -1
            ],
            "class": "2",
            "local_cuboid": null,
            "local_to_world_matrix": [
                [
                    -0.8131862878799438,
                    0.4755754768848419,
                    0.3354935944080353,
                    0.0
                ],
                [
                    -0.5361170768737793,
                    -0.8364404439926147,
                    -0.11378014832735062,
                    0.0
                ],
                [
                    0.22650936245918274,
                    -0.2723883092403412,
                    0.9351460337638855,
                    0.0
                ],
                [
                    1.0369776487350464,
                    0.34198713302612305,
                    -0.605717658996582,
                    1.0
                ]
            ],
            "location": [
                -0.34198713302612305,
                -0.605717658996582,
                -1.0369776487350464
            ],
            "location_world": [
                1.0369776487350464,
                0.34198713302612305,
                -0.605717658996582
            ],
            "name": "google_2_of_Jenga_Classic_Game_12",
            "projected_cuboid": [
                [
                    75.3391981124878,
                    423.56523871421814
                ],
                [
                    108.45500230789185,
                    436.58965826034546
                ],
                [
                    50.03488063812256,
                    616.990864276886
                ],
                [
                    17.360493540763855,
                    595.1805114746094
                ],
                [
                    104.57171499729156,
                    427.74486541748047
                ],
                [
                    136.96753978729248,
                    440.18834829330444
                ],
                [
                    83.93141627311707,
                    609.7581386566162
                ],
                [
                    51.77144706249237,
                    589.529275894165
                ],
                [
                    79.54041659832001,
                    514.6049857139587
                ]
            ],
            "provenance": "nvisii",
            "quaternion_xyzw": [
                0.4649500250816345,
                0.6301398277282715,
                0.5837050080299377,
                -0.2145547866821289
            ],
            "quaternion_xyzw_world": [
                0.1484149992465973,
                -0.10198022425174713,
                0.9466748237609863,
                0.2671700119972229
            ],
            "segmentation_id": 13,
            "visibility": -1
        },
        {
            "bounding_box_minx_maxx_miny_maxy": [
                -1,
                -1,
                -1,
                -1
            ],
            "class": "2",
            "local_cuboid": null,
            "local_to_world_matrix": [
                [
                    0.16800743341445923,
                    -0.7116261720657349,
                    0.6821742653846741,
