{
    "camera_data": {
        "camera_look_at": {
            "at": [
                1.0,
                0.0,
                0.0
            ],
            "eye": [
                0.0,
                0.0,
                0.0
            ],
            "up": [
                0.0,
                0.0,
                1.0
            ]
        },
        "camera_view_matrix": [
            [
                0.0,
                0.0,
                -1.0,
                0.0
            ],
            [
                -1.0,
                0.0,
                0.0,
                0.0
            ],
            [
                0.0,
                1.0,
                0.0,
                0.0
            ],
            [
                0.0,
                0.0,
                0.0,
                1.0
            ]
        ],
        "height": 500,
        "intrinsics": {
            "cx": 250.0,
            "cy": 250.0,
            "fx": 603.5535278320312,
            "fy": 603.5535278320312
        },
        "location_world": [
            0.0,
            0.0,
            0.0
        ],
        "quaternion_world_xyzw": [
            0.5,
            -0.5,
            -0.5,
            0.5
        ],
        "width": 500
    },
    "objects": [
        {
            "bounding_box_minx_maxx_miny_maxy": [
                -1,
                -1,
                -1,
                -1
            ],
            "class": "2",
            "local_cuboid": null,
            "local_to_world_matrix": [
                [
                    0.8063663840293884,
                    -0.35452452301979065,
                    0.4733768105506897,
                    0.0
                ],
                [
                    -0.4830479919910431,
                    -0.856619119644165,
                    0.18129557371139526,
                    0.0
                ],
                [
                    0.34122997522354126,
                    -0.3748543858528137,
                    -0.8620011806488037,
                    0.0
                ],
                [
                    0.5038384795188904,
                    -0.36526504158973694,
                    0.07376840710639954,
                    1.0
                ]
            ],
            "location": [
                0.36526504158973694,
                0.07376840710639954,
                -0.5038384795188904
            ],
            "location_world": [
                0.5038384795188904,
                -0.36526504158973694,
                0.07376840710639954
            ],
            "name": "google_2_of_Jenga_Classic_Game_0",
            "projected_cuboid": [
                [
                    666.5457487106323,
                    403.7344455718994
                ],
                [
                    765.1687860488892,
                    398.906409740448
                ],
                [
                    736.5663051605225,
                    132.77189433574677
                ],
                [
                    622.3627328872681,
                    157.98738598823547
                ],
                [
                    682.7886700630188,
                    458.316445350647
                ],
                [
                    793.9927577972412,
                    456.9694399833679
                ],
                [
                    767.7229046821594,
                    166.1648154258728
                ],
                [
                    636.1858248710632,
                    191.8717324733734
                ],
                [
                    707.8114151954651,
                    306.84030055999756
                ]
            ],
            "provenance": "nvisii",
            "quaternion_xyzw": [
                0.6153167486190796,
                0.5403704643249512,
                -0.1753210425376892,
                0.546486496925354
            ],
            "quaternion_xyzw_world": [
                0.9387474060058594,
                -0.2230558842420578,
                0.21693982183933258,
                0.1481095850467682
            ],
            "segmentation_id": 1,
            "visibility": -1
        },
        {
            "bounding_box_minx_maxx_miny_maxy": [
                -1,
                -1,
                -1,
                -1
            ],
            "class": "2",
            "local_cuboid": null,
            "local_to_world_matrix": [
                [
                    -0.20579230785369873,
                    0.9218918085098267,
                    0.3282758593559265,
                    0.0
                ],
                [
                    0.9461302757263184,
                    0.27312564849853516,
                    -0.1738961935043335,
                    0.0
                ],
                [
                    -0.24997401237487793,
                    0.2748052477836609,
                    -0.9284368753433228,
                    0.0
                ],
                [
                    0.724429190158844,
                    0.07774022221565247,
                    0.4762559235095978,
                    1.0
                ]
            ],
            "location": [
                -0.07774022221565247,
                0.4762559235095978,
                -0.724429190158844
            ],
            "location_world": [
                0.724429190158844,
                0.07774022221565247,
                0.4762559235095978
            ],
            "name": "google_2_of_Jenga_Classic_Game_1",
            "projected_cuboid": [
                [
                    67.11465120315552,
                    24.564877152442932
                ],
                [
                    68.12651455402374,
                    63.896894454956055
                ],
                [
                    149.7514247894287,
                    -134.57703590393066
                ],
                [
                    158.4903448820114,
                    -193.10668110847473
                ],
                [
                    142.75357127189636,
                    55.69973587989807
                ],
                [
                    135.10262966156006,
                    90.56271612644196
                ],
                [
                    208.68119597434998,
                    -106.26059770584106
                ],
                [
                    224.01288151741028,
                    -160.1518988609314
                ],
                [
                    146.60008251667023,
                    -48.88981580734253
                ]
            ],
            "provenance": "nvisii",
            "quaternion_xyzw": [
                0.02252984046936035,
                0.611968457698822,
                -0.765794038772583,
                -0.196332648396492
            ],
            "quaternion_xyzw_world": [
                0.6019798517227173,
                0.7757826447486877,
                0.03251846507191658,
                -0.18634404242038727
            ],
            "segmentation_id": 2,
            "visibility": -1
        },
        {
            "bounding_box_minx_maxx_miny_maxy": [
                -1,
                -1,
                -1,
                -1
            ],
            "class": "2",
            "local_cuboid": null,
            "local_to_world_matrix": [
                [
                    0.06992065906524658,
                    -0.2876102924346924,
                    -0.9551918506622314,
                    0.0
                ],
                [
                    -0.6393423676490784,
                    0.7220984697341919,
                    -0.26422569155693054,
                    0.0
                ],
                [
                    0.7657365798950195,
                    0.6291694641113281,
                    -0.1333918571472168,
                    0.0
                ],
                [
                    0.3709948658943176,
                    -0.35100066661834717,
                    0.5350808501243591,
                    1.0
                ]
            ],
            "location": [
                0.35100066661834717,
                0.5350808501243591,
                -0.3709948658943176
            ],
            "location_world": [
                0.3709948658943176,
                -0.35100066661834717,
                0.5350808501243591
            ],
            "name": "google_2_of_Jenga_Classic_Game_2",
            "projected_cuboid": [
                [
                    452.0772695541382,
                    -203.91800999641418
                ],
                [
                    406.6902697086334,
                    -223.26931357383728
                ],
                [
                    827.6106715202332,
                    -596.3362455368042
                ],
                [
                    841.6287899017334,
                    -515.9313082695007
                ],
                [
                    431.7528009414673,
                    -281.4446687698364
                ],
                [
                    383.9804530143738,
                    -308.3932399749756
                ],
                [
                    796.819806098938,
                    -743.2811856269836
                ],
                [
                    815.2391910552979,
                    -641.6839957237244
                ],
                [
                    573.9045143127441,
                    -394.5215940475464
                ]
            ],
            "provenance": "nvisii",
            "quaternion_xyzw": [
                -0.7611788511276245,
                0.550885796546936,
                0.2296077162027359,
                -0.25379523634910583
            ],
            "quaternion_xyzw_world": [
                -0.3468479812145233,
                0.6681260466575623,
                0.13655497133731842,
                0.6439385414123535
            ],
            "segmentation_id": 3,
            "visibility": -1
        },
        {
            "bounding_box_minx_maxx_miny_maxy": [
                -1,
                -1,
                -1,
                -1
            ],
            "class": "2",
            "local_cuboid": null,
            "local_to_world_matrix": [
                [
                    -0.9061986207962036,
                    -0.411063551902771,
                    -0.09915094077587128,
                    0.0
                ],
                [
                    -0.4195737838745117,
                    0.9032467007637024,
                    0.09001809358596802,
                    0.0
                ],
                [
                    0.05255460739135742,
                    0.12317539751529694,
                    -0.9909924268722534,
                    0.0
                ],
                [
                    1.5831594467163086,
                    -0.7086086869239807,
                    -0.12115298211574554,
                    1.0
                ]
            ],
            "location": [
                0.7086086869239807,
                -0.12115298211574554,
                -1.5831594467163086
            ],
            "location_world": [
                1.5831594467163086,
                -0.7086086869239807,
                -0.12115298211574554
            ],
            "name": "google_2_of_Jenga_Classic_Game_3",
            "projected_cuboid": [
                [
                    527.6205539703369,
                    409.75016355514526
                ],
                [
                    504.19366359710693,
                    410.4439616203308
                ],
                [
                    520.9401845932007,
                    297.8454530239105
                ],
                [
                    544.2177653312683,
                    299.6934950351715
                ],
                [
                    503.7597417831421,
                    399.9796211719513
                ],
                [
                    480.8459281921387,
                    400.4286527633667
                ],
                [
                    496.62095308303833,
                    292.76108741760254
                ],
                [
                    519.408106803894,
                    294.6384847164154
                ],
                [
                    512.0198726654053,
                    350.8749008178711
                ]
            ],
            "provenance": "nvisii",
            "quaternion_xyzw": [
                -0.5860034227371216,
                0.42764151096343994,
                -0.33405229449272156,
                -0.6017738580703735
            ],
            "quaternion_xyzw_world": [
                -0.21304170787334442,
                0.9747355580329895,
                0.05467982962727547,
                0.038909412920475006
            ],
            "segmentation_id": 4,
            "visibility": -1
        },
        {
            "bounding_box_minx_maxx_miny_maxy": [
                -1,
                -1,
                -1,
                -1
            ],
            "class": "2",
            "local_cuboid": null,
            "local_to_world_matrix": [
                [
                    0.1350877285003662,
                    -0.989806056022644,
                    -0.04511284828186035,
                    0.0
                ],
                [
                    0.3467334508895874,
                    0.08987516164779663,
                    -0.933647871017456,
                    0.0
                ],
                [
                    0.9281848669052124,
                    0.11048224568367004,
                    0.35534000396728516,
                    0.0
                ],
                [
                    1.7100087404251099,
                    0.16362802684307098,
                    0.5641061067581177,
                    1.0
                ]
            ],
            "location": [
                -0.16362802684307098,
                0.5641061067581177,
                -1.7100087404251099
            ],
            "location_world": [
                1.7100087404251099,
                0.16362802684307098,
                0.5641061067581177
            ],
            "name": "google_2_of_Jenga_Classic_Game_4",
            "projected_cuboid": [
                [
                    203.1433880329132,
                    34.03066098690033
                ],
                [
                    201.5400379896164,
                    60.96826493740082
                ],
                [
                    205.20436763763428,
                    67.55504012107849
                ],
                [
                    207.1264088153839,
                    36.436453461647034
                ],
                [
                    178.85839939117432,
                    31.76186978816986
                ],
                [
                    177.60367691516876,
                    58.87709558010101
                ],
                [
                    177.5161325931549,
                    65.1748776435852
                ],
                [
                    178.97064983844757,
                    33.81882607936859
                ],
                [
                    191.20632112026215,
                    48.53752255439758
                ]
            ],
            "provenance": "nvisii",
            "quaternion_xyzw": [
                -0.9812796115875244,
                0.034390807151794434,
                0.06256371736526489,
                0.17886680364608765
            ],
            "quaternion_xyzw_world": [
                -0.4152928590774536,
                0.38711994886398315,
                -0.5315959453582764,
                0.6285504698753357
            ],
            "segmentation_id": 5,
            "visibility": -1
        },
        {
            "bounding_box_minx_maxx_miny_maxy": [
                -1,
                -1,
                -1,
                -1
            ],
            "class": "2",
            "local_cuboid": null,
            "local_to_world_matrix": [
                [
                    0.5257537364959717,
                    -0.23718413710594177,
                    -0.8169007301330566,
                    0.0
                ],
                [
                    0.8043599128723145,
                    -0.17381548881530762,
                    0.5681493282318115,
                    0.0
                ],
                [
                    -0.27674588561058044,
                    -0.9557888507843018,
                    0.09939712285995483,
                    0.0
                ],
                [
                    1.43527352809906,
                    -0.46202388405799866,
                    -0.2563793361186981,
                    1.0
                ]
            ],
            "location": [
                0.46202388405799866,
                -0.2563793361186981,
                -1.43527352809906
            ],
            "location_world": [
                1.43527352809906,
                -0.46202388405799866,
                -0.2563793361186981
            ],
            "name": "google_2_of_Jenga_Classic_Game_5",
            "projected_cuboid": [
                [
                    584.4605565071106,
                    377.6054084300995
                ],
                [
                    574.6258497238159,
                    350.90649127960205
                ],
                [
                    443.91918182373047,
                    357.1929931640625
                ],
                [
                    446.9519257545471,
                    382.67436623573303
                ],
                [
                    586.4447355270386,
                    351.75156593322754
                ],
                [
                    576.2132406234741,
                    325.5269527435303
                ],
                [
                    441.6753649711609,
                    333.40984582901
                ],
                [
                    444.6887969970703,
                    358.48671197891235
                ],
                [
                    510.3223919868469,
                    354.6578288078308
                ]
            ],
            "provenance": "nvisii",
            "quaternion_xyzw": [
                -0.31316494941711426,
                0.5133759379386902,
                -0.34329748153686523,
                0.7214706540107727
            ],
            "quaternion_xyzw_world": [
                0.6324895620346069,
                0.2241838574409485,
                -0.4322785437107086,
                0.602357029914856
            ],
            "segmentation_id": 6,
            "visibility": -1
        },
        {
            "bounding_box_minx_maxx_miny_maxy": [
                -1,
                -1,
                -1,
                -1
            ],
            "class": "2",
            "local_cuboid": null,
            "local_to_world_matrix": [
                [
                    -0.9393212795257568,
                    0.2365102618932724,
                    -0.24847383797168732,
                    0.0
                ],
                [
                    -0.283647358417511,
                    -0.9428571462631226,
                    0.17482970654964447,
                    0.0
                ],
                [
                    -0.19292621314525604,
                    0.23470012843608856,
                    0.9527304768562317,
                    0.0
                ],
                [
                    1.1198539733886719,
                    0.3795110583305359,
                    -0.05500177666544914,
                    1.0
                ]
            ],
            "location": [
                -0.3795110583305359,
                -0.05500177666544914,
                -1.1198539733886719
            ],
            "location_world": [
                1.1198539733886719,
                0.3795110583305359,
                -0.05500177666544914
            ],
            "name": "google_2_of_Jenga_Classic_Game_6",
            "projected_cuboid": [
                [
                    -38.99160027503967,
                    130.2090883255005
                ],
                [
                    1.5496313571929932,
                    118.59859526157379
                ],
                [
                    53.263306617736816,
                    282.3631763458252
                ],
                [
                    13.677552342414856,
                    289.7934019565582
                ],
                [
                    -9.622067213058472,
                    127.55399942398071
                ],
                [
                    28.805747628211975,
                    116.67536199092865
                ],
                [
                    75.83104074001312,
                    269.9359655380249
                ],
                [
                    38.292333483695984,
                    277.14982628822327
                ],
                [
                    21.220192313194275,
                    203.4803330898285
                ]
            ],
            "provenance": "nvisii",
            "quaternion_xyzw": [
                0.314536988735199,
                0.5519089698791504,
                0.5600461959838867,
                -0.5318002104759216
            ],
            "quaternion_xyzw_world": [
                -0.11270024627447128,
                0.10456299781799316,
                0.9791461825370789,
                0.13280898332595825
            ],
            "segmentation_id": 7,
            "visibility": -1
        },
        {
            "bounding_box_minx_maxx_miny_maxy": [
                -1,
                -1,
                -1,
                -1
            ],
            "class": "2",
            "local_cuboid": null,
            "local_to_world_matrix": [
                [
                    0.3557738661766052,
                    0.6853386163711548,
                    0.6354022026062012,
                    0.0
                ],
                [
                    0.9141882658004761,
                    -0.3964282274246216,
                    -0.08428791165351868,
                    0.0
                ],
                [
                    0.19412556290626526,
                    0.6108646392822266,
                    -0.7675673961639404,
                    0.0
                ],
                [
                    1.3375561237335205,
                    0.2486552745103836,
                    -0.01894555799663067,
                    1.0
                ]
            ],
            "location": [
                -0.2486552745103836,
                -0.01894555799663067,
                -1.3375561237335205
            ],
            "location_world": [
                1.3375561237335205,
                0.2486552745103836,
                -0.01894555799663067
            ],
            "name": "google_2_of_Jenga_Classic_Game_7",
            "projected_cuboid": [
                [
                    42.51225292682648,
                    344.5393443107605
                ],
                [
                    67.54560768604279,
                    342.4643874168396
                ],
                [
                    137.57237792015076,
                    248.8940954208374
                ],
                [
                    115.57495594024658,
                    245.55739760398865
                ],
                [
                    62.493935227394104,
                    369.0671920776367
                ],
                [
                    86.9353711605072,
                    365.61667919158936
                ],
                [
                    159.21226143836975,
                    271.08222246170044
                ],
                [
                    138.0344033241272,
                    269.0056264400482
                ],
                [
                    100.70037841796875,
                    307.9126477241516
                ]
            ],
            "provenance": "nvisii",
            "quaternion_xyzw": [
                0.3850567638874054,
                0.6699209213256836,
                -0.6275948286056519,
                -0.09519436955451965
            ],
            "quaternion_xyzw_world": [
                0.7936890721321106,
                0.5038266777992249,
                0.2612886428833008,
                -0.21896250545978546
            ],
            "segmentation_id": 8,
            "visibility": -1
        },
        {
            "bounding_box_minx_maxx_miny_maxy": [
                -1,
                -1,
                -1,
                -1
            ],
            "class": "2",
            "local_cuboid": null,
            "local_to_world_matrix": [
                [
                    -0.2603534460067749,
                    0.09362930059432983,
                    0.9609629511833191,
                    0.0
                ],
                [
                    0.2011832594871521,
                    -0.9681799411773682,
                    0.14883898198604584,
                    0.0
                ],
                [
                    0.9443206191062927,
                    0.2320803850889206,
                    0.23323220014572144,
                    0.0
                ],
                [
                    0.2057083547115326,
                    -0.47053414583206177,
                    0.483204185962677,
                    1.0
                ]
            ],
            "location": [
                0.47053414583206177,
                0.483204185962677,
                -0.2057083547115326
            ],
            "location_world": [
                0.2057083547115326,
                -0.47053414583206177,
                0.483204185962677
            ],
            "name": "google_2_of_Jenga_Classic_Game_8",
            "projected_cuboid": [
                [
                    717.0892953872681,
                    -510.2492570877075
                ],
                [
                    803.3946752548218,
                    -499.14073944091797
                ],
                [
                    1752.5299787521362,
                    -1310.781478881836
                ],
                [
                    1625.1295804977417,
                    -1412.0330810546875
                ],
                [
                    706.4639925956726,
                    -383.27646255493164
                ],
                [
                    789.5871996879578,
                    -376.93530321121216
                ],
                [
                    1634.912610054016,
                    -964.1456604003906
                ],
                [
                    1510.493516921997,
                    -1026.993989944458
                ],
                [
                    1016.8707370758057,
                    -658.5016846656799
                ]
            ],
            "provenance": "nvisii",
            "quaternion_xyzw": [
                0.6522753238677979,
                0.7393897771835327,
                0.010836303234100342,
                -0.1665000319480896
            ],
            "quaternion_xyzw_world": [
                0.6071643829345703,
                0.12138910591602325,
                0.7845007181167603,
                -0.03427465260028839
            ],
            "segmentation_id": 9,
            "visibility": -1
        },
        {
            "bounding_box_minx_maxx_miny_maxy": [
                -1,
                -1,
                -1,
                -1
            ],
            "class": "2",
            "local_cuboid": null,
            "local_to_world_matrix": [
                [
                    -0.640160322189331,
                    -0.47925955057144165,
                    0.6004214882850647,
                    0.0
                ],
                [
                    -0.02960193157196045,
                    -0.7655845880508423,
                    -0.642654538154602,
                    0.0
                ],
                [
                    0.7676714062690735,
                    -0.4291752576828003,
                    0.47590911388397217,
                    0.0
                ],
                [
                    0.9657384753227234,
                    -0.5472143888473511,
                    0.2954968810081482,
                    1.0
                ]
            ],
            "location": [
                0.5472143888473511,
                0.2954968810081482,
                -0.9657384753227234
            ],
            "location_world": [
                0.9657384753227234,
                -0.5472143888473511,
                0.2954968810081482
            ],
            "name": "google_2_of_Jenga_Classic_Game_9",
            "projected_cuboid": [
                [
                    591.1837816238403,
                    -1.224905252456665
                ],
                [
                    625.4506707191467,
                    26.38477087020874
                ],
                [
                    634.5291137695312,
                    62.326982617378235
                ],
                [
                    592.0790433883667,
                    28.047919273376465
                ],
                [
                    558.2622289657593,
                    32.70430862903595
                ],
                [
                    591.0358428955078,
                    59.23536419868469
                ],
                [
                    591.8543338775635,
                    100.78614950180054
                ],
                [
                    551.6722202301025,
                    68.15485656261444
                ],
                [
                    591.4915800094604,
                    45.610859990119934
                ]
            ],
            "provenance": "nvisii",
            "quaternion_xyzw": [
                0.8499391078948975,
                0.4017952084541321,
                0.31453293561935425,
                -0.13127630949020386
            ],
            "quaternion_xyzw_world": [
                0.4029625356197357,
                -0.3157002329826355,
                0.8487717509269714,
                -0.1324436217546463
            ],
            "segmentation_id": 10,
            "visibility": -1
        },
        {
            "bounding_box_minx_maxx_miny_maxy": [
                -1,
                -1,
                -1,
                -1
            ],
            "class": "2",
            "local_cuboid": null,
            "local_to_world_matrix": [
                [
                    0.4811488389968872,
                    -0.7317908406257629,
                    -0.4826778173446655,
                    0.0
                ],
                [
                    0.851512610912323,
                    0.5210152864456177,
                    0.05890069901943207,
                    0.0
                ],
                [
                    0.20837955176830292,
                    -0.4393462538719177,
                    0.8738150596618652,
                    0.0
                ],
                [
                    0.8370680809020996,
                    0.6022457480430603,
                    -0.21715839207172394,
                    1.0
                ]
            ],
            "location": [
                -0.6022457480430603,
                -0.21715839207172394,
                -0.8370680809020996
            ],
            "location_world": [
                0.8370680809020996,
                0.6022457480430603,
                -0.21715839207172394
            ],
            "name": "google_2_of_Jenga_Classic_Game_10",
            "projected_cuboid": [
                [
                    -39.84537720680237,
                    238.65056037902832
                ],
                [
                    -45.84077000617981,
                    236.35663092136383
                ],
                [
                    -152.8662145137787,
                    408.13618898391724
                ],
                [
                    -155.80958127975464,
                    425.66147446632385
                ],
                [
                    -94.22916173934937,
                    210.8769714832306
                ],
                [
                    -96.19924426078796,
                    210.6706202030182
                ],
                [
                    -211.57068014144897,
                    388.25422525405884
                ],
                [
                    -220.05361318588257,
                    404.80226278305054
                ],
                [
                    -124.37558174133301,
                    312.29159235954285
                ]
            ],
            "provenance": "nvisii",
            "quaternion_xyzw": [
                -0.6857969760894775,
                0.3658857047557831,
                0.0152386873960495,
                0.6289498805999756
            ],
            "quaternion_xyzw_world": [
                0.1468999981880188,
                0.2037470042705536,
                -0.46681123971939087,
                0.8479356169700623
            ],
            "segmentation_id": 11,
            "visibility": -1
        },
        {
            "bounding_box_minx_maxx_miny_maxy": [
                -1,
                -1,
                -1,
                -1
            ],
            "class": "2",
            "local_cuboid": null,
            "local_to_world_matrix": [
                [
                    -0.006058454513549805,
                    0.7683596014976501,
                    0.6399897933006287,
                    0.0
                ],
                [
                    -0.1832587718963623,
                    -0.6300156116485596,
                    0.7546499967575073,
                    0.0
                ],
                [
                    0.9830461144447327,
                    -0.1127118170261383,
                    0.1446254849433899,
                    0.0
                ],
                [
                    1.36808443069458,
                    0.17443636059761047,
                    -0.3741967976093292,
                    1.0
                ]
            ],
            "location": [
                -0.17443636059761047,
                -0.3741967976093292,
                -1.36808443069458
            ],
            "location_world": [
                1.36808443069458,
                0.17443636059761047,
                -0.3741967976093292
            ],
            "name": "google_2_of_Jenga_Classic_Game_11",
            "projected_cuboid": [
                [
                    177.97425389289856,
                    372.9100227355957
                ],
                [
                    196.78902626037598,
                    350.71730613708496
                ],
                [
                    170.9456443786621,
                    390.72680473327637
                ],
                [
                    148.49409461021423,
                    417.10203886032104
                ],
                [
                    199.9906599521637,
                    391.1955952644348
                ],
                [
                    219.0067172050476,
                    369.1810369491577
                ],
                [
                    197.86132872104645,
                    413.0731225013733
                ],
                [
                    175.1149296760559,
                    439.1879439353943
                ],
                [
                    186.92408502101898,
                    390.9846842288971
                ]
            ],
            "provenance": "nvisii",
            "quaternion_xyzw": [
                0.3391299545764923,
                0.9362232089042664,
                0.08755508065223694,
                0.028479725122451782
            ],
            "quaternion_xyzw_world": [
                0.608138918876648,
                0.24052925407886505,
                0.6672142744064331,
                0.3565640151500702
            ],
            "segmentation_id": 12,
            "visibility": -1
        },
        {
            "bounding_box_minx_maxx_miny_maxy": [
                -1,
                -1,
                -1,
                -1
            ],
            "class": "2",
            "local_cuboid": null,
            "local_to_world_matrix": [
                [
                    -0.7163994312286377,
                    -0.38232284784317017,
                    -0.5836111307144165,
                    0.0
                ],
                [
                    -0.6389119029045105,
                    0.695555567741394,
                    0.3286246657371521,
                    0.0
                ],
                [
                    0.2802933156490326,
                    0.6083024144172668,
                    -0.7425663471221924,
                    0.0
                ],
                [
                    1.739833116531372,
                    0.6422446966171265,
                    0.5982500910758972,
                    1.0
                ]
            ],
            "location": [
                -0.6422446966171265,
                0.5982500910758972,
                -1.739833116531372
            ],
            "location_world": [
                1.739833116531372,
                0.6422446966171265,
                0.5982500910758972
            ],
            "name": "google_2_of_Jenga_Classic_Game_12",
            "projected_cuboid": [
                [
                    -7.098197937011719,
                    135.80024242401123
                ],
                [
                    -35.016268491744995,
                    122.83198535442352
                ],
                [
                    14.790594577789307,
                    38.94232213497162
                ],
                [
                    42.47792065143585,
                    55.12435734272003
                ],
                [
                    -9.055376052856445,
                    124.43450093269348
                ],
                [
                    -36.16589307785034,
                    111.53188347816467
                ],
                [
                    11.970296502113342,
                    29.83376383781433
                ],
                [
                    38.87064754962921,
                    45.78013718128204
                ],
                [
                    2.2237002849578857,
                    83.99678766727448
                ]
            ],
            "provenance": "nvisii",
            "quaternion_xyzw": [
                -0.5774928331375122,
                0.5537588000297546,
                -0.04679569602012634,
                -0.5980498790740967
            ],
            "quaternion_xyzw_world": [
                -0.28749406337738037,
                0.8880485892295837,
                0.2637600898742676,
                0.2432030439376831
            ],
            "segmentation_id": 13,
            "visibility": -1
        },
        {
            "bounding_box_minx_maxx_miny_maxy": [
                -1,
                -1,
                -1,
                -1
            ],
            "class": "2",
            "local_cuboid": null,
            "local_to_world_matrix": [
                [
                    0.2066890001296997,
                    0.442615270614624,
                    0.8725659847259521,
                    0.0
