{
    "camera_data": {
        "camera_look_at": {
            "at": [
                1.0,
                0.0,
                0.0
            ],
            "eye": [
                0.0,
                0.0,
                0.0
            ],
            "up": [
                0.0,
                0.0,
                1.0
            ]
        },
        "camera_view_matrix": [
            [
                0.0,
                0.0,
                -1.0,
                0.0
            ],
            [
                -1.0,
                0.0,
                0.0,
                0.0
            ],
            [
                0.0,
                1.0,
                0.0,
                0.0
            ],
            [
                0.0,
                0.0,
                0.0,
                1.0
            ]
        ],
        "height": 500,
        "intrinsics": {
            "cx": 250.0,
            "cy": 250.0,
            "fx": 603.5535278320312,
            "fy": 603.5535278320312
        },
        "location_world": [
            0.0,
            0.0,
            0.0
        ],
        "quaternion_world_xyzw": [
            0.5,
            -0.5,
            -0.5,
            0.5
        ],
        "width": 500
    },
    "objects": [
        {
            "bounding_box_minx_maxx_miny_maxy": [
                -1,
                -1,
                -1,
                -1
            ],
            "class": "2",
            "local_cuboid": null,
            "local_to_world_matrix": [
                [
                    0.0009589791297912598,
                    -0.7271636724472046,
                    -0.686463475227356,
                    0.0
                ],
                [
                    0.018197327852249146,
                    -0.6863374710083008,
                    0.727055549621582,
                    0.0
                ],
                [
                    -0.9998339414596558,
                    -0.013188987970352173,
                    0.012574315071105957,
                    0.0
                ],
                [
                    0.42230233550071716,
                    -0.45618629455566406,
                    0.054041631519794464,
                    1.0
                ]
            ],
            "location": [
                0.45618629455566406,
                0.054041631519794464,
                -0.42230233550071716
            ],
            "location_world": [
                0.42230233550071716,
                -0.45618629455566406,
                0.054041631519794464
            ],
            "name": "google_2_of_Jenga_Classic_Game_0",
            "projected_cuboid": [
                [
                    2392.2054767608643,
                    250.31760334968567
                ],
                [
                    2633.9805126190186,
                    -32.410651445388794
                ],
                [
                    982.9384684562683,
                    167.7631288766861
                ],
                [
                    902.639627456665,
                    255.3560435771942
                ],
                [
                    2125.990152359009,
                    -2.1792054176330566
                ],
                [
                    2371.0274696350098,
                    -282.10872411727905
                ],
                [
                    901.2264609336853,
                    90.48616886138916
                ],
                [
                    820.615291595459,
                    177.8130829334259
                ],
                [
                    1250.7175207138062,
                    127.95129418373108
                ]
            ],
            "provenance": "nvisii",
            "quaternion_xyzw": [
                0.008278578519821167,
                -0.0038062632083892822,
                0.36932870745658875,
                -0.9292541742324829
            ],
            "quaternion_xyzw_world": [
                -0.6470552682876587,
                0.27392029762268066,
                0.6515275835990906,
                -0.2860051393508911
            ],
            "segmentation_id": 1,
            "visibility": -1
        },
        {
            "bounding_box_minx_maxx_miny_maxy": [
                -1,
                -1,
                -1,
                -1
            ],
            "class": "2",
            "local_cuboid": null,
            "local_to_world_matrix": [
                [
                    0.337909996509552,
                    0.5714622735977173,
                    0.7478287220001221,
                    0.0
                ],
                [
                    0.9411700963973999,
                    -0.20851123332977295,
                    -0.26593589782714844,
                    0.0
                ],
                [
                    0.003958374261856079,
                    0.793696403503418,
                    -0.6083011627197266,
                    0.0
                ],
                [
                    1.7231688499450684,
                    0.48852673172950745,
                    0.201358824968338,
                    1.0
                ]
            ],
            "location": [
                -0.48852673172950745,
                0.201358824968338,
                -1.7231688499450684
            ],
            "location_world": [
                1.7231688499450684,
                0.48852673172950745,
                0.201358824968338
            ],
            "name": "google_2_of_Jenga_Classic_Game_1",
            "projected_cuboid": [
                [
                    -17.21203327178955,
                    227.11001336574554
                ],
                [
                    0.7145106792449951,
                    235.75879633426666
                ],
                [
                    79.33089137077332,
                    175.3723919391632
                ],
                [
                    65.07429480552673,
                    163.88937830924988
                ],
                [
                    -5.193382501602173,
                    248.0502426624298
                ],
                [
                    12.460500001907349,
                    255.8801770210266
                ],
                [
                    92.28241443634033,
                    194.58699226379395
                ],
                [
                    78.41463387012482,
                    183.83502960205078
                ],
                [
                    38.355544209480286,
                    210.60483157634735
                ]
            ],
            "provenance": "nvisii",
            "quaternion_xyzw": [
                0.4178612232208252,
                0.5721636414527893,
                -0.6770228147506714,
                -0.19915038347244263
            ],
            "quaternion_xyzw_world": [
                0.7339486479759216,
                0.5152378082275391,
                0.2560761868953705,
                -0.36093541979789734
            ],
            "segmentation_id": 2,
            "visibility": -1
        },
        {
            "bounding_box_minx_maxx_miny_maxy": [
                -1,
                -1,
                -1,
                -1
            ],
            "class": "2",
            "local_cuboid": null,
            "local_to_world_matrix": [
                [
                    -0.28192996978759766,
                    -0.7956109642982483,
                    0.5362076759338379,
                    0.0
                ],
                [
                    0.8982585072517395,
                    -0.022510528564453125,
                    0.4388905167579651,
                    0.0
                ],
                [
                    -0.3371158242225647,
                    0.6053895354270935,
                    0.721010684967041,
                    0.0
                ],
                [
                    0.7008644938468933,
                    -0.36875852942466736,
                    -0.05733991414308548,
                    1.0
                ]
            ],
            "location": [
                0.36875852942466736,
                -0.05733991414308548,
                -0.7008644938468933
            ],
            "location_world": [
                0.7008644938468933,
                -0.36875852942466736,
                -0.05733991414308548
            ],
            "name": "google_2_of_Jenga_Classic_Game_2",
            "projected_cuboid": [
                [
                    492.52238869667053,
                    79.98867332935333
                ],
                [
                    465.1094675064087,
                    64.93359804153442
                ],
                [
                    582.6756358146667,
                    264.6682858467102
                ],
                [
                    619.6279525756836,
                    300.69130659103394
                ],
                [
                    417.3356890678406,
                    130.9148520231247
                ],
                [
                    399.61305260658264,
                    110.44421792030334
                ],
                [
                    522.2930312156677,
                    298.2787489891052
                ],
                [
                    551.231324672699,
                    336.89525723457336
                ],
                [
                    509.6527934074402,
                    205.59567213058472
                ]
            ],
            "provenance": "nvisii",
            "quaternion_xyzw": [
                -0.5048773884773254,
                -0.27666032314300537,
                0.1601673811674118,
                0.8018131256103516
            ],
            "quaternion_xyzw_world": [
                -0.06994596868753433,
                -0.36688172817230225,
                -0.7115917205810547,
                0.5950987935066223
            ],
            "segmentation_id": 3,
            "visibility": -1
        },
        {
            "bounding_box_minx_maxx_miny_maxy": [
                -1,
                -1,
                -1,
                -1
            ],
            "class": "2",
            "local_cuboid": null,
            "local_to_world_matrix": [
                [
                    -0.4133094549179077,
                    0.30780553817749023,
                    0.8569896221160889,
                    0.0
                ],
                [
                    0.5964376330375671,
                    -0.6196385622024536,
                    0.5102062225341797,
                    0.0
                ],
                [
                    0.6880680322647095,
                    0.7220138311386108,
                    0.07251548767089844,
                    0.0
                ],
                [
                    1.5443661212921143,
                    -0.3191760182380676,
                    -0.615044116973877,
                    1.0
                ]
            ],
            "location": [
                0.3191760182380676,
                -0.615044116973877,
                -1.5443661212921143
            ],
            "location_world": [
                1.5443661212921143,
                -0.3191760182380676,
                -0.615044116973877
            ],
            "name": "google_2_of_Jenga_Classic_Game_3",
            "projected_cuboid": [
                [
                    274.7817635536194,
                    456.0309648513794
                ],
                [
                    292.07178950309753,
                    435.29367446899414
                ],
                [
                    379.4664740562439,
                    467.50080585479736
                ],
                [
                    362.79284954071045,
                    492.0905828475952
                ],
                [
                    282.7562689781189,
                    475.66044330596924
                ],
                [
                    299.5060384273529,
                    454.74833250045776
                ],
                [
                    386.0461115837097,
                    488.7588620185852
                ],
                [
                    369.942307472229,
                    513.5238170623779
                ],
                [
                    328.418105840683,
                    471.8077778816223
                ]
            ],
            "provenance": "nvisii",
            "quaternion_xyzw": [
                0.46638405323028564,
                0.7915301322937012,
                -0.16547758877277374,
                -0.3585849404335022
            ],
            "quaternion_xyzw_world": [
                0.5324034094810486,
                0.4246043264865875,
                0.7255107760429382,
                -0.0994582250714302
            ],
            "segmentation_id": 4,
            "visibility": -1
        },
        {
            "bounding_box_minx_maxx_miny_maxy": [
                -1,
                -1,
                -1,
                -1
            ],
            "class": "2",
            "local_cuboid": null,
            "local_to_world_matrix": [
                [
                    0.47585511207580566,
                    -0.6740584373474121,
                    0.564984142780304,
                    0.0
                ],
                [
                    -0.7281275987625122,
                    0.058410048484802246,
                    0.6829483509063721,
                    0.0
                ],
                [
                    -0.49334782361984253,
                    -0.7363649606704712,
                    -0.46300578117370605,
                    0.0
                ],
                [
                    1.5893142223358154,
                    0.7857312560081482,
                    -0.09782948344945908,
                    1.0
                ]
            ],
            "location": [
                -0.7857312560081482,
                -0.09782948344945908,
                -1.5893142223358154
            ],
            "location_world": [
                1.5893142223358154,
                0.7857312560081482,
                -0.09782948344945908
            ],
            "name": "google_2_of_Jenga_Classic_Game_4",
            "projected_cuboid": [
                [
                    31.31014108657837,
                    346.769779920578
                ],
                [
                    19.852235913276672,
                    326.63694024086
                ],
                [
                    -41.423141956329346,
                    267.88654923439026
                ],
                [
                    -28.674006462097168,
                    288.4531319141388
                ],
                [
                    3.652229905128479,
                    367.7230179309845
                ],
                [
                    -9.332269430160522,
                    347.97167778015137
                ],
                [
                    -69.37021017074585,
                    285.79241037368774
                ],
                [
                    -55.24909496307373,
                    306.15362524986267
                ],
                [
                    -19.777953624725342,
                    315.8280849456787
                ]
            ],
            "provenance": "nvisii",
            "quaternion_xyzw": [
                0.35276132822036743,
                0.35900628566741943,
                0.18462195992469788,
                0.8441497087478638
            ],
            "quaternion_xyzw_world": [
                0.6856476664543152,
                -0.5112633109092712,
                0.026119936257600784,
                0.5175082683563232
            ],
            "segmentation_id": 5,
            "visibility": -1
        },
        {
            "bounding_box_minx_maxx_miny_maxy": [
                -1,
                -1,
                -1,
                -1
            ],
            "class": "2",
            "local_cuboid": null,
            "local_to_world_matrix": [
                [
                    -0.8753526210784912,
                    0.48162510991096497,
                    0.042369574308395386,
                    0.0
                ],
                [
                    0.42602285742759705,
                    0.8097857236862183,
                    -0.4034249782562256,
                    0.0
                ],
                [
                    -0.2286098599433899,
                    -0.33508867025375366,
                    -0.9140313863754272,
                    0.0
                ],
                [
                    1.3211570978164673,
                    -0.1169176772236824,
                    -0.34188368916511536,
                    1.0
                ]
            ],
            "location": [
                0.1169176772236824,
                -0.34188368916511536,
                -1.3211570978164673
            ],
            "location_world": [
                1.3211570978164673,
                -0.1169176772236824,
                -0.34188368916511536
            ],
            "name": "google_2_of_Jenga_Classic_Game_5",
            "projected_cuboid": [
                [
                    365.5134439468384,
                    546.3639497756958
                ],
                [
                    328.81709933280945,
                    554.3606281280518
                ],
                [
                    279.50140833854675,
                    415.2665138244629
                ],
                [
                    312.8678500652313,
                    403.74666452407837
                ],
                [
                    377.28023529052734,
                    531.848669052124
                ],
                [
                    342.1989977359772,
                    539.8224592208862
                ],
                [
                    294.7118580341339,
                    408.4271788597107
                ],
                [
                    326.76491141319275,
                    397.31812477111816
                ],
                [
                    327.75118947029114,
                    472.7949798107147
                ]
            ],
            "provenance": "nvisii",
            "quaternion_xyzw": [
                -0.41629019379615784,
                0.46086615324020386,
                -0.7269216179847717,
                -0.29306986927986145
            ],
            "quaternion_xyzw_world": [
                0.23921382427215576,
                0.948573887348175,
                -0.19463787972927094,
                -0.07141758501529694
            ],
            "segmentation_id": 6,
            "visibility": -1
        },
        {
            "bounding_box_minx_maxx_miny_maxy": [
                -1,
                -1,
                -1,
                -1
            ],
            "class": "2",
            "local_cuboid": null,
            "local_to_world_matrix": [
                [
                    0.001466989517211914,
                    0.8465006351470947,
                    -0.5323861241340637,
                    0.0
                ],
                [
                    0.5437579154968262,
                    -0.4474766254425049,
                    -0.7099947333335876,
                    0.0
                ],
                [
                    -0.839241087436676,
                    -0.28844743967056274,
                    -0.46094799041748047,
                    0.0
                ],
                [
                    0.9853152632713318,
                    -0.48297184705734253,
                    0.14699022471904755,
                    1.0
                ]
            ],
            "location": [
                0.48297184705734253,
                0.14699022471904755,
                -0.9853152632713318
            ],
            "location_world": [
                0.9853152632713318,
                -0.48297184705734253,
                0.14699022471904755
            ],
            "name": "google_2_of_Jenga_Classic_Game_6",
            "projected_cuboid": [
                [
                    683.3164095878601,
                    232.02839493751526
                ],
                [
                    687.1287226676941,
                    280.52157163619995
                ],
                [
                    530.4206609725952,
                    192.5072968006134
                ],
                [
                    520.1032161712646,
                    152.16726064682007
                ],
                [
                    739.5873069763184,
                    196.6792494058609
                ],
                [
                    740.0144338607788,
                    247.30677902698517
                ],
                [
                    570.429265499115,
                    167.35848784446716
                ],
                [
                    562.0194673538208,
                    125.81366300582886
                ],
                [
                    617.355465888977,
                    194.2412704229355
                ]
            ],
            "provenance": "nvisii",
            "quaternion_xyzw": [
                -0.0778672844171524,
                0.272610068321228,
                -0.9213762283325195,
                0.26586925983428955
            ],
            "quaternion_xyzw_world": [
                0.690994143486023,
                0.5029921531677246,
                -0.4962513744831085,
                -0.15251478552818298
            ],
            "segmentation_id": 7,
            "visibility": -1
        },
        {
            "bounding_box_minx_maxx_miny_maxy": [
                -1,
                -1,
                -1,
                -1
            ],
            "class": "2",
            "local_cuboid": null,
            "local_to_world_matrix": [
                [
                    -0.7465349435806274,
                    0.4626023769378662,
                    0.4782099723815918,
                    0.0
                ],
                [
                    0.5117475390434265,
                    -0.060102224349975586,
                    0.8570310473442078,
                    0.0
                ],
                [
                    0.4252060651779175,
                    0.8845263123512268,
                    -0.19186723232269287,
                    0.0
                ],
                [
                    1.8064104318618774,
                    0.005311545915901661,
                    0.5683591961860657,
                    1.0
                ]
            ],
            "location": [
                -0.005311545915901661,
                0.5683591961860657,
                -1.8064104318618774
            ],
            "location_world": [
                1.8064104318618774,
                0.005311545915901661,
                0.5683591961860657
            ],
            "name": "google_2_of_Jenga_Classic_Game_7",
            "projected_cuboid": [
                [
                    158.65617990493774,
                    91.06235206127167
                ],
                [
                    162.30198740959167,
                    71.91866636276245
                ],
                [
                    242.94772744178772,
                    40.81417620182037
                ],
                [
                    241.02918803691864,
                    60.546696186065674
                ],
                [
                    172.79380559921265,
                    107.63689875602722
                ],
                [
                    176.0229766368866,
                    88.70071172714233
                ],
                [
                    255.02926111221313,
                    59.70455706119537
                ],
                [
                    253.46076488494873,
                    79.24649119377136
                ],
                [
                    206.55779540538788,
                    75.47619938850403
                ]
            ],
            "provenance": "nvisii",
            "quaternion_xyzw": [
                0.16245973110198975,
                0.8283778429031372,
                -0.21234716475009918,
                -0.49224555492401123
            ],
            "quaternion_xyzw_world": [
                0.35546961426734924,
                0.6852554082870483,
                0.6353679895401001,
                -0.019337289035320282
            ],
            "segmentation_id": 8,
            "visibility": -1
        },
        {
            "bounding_box_minx_maxx_miny_maxy": [
                -1,
                -1,
                -1,
                -1
            ],
            "class": "2",
            "local_cuboid": null,
            "local_to_world_matrix": [
                [
                    0.501586377620697,
                    -0.11458206176757812,
                    0.8574858903884888,
                    0.0
                ],
                [
                    0.7235440015792847,
                    0.5989096164703369,
                    -0.3432074189186096,
                    0.0
                ],
                [
                    -0.47423112392425537,
                    0.7925769686698914,
                    0.38331007957458496,
                    0.0
                ],
                [
                    0.3060740828514099,
                    0.06755783408880234,
                    -0.3732745945453644,
                    1.0
                ]
            ],
            "location": [
                -0.06755783408880234,
                -0.3732745945453644,
                -0.3060740828514099
            ],
            "location_world": [
                0.3060740828514099,
                0.06755783408880234,
                -0.3732745945453644
            ],
            "name": "google_2_of_Jenga_Classic_Game_8",
            "projected_cuboid": [
                [
                    -786.6848707199097,
                    1070.127248764038
                ],
                [
                    -636.059045791626,
                    920.4159379005432
                ],
                [
                    100.44118762016296,
                    849.4477868080139
                ],
                [
                    172.86446690559387,
                    914.2417907714844
                ],
                [
                    -1183.2833290100098,
                    1695.4448223114014
                ],
                [
                    -863.3172512054443,
                    1298.2169389724731
                ],
                [
                    64.54065442085266,
                    1053.1911849975586
                ],
                [
                    139.59339261054993,
                    1176.6905784606934
                ],
                [
                    -217.22787618637085,
                    1058.7973594665527
                ]
            ],
            "provenance": "nvisii",
            "quaternion_xyzw": [
                -0.49587252736091614,
                -0.1303642839193344,
                0.6524677276611328,
                0.5580335259437561
            ],
            "quaternion_xyzw_world": [
                -0.36033549904823303,
                -0.422496497631073,
                -0.2659013271331787,
                0.7880047559738159
            ],
            "segmentation_id": 9,
            "visibility": -1
        },
        {
            "bounding_box_minx_maxx_miny_maxy": [
                -1,
                -1,
                -1,
                -1
            ],
            "class": "2",
            "local_cuboid": null,
            "local_to_world_matrix": [
                [
                    -0.03606534004211426,
                    -0.852153480052948,
                    0.5220475196838379,
                    0.0
                ],
                [
                    -0.9889609217643738,
                    0.10556018352508545,
                    0.10398709774017334,
                    0.0
                ],
                [
                    -0.14372043311595917,
                    -0.5125342607498169,
                    -0.8465535640716553,
                    0.0
                ],
                [
                    1.6257728338241577,
                    -0.5855989456176758,
                    0.790116012096405,
                    1.0
                ]
            ],
            "location": [
                0.5855989456176758,
                0.790116012096405,
                -1.6257728338241577
            ],
            "location_world": [
                1.6257728338241577,
                -0.5855989456176758,
                0.790116012096405
            ],
            "name": "google_2_of_Jenga_Classic_Game_9",
            "projected_cuboid": [
                [
                    537.3908877372742,
                    42.26027429103851
                ],
                [
                    549.476146697998,
                    27.56066620349884
                ],
                [
                    484.4386875629425,
                    -60.84063649177551
                ],
                [
                    475.9175181388855,
                    -42.08073019981384
                ],
                [
                    511.95091009140015,
                    57.90074169635773
                ],
                [
                    522.6376056671143,
                    44.074371457099915
                ],
                [
                    458.42745900154114,
                    -44.605523347854614
                ],
                [
                    451.2222707271576,
                    -26.689887046813965
                ],
                [
                    498.384952545166,
                    -0.6491541862487793
                ]
            ],
            "provenance": "nvisii",
            "quaternion_xyzw": [
                -0.633333683013916,
                -0.1644028127193451,
                -0.21655237674713135,
                -0.724544882774353
            ],
            "quaternion_xyzw_world": [
                -0.6528644561767578,
                0.7050140500068665,
                -0.14487199485301971,
                -0.2360832244157791
            ],
            "segmentation_id": 10,
            "visibility": -1
        },
        {
            "bounding_box_minx_maxx_miny_maxy": [
                -1,
                -1,
                -1,
                -1
            ],
            "class": "2",
            "local_cuboid": null,
            "local_to_world_matrix": [
                [
                    0.08096390962600708,
                    0.6228364706039429,
                    -0.7781514525413513,
                    0.0
                ],
                [
                    0.9084784984588623,
                    0.27504390478134155,
                    0.3146706521511078,
                    0.0
                ],
                [
                    0.41001421213150024,
                    -0.7324107885360718,
                    -0.5435649156570435,
                    0.0
                ],
                [
                    1.834348440170288,
                    0.23413462936878204,
                    -0.29496654868125916,
                    1.0
                ]
            ],
            "location": [
                -0.23413462936878204,
                -0.29496654868125916,
                -1.834348440170288
            ],
            "location_world": [
                1.834348440170288,
                0.23413462936878204,
                -0.29496654868125916
            ],
            "name": "google_2_of_Jenga_Classic_Game_10",
            "projected_cuboid": [
                [
                    239.57939445972443,
                    406.54516220092773
                ],
                [
                    232.95606672763824,
                    392.49187707901
                ],
                [
                    163.0348265171051,
                    350.50418972969055
                ],
                [
                    167.11780428886414,
                    363.7027144432068
                ],
                [
                    255.05009293556213,
                    387.69590854644775
                ],
                [
                    247.80894815921783,
                    374.32435154914856
                ],
                [
                    178.60032618045807,
                    331.02935552597046
                ],
                [
                    183.3638846874237,
                    343.4416353702545
                ],
                [
                    209.48776602745056,
                    369.280070066452
                ]
            ],
            "provenance": "nvisii",
            "quaternion_xyzw": [
                -0.3436957597732544,
                0.7660811543464661,
                -0.47385430335998535,
                0.2654336094856262
            ],
            "quaternion_xyzw_world": [
                0.5808366537094116,
                0.6590988039970398,
                -0.15845127403736115,
                0.45067811012268066
            ],
            "segmentation_id": 11,
            "visibility": -1
        },
        {
            "bounding_box_minx_maxx_miny_maxy": [
                -1,
                -1,
                -1,
                -1
            ],
            "class": "2",
            "local_cuboid": null,
            "local_to_world_matrix": [
                [
                    -0.903302788734436,
                    -0.4287170171737671,
                    -0.015674740076065063,
                    0.0
                ],
                [
                    0.3852046728134155,
                    -0.826622486114502,
                    0.4102588891983032,
                    0.0
                ],
                [
                    -0.1888420730829239,
                    0.36455005407333374,
                    0.9118343591690063,
                    0.0
                ],
                [
                    1.5968494415283203,
                    -0.02021913230419159,
                    -0.7930006980895996,
                    1.0
                ]
            ],
            "location": [
                0.02021913230419159,
                -0.7930006980895996,
                -1.5968494415283203
            ],
            "location_world": [
                1.5968494415283203,
                -0.02021913230419159,
                -0.7930006980895996
            ],
            "name": "google_2_of_Jenga_Classic_Game_11",
            "projected_cuboid": [
                [
                    207.7493667602539,
                    470.63279151916504
                ],
                [
                    236.32490634918213,
                    452.1845281124115
                ],
                [
                    277.5444984436035,
                    547.0194220542908
                ],
                [
                    250.85699558258057,
                    566.8055415153503
                ],
                [
                    196.60210609436035,
                    460.0832760334015
                ],
                [
                    224.1273820400238,
                    442.67532229423523
                ],
                [
                    263.97353410720825,
                    533.7295532226562
                ],
                [
                    238.18956315517426,
                    552.3759126663208
                ],
                [
                    237.28512227535248,
                    503.77893447875977
                ]
            ],
            "provenance": "nvisii",
            "quaternion_xyzw": [
                0.45541632175445557,
                0.4451684355735779,
                0.2957473695278168,
                -0.7120073437690735
            ],
            "quaternion_xyzw_world": [
                -0.05358501896262169,
                0.2030060589313507,
                0.954169750213623,
                -0.2132539004087448
            ],
            "segmentation_id": 12,
            "visibility": -1
        },
        {
            "bounding_box_minx_maxx_miny_maxy": [
                -1,
                -1,
                -1,
                -1
            ],
            "class": "2",
            "local_cuboid": null,
            "local_to_world_matrix": [
                [
                    0.07829254865646362,
                    0.09290871769189835,
                    -0.9925916790962219,
                    0.0
                ],
                [
                    -0.16557279229164124,
                    -0.9806084632873535,
                    -0.10484692454338074,
                    0.0
                ],
                [
                    -0.9830848574638367,
                    0.17255491018295288,
                    -0.061391234397888184,
                    0.0
                ],
                [
                    1.9762309789657593,
                    0.5571865439414978,
                    -0.0021854222286492586,
                    1.0
                ]
            ],
            "location": [
                -0.5571865439414978,
                -0.0021854222286492586,
                -1.9762309789657593
            ],
            "location_world": [
                1.9762309789657593,
                0.5571865439414978,
                -0.0021854222286492586
            ],
            "name": "google_2_of_Jenga_Classic_Game_12",
            "projected_cuboid": [
                [
                    18.160894513130188,
                    269.4724202156067
                ],
                [
                    45.892924070358276,
                    272.80473709106445
                ],
                [
                    91.03325009346008,
                    263.99707794189453
                ],
                [
                    66.99265539646149,
                    261.20850443840027
                ],
                [
                    19.927978515625,
                    241.6282594203949
                ],
                [
                    47.77678847312927,
                    244.74099278450012
                ],
                [
                    92.78377890586853,
                    240.00439047813416
                ],
                [
                    68.65578889846802,
                    237.37649619579315
                ],
                [
                    58.19027125835419,
                    253.66508960723877
                ]
            ],
            "provenance": "nvisii",
            "quaternion_xyzw": [
                0.08493131399154663,
                -0.03527355194091797,
                -0.738383412361145,
                0.6680810451507568
            ],
            "quaternion_xyzw_world": [
                0.7280611395835876,
                -0.02495122328400612,
                -0.678403377532959,
                -0.09525361657142639
            ],
            "segmentation_id": 13,
            "visibility": -1
        },
        {
            "bounding_box_minx_maxx_miny_maxy": [
                -1,
                -1,
                -1,
                -1
            ],
            "class": "2",
            "local_cuboid": null,
            "local_to_world_matrix": [
                [
                    0.8266880512237549,
