{
    "camera_data": {
        "camera_look_at": {
            "at": [
                1.0,
                0.0,
                0.0
            ],
            "eye": [
                0.0,
                0.0,
                0.0
            ],
            "up": [
                0.0,
                0.0,
                1.0
            ]
        },
        "camera_view_matrix": [
            [
                0.0,
                0.0,
                -1.0,
                0.0
            ],
            [
                -1.0,
                0.0,
                0.0,
                0.0
            ],
            [
                0.0,
                1.0,
                0.0,
                0.0
            ],
            [
                0.0,
                0.0,
                0.0,
                1.0
            ]
        ],
        "height": 500,
        "intrinsics": {
            "cx": 250.0,
            "cy": 250.0,
            "fx": 603.5535278320312,
            "fy": 603.5535278320312
        },
        "location_world": [
            0.0,
            0.0,
            0.0
        ],
        "quaternion_world_xyzw": [
            0.5,
            -0.5,
            -0.5,
            0.5
        ],
        "width": 500
    },
    "objects": [
        {
            "bounding_box_minx_maxx_miny_maxy": [
                -1,
                -1,
                -1,
                -1
            ],
            "class": "2",
            "local_cuboid": null,
            "local_to_world_matrix": [
                [
                    -0.25837087631225586,
                    -0.6584143042564392,
                    0.7069194316864014,
                    0.0
                ],
                [
                    0.7019116282463074,
                    -0.6307283639907837,
                    -0.33091050386428833,
                    0.0
                ],
                [
                    0.663750410079956,
                    0.4106972813606262,
                    0.6251105070114136,
                    0.0
                ],
                [
                    0.8581845164299011,
                    0.5277315974235535,
                    0.3521731197834015,
                    1.0
                ]
            ],
            "location": [
                -0.5277315974235535,
                0.3521731197834015,
                -0.8581845164299011
            ],
            "location_world": [
                0.8581845164299011,
                0.5277315974235535,
                0.3521731197834015
            ],
            "name": "google_2_of_Jenga_Classic_Game_0",
            "projected_cuboid": [
                [
                    -136.61175966262817,
                    -93.8180685043335
                ],
                [
                    -85.22778749465942,
                    -59.06134843826294
                ],
                [
                    -76.78365707397461,
                    -1.764744520187378
                ],
                [
                    -139.7298276424408,
                    -40.60634970664978
                ],
                [
                    -159.3395471572876,
                    -54.43623661994934
                ],
                [
                    -107.68106579780579,
                    -22.465944290161133
                ],
                [
                    -104.27635908126831,
                    41.43132269382477
                ],
                [
                    -167.6357090473175,
                    6.585985422134399
                ],
                [
                    -121.41090631484985,
                    -30.237287282943726
                ]
            ],
            "provenance": "nvisii",
            "quaternion_xyzw": [
                0.8144131898880005,
                0.41061708331108093,
                -0.04675954580307007,
                -0.40735530853271484
            ],
            "quaternion_xyzw_world": [
                0.43221724033355713,
                0.025159401819109917,
                0.7928130030632019,
                -0.42895546555519104
            ],
            "segmentation_id": 1,
            "visibility": -1
        },
        {
            "bounding_box_minx_maxx_miny_maxy": [
                -1,
                -1,
                -1,
                -1
            ],
            "class": "2",
            "local_cuboid": null,
            "local_to_world_matrix": [
                [
                    0.9158121347427368,
                    0.37912285327911377,
                    -0.13249170780181885,
                    0.0
                ],
                [
                    -0.2952401041984558,
                    0.8592082262039185,
                    0.4178451597690582,
                    0.0
                ],
                [
                    0.2722525894641876,
                    -0.34355083107948303,
                    0.898805558681488,
                    0.0
                ],
                [
                    1.6081820726394653,
                    0.732002317905426,
                    -0.8009642362594604,
                    1.0
                ]
            ],
            "location": [
                -0.732002317905426,
                -0.8009642362594604,
                -1.6081820726394653
            ],
            "location_world": [
                1.6081820726394653,
                0.732002317905426,
                -0.8009642362594604
            ],
            "name": "google_2_of_Jenga_Classic_Game_1",
            "projected_cuboid": [
                [
                    37.85450756549835,
                    445.1148509979248
                ],
                [
                    9.177640080451965,
                    435.51403284072876
                ],
                [
                    -39.67425227165222,
                    541.6581630706787
                ],
                [
                    -8.885830640792847,
                    550.1226186752319
                ],
                [
                    39.49172794818878,
                    449.7950077056885
                ],
                [
                    9.57578420639038,
                    439.84222412109375
                ],
                [
                    -41.518837213516235,
                    551.1239767074585
                ],
                [
                    -9.297579526901245,
                    559.8254799842834
                ],
                [
                    0.29553472995758057,
                    495.2777624130249
                ]
            ],
            "provenance": "nvisii",
            "quaternion_xyzw": [
                -0.3447045087814331,
                0.719239354133606,
                0.41503775119781494,
                0.43774133920669556
            ],
            "quaternion_xyzw_world": [
                0.19861921668052673,
                0.10558237135410309,
                0.17591561377048492,
                0.9583614468574524
            ],
            "segmentation_id": 2,
            "visibility": -1
        },
        {
            "bounding_box_minx_maxx_miny_maxy": [
                -1,
                -1,
                -1,
                -1
            ],
            "class": "2",
            "local_cuboid": null,
            "local_to_world_matrix": [
                [
                    0.859947144985199,
                    -0.5066186189651489,
                    0.061874471604824066,
                    0.0
                ],
                [
                    -0.4291042685508728,
                    -0.6520296335220337,
                    0.6250813007354736,
                    0.0
                ],
                [
                    -0.27633386850357056,
                    -0.5640875101089478,
                    -0.778103232383728,
                    0.0
                ],
                [
                    0.7564955353736877,
                    -0.21641115844249725,
                    0.27648651599884033,
                    1.0
                ]
            ],
            "location": [
                0.21641115844249725,
                0.27648651599884033,
                -0.7564955353736877
            ],
            "location_world": [
                0.7564955353736877,
                -0.21641115844249725,
                0.27648651599884033
            ],
            "name": "google_2_of_Jenga_Classic_Game_2",
            "projected_cuboid": [
                [
                    559.8196983337402,
                    229.07671332359314
                ],
                [
                    624.1000890731812,
                    181.91790580749512
                ],
                [
                    456.23302459716797,
                    11.410847306251526
                ],
                [
                    405.892550945282,
                    61.50270998477936
                ],
                [
                    555.1170706748962,
                    231.3898354768753
                ],
                [
                    626.1153817176819,
                    179.23635244369507
                ],
                [
                    441.85197353363037,
                    -7.383108139038086
                ],
                [
                    387.60438561439514,
                    48.21592569351196
                ],
                [
                    501.7976760864258,
                    112.77468502521515
                ]
            ],
            "provenance": "nvisii",
            "quaternion_xyzw": [
                0.38897407054901123,
                0.4588378667831421,
                -0.19015377759933472,
                0.7758920192718506
            ],
            "quaternion_xyzw_world": [
                0.9069288969039917,
                -0.2579372227191925,
                -0.05911692976951599,
                0.32780101895332336
            ],
            "segmentation_id": 3,
            "visibility": -1
        },
        {
            "bounding_box_minx_maxx_miny_maxy": [
                -1,
                -1,
                -1,
                -1
            ],
            "class": "2",
            "local_cuboid": null,
            "local_to_world_matrix": [
                [
                    -0.7486143112182617,
                    -0.36092865467071533,
                    -0.5561538934707642,
                    0.0
                ],
                [
                    -0.5290218591690063,
                    -0.18045055866241455,
                    0.8292005062103271,
                    0.0
                ],
                [
                    -0.39964044094085693,
                    0.9149689674377441,
                    -0.05585134029388428,
                    0.0
                ],
                [
                    1.9406808614730835,
                    0.3633919656276703,
                    0.8284647464752197,
                    1.0
                ]
            ],
            "location": [
                -0.3633919656276703,
                0.8284647464752197,
                -1.9406808614730835
            ],
            "location_world": [
                1.9406808614730835,
                0.3633919656276703,
                0.8284647464752197
            ],
            "name": "google_2_of_Jenga_Classic_Game_3",
            "projected_cuboid": [
                [
                    42.684704065322876,
                    -0.8812546730041504
                ],
                [
                    42.64836013317108,
                    -31.05151653289795
                ],
                [
                    140.86216688156128,
                    -18.894940614700317
                ],
                [
                    138.627290725708,
                    9.172946214675903
                ],
                [
                    40.05040228366852,
                    -7.099181413650513
                ],
                [
                    39.95095193386078,
                    -36.448150873184204
                ],
                [
                    135.34881174564362,
                    -24.336695671081543
                ],
                [
                    133.30379128456116,
                    3.0213147401809692
                ],
                [
                    90.63045680522919,
                    -13.017445802688599
                ]
            ],
            "provenance": "nvisii",
            "quaternion_xyzw": [
                -0.1817193329334259,
                0.5168731212615967,
                0.22886201739311218,
                -0.8046380281448364
            ],
            "quaternion_xyzw_world": [
                -0.3491731286048889,
                0.6371842622756958,
                0.6843269467353821,
                0.06140822917222977
            ],
            "segmentation_id": 4,
            "visibility": -1
        },
        {
            "bounding_box_minx_maxx_miny_maxy": [
                -1,
                -1,
                -1,
                -1
            ],
            "class": "2",
            "local_cuboid": null,
            "local_to_world_matrix": [
                [
                    0.4960789084434509,
                    0.7727164626121521,
                    -0.39599865674972534,
                    0.0
                ],
                [
                    0.4435349106788635,
                    -0.6175988912582397,
                    -0.6494985222816467,
                    0.0
                ],
                [
                    -0.7464465498924255,
                    0.14656329154968262,
                    -0.6491044759750366,
                    0.0
                ],
                [
                    1.9567131996154785,
                    0.5738351345062256,
                    -0.4045270085334778,
                    1.0
                ]
            ],
            "location": [
                -0.5738351345062256,
                -0.4045270085334778,
                -1.9567131996154785
            ],
            "location_world": [
                1.9567131996154785,
                0.5738351345062256,
                -0.4045270085334778
            ],
            "name": "google_2_of_Jenga_Classic_Game_4",
            "projected_cuboid": [
                [
                    16.417577862739563,
                    452.04102993011475
                ],
                [
                    39.053380489349365,
                    466.41039848327637
                ],
                [
                    75.06000995635986,
                    385.39695739746094
                ],
                [
                    55.63428997993469,
                    371.07816338539124
                ],
                [
                    32.67879784107208,
                    445.6024765968323
                ],
                [
                    55.47390878200531,
                    460.4341983795166
                ],
                [
                    90.37041664123535,
                    378.46601009368896
                ],
                [
                    70.84733247756958,
                    363.71979117393494
                ],
                [
                    55.55890500545502,
                    413.0997061729431
                ]
            ],
            "provenance": "nvisii",
            "quaternion_xyzw": [
                0.180510014295578,
                0.306908518075943,
                -0.8900367021560669,
                0.2847066819667816
            ],
            "quaternion_xyzw_world": [
                0.831080973148346,
                0.36586427688598633,
                -0.34366244077682495,
                -0.23946577310562134
            ],
            "segmentation_id": 5,
            "visibility": -1
        },
        {
            "bounding_box_minx_maxx_miny_maxy": [
                -1,
                -1,
                -1,
                -1
            ],
            "class": "2",
            "local_cuboid": null,
            "local_to_world_matrix": [
                [
                    0.838763952255249,
                    -0.3285350799560547,
                    -0.4342115521430969,
                    0.0
                ],
                [
                    -0.18967831134796143,
                    -0.9238055944442749,
                    0.33257347345352173,
                    0.0
                ],
                [
                    -0.5103891491889954,
                    -0.1965901255607605,
                    -0.8371708393096924,
                    0.0
                ],
                [
                    0.8742327094078064,
                    -0.5212769508361816,
                    -0.35383880138397217,
                    1.0
                ]
            ],
            "location": [
                0.5212769508361816,
                -0.35383880138397217,
                -0.8742327094078064
            ],
            "location_world": [
                0.8742327094078064,
                -0.5212769508361816,
                -0.35383880138397217
            ],
            "name": "google_2_of_Jenga_Classic_Game_5",
            "projected_cuboid": [
                [
                    685.2951049804688,
                    745.8893060684204
                ],
                [
                    757.3432326316833,
                    733.8838577270508
                ],
                [
                    634.697675704956,
                    489.5488917827606
                ],
                [
                    576.5305757522583,
                    503.8743019104004
                ],
                [
                    704.0934562683105,
                    763.227641582489
                ],
                [
                    783.551037311554,
                    750.4667639732361
                ],
                [
                    646.4751362800598,
                    483.7592840194702
                ],
                [
                    583.5533142089844,
                    499.310165643692
                ],
                [
                    665.0732159614563,
                    609.3419790267944
                ]
            ],
            "provenance": "nvisii",
            "quaternion_xyzw": [
                0.3484151363372803,
                0.3513008952140808,
                -0.46078211069107056,
                0.7368001341819763
            ],
            "quaternion_xyzw_world": [
                0.9486491084098816,
                -0.1365661472082138,
                -0.2489331066608429,
                0.13945187628269196
            ],
            "segmentation_id": 6,
            "visibility": -1
        },
        {
            "bounding_box_minx_maxx_miny_maxy": [
                -1,
                -1,
                -1,
                -1
            ],
            "class": "2",
            "local_cuboid": null,
            "local_to_world_matrix": [
                [
                    -0.9698481559753418,
                    0.21395671367645264,
                    0.11669231206178665,
                    0.0
                ],
                [
                    0.18286624550819397,
                    0.9553963541984558,
                    -0.23190033435821533,
                    0.0
                ],
                [
                    -0.16110405325889587,
                    -0.20356902480125427,
                    -0.9657148122787476,
                    0.0
                ],
                [
                    1.7074137926101685,
                    0.38394689559936523,
                    0.6379059553146362,
                    1.0
                ]
            ],
            "location": [
                -0.38394689559936523,
                0.6379059553146362,
                -1.7074137926101685
            ],
            "location_world": [
                1.7074137926101685,
                0.38394689559936523,
                0.6379059553146362
            ],
            "name": "google_2_of_Jenga_Classic_Game_6",
            "projected_cuboid": [
                [
                    140.62713086605072,
                    111.59060895442963
                ],
                [
                    111.7892861366272,
                    120.15311419963837
                ],
                [
                    94.26601231098175,
                    22.26845920085907
                ],
                [
                    122.12425470352173,
                    13.038784265518188
                ],
                [
                    151.60053968429565,
                    121.13906443119049
                ],
                [
                    123.95641207695007,
                    129.23124432563782
                ],
                [
                    106.87124729156494,
                    35.37406027317047
                ],
                [
                    133.61506164073944,
                    26.667103171348572
                ],
                [
                    123.05255234241486,
                    71.90942764282227
                ]
            ],
            "provenance": "nvisii",
            "quaternion_xyzw": [
                -0.4628281593322754,
                0.45303210616111755,
                -0.6338298320770264,
                -0.42286136746406555
            ],
            "quaternion_xyzw_world": [
                0.10058621317148209,
                0.9862757325172424,
                -0.11038225889205933,
                -0.07041548937559128
            ],
            "segmentation_id": 7,
            "visibility": -1
        },
        {
            "bounding_box_minx_maxx_miny_maxy": [
                -1,
                -1,
                -1,
                -1
            ],
            "class": "2",
            "local_cuboid": null,
            "local_to_world_matrix": [
                [
                    0.44188249111175537,
                    0.8169423341751099,
                    0.37060093879699707,
                    0.0
                ],
                [
                    -0.23256468772888184,
                    0.5033226013183594,
                    -0.8322139978408813,
                    0.0
                ],
                [
                    -0.8664026260375977,
                    0.28155210614204407,
                    0.4124014377593994,
                    0.0
                ],
                [
                    1.9762213230133057,
                    -0.501050591468811,
                    -0.04146897420287132,
                    1.0
                ]
            ],
            "location": [
                0.501050591468811,
                -0.04146897420287132,
                -1.9762213230133057
            ],
            "location_world": [
                1.9762213230133057,
                -0.501050591468811,
                -0.04146897420287132
            ],
            "name": "google_2_of_Jenga_Classic_Game_7",
            "projected_cuboid": [
                [
                    390.6373381614685,
                    205.59996366500854
                ],
                [
                    377.41246819496155,
                    229.60108518600464
                ],
                [
                    386.17926836013794,
                    268.852174282074
                ],
                [
                    397.6476788520813,
                    247.49809503555298
                ],
                [
                    416.1682426929474,
                    214.98334407806396
                ],
                [
                    402.9671549797058,
                    239.5864576101303
                ],
                [
                    408.5724949836731,
                    278.24294567108154
                ],
                [
                    420.02061009407043,
                    256.41709566116333
                ],
                [
                    400.08628368377686,
                    243.87118220329285
                ]
            ],
            "provenance": "nvisii",
            "quaternion_xyzw": [
                -0.19291770458221436,
                0.17199258506298065,
                0.9374911189079285,
                0.2330484688282013
            ],
            "quaternion_xyzw_world": [
                -0.3626839220523834,
                -0.40281468629837036,
                0.3417587876319885,
                0.7677249908447266
            ],
            "segmentation_id": 8,
            "visibility": -1
        },
        {
            "bounding_box_minx_maxx_miny_maxy": [
                -1,
                -1,
                -1,
                -1
            ],
            "class": "2",
            "local_cuboid": null,
            "local_to_world_matrix": [
                [
                    -0.22060930728912354,
                    0.8981088995933533,
                    -0.38043662905693054,
                    0.0
                ],
                [
                    0.714803159236908,
                    -0.11650991439819336,
                    -0.6895519495010376,
                    0.0
                ],
                [
                    -0.6636173725128174,
                    -0.4240588843822479,
                    -0.6162679195404053,
                    0.0
                ],
                [
                    0.7139979004859924,
                    -0.4341880679130554,
                    0.5457062721252441,
                    1.0
                ]
            ],
            "location": [
                0.4341880679130554,
                0.5457062721252441,
                -0.7139979004859924
            ],
            "location_world": [
                0.7139979004859924,
                -0.4341880679130554,
                0.5457062721252441
            ],
            "name": "google_2_of_Jenga_Classic_Game_8",
            "projected_cuboid": [
                [
                    899.2910385131836,
                    -226.3542115688324
                ],
                [
                    837.8979563713074,
                    -108.38678479194641
                ],
                [
                    581.2957882881165,
                    -161.65441274642944
                ],
                [
                    602.1196842193604,
                    -250.51212310791016
                ],
                [
                    962.3832106590271,
                    -246.05393409729004
                ],
                [
                    896.0893750190735,
                    -129.6321451663971
                ],
                [
                    630.4360032081604,
                    -176.19824409484863
                ],
                [
                    655.0196409225464,
                    -264.09047842025757
                ],
                [
                    735.2790832519531,
                    -195.7571804523468
                ]
            ],
            "provenance": "nvisii",
            "quaternion_xyzw": [
                -0.17876362800598145,
                0.36910006403923035,
                -0.9015650749206543,
                0.13780105113983154
            ],
            "quaternion_xyzw_world": [
                0.6148512959480286,
                0.6558138728141785,
                -0.4245148301124573,
                -0.1079501286149025
            ],
            "segmentation_id": 9,
            "visibility": -1
        },
        {
            "bounding_box_minx_maxx_miny_maxy": [
                -1,
                -1,
                -1,
                -1
            ],
            "class": "2",
            "local_cuboid": null,
            "local_to_world_matrix": [
                [
                    0.5137748122215271,
                    -0.5576938390731812,
                    0.6519302129745483,
                    0.0
                ],
                [
                    -0.6035414934158325,
                    0.30510836839675903,
                    0.736645519733429,
                    0.0
                ],
                [
                    -0.6097320318222046,
                    -0.77193683385849,
                    -0.17983436584472656,
                    0.0
                ],
                [
                    1.4451353549957275,
                    0.6498066186904907,
                    -0.6201673746109009,
                    1.0
                ]
            ],
            "location": [
                -0.6498066186904907,
                -0.6201673746109009,
                -1.4451353549957275
            ],
            "location_world": [
                1.4451353549957275,
                0.6498066186904907,
                -0.6201673746109009
            ],
            "name": "google_2_of_Jenga_Classic_Game_9",
            "projected_cuboid": [
                [
                    70.95253467559814,
                    561.765193939209
                ],
                [
                    51.398515701293945,
                    544.6047782897949
                ],
                [
                    -18.54860782623291,
                    486.1479103565216
                ],
                [
                    1.0604709386825562,
                    503.25649976730347
                ],
                [
                    44.37769949436188,
                    596.0946679115295
                ],
                [
                    23.065879940986633,
                    579.7972679138184
                ],
                [
                    -45.30113935470581,
                    515.168309211731
                ],
                [
                    -24.204105138778687,
                    531.7353010177612
                ],
                [
                    10.969460010528564,
                    537.7227067947388
                ]
            ],
            "provenance": "nvisii",
            "quaternion_xyzw": [
                0.2298457771539688,
                0.37723323702812195,
                0.28079915046691895,
                0.8520667552947998
            ],
            "quaternion_xyzw_world": [
                0.5891733169555664,
                -0.4927392601966858,
                0.017905686050653458,
                0.6401267051696777
            ],
            "segmentation_id": 10,
            "visibility": -1
        },
        {
            "bounding_box_minx_maxx_miny_maxy": [
                -1,
                -1,
                -1,
                -1
            ],
            "class": "2",
            "local_cuboid": null,
            "local_to_world_matrix": [
                [
                    0.351249098777771,
                    -0.7230608463287354,
                    0.5948168635368347,
                    0.0
                ],
                [
                    -0.2821406126022339,
                    -0.687507152557373,
                    -0.6691268086433411,
                    0.0
                ],
                [
                    0.8927602171897888,
                    0.06720823049545288,
                    -0.44549107551574707,
                    0.0
                ],
                [
                    0.4921800196170807,
                    0.4333663582801819,
                    0.4058825373649597,
                    1.0
                ]
            ],
            "location": [
                -0.4333663582801819,
                0.4058825373649597,
                -0.4921800196170807
            ],
            "location_world": [
                0.4921800196170807,
                0.4333663582801819,
                0.4058825373649597
            ],
            "name": "google_2_of_Jenga_Classic_Game_10",
            "projected_cuboid": [
                [
                    -101.51860117912292,
                    -3.8122236728668213
                ],
                [
                    -66.19876623153687,
                    33.350199460983276
                ],
                [
                    -209.09252762794495,
                    -239.93003368377686
                ],
                [
                    -255.62244653701782,
                    -283.23298692703247
                ],
                [
                    -160.32832860946655,
                    24.533197283744812
                ],
                [
                    -125.58931112289429,
                    64.04033303260803
                ],
                [
                    -310.1772665977478,
                    -208.3161175251007
                ],
                [
                    -354.4248938560486,
                    -255.60307502746582
                ],
                [
                    -179.68007922172546,
                    -80.41739463806152
                ]
            ],
            "provenance": "nvisii",
            "quaternion_xyzw": [
                0.9062212705612183,
                0.35375577211380005,
                -0.11544018983840942,
                0.20073235034942627
            ],
            "quaternion_xyzw_world": [
                0.788074791431427,
                -0.31887882947921753,
                0.4719022512435913,
                -0.2335866540670395
            ],
            "segmentation_id": 11,
            "visibility": -1
        },
        {
            "bounding_box_minx_maxx_miny_maxy": [
                -1,
                -1,
                -1,
                -1
            ],
            "class": "2",
            "local_cuboid": null,
            "local_to_world_matrix": [
                [
                    0.9262455701828003,
                    -0.310395747423172,
                    -0.2138308584690094,
                    0.0
                ],
                [
                    -0.0826210156083107,
                    0.3863142728805542,
                    -0.9186595678329468,
                    0.0
                ],
                [
                    0.36775389313697815,
                    0.8685712814331055,
                    0.33217668533325195,
                    0.0
                ],
                [
                    0.9411848187446594,
                    0.032207805663347244,
                    0.5464845895767212,
                    1.0
                ]
            ],
            "location": [
                -0.032207805663347244,
                0.5464845895767212,
                -0.9411848187446594
            ],
            "location_world": [
                0.9411848187446594,
                0.032207805663347244,
                0.5464845895767212
            ],
            "name": "google_2_of_Jenga_Classic_Game_11",
            "projected_cuboid": [
                [
                    107.31451213359833,
                    -123.62587451934814
                ],
                [
                    88.192418217659,
                    -82.75175094604492
                ],
                [
                    227.52994298934937,
                    -59.33034420013428
                ],
                [
                    247.7547973394394,
                    -104.84585165977478
                ],
                [
                    82.49573409557343,
                    -160.53351759910583
                ],
                [
                    61.81664764881134,
                    -116.95346236228943
                ],
                [
                    209.30813252925873,
                    -95.709890127182
                ],
                [
                    231.3002645969391,
                    -144.60816979408264
                ],
                [
                    153.50669622421265,
                    -110.9829843044281
                ]
            ],
            "provenance": "nvisii",
            "quaternion_xyzw": [
                -0.805730938911438,
                0.1862114667892456,
                0.5568909645080566,
                0.07743153721094131
            ],
            "quaternion_xyzw_world": [
                -0.549489438533783,
                0.1788099706172943,
                -0.07003001868724823,
                0.8131324648857117
            ],
            "segmentation_id": 12,
            "visibility": -1
        },
        {
            "bounding_box_minx_maxx_miny_maxy": [
                -1,
                -1,
                -1,
                -1
            ],
            "class": "2",
            "local_cuboid": null,
            "local_to_world_matrix": [
                [
                    -0.04286050796508789,
                    0.9561247825622559,
                    0.28980758786201477,
                    0.0
                ],
                [
                    0.5244418382644653,
                    0.26842737197875977,
                    -0.8080270290374756,
                    0.0
                ],
                [
                    -0.8503669500350952,
                    0.11735484004020691,
                    -0.5129368305206299,
                    0.0
                ],
                [
                    1.954836368560791,
                    0.6592168211936951,
                    -0.2704801857471466,
                    1.0
                ]
            ],
            "location": [
                -0.6592168211936951,
                -0.2704801857471466,
                -1.954836368560791
            ],
            "location_world": [
                1.954836368560791,
                0.6592168211936951,
                -0.2704801857471466
            ],
            "name": "google_2_of_Jenga_Classic_Game_12",
            "projected_cuboid": [
                [
                    -8.212566375732422,
                    384.421706199646
                ],
                [
                    -9.512871503829956,
                    404.82082962989807
                ],
                [
                    33.59510004520416,
                    339.57141637802124
                ],
                [
                    35.716712474823,
                    320.2999532222748
                ],
                [
                    19.30651068687439,
                    392.336368560791
                ],
                [
                    17.30450987815857,
                    412.49310970306396
                ],
                [
                    56.97228014469147,
                    346.39206528663635
                ],
                [
                    59.62534248828888,
                    327.31038331985474
                ],
                [
                    27.015328407287598,
                    363.8692796230316
                ]
            ],
            "provenance": "nvisii",
            "quaternion_xyzw": [
                0.019591540098190308,
                0.27282366156578064,
                -0.950594425201416,
                -0.14681211113929749
            ],
            "quaternion_xyzw_world": [
                0.5480987429618835,
                0.6753193140029907,
                -0.2556835412979126,
                -0.4220871925354004
            ],
            "segmentation_id": 13,
            "visibility": -1
        },
        {
            "bounding_box_minx_maxx_miny_maxy": [
                -1,
                -1,
                -1,
                -1
            ],
            "class": "2",
            "local_cuboid": null,
            "local_to_world_matrix": [
                [
                    0.9842243790626526,
                    0.15431007742881775,
