{
    "camera_data": {
        "camera_look_at": {
            "at": [
                1.0,
                0.0,
                0.0
            ],
            "eye": [
                0.0,
                0.0,
                0.0
            ],
            "up": [
                0.0,
                0.0,
                1.0
            ]
        },
        "camera_view_matrix": [
            [
                0.0,
                0.0,
                -1.0,
                0.0
            ],
            [
                -1.0,
                0.0,
                0.0,
                0.0
            ],
            [
                0.0,
                1.0,
                0.0,
                0.0
            ],
            [
                0.0,
                0.0,
                0.0,
                1.0
            ]
        ],
        "height": 500,
        "intrinsics": {
            "cx": 250.0,
            "cy": 250.0,
            "fx": 603.5535278320312,
            "fy": 603.5535278320312
        },
        "location_world": [
            0.0,
            0.0,
            0.0
        ],
        "quaternion_world_xyzw": [
            0.5,
            -0.5,
            -0.5,
            0.5
        ],
        "width": 500
    },
    "objects": [
        {
            "bounding_box_minx_maxx_miny_maxy": [
                -1,
                -1,
                -1,
                -1
            ],
            "class": "2",
            "local_cuboid": null,
            "local_to_world_matrix": [
                [
                    0.14168137311935425,
                    0.8912696242332458,
                    -0.43077266216278076,
                    0.0
                ],
                [
                    -0.7363585829734802,
                    0.38572269678115845,
                    0.5558724999427795,
                    0.0
                ],
                [
                    0.6615910530090332,
                    0.2384462207555771,
                    0.7109435796737671,
                    0.0
                ],
                [
                    0.7286573052406311,
                    0.5593763589859009,
                    0.38933295011520386,
                    1.0
                ]
            ],
            "location": [
                -0.5593763589859009,
                0.38933295011520386,
                -0.7286573052406311
            ],
            "location_world": [
                0.7286573052406311,
                0.5593763589859009,
                0.38933295011520386
            ],
            "name": "google_2_of_Jenga_Classic_Game_0",
            "projected_cuboid": [
                [
                    -157.90680050849915,
                    -100.40009021759033
                ],
                [
                    -208.12803506851196,
                    -156.30578994750977
                ],
                [
                    -274.2500305175781,
                    -89.72439169883728
                ],
                [
                    -205.97639679908752,
                    -25.111675262451172
                ],
                [
                    -117.9286241531372,
                    -126.18198990821838
                ],
                [
                    -165.97604751586914,
                    -184.60437655448914
                ],
                [
                    -221.3945984840393,
                    -124.85024333000183
                ],
                [
                    -156.4667522907257,
                    -56.384116411209106
                ],
                [
                    -184.52346324920654,
                    -110.65050959587097
                ]
            ],
            "provenance": "nvisii",
            "quaternion_xyzw": [
                -0.23154321312904358,
                0.8815799951553345,
                0.4104284942150116,
                -0.027440696954727173
            ],
            "quaternion_xyzw_world": [
                0.10608380287885666,
                0.365067720413208,
                0.543953001499176,
                0.7480555176734924
            ],
            "segmentation_id": 1,
            "visibility": -1
        },
        {
            "bounding_box_minx_maxx_miny_maxy": [
                -1,
                -1,
                -1,
                -1
            ],
            "class": "2",
            "local_cuboid": null,
            "local_to_world_matrix": [
                [
                    0.8116480112075806,
                    -0.23167182505130768,
                    -0.5362421274185181,
                    0.0
                ],
                [
                    0.431341290473938,
                    0.8567412495613098,
                    0.28273507952690125,
                    0.0
                ],
                [
                    0.3939190208911896,
                    -0.46078476309776306,
                    0.7953019738197327,
                    0.0
                ],
                [
                    1.5972909927368164,
                    0.484561026096344,
                    -0.7012094259262085,
                    1.0
                ]
            ],
            "location": [
                -0.484561026096344,
                -0.7012094259262085,
                -1.5972909927368164
            ],
            "location_world": [
                1.5972909927368164,
                0.484561026096344,
                -0.7012094259262085
            ],
            "name": "google_2_of_Jenga_Classic_Game_1",
            "projected_cuboid": [
                [
                    143.48271489143372,
                    425.5240559577942
                ],
                [
                    120.91174721717834,
                    413.7219190597534
                ],
                [
                    62.5876784324646,
                    510.2613568305969
                ],
                [
                    85.4521095752716,
                    525.088906288147
                ],
                [
                    132.74292647838593,
                    416.92447662353516
                ],
                [
                    109.55139994621277,
                    404.8618674278259
                ],
                [
                    48.04342985153198,
                    504.6612024307251
                ],
                [
                    71.51177525520325,
                    519.9705362319946
                ],
                [
                    97.82017767429352,
                    463.3868932723999
                ]
            ],
            "provenance": "nvisii",
            "quaternion_xyzw": [
                -0.5794082283973694,
                0.6010370254516602,
                0.15138858556747437,
                0.5292654633522034
            ],
            "quaternion_xyzw_world": [
                0.19975285232067108,
                0.2498956173658371,
                -0.17812404036521912,
                0.9305497407913208
            ],
            "segmentation_id": 2,
            "visibility": -1
        },
        {
            "bounding_box_minx_maxx_miny_maxy": [
                -1,
                -1,
                -1,
                -1
            ],
            "class": "2",
            "local_cuboid": null,
            "local_to_world_matrix": [
                [
                    0.39118731021881104,
                    0.6565366387367249,
                    -0.644927978515625,
                    0.0
                ],
                [
                    -0.7939619421958923,
                    0.5951334238052368,
                    0.12426045536994934,
                    0.0
                ],
                [
                    0.46539974212646484,
                    0.46343913674354553,
                    0.7540737390518188,
                    0.0
                ],
                [
                    1.148929238319397,
                    -0.6876173615455627,
                    0.05028325691819191,
                    1.0
                ]
            ],
            "location": [
                0.6876173615455627,
                0.05028325691819191,
                -1.148929238319397
            ],
            "location_world": [
                1.148929238319397,
                -0.6876173615455627,
                0.05028325691819191
            ],
            "name": "google_2_of_Jenga_Classic_Game_2",
            "projected_cuboid": [
                [
                    499.553918838501,
                    141.45949482917786
                ],
                [
                    488.8186454772949,
                    130.71641325950623
                ],
                [
                    589.7759199142456,
                    233.93458127975464
                ],
                [
                    596.079409122467,
                    240.12018740177155
                ],
                [
                    529.4549465179443,
                    115.32239615917206
                ],
                [
                    520.0735330581665,
                    102.89335250854492
                ],
                [
                    627.7257800102234,
                    205.56871592998505
                ],
                [
                    632.0158839225769,
                    213.54734897613525
                ],
                [
                    557.4824810028076,
                    170.43432593345642
                ]
            ],
            "provenance": "nvisii",
            "quaternion_xyzw": [
                -0.4137036204338074,
                0.7493659257888794,
                0.5164485573768616,
                -0.02410431206226349
            ],
            "quaternion_xyzw_world": [
                -0.10244528949260712,
                0.33536261320114136,
                0.43810757994651794,
                0.8277068734169006
            ],
            "segmentation_id": 3,
            "visibility": -1
        },
        {
            "bounding_box_minx_maxx_miny_maxy": [
                -1,
                -1,
                -1,
                -1
            ],
            "class": "2",
            "local_cuboid": null,
            "local_to_world_matrix": [
                [
                    -0.14309442043304443,
                    -0.8786829710006714,
                    -0.45545607805252075,
                    0.0
                ],
                [
                    -0.9178264141082764,
                    -0.05436384677886963,
                    0.3932419717311859,
                    0.0
                ],
                [
                    -0.3702954053878784,
                    0.474300354719162,
                    -0.798699140548706,
                    0.0
                ],
                [
                    1.8737764358520508,
                    0.5907407999038696,
                    0.7228608131408691,
                    1.0
                ]
            ],
            "location": [
                -0.5907407999038696,
                0.7228608131408691,
                -1.8737764358520508
            ],
            "location_world": [
                1.8737764358520508,
                0.5907407999038696,
                0.7228608131408691
            ],
            "name": "google_2_of_Jenga_Classic_Game_3",
            "projected_cuboid": [
                [
                    16.148731112480164,
                    97.33276069164276
                ],
                [
                    7.229119539260864,
                    78.81574332714081
                ],
                [
                    67.2900527715683,
                    11.967897415161133
                ],
                [
                    73.2627660036087,
                    32.15135633945465
                ],
                [
                    -5.506366491317749,
                    86.30421757698059
                ],
                [
                    -15.336483716964722,
                    67.4145370721817
                ],
                [
                    45.682087540626526,
                    1.6465932130813599
                ],
                [
                    52.4926483631134,
                    22.12834358215332
                ],
                [
                    31.08564019203186,
                    48.93821477890015
                ]
            ],
            "provenance": "nvisii",
            "quaternion_xyzw": [
                -0.5280022621154785,
                0.18991024792194366,
                0.15682032704353333,
                -0.8127453923225403
            ],
            "quaternion_xyzw_world": [
                -0.6538288593292236,
                0.6869187951087952,
                0.31573686003685,
                0.03099372237920761
            ],
            "segmentation_id": 4,
            "visibility": -1
        },
        {
            "bounding_box_minx_maxx_miny_maxy": [
                -1,
                -1,
                -1,
                -1
            ],
            "class": "2",
            "local_cuboid": null,
            "local_to_world_matrix": [
                [
                    0.9348575472831726,
                    -0.17115813493728638,
                    -0.31104063987731934,
                    0.0
                ],
                [
                    -0.24119356274604797,
                    -0.9490787982940674,
                    -0.20267167687416077,
                    0.0
                ],
                [
                    -0.2605130672454834,
                    0.26449012756347656,
                    -0.9285356998443604,
                    0.0
                ],
                [
                    1.8691191673278809,
                    0.5468677878379822,
                    -0.3069590628147125,
                    1.0
                ]
            ],
            "location": [
                -0.5468677878379822,
                -0.3069590628147125,
                -1.8691191673278809
            ],
            "location_world": [
                1.8691191673278809,
                0.5468677878379822,
                -0.3069590628147125
            ],
            "name": "google_2_of_Jenga_Classic_Game_4",
            "projected_cuboid": [
                [
                    34.34336185455322,
                    440.86116552352905
                ],
                [
                    58.50979685783386,
                    448.6733078956604
                ],
                [
                    90.79182147979736,
                    354.35110330581665
                ],
                [
                    67.24202632904053,
                    347.8516936302185
                ],
                [
                    20.725548267364502,
                    440.4457211494446
                ],
                [
                    45.753851532936096,
                    448.5830068588257
                ],
                [
                    79.87526059150696,
                    350.4468500614166
                ],
                [
                    55.503472685813904,
                    343.7304198741913
                ],
                [
                    56.997328996658325,
                    395.8764672279358
                ]
            ],
            "provenance": "nvisii",
            "quaternion_xyzw": [
                0.5275691747665405,
                0.3023480176925659,
                -0.5683367848396301,
                0.5543013215065002
            ],
            "quaternion_xyzw_world": [
                0.9762776494026184,
                -0.10559283196926117,
                -0.14636044204235077,
                -0.11962831765413284
            ],
            "segmentation_id": 5,
            "visibility": -1
        },
        {
            "bounding_box_minx_maxx_miny_maxy": [
                -1,
                -1,
                -1,
                -1
            ],
            "class": "2",
            "local_cuboid": null,
            "local_to_world_matrix": [
                [
                    0.6555546522140503,
                    0.47822657227516174,
                    -0.5844205617904663,
                    0.0
                ],
                [
                    0.7335079908370972,
                    -0.5872023105621338,
                    0.34228575229644775,
                    0.0
                ],
                [
                    -0.17948296666145325,
                    -0.6530641913414001,
                    -0.7357262372970581,
                    0.0
                ],
                [
                    0.7530376315116882,
                    -0.381193071603775,
                    -0.3971964120864868,
                    1.0
                ]
            ],
            "location": [
                0.381193071603775,
                -0.3971964120864868,
                -0.7530376315116882
            ],
            "location_world": [
                0.7530376315116882,
                -0.381193071603775,
                -0.3971964120864868
            ],
            "name": "google_2_of_Jenga_Classic_Game_5",
            "projected_cuboid": [
                [
                    708.472490310669,
                    813.7555718421936
                ],
                [
                    710.4920148849487,
                    744.6233034133911
                ],
                [
                    538.5104417800903,
                    552.4368286132812
                ],
                [
                    522.3898887634277,
                    600.8070111274719
                ],
                [
                    780.6736826896667,
                    815.8195614814758
                ],
                [
                    776.5042781829834,
                    741.4400577545166
                ],
                [
                    588.2258415222168,
                    536.3636016845703
                ],
                [
                    575.3308534622192,
                    586.8969559669495
                ],
                [
                    645.7579135894775,
                    669.0818071365356
                ]
            ],
            "provenance": "nvisii",
            "quaternion_xyzw": [
                0.0010857433080673218,
                0.6405133605003357,
                -0.5734596252441406,
                0.5107695460319519
            ],
            "quaternion_xyzw_world": [
                0.8629141449928284,
                0.35105884075164795,
                -0.22131505608558655,
                0.28836876153945923
            ],
            "segmentation_id": 6,
            "visibility": -1
        },
        {
            "bounding_box_minx_maxx_miny_maxy": [
                -1,
                -1,
                -1,
                -1
            ],
            "class": "2",
            "local_cuboid": null,
            "local_to_world_matrix": [
                [
                    0.2819569706916809,
                    0.6705554127693176,
                    -0.6861892342567444,
                    0.0
                ],
                [
                    -0.9280694127082825,
                    0.009265422821044922,
                    -0.37229180335998535,
                    0.0
                ],
                [
                    -0.24328447878360748,
                    0.7418015003204346,
                    0.6249345541000366,
                    0.0
                ],
                [
                    1.655369520187378,
                    0.4265504479408264,
                    0.5742166638374329,
                    1.0
                ]
            ],
            "location": [
                -0.4265504479408264,
                0.5742166638374329,
                -1.655369520187378
            ],
            "location_world": [
                1.655369520187378,
                0.4265504479408264,
                0.5742166638374329
            ],
            "name": "google_2_of_Jenga_Classic_Game_6",
            "projected_cuboid": [
                [
                    2.884596586227417,
                    -25.236845016479492
                ],
                [
                    -9.862065315246582,
                    -26.904761791229248
                ],
                [
                    81.84859156608582,
                    52.88940668106079
                ],
                [
                    89.8507684469223,
                    50.821855664253235
                ],
                [
                    19.276604056358337,
                    -49.29623007774353
                ],
                [
                    7.182478904724121,
                    -52.21736431121826
                ],
                [
                    99.40941631793976,
                    29.803171753883362
                ],
                [
                    106.6998690366745,
                    28.782963752746582
                ],
                [
                    50.706908106803894,
                    2.032265067100525
                ]
            ],
            "provenance": "nvisii",
            "quaternion_xyzw": [
                -0.33854538202285767,
                0.5135608911514282,
                0.7559980154037476,
                -0.2238510698080063
            ],
            "quaternion_xyzw_world": [
                -0.40241676568984985,
                0.1599796712398529,
                0.5774322748184204,
                0.6921265721321106
            ],
            "segmentation_id": 7,
            "visibility": -1
        },
        {
            "bounding_box_minx_maxx_miny_maxy": [
                -1,
                -1,
                -1,
                -1
            ],
            "class": "2",
            "local_cuboid": null,
            "local_to_world_matrix": [
                [
                    -0.9574270248413086,
                    -0.18340831995010376,
                    -0.2229253351688385,
                    0.0
                ],
                [
                    0.11021825671195984,
                    0.48148012161254883,
                    -0.8694993257522583,
                    0.0
                ],
                [
                    0.26680752635002136,
                    -0.857052206993103,
                    -0.44076740741729736,
                    0.0
                ],
                [
                    1.883331298828125,
                    -0.5079888701438904,
                    -0.17658111453056335,
                    1.0
                ]
            ],
            "location": [
                0.5079888701438904,
                -0.17658111453056335,
                -1.883331298828125
            ],
            "location_world": [
                1.883331298828125,
                -0.5079888701438904,
                -0.17658111453056335
            ],
            "name": "google_2_of_Jenga_Classic_Game_7",
            "projected_cuboid": [
                [
                    497.1972107887268,
                    337.24623918533325
                ],
                [
                    483.27821493148804,
                    359.8065972328186
                ],
                [
                    411.44129633903503,
                    322.4339485168457
                ],
                [
                    425.58637261390686,
                    298.7295687198639
                ],
                [
                    483.45720767974854,
                    328.62022519111633
                ],
                [
                    470.1266884803772,
                    350.37025809288025
                ],
                [
                    400.57501196861267,
                    314.08149003982544
                ],
                [
                    414.10985589027405,
                    291.2707328796387
                ],
                [
                    448.79937171936035,
                    325.64306259155273
                ]
            ],
            "provenance": "nvisii",
            "quaternion_xyzw": [
                -0.7615306377410889,
                0.2312467098236084,
                -0.5956684947013855,
                -0.10851466655731201
            ],
            "quaternion_xyzw_world": [
                -0.02156504988670349,
                0.848480224609375,
                -0.5087188482284546,
                0.14429707825183868
            ],
            "segmentation_id": 8,
            "visibility": -1
        },
        {
            "bounding_box_minx_maxx_miny_maxy": [
                -1,
                -1,
                -1,
                -1
            ],
            "class": "2",
            "local_cuboid": null,
            "local_to_world_matrix": [
                [
                    0.7281473875045776,
                    -0.0026960265822708607,
                    -0.6854152679443359,
                    0.0
                ],
                [
                    -0.017154032364487648,
                    -0.9997507333755493,
                    -0.014291057363152504,
                    0.0
                ],
                [
                    -0.6852059364318848,
                    0.0221636313945055,
                    -0.7280120849609375,
                    0.0
                ],
                [
                    0.9012128710746765,
                    -0.5251099467277527,
                    0.6494218111038208,
                    1.0
                ]
            ],
            "location": [
                0.5251099467277527,
                0.6494218111038208,
                -0.9012128710746765
            ],
            "location_world": [
                0.9012128710746765,
                -0.5251099467277527,
                0.6494218111038208
            ],
            "name": "google_2_of_Jenga_Classic_Game_8",
            "projected_cuboid": [
                [
                    643.6968445777893,
                    -89.04260396957397
                ],
                [
                    714.3650054931641,
                    -88.71716260910034
                ],
                [
                    618.5464262962341,
                    -153.88423204421997
                ],
                [
                    563.225507736206,
                    -154.0382206439972
                ],
                [
                    677.1057844161987,
                    -166.4648950099945
                ],
                [
                    753.8901567459106,
                    -166.2786602973938
                ],
                [
                    642.6833868026733,
                    -217.93222427368164
                ],
                [
                    583.6833119392395,
                    -217.99010038375854
                ],
                [
                    643.1453824043274,
                    -159.16895866394043
                ]
            ],
            "provenance": "nvisii",
            "quaternion_xyzw": [
                0.28800225257873535,
                0.27285850048065186,
                -0.6513065695762634,
                0.6468405723571777
            ],
            "quaternion_xyzw_world": [
                0.9295039176940918,
                -0.005338884890079498,
                -0.368643194437027,
                -0.009804877452552319
            ],
            "segmentation_id": 9,
            "visibility": -1
        },
        {
            "bounding_box_minx_maxx_miny_maxy": [
                -1,
                -1,
                -1,
                -1
            ],
            "class": "2",
            "local_cuboid": null,
            "local_to_world_matrix": [
                [
                    -0.9661221504211426,
                    0.15801626443862915,
                    -0.20405647158622742,
                    0.0
                ],
                [
                    -0.06374593079090118,
                    -0.9122600555419922,
                    -0.4046211838722229,
                    0.0
                ],
                [
                    -0.25008925795555115,
                    -0.3779056668281555,
                    0.8914273381233215,
                    0.0
                ],
                [
                    1.2672626972198486,
                    0.7062193155288696,
                    -0.49481654167175293,
                    1.0
                ]
            ],
            "location": [
                -0.7062193155288696,
                -0.49481654167175293,
                -1.2672626972198486
            ],
            "location_world": [
                1.2672626972198486,
                0.7062193155288696,
                -0.49481654167175293
            ],
            "name": "google_2_of_Jenga_Classic_Game_9",
            "projected_cuboid": [
                [
                    -83.65145325660706,
                    367.3856258392334
                ],
                [
                    -44.901520013809204,
                    385.81106066703796
                ],
                [
                    -81.65767788887024,
                    505.85711002349854
                ],
                [
                    -117.94906854629517,
                    487.9997968673706
                ],
                [
                    -56.96988105773926,
                    352.27498412132263
                ],
                [
                    -20.504921674728394,
                    369.49223279953003
                ],
                [
                    -56.478679180145264,
                    483.4301173686981
                ],
                [
                    -90.75921773910522,
                    466.7055308818817
                ],
                [
                    -69.27090883255005,
                    428.79945039749146
                ]
            ],
            "provenance": "nvisii",
            "quaternion_xyzw": [
                0.49912816286087036,
                0.3547202944755554,
                0.6731877326965332,
                -0.4145635962486267
            ],
            "quaternion_xyzw_world": [
                -0.11695142835378647,
                -0.20151600241661072,
                0.9707998633384705,
                0.057108115404844284
            ],
            "segmentation_id": 10,
            "visibility": -1
        },
        {
            "bounding_box_minx_maxx_miny_maxy": [
                -1,
                -1,
                -1,
                -1
            ],
            "class": "2",
            "local_cuboid": null,
            "local_to_world_matrix": [
                [
                    -0.2662543058395386,
                    -0.6967482566833496,
                    -0.6660710573196411,
                    0.0
                ],
                [
                    -0.4524133503437042,
                    0.7005041837692261,
                    -0.5519202947616577,
                    0.0
                ],
                [
                    0.8511351346969604,
                    0.15438832342624664,
                    -0.5017304420471191,
                    0.0
                ],
                [
                    0.45136183500289917,
                    0.43309590220451355,
                    0.47746309638023376,
                    1.0
                ]
            ],
            "location": [
                -0.43309590220451355,
                0.47746309638023376,
                -0.45136183500289917
            ],
            "location_world": [
                0.45136183500289917,
                0.43309590220451355,
                0.47746309638023376
            ],
            "name": "google_2_of_Jenga_Classic_Game_10",
            "projected_cuboid": [
                [
                    -108.69798064231873,
                    -29.34974431991577
                ],
                [
                    -182.38922953605652,
                    -3.311336040496826
                ],
                [
                    -372.72536754608154,
                    -362.33729124069214
                ],
                [
                    -243.3977723121643,
                    -372.6325035095215
                ],
                [
                    -143.84034276008606,
                    -64.77436423301697
                ],
                [
                    -217.2345221042633,
                    -41.4842963218689
                ],
                [
                    -418.1067943572998,
                    -404.9127697944641
                ],
                [
                    -290.8225655555725,
                    -411.3770127296448
                ],
                [
                    -227.68694162368774,
                    -173.7794280052185
                ]
            ],
            "provenance": "nvisii",
            "quaternion_xyzw": [
                -0.8803129196166992,
                0.38809365034103394,
                -0.031768783926963806,
                -0.27096718549728394
            ],
            "quaternion_xyzw_world": [
                -0.3657088875770569,
                0.785571277141571,
                -0.12651047110557556,
                0.4828352928161621
            ],
            "segmentation_id": 11,
            "visibility": -1
        },
        {
            "bounding_box_minx_maxx_miny_maxy": [
                -1,
                -1,
                -1,
                -1
            ],
            "class": "2",
            "local_cuboid": null,
            "local_to_world_matrix": [
                [
                    0.7423598766326904,
                    -0.6612910032272339,
                    -0.10768520832061768,
                    0.0
                ],
                [
                    0.1851225197315216,
                    0.3569156527519226,
                    -0.91560959815979,
                    0.0
                ],
                [
                    0.6439188718795776,
                    0.6597768068313599,
                    0.3873797059059143,
                    0.0
                ],
                [
                    0.9268807172775269,
                    -0.007235923316329718,
                    0.4860056936740875,
                    1.0
                ]
            ],
            "location": [
                0.007235923316329718,
                0.4860056936740875,
                -0.9268807172775269
            ],
            "location_world": [
                0.9268807172775269,
                -0.007235923316329718,
                0.4860056936740875
            ],
            "name": "google_2_of_Jenga_Classic_Game_11",
            "projected_cuboid": [
                [
                    173.34383726119995,
                    -86.50723099708557
                ],
                [
                    158.59514474868774,
                    -41.43768548965454
                ],
                [
                    261.4257335662842,
                    -27.45571732521057
                ],
                [
                    280.7946503162384,
                    -81.23371005058289
                ],
                [
                    139.96735215187073,
                    -109.54737663269043
                ],
                [
                    124.90588426589966,
                    -61.73473596572876
                ],
                [
                    227.3891121149063,
                    -51.06493830680847
                ],
                [
                    247.43491411209106,
                    -108.79716277122498
                ],
                [
                    197.30904698371887,
                    -70.79112529754639
                ]
            ],
            "provenance": "nvisii",
            "quaternion_xyzw": [
                -0.8973320722579956,
                0.12943948805332184,
                0.3906404376029968,
                0.15950122475624084
            ],
            "quaternion_xyzw_world": [
                -0.4995158910751343,
                0.23831497132778168,
                -0.2683766782283783,
                0.7884566187858582
            ],
            "segmentation_id": 12,
            "visibility": -1
        },
        {
            "bounding_box_minx_maxx_miny_maxy": [
                -1,
                -1,
                -1,
                -1
            ],
            "class": "2",
            "local_cuboid": null,
            "local_to_world_matrix": [
                [
                    0.7897835373878479,
                    0.5437056422233582,
                    -0.28394749760627747,
                    0.0
                ],
                [
                    -0.3730689287185669,
                    0.05833554267883301,
                    -0.9259679913520813,
                    0.0
                ],
                [
                    -0.48688969016075134,
                    0.8372462391853333,
                    0.24891209602355957,
                    0.0
                ],
                [
                    1.9453200101852417,
                    0.5928839445114136,
                    -0.2762802541255951,
                    1.0
                ]
            ],
            "location": [
                -0.5928839445114136,
                -0.2762802541255951,
                -1.9453200101852417
            ],
            "location_world": [
                1.9453200101852417,
                0.5928839445114136,
                -0.2762802541255951
            ],
            "name": "google_2_of_Jenga_Classic_Game_12",
            "projected_cuboid": [
                [
                    -29.401034116744995,
                    307.3028028011322
                ],
                [
                    -35.87588667869568,
                    334.2454135417938
                ],
                [
                    60.14047563076019,
                    350.5155146121979
                ],
                [
                    64.63487446308136,
                    325.23903250694275
                ],
                [
                    -24.65781569480896,
                    301.73739790916443
                ],
                [
                    -31.277239322662354,
                    329.53599095344543
                ],
                [
                    67.54575669765472,
                    346.69286012649536
                ],
                [
                    72.0643550157547,
                    320.66279649734497
                ],
                [
                    19.698426127433777,
                    327.25220918655396
                ]
            ],
            "provenance": "nvisii",
            "quaternion_xyzw": [
                -0.47312065958976746,
                0.1808646023273468,
                0.859732985496521,
                -0.06560520827770233
            ],
            "quaternion_xyzw_world": [
                -0.6087971329689026,
                -0.0700712576508522,
                0.31654107570648193,
                0.7240565419197083
            ],
            "segmentation_id": 13,
            "visibility": -1
        },
        {
            "bounding_box_minx_maxx_miny_maxy": [
                -1,
                -1,
                -1,
                -1
            ],
            "class": "2",
            "local_cuboid": null,
            "local_to_world_matrix": [
                [
                    -0.2774580717086792,
