{
    "camera_data": {
        "camera_look_at": {
            "at": [
                1.0,
                0.0,
                0.0
            ],
            "eye": [
                0.0,
                0.0,
                0.0
            ],
            "up": [
                0.0,
                0.0,
                1.0
            ]
        },
        "camera_view_matrix": [
            [
                0.0,
                0.0,
                -1.0,
                0.0
            ],
            [
                -1.0,
                0.0,
                0.0,
                0.0
            ],
            [
                0.0,
                1.0,
                0.0,
                0.0
            ],
            [
                0.0,
                0.0,
                0.0,
                1.0
            ]
        ],
        "height": 500,
        "intrinsics": {
            "cx": 250.0,
            "cy": 250.0,
            "fx": 603.5535278320312,
            "fy": 603.5535278320312
        },
        "location_world": [
            0.0,
            0.0,
            0.0
        ],
        "quaternion_world_xyzw": [
            0.5,
            -0.5,
            -0.5,
            0.5
        ],
        "width": 500
    },
    "objects": [
        {
            "bounding_box_minx_maxx_miny_maxy": [
                -1,
                -1,
                -1,
                -1
            ],
            "class": "2",
            "local_cuboid": null,
            "local_to_world_matrix": [
                [
                    -0.8615601062774658,
                    0.1373593956232071,
                    0.48871979117393494,
                    0.0
                ],
                [
                    0.478828489780426,
                    -0.09991419315338135,
                    0.8722045421600342,
                    0.0
                ],
                [
                    0.16863545775413513,
                    0.9854693412780762,
                    0.020310282707214355,
                    0.0
                ],
                [
                    1.5738500356674194,
                    0.14826171100139618,
                    0.13693922758102417,
                    1.0
                ]
            ],
            "location": [
                -0.14826171100139618,
                0.13693922758102417,
                -1.5738500356674194
            ],
            "location_world": [
                1.5738500356674194,
                0.14826171100139618,
                0.13693922758102417
            ],
            "name": "google_2_of_Jenga_Classic_Game_0",
            "projected_cuboid": [
                [
                    78.52022349834442,
                    201.80264115333557
                ],
                [
                    85.99226176738739,
                    175.39352178573608
                ],
                [
                    192.17652082443237,
                    175.33303797245026
                ],
                [
                    187.28739023208618,
                    202.59660482406616
                ],
                [
                    89.63581919670105,
                    218.019500374794
                ],
                [
                    96.53709828853607,
                    192.2895759344101
                ],
                [
                    198.60754907131195,
                    192.74282455444336
                ],
                [
                    194.09149885177612,
                    219.2825973033905
                ],
                [
                    139.6746039390564,
                    197.18894362449646
                ]
            ],
            "provenance": "nvisii",
            "quaternion_xyzw": [
                0.19941896200180054,
                0.73793625831604,
                -0.15533795952796936,
                -0.6257414817810059
            ],
            "quaternion_xyzw_world": [
                0.23347581923007965,
                0.6597983837127686,
                0.7038793563842773,
                -0.12128110975027084
            ],
            "segmentation_id": 1,
            "visibility": -1
        },
        {
            "bounding_box_minx_maxx_miny_maxy": [
                -1,
                -1,
                -1,
                -1
            ],
            "class": "2",
            "local_cuboid": null,
            "local_to_world_matrix": [
                [
                    0.4424472451210022,
                    0.10276255756616592,
                    -0.8908873200416565,
                    0.0
                ],
                [
                    0.04129397124052048,
                    -0.9946937561035156,
                    -0.09422838687896729,
                    0.0
                ],
                [
                    -0.8958433270454407,
                    0.004902806133031845,
                    -0.4443429708480835,
                    0.0
                ],
                [
                    1.8681944608688354,
                    0.7779488563537598,
                    -0.6537731289863586,
                    1.0
                ]
            ],
            "location": [
                -0.7779488563537598,
                -0.6537731289863586,
                -1.8681944608688354
            ],
            "location_world": [
                1.8681944608688354,
                0.7779488563537598,
                -0.6537731289863586
            ],
            "name": "google_2_of_Jenga_Classic_Game_1",
            "projected_cuboid": [
                [
                    -57.116419076919556,
                    553.1156063079834
                ],
                [
                    -25.275886058807373,
                    555.419385433197
                ],
                [
                    13.347551226615906,
                    471.56935930252075
                ],
                [
                    -13.998836278915405,
                    469.4303870201111
                ],
                [
                    -60.78711152076721,
                    533.0579280853271
                ],
                [
                    -28.239935636520386,
                    535.4562401771545
                ],
                [
                    11.529892683029175,
                    452.84634828567505
                ],
                [
                    -16.336143016815186,
                    450.63167810440063
                ],
                [
                    -20.518749952316284,
                    499.6587038040161
                ]
            ],
            "provenance": "nvisii",
            "quaternion_xyzw": [
                0.15461444854736328,
                0.16784727573394775,
                -0.7233315706253052,
                0.6517001390457153
            ],
            "quaternion_xyzw_world": [
                0.8487467169761658,
                0.04243213310837746,
                -0.5262849926948547,
                -0.029199285432696342
            ],
            "segmentation_id": 2,
            "visibility": -1
        },
        {
            "bounding_box_minx_maxx_miny_maxy": [
                -1,
                -1,
                -1,
                -1
            ],
            "class": "2",
            "local_cuboid": null,
            "local_to_world_matrix": [
                [
                    0.6994444727897644,
                    -0.2696460783481598,
                    0.6618673801422119,
                    0.0
                ],
                [
                    -0.42435523867607117,
                    -0.9018632173538208,
                    0.08102691173553467,
                    0.0
                ],
                [
                    0.5750652551651001,
                    -0.33754071593284607,
                    -0.7452290058135986,
                    0.0
                ],
                [
                    0.5711501836776733,
                    -0.4604101777076721,
                    0.16775277256965637,
                    1.0
                ]
            ],
            "location": [
                0.4604101777076721,
                0.16775277256965637,
                -0.5711501836776733
            ],
            "location_world": [
                0.5711501836776733,
                -0.4604101777076721,
                0.16775277256965637
            ],
            "name": "google_2_of_Jenga_Classic_Game_2",
            "projected_cuboid": [
                [
                    658.8636636734009,
                    270.96790075302124
                ],
                [
                    739.8089170455933,
                    266.45663380622864
                ],
                [
                    779.0092825889587,
                    45.01758515834808
                ],
                [
                    673.7369298934937,
                    63.62476944923401
                ],
                [
                    672.1905469894409,
                    315.7549202442169
                ],
                [
                    760.2634429931641,
                    313.19841742515564
                ],
                [
                    810.1149797439575,
                    83.45179259777069
                ],
                [
                    692.5123929977417,
                    101.43478214740753
                ],
                [
                    719.5414900779724,
                    195.74163854122162
                ]
            ],
            "provenance": "nvisii",
            "quaternion_xyzw": [
                0.6640188694000244,
                0.5887372493743896,
                -0.13625505566596985,
                0.4403429329395294
            ],
            "quaternion_xyzw_world": [
                0.914677083492279,
                -0.18968479335308075,
                0.338079035282135,
                0.11440311372280121
            ],
            "segmentation_id": 3,
            "visibility": -1
        },
        {
            "bounding_box_minx_maxx_miny_maxy": [
                -1,
                -1,
                -1,
                -1
            ],
            "class": "2",
            "local_cuboid": null,
            "local_to_world_matrix": [
                [
                    -0.24916720390319824,
                    -0.5411034226417542,
                    -0.8031954765319824,
                    0.0
                ],
                [
                    0.9517105221748352,
                    -0.2903883457183838,
                    -0.0996081531047821,
                    0.0
                ],
                [
                    -0.1793402135372162,
                    -0.7892286777496338,
                    0.5873289108276367,
                    0.0
                ],
                [
                    1.9406229257583618,
                    -0.12136176228523254,
                    0.6322125196456909,
                    1.0
                ]
            ],
            "location": [
                0.12136176228523254,
                0.6322125196456909,
                -1.9406229257583618
            ],
            "location_world": [
                1.9406229257583618,
                -0.12136176228523254,
                0.6322125196456909
            ],
            "name": "google_2_of_Jenga_Classic_Game_3",
            "projected_cuboid": [
                [
                    368.5167133808136,
                    -4.894375801086426
                ],
                [
                    371.26612663269043,
                    8.427992463111877
                ],
                [
                    297.44836688041687,
                    67.38387048244476
                ],
                [
                    291.63745045661926,
                    56.93662166595459
                ],
                [
                    353.39558124542236,
                    -22.7816104888916
                ],
                [
                    356.74408078193665,
                    -8.852720260620117
                ],
                [
                    284.03738141059875,
                    49.97573792934418
                ],
                [
                    277.7220904827118,
                    38.903653621673584
                ],
                [
                    324.59574937820435,
                    23.632720112800598
                ]
            ],
            "provenance": "nvisii",
            "quaternion_xyzw": [
                -0.6044359803199768,
                0.212101548910141,
                -0.4294895529747009,
                0.6365602016448975
            ],
            "quaternion_xyzw_world": [
                0.3368576467037201,
                0.30473342537879944,
                -0.7291920781135559,
                0.5118041038513184
            ],
            "segmentation_id": 4,
            "visibility": -1
        },
        {
            "bounding_box_minx_maxx_miny_maxy": [
                -1,
                -1,
                -1,
                -1
            ],
            "class": "2",
            "local_cuboid": null,
            "local_to_world_matrix": [
                [
                    -0.4875180721282959,
                    -0.07571664452552795,
                    0.8698240518569946,
                    0.0
                ],
                [
                    -0.6988186836242676,
                    -0.5634024143218994,
                    -0.4407162070274353,
                    0.0
                ],
                [
                    0.5234302282333374,
                    -0.8227061629295349,
                    0.22175610065460205,
                    0.0
                ],
                [
                    1.7498012781143188,
                    0.6313472986221313,
                    -0.37865275144577026,
                    1.0
                ]
            ],
            "location": [
                -0.6313472986221313,
                -0.37865275144577026,
                -1.7498012781143188
            ],
            "location_world": [
                1.7498012781143188,
                0.6313472986221313,
                -0.37865275144577026
            ],
            "name": "google_2_of_Jenga_Classic_Game_4",
            "projected_cuboid": [
                [
                    120.059534907341,
                    332.3345184326172
                ],
                [
                    131.4108371734619,
                    347.0694422721863
                ],
                [
                    35.48954427242279,
                    378.77601385116577
                ],
                [
                    26.367932558059692,
                    361.698180437088
                ],
                [
                    120.77301740646362,
                    351.93419456481934
                ],
                [
                    131.9158375263214,
                    366.98082089424133
                ],
                [
                    38.15963864326477,
                    399.7364044189453
                ],
                [
                    29.145509004592896,
                    382.3361098766327
                ],
                [
                    81.05409145355225,
                    364.43519592285156
                ]
            ],
            "provenance": "nvisii",
            "quaternion_xyzw": [
                0.7141189575195312,
                0.5017463564872742,
                0.4586855173110962,
                0.1670108437538147
            ],
            "quaternion_xyzw_world": [
                0.4620952904224396,
                -0.4190344512462616,
                0.7537699937820435,
                0.2066618800163269
            ],
            "segmentation_id": 5,
            "visibility": -1
        },
        {
            "bounding_box_minx_maxx_miny_maxy": [
                -1,
                -1,
                -1,
                -1
            ],
            "class": "2",
            "local_cuboid": null,
            "local_to_world_matrix": [
                [
                    0.3513563871383667,
                    -0.8330525755882263,
                    0.4272846579551697,
                    0.0
                ],
                [
                    -0.7495185732841492,
                    0.02320784330368042,
                    0.6615763902664185,
                    0.0
                ],
                [
                    -0.5610442757606506,
                    -0.5527068376541138,
                    -0.6162340641021729,
                    0.0
                ],
                [
                    1.4858875274658203,
                    -0.5209580063819885,
                    -0.32403290271759033,
                    1.0
                ]
            ],
            "location": [
                0.5209580063819885,
                -0.32403290271759033,
                -1.4858875274658203
            ],
            "location_world": [
                1.4858875274658203,
                -0.5209580063819885,
                -0.32403290271759033
            ],
            "name": "google_2_of_Jenga_Classic_Game_5",
            "projected_cuboid": [
                [
                    566.1041736602783,
                    477.35655307769775
                ],
                [
                    580.5362462997437,
                    462.5379741191864
                ],
                [
                    477.26893424987793,
                    364.81374502182007
                ],
                [
                    468.6489701271057,
                    382.0851445198059
                ],
                [
                    543.0395603179932,
                    497.244268655777
                ],
                [
                    556.6414594650269,
                    483.08998346328735
                ],
                [
                    454.1056454181671,
                    381.14699721336365
                ],
                [
                    446.30175828933716,
                    398.0492949485779
                ],
                [
                    508.65161418914795,
                    428.0032813549042
                ]
            ],
            "provenance": "nvisii",
            "quaternion_xyzw": [
                0.3906506896018982,
                0.2585921287536621,
                0.1288558542728424,
                0.8740242123603821
            ],
            "quaternion_xyzw_world": [
                0.6972056031227112,
                -0.5674692988395691,
                -0.04796275496482849,
                0.435410737991333
            ],
            "segmentation_id": 6,
            "visibility": -1
        },
        {
            "bounding_box_minx_maxx_miny_maxy": [
                -1,
                -1,
                -1,
                -1
            ],
            "class": "2",
            "local_cuboid": null,
            "local_to_world_matrix": [
                [
                    -0.5598716735839844,
                    0.7879847884178162,
                    0.2561725378036499,
                    0.0
                ],
                [
                    -0.5199676156044006,
                    -0.09341371059417725,
                    -0.849062979221344,
                    0.0
                ],
                [
                    -0.6451185941696167,
                    -0.6085674166679382,
                    0.46202582120895386,
                    0.0
                ],
                [
                    1.8959773778915405,
                    0.12152942270040512,
                    0.3375369608402252,
                    1.0
                ]
            ],
            "location": [
                -0.12152942270040512,
                0.3375369608402252,
                -1.8959773778915405
            ],
            "location_world": [
                1.8959773778915405,
                0.12152942270040512,
                0.3375369608402252
            ],
            "name": "google_2_of_Jenga_Classic_Game_6",
            "projected_cuboid": [
                [
                    257.50118494033813,
                    66.728875041008
                ],
                [
                    260.56089997291565,
                    87.90323138237
                ],
                [
                    201.55417919158936,
                    148.37878942489624
                ],
                [
                    200.16507804393768,
                    127.90858745574951
                ],
                [
                    278.73125672340393,
                    78.3134251832962
                ],
                [
                    282.25767612457275,
                    99.23794865608215
                ],
                [
                    222.46919572353363,
                    157.17843174934387
                ],
                [
                    220.63836455345154,
                    136.97507977485657
                ],
                [
                    239.067941904068,
                    114.32185769081116
                ]
            ],
            "provenance": "nvisii",
            "quaternion_xyzw": [
                0.32247471809387207,
                0.2710181474685669,
                0.9058375358581543,
                0.044919490814208984
            ],
            "quaternion_xyzw_world": [
                -0.13371258974075317,
                -0.5011067986488342,
                0.7272054553031921,
                0.44965022802352905
            ],
            "segmentation_id": 7,
            "visibility": -1
        },
        {
            "bounding_box_minx_maxx_miny_maxy": [
                -1,
                -1,
                -1,
                -1
            ],
            "class": "2",
            "local_cuboid": null,
            "local_to_world_matrix": [
                [
                    -0.35480618476867676,
                    -0.19048677384853363,
                    -0.9153291583061218,
                    0.0
                ],
                [
                    -0.1362033635377884,
                    -0.9580488204956055,
                    0.25217312574386597,
                    0.0
                ],
                [
                    -0.9249655604362488,
                    0.21414348483085632,
                    0.31397658586502075,
                    0.0
                ],
                [
                    1.5051401853561401,
                    -0.49119770526885986,
                    0.6118625402450562,
                    1.0
                ]
            ],
            "location": [
                0.49119770526885986,
                0.6118625402450562,
                -1.5051401853561401
            ],
            "location_world": [
                1.5051401853561401,
                -0.49119770526885986,
                0.6118625402450562
            ],
            "name": "google_2_of_Jenga_Classic_Game_7",
            "projected_cuboid": [
                [
                    444.674551486969,
                    -73.16511869430542
                ],
                [
                    486.6946339607239,
                    -86.79893612861633
                ],
                [
                    469.0580368041992,
                    11.726140975952148
                ],
                [
                    434.7577691078186,
                    22.142112255096436
                ],
                [
                    433.1034719944,
                    -100.69006681442261
                ],
                [
                    474.0704596042633,
                    -114.27155137062073
                ],
                [
                    459.01376008987427,
                    -12.664079666137695
                ],
                [
                    425.418883562088,
                    -2.255260944366455
                ],
                [
                    452.5942802429199,
                    -39.74989056587219
                ]
            ],
            "provenance": "nvisii",
            "quaternion_xyzw": [
                0.05776703357696533,
                0.1848788857460022,
                0.6087498664855957,
                -0.769354522228241
            ],
            "quaternion_xyzw_world": [
                -0.5677292346954346,
                0.14385825395584106,
                0.8103751540184021,
                -0.016746381297707558
            ],
            "segmentation_id": 8,
            "visibility": -1
        },
        {
            "bounding_box_minx_maxx_miny_maxy": [
                -1,
                -1,
                -1,
                -1
            ],
            "class": "2",
            "local_cuboid": null,
            "local_to_world_matrix": [
                [
                    -0.5564416646957397,
                    0.7824528813362122,
                    0.27953553199768066,
                    0.0
                ],
                [
                    -0.823319137096405,
                    -0.5645360946655273,
                    -0.058690764009952545,
                    0.0
                ],
                [
                    0.11188513040542603,
                    -0.26280495524406433,
                    0.9583398699760437,
                    0.0
                ],
                [
                    0.16062919795513153,
                    -0.042336899787187576,
                    -0.11223627626895905,
                    1.0
                ]
            ],
            "location": [
                0.042336899787187576,
                -0.11223627626895905,
                -0.16062919795513153
            ],
            "location_world": [
                0.16062919795513153,
                -0.042336899787187576,
                -0.11223627626895905
            ],
            "name": "google_2_of_Jenga_Classic_Game_8",
            "projected_cuboid": [
                [
                    438.5427236557007,
                    -280.46470880508423
                ],
                [
                    745.0225949287415,
                    -528.4612774848938
                ],
                [
                    454.97143268585205,
                    851.9869446754456
                ],
                [
                    206.98851346969604,
                    593.5072898864746
                ],
                [
                    554.4296503067017,
                    -134.11903381347656
                ],
                [
                    831.0161828994751,
                    -265.46424627304077
                ],
                [
                    646.0843086242676,
                    763.2826566696167
                ],
                [
                    387.0578110218048,
                    585.368275642395
                ],
                [
                    525.222897529602,
                    155.45886754989624
                ]
            ],
            "provenance": "nvisii",
            "quaternion_xyzw": [
                0.3114975690841675,
                0.677430272102356,
                0.6575063467025757,
                -0.10836416482925415
            ],
            "quaternion_xyzw_world": [
                0.1115286722779274,
                -0.09160473942756653,
                0.877399206161499,
                0.4575374722480774
            ],
            "segmentation_id": 9,
            "visibility": -1
        },
        {
            "bounding_box_minx_maxx_miny_maxy": [
                -1,
                -1,
                -1,
                -1
            ],
            "class": "2",
            "local_cuboid": null,
            "local_to_world_matrix": [
                [
                    0.9560501575469971,
                    0.01871180534362793,
                    0.29260551929473877,
                    0.0
                ],
                [
                    0.10893365740776062,
                    0.9038601517677307,
                    -0.4137272834777832,
                    0.0
                ],
                [
                    -0.2722160816192627,
                    0.42741858959198,
                    0.8620972633361816,
                    0.0
                ],
                [
                    1.891000509262085,
                    0.15554729104042053,
                    -0.8039669990539551,
                    1.0
                ]
            ],
            "location": [
                -0.15554729104042053,
                -0.8039669990539551,
                -1.891000509262085
            ],
            "location_world": [
                1.891000509262085,
                0.15554729104042053,
                -0.8039669990539551
            ],
            "name": "google_2_of_Jenga_Classic_Game_9",
            "projected_cuboid": [
                [
                    170.50756514072418,
                    421.1711883544922
                ],
                [
                    146.05359733104706,
                    431.695818901062
                ],
                [
                    189.3051713705063,
                    502.8377175331116
                ],
                [
                    212.95534074306488,
                    493.08812618255615
                ],
                [
                    167.62235760688782,
                    436.34307384490967
                ],
                [
                    142.14619994163513,
                    447.2355842590332
                ],
                [
                    187.3207986354828,
                    520.6003785133362
                ],
                [
                    211.9259536266327,
                    510.5414390563965
                ],
                [
                    178.94434928894043,
                    471.0642695426941
                ]
            ],
            "provenance": "nvisii",
            "quaternion_xyzw": [
                -0.5298112034797668,
                0.28843042254447937,
                0.6528122425079346,
                0.4581967294216156
            ],
            "quaternion_xyzw_world": [
                -0.21799810230731964,
                -0.14638368785381317,
                -0.02338261716067791,
                0.9646252393722534
            ],
            "segmentation_id": 10,
            "visibility": -1
        },
        {
            "bounding_box_minx_maxx_miny_maxy": [
                -1,
                -1,
                -1,
                -1
            ],
            "class": "2",
            "local_cuboid": null,
            "local_to_world_matrix": [
                [
                    -0.05810713768005371,
                    0.11386346817016602,
                    0.9917956590652466,
                    0.0
                ],
                [
                    -0.6162954568862915,
                    -0.7856552600860596,
                    0.05409005284309387,
                    0.0
                ],
                [
                    0.7853683233261108,
                    -0.6080961227416992,
                    0.11582577228546143,
                    0.0
                ],
                [
                    0.8056969046592712,
                    0.4460570216178894,
                    0.044714637100696564,
                    1.0
                ]
            ],
            "location": [
                -0.4460570216178894,
                0.044714637100696564,
                -0.8056969046592712
            ],
            "location_world": [
                0.8056969046592712,
                0.4460570216178894,
                0.044714637100696564
            ],
            "name": "google_2_of_Jenga_Classic_Game_10",
            "projected_cuboid": [
                [
                    75.51121711730957,
                    184.24251675605774
                ],
                [
                    106.26080632209778,
                    178.10581624507904
                ],
                [
                    -74.0559995174408,
                    183.15701186656952
                ],
                [
                    -101.99722647666931,
                    190.6740814447403
                ],
                [
                    81.36129379272461,
                    228.9309948682785
                ],
                [
                    112.2724860906601,
                    225.12143850326538
                ],
                [
                    -65.22372364997864,
                    243.9354807138443
                ],
                [
                    -93.56242418289185,
                    247.61900305747986
                ],
                [
                    15.726864337921143,
                    209.60015058517456
                ]
            ],
            "provenance": "nvisii",
            "quaternion_xyzw": [
                0.6358881592750549,
                0.6988064050674438,
                0.26191842555999756,
                0.1967601478099823
            ],
            "quaternion_xyzw_world": [
                0.6347681283950806,
                -0.1978801190853119,
                0.6999264359474182,
                0.26079845428466797
            ],
            "segmentation_id": 11,
            "visibility": -1
        },
        {
            "bounding_box_minx_maxx_miny_maxy": [
                -1,
                -1,
                -1,
                -1
            ],
            "class": "2",
            "local_cuboid": null,
            "local_to_world_matrix": [
                [
                    0.24785739183425903,
                    0.09461024403572083,
                    0.9641659259796143,
                    0.0
                ],
                [
                    0.8732212781906128,
                    -0.4528464078903198,
                    -0.1800422966480255,
                    0.0
                ],
                [
                    0.4195849895477295,
                    0.8865549564361572,
                    -0.19485712051391602,
                    0.0
                ],
                [
                    1.0038999319076538,
                    0.3346725106239319,
                    0.5209242701530457,
                    1.0
                ]
            ],
            "location": [
                -0.3346725106239319,
                0.5209242701530457,
                -1.0038999319076538
            ],
            "location_world": [
                1.0038999319076538,
                0.3346725106239319,
                0.5209242701530457
            ],
            "name": "google_2_of_Jenga_Classic_Game_11",
            "projected_cuboid": [
                [
                    -88.46771717071533,
                    -29.792219400405884
                ],
                [
                    -47.51992225646973,
                    -4.38418984413147
                ],
                [
                    66.551074385643,
                    -66.76334142684937
                ],
                [
                    29.07624840736389,
                    -100.06818175315857
                ],
                [
                    -90.42498469352722,
                    7.655739784240723
                ],
                [
                    -48.65795373916626,
                    31.100735068321228
                ],
                [
                    67.44123995304108,
                    -28.243035078048706
                ],
                [
                    29.26945686340332,
                    -59.261053800582886
                ],
                [
                    -13.015449047088623,
                    -29.042482376098633
                ]
            ],
            "provenance": "nvisii",
            "quaternion_xyzw": [
                0.6133956909179688,
                0.5775277614593506,
                -0.4623493552207947,
                -0.2764790654182434
            ],
            "quaternion_xyzw_world": [
                0.6883968710899353,
                0.3514802157878876,
                0.502526581287384,
                -0.3873482048511505
            ],
            "segmentation_id": 12,
            "visibility": -1
        },
        {
            "bounding_box_minx_maxx_miny_maxy": [
                -1,
                -1,
                -1,
                -1
            ],
            "class": "2",
            "local_cuboid": null,
            "local_to_world_matrix": [
                [
                    -0.22997164726257324,
                    -0.7726818323135376,
                    0.5916720628738403,
                    0.0
                ],
                [
                    -0.5014495849609375,
                    0.6151292324066162,
                    0.6084113717079163,
                    0.0
                ],
                [
                    -0.8340631723403931,
                    -0.15677624940872192,
                    -0.5289232730865479,
                    0.0
                ],
                [
                    1.637510895729065,
                    0.7412070631980896,
                    0.022456834092736244,
                    1.0
                ]
            ],
            "location": [
                -0.7412070631980896,
                0.022456834092736244,
                -1.637510895729065
            ],
            "location_world": [
                1.637510895729065,
                0.7412070631980896,
                0.022456834092736244
            ],
            "name": "google_2_of_Jenga_Classic_Game_12",
            "projected_cuboid": [
                [
                    -24.286001920700073,
                    307.7033758163452
                ],
                [
                    -55.791229009628296,
                    286.7574393749237
                ],
                [
                    -26.63642168045044,
                    223.1704592704773
                ],
                [
                    -0.5324184894561768,
                    242.65508353710175
                ],
                [
                    -46.62451148033142,
                    326.7492949962616
                ],
                [
                    -78.4006118774414,
                    306.66202306747437
                ],
                [
                    -46.18239402770996,
                    240.80133438110352
                ],
                [
                    -19.866138696670532,
                    259.6263587474823
                ],
                [
                    -36.02668642997742,
                    271.8310356140137
                ]
            ],
            "provenance": "nvisii",
            "quaternion_xyzw": [
                -0.2873183488845825,
                0.020410463213920593,
                -0.3365151882171631,
                -0.8965429067611694
            ],
            "quaternion_xyzw_world": [
                -0.41346776485443115,
                0.770393431186676,
                0.14655989408493042,
                -0.4626646339893341
            ],
            "segmentation_id": 13,
            "visibility": -1
        },
        {
            "bounding_box_minx_maxx_miny_maxy": [
                -1,
                -1,
                -1,
                -1
            ],
            "class": "2",
            "local_cuboid": null,
            "local_to_world_matrix": [
                [
                    -0.32499170303344727,
                    -0.9186863303184509,
