{
    "camera_data": {
        "camera_look_at": {
            "at": [
                1.0,
                0.0,
                0.0
            ],
            "eye": [
                0.0,
                0.0,
                0.0
            ],
            "up": [
                0.0,
                0.0,
                1.0
            ]
        },
        "camera_view_matrix": [
            [
                0.0,
                0.0,
                -1.0,
                0.0
            ],
            [
                -1.0,
                0.0,
                0.0,
                0.0
            ],
            [
                0.0,
                1.0,
                0.0,
                0.0
            ],
            [
                0.0,
                0.0,
                0.0,
                1.0
            ]
        ],
        "height": 500,
        "intrinsics": {
            "cx": 250.0,
            "cy": 250.0,
            "fx": 603.5535278320312,
            "fy": 603.5535278320312
        },
        "location_world": [
            0.0,
            0.0,
            0.0
        ],
        "quaternion_world_xyzw": [
            0.5,
            -0.5,
            -0.5,
            0.5
        ],
        "width": 500
    },
    "objects": [
        {
            "bounding_box_minx_maxx_miny_maxy": [
                -1,
                -1,
                -1,
                -1
            ],
            "class": "2",
            "local_cuboid": null,
            "local_to_world_matrix": [
                [
                    -0.8979945182800293,
                    0.42555028200149536,
                    -0.11186422407627106,
                    0.0
                ],
                [
                    0.17350660264492035,
                    0.10883569717407227,
                    -0.9788005948066711,
                    0.0
                ],
                [
                    -0.4043539762496948,
                    -0.898366391658783,
                    -0.1715700626373291,
                    0.0
                ],
                [
                    1.7858541011810303,
                    -0.3650684952735901,
                    -0.6442142128944397,
                    1.0
                ]
            ],
            "location": [
                0.3650684952735901,
                -0.6442142128944397,
                -1.7858541011810303
            ],
            "location_world": [
                1.7858541011810303,
                -0.3650684952735901,
                -0.6442142128944397
            ],
            "name": "google_2_of_Jenga_Classic_Game_0",
            "projected_cuboid": [
                [
                    478.5330891609192,
                    494.16249990463257
                ],
                [
                    473.1083810329437,
                    522.403359413147
                ],
                [
                    368.0146038532257,
                    486.89186573028564
                ],
                [
                    372.1884787082672,
                    460.2660536766052
                ],
                [
                    480.93438148498535,
                    480.82247376441956
                ],
                [
                    475.7137894630432,
                    508.00806283950806
                ],
                [
                    374.5230436325073,
                    474.80207681655884
                ],
                [
                    378.58647108078003,
                    449.118435382843
                ],
                [
                    423.4622120857239,
                    483.9116036891937
                ]
            ],
            "provenance": "nvisii",
            "quaternion_xyzw": [
                -0.5359329581260681,
                0.10295140743255615,
                -0.8379595279693604,
                0.0009034872055053711
            ],
            "quaternion_xyzw_world": [
                0.20294074714183807,
                0.737970232963562,
                -0.6359223127365112,
                -0.09908588230609894
            ],
            "segmentation_id": 1,
            "visibility": -1
        },
        {
            "bounding_box_minx_maxx_miny_maxy": [
                -1,
                -1,
                -1,
                -1
            ],
            "class": "2",
            "local_cuboid": null,
            "local_to_world_matrix": [
                [
                    0.2683262228965759,
                    -0.4319378435611725,
                    0.8610637187957764,
                    0.0
                ],
                [
                    -0.9604511260986328,
                    -0.05092334747314453,
                    0.2737525999546051,
                    0.0
                ],
                [
                    -0.0743958055973053,
                    -0.900464653968811,
                    -0.42851924896240234,
                    0.0
                ],
                [
                    1.945548415184021,
                    0.8022866249084473,
                    0.6646978855133057,
                    1.0
                ]
            ],
            "location": [
                -0.8022866249084473,
                0.6646978855133057,
                -1.945548415184021
            ],
            "location_world": [
                1.945548415184021,
                0.8022866249084473,
                0.6646978855133057
            ],
            "name": "google_2_of_Jenga_Classic_Game_1",
            "projected_cuboid": [
                [
                    89.74814414978027,
                    78.28095555305481
                ],
                [
                    84.25626158714294,
                    63.561201095581055
                ],
                [
                    3.2651573419570923,
                    26.238784193992615
                ],
                [
                    11.986836791038513,
                    42.314231395721436
                ],
                [
                    77.4860680103302,
                    97.403883934021
                ],
                [
                    71.40108942985535,
                    83.34590494632721
                ],
                [
                    -10.347485542297363,
                    45.37951946258545
                ],
                [
                    -0.9735524654388428,
                    60.841456055641174
                ],
                [
                    40.74196517467499,
                    62.17260658740997
                ]
            ],
            "provenance": "nvisii",
            "quaternion_xyzw": [
                0.5205260515213013,
                0.4380122721195221,
                0.3036055266857147,
                0.6670993566513062
            ],
            "quaternion_xyzw_world": [
                0.661016047000885,
                -0.5266093611717224,
                0.29752224683761597,
                0.44409558176994324
            ],
            "segmentation_id": 2,
            "visibility": -1
        },
        {
            "bounding_box_minx_maxx_miny_maxy": [
                -1,
                -1,
                -1,
                -1
            ],
            "class": "2",
            "local_cuboid": null,
            "local_to_world_matrix": [
                [
                    -0.5405724048614502,
                    -0.7197967171669006,
                    -0.4355160892009735,
                    0.0
                ],
                [
                    -0.7535880208015442,
                    0.6444247961044312,
                    -0.12969893217086792,
                    0.0
                ],
                [
                    0.3740142285823822,
                    0.25808805227279663,
                    -0.8907884359359741,
                    0.0
                ],
                [
                    1.83976411819458,
                    -0.726931631565094,
                    0.09398847818374634,
                    1.0
                ]
            ],
            "location": [
                0.726931631565094,
                0.09398847818374634,
                -1.83976411819458
            ],
            "location_world": [
                1.83976411819458,
                -0.726931631565094,
                0.09398847818374634
            ],
            "name": "google_2_of_Jenga_Classic_Game_2",
            "projected_cuboid": [
                [
                    467.80726313591003,
                    304.79466915130615
                ],
                [
                    457.79502391815186,
                    310.1200759410858
                ],
                [
                    495.9675669670105,
                    225.89875757694244
                ],
                [
                    505.2582025527954,
                    223.15527498722076
                ],
                [
                    446.05132937431335,
                    293.27094554901123
                ],
                [
                    435.5452060699463,
                    298.10094833374023
                ],
                [
                    471.4990258216858,
                    215.12514352798462
                ],
                [
                    481.4029037952423,
                    212.8056436777115
                ],
                [
                    469.5897400379181,
                    261.5010142326355
                ]
            ],
            "provenance": "nvisii",
            "quaternion_xyzw": [
                -0.7455719113349915,
                0.36211830377578735,
                -0.09472067654132843,
                -0.5513809323310852
            ],
            "quaternion_xyzw_world": [
                -0.42005690932273865,
                0.8768959045410156,
                0.036603301763534546,
                0.23079431056976318
            ],
            "segmentation_id": 3,
            "visibility": -1
        },
        {
            "bounding_box_minx_maxx_miny_maxy": [
                -1,
                -1,
                -1,
                -1
            ],
            "class": "2",
            "local_cuboid": null,
            "local_to_world_matrix": [
                [
                    0.34668833017349243,
                    0.11707079410552979,
                    -0.930645763874054,
                    0.0
                ],
                [
                    -0.8444243669509888,
                    -0.39299750328063965,
                    -0.3640058934688568,
                    0.0
                ],
                [
                    -0.4083560109138489,
                    0.912056565284729,
                    -0.03739023208618164,
                    0.0
                ],
                [
                    1.601146936416626,
                    -0.5417357683181763,
                    -0.7265164256095886,
                    1.0
                ]
            ],
            "location": [
                0.5417357683181763,
                -0.7265164256095886,
                -1.601146936416626
            ],
            "location_world": [
                1.601146936416626,
                -0.5417357683181763,
                -0.7265164256095886
            ],
            "name": "google_2_of_Jenga_Classic_Game_3",
            "projected_cuboid": [
                [
                    350.159227848053,
                    549.0733981132507
                ],
                [
                    368.7698245048523,
                    576.3868689537048
                ],
                [
                    461.6185426712036,
                    547.5599765777588
                ],
                [
                    440.34188985824585,
                    523.4657526016235
                ],
                [
                    355.6872606277466,
                    525.048017501831
                ],
                [
                    374.9282658100128,
                    551.6870021820068
                ],
                [
                    468.9399302005768,
                    524.2506265640259
                ],
                [
                    446.98312878608704,
                    500.7743835449219
                ],
                [
                    409.9470376968384,
                    536.5790128707886
                ]
            ],
            "provenance": "nvisii",
            "quaternion_xyzw": [
                0.45786982774734497,
                -0.2935595214366913,
                -0.6872831583023071,
                0.48147672414779663
            ],
            "quaternion_xyzw_world": [
                0.6665350794792175,
                -0.2728114426136017,
                -0.5022248029708862,
                -0.47861790657043457
            ],
            "segmentation_id": 4,
            "visibility": -1
        },
        {
            "bounding_box_minx_maxx_miny_maxy": [
                -1,
                -1,
                -1,
                -1
            ],
            "class": "2",
            "local_cuboid": null,
            "local_to_world_matrix": [
                [
                    -0.6457940340042114,
                    -0.6930736303329468,
                    0.3203108012676239,
                    0.0
                ],
                [
                    -0.039890438318252563,
                    -0.38832271099090576,
                    -0.9206596612930298,
                    0.0
                ],
                [
                    0.7624688148498535,
                    -0.6073338985443115,
                    0.2231295108795166,
                    0.0
                ],
                [
                    1.4123444557189941,
                    -0.016939843073487282,
                    0.5415248870849609,
                    1.0
                ]
            ],
            "location": [
                0.016939843073487282,
                0.5415248870849609,
                -1.4123444557189941
            ],
            "location_world": [
                1.4123444557189941,
                -0.016939843073487282,
                0.5415248870849609
            ],
            "name": "google_2_of_Jenga_Classic_Game_4",
            "projected_cuboid": [
                [
                    326.8853724002838,
                    3.4417062997817993
                ],
                [
                    339.3542766571045,
                    32.10543096065521
                ],
                [
                    276.4245867729187,
                    25.46994388103485
                ],
                [
                    262.10838556289673,
                    -7.775098085403442
                ],
                [
                    304.67677116394043,
                    20.17320692539215
                ],
                [
                    316.717654466629,
                    47.990649938583374
                ],
                [
                    252.50983238220215,
                    44.054001569747925
                ],
                [
                    238.7562394142151,
                    11.941969394683838
                ],
                [
                    291.83483123779297,
                    22.580817341804504
                ]
            ],
            "provenance": "nvisii",
            "quaternion_xyzw": [
                0.9187222123146057,
                0.19283129274845123,
                0.34099745750427246,
                -0.04986250400543213
            ],
            "quaternion_xyzw_world": [
                0.3603467643260956,
                -0.5085129737854004,
                0.7512067556381226,
                -0.21737796068191528
            ],
            "segmentation_id": 5,
            "visibility": -1
        },
        {
            "bounding_box_minx_maxx_miny_maxy": [
                -1,
                -1,
                -1,
                -1
            ],
            "class": "2",
            "local_cuboid": null,
            "local_to_world_matrix": [
                [
                    -0.47209835052490234,
                    -0.6963514685630798,
                    -0.5405716300010681,
                    0.0
                ],
                [
                    0.11885988712310791,
                    0.5573279857635498,
                    -0.8217406868934631,
                    0.0
                ],
                [
                    0.8734961152076721,
                    -0.4521947503089905,
                    -0.1803452968597412,
                    0.0
                ],
                [
                    1.3700194358825684,
                    -0.3184058368206024,
                    0.05594595521688461,
                    1.0
                ]
            ],
            "location": [
                0.3184058368206024,
                0.05594595521688461,
                -1.3700194358825684
            ],
            "location_world": [
                1.3700194358825684,
                -0.3184058368206024,
                0.05594595521688461
            ],
            "name": "google_2_of_Jenga_Classic_Game_5",
            "projected_cuboid": [
                [
                    438.99255990982056,
                    243.7155544757843
                ],
                [
                    420.1911687850952,
                    269.7407007217407
                ],
                [
                    393.4319317340851,
                    250.01418590545654
                ],
                [
                    415.5968427658081,
                    218.9100980758667
                ],
                [
                    414.465993642807,
                    228.1527817249298
                ],
                [
                    396.2385058403015,
                    253.68481874465942
                ],
                [
                    365.80920219421387,
                    231.54596984386444
                ],
                [
                    387.17716932296753,
                    201.14514231681824
                ],
                [
                    404.9403667449951,
                    238.0530685186386
                ]
            ],
            "provenance": "nvisii",
            "quaternion_xyzw": [
                -0.920813262462616,
                0.2980787754058838,
                -0.25094476342201233,
                -0.016693249344825745
            ],
            "quaternion_xyzw_world": [
                -0.1942414790391922,
                0.7432650327682495,
                -0.4284929931163788,
                0.47562700510025024
            ],
            "segmentation_id": 6,
            "visibility": -1
        },
        {
            "bounding_box_minx_maxx_miny_maxy": [
                -1,
                -1,
                -1,
                -1
            ],
            "class": "2",
            "local_cuboid": null,
            "local_to_world_matrix": [
                [
                    0.019610226154327393,
                    -0.0796000063419342,
                    -0.9966339468955994,
                    0.0
                ],
                [
                    0.4228227436542511,
                    -0.9026376008987427,
                    0.08041226863861084,
                    0.0
                ],
                [
                    -0.9060001969337463,
                    -0.42297643423080444,
                    0.015955865383148193,
                    0.0
                ],
                [
                    1.1577552556991577,
                    0.35101696848869324,
                    0.060222283005714417,
                    1.0
                ]
            ],
            "location": [
                -0.35101696848869324,
                0.060222283005714417,
                -1.1577552556991577
            ],
            "location_world": [
                1.1577552556991577,
                0.35101696848869324,
                0.060222283005714417
            ],
            "name": "google_2_of_Jenga_Classic_Game_6",
            "projected_cuboid": [
                [
                    69.1685676574707,
                    234.70890522003174
                ],
                [
                    126.70478224754333,
                    230.81284761428833
                ],
                [
                    91.05217456817627,
                    237.5205159187317
                ],
                [
                    45.748814940452576,
                    240.72261154651642
                ],
                [
                    64.51466679573059,
                    180.41804432868958
                ],
                [
                    122.33123183250427,
                    178.64497005939484
                ],
                [
                    87.61686086654663,
                    197.11287319660187
                ],
                [
                    42.144328355789185,
                    199.0528553724289
                ],
                [
                    79.7366201877594,
                    213.17210793495178
                ]
            ],
            "provenance": "nvisii",
            "quaternion_xyzw": [
                -0.1526331901550293,
                0.15395784378051758,
                -0.6606791615486145,
                0.7186815142631531
            ],
            "quaternion_xyzw_world": [
                0.6903426647186279,
                0.12429434061050415,
                -0.6890180110931396,
                0.18229667842388153
            ],
            "segmentation_id": 7,
            "visibility": -1
        },
        {
            "bounding_box_minx_maxx_miny_maxy": [
                -1,
                -1,
                -1,
                -1
            ],
            "class": "2",
            "local_cuboid": null,
            "local_to_world_matrix": [
                [
                    -0.018163561820983887,
                    0.9496463537216187,
                    -0.31279700994491577,
                    0.0
                ],
                [
                    0.3306446075439453,
                    -0.28954148292541504,
                    -0.898242712020874,
                    0.0
                ],
                [
                    -0.9435805678367615,
                    -0.11973991990089417,
                    -0.30873632431030273,
                    0.0
                ],
                [
                    1.6593458652496338,
                    -0.6531350016593933,
                    -0.5582024455070496,
                    1.0
                ]
            ],
            "location": [
                0.6531350016593933,
                -0.5582024455070496,
                -1.6593458652496338
            ],
            "location_world": [
                1.6593458652496338,
                -0.6531350016593933,
                -0.5582024455070496
            ],
            "name": "google_2_of_Jenga_Classic_Game_7",
            "projected_cuboid": [
                [
                    531.4613580703735,
                    524.5509147644043
                ],
                [
                    536.3991260528564,
                    551.8330335617065
                ],
                [
                    476.5832722187042,
                    469.5528745651245
                ],
                [
                    471.45766019821167,
                    445.44610381126404
                ],
                [
                    564.1593933105469,
                    513.3968591690063
                ],
                [
                    568.4391856193542,
                    540.873646736145
                ],
                [
                    503.3993721008301,
                    460.4682922363281
                ],
                [
                    498.7330138683319,
                    436.22851371765137
                ],
                [
                    516.0242319107056,
                    489.2985224723816
                ]
            ],
            "provenance": "nvisii",
            "quaternion_xyzw": [
                -0.0354112833738327,
                0.1641821414232254,
                -0.9735848307609558,
                0.15467026829719543
            ],
            "quaternion_xyzw_world": [
                0.628512978553772,
                0.509253978729248,
                -0.4997421205043793,
                -0.30966058373451233
            ],
            "segmentation_id": 8,
            "visibility": -1
        },
        {
            "bounding_box_minx_maxx_miny_maxy": [
                -1,
                -1,
                -1,
                -1
            ],
            "class": "2",
            "local_cuboid": null,
            "local_to_world_matrix": [
                [
                    -0.7584116458892822,
                    0.619513988494873,
                    -0.20252037048339844,
                    0.0
                ],
                [
                    0.03917619585990906,
                    -0.26682984828948975,
                    -0.9629472494125366,
                    0.0
                ],
                [
                    -0.6505976915359497,
                    -0.7382441759109497,
                    0.17809641361236572,
                    0.0
                ],
                [
                    1.8656188249588013,
                    -0.5280709266662598,
                    -0.7810060977935791,
                    1.0
                ]
            ],
            "location": [
                0.5280709266662598,
                -0.7810060977935791,
                -1.8656188249588013
            ],
            "location_world": [
                1.8656188249588013,
                -0.5280709266662598,
                -0.7810060977935791
            ],
            "name": "google_2_of_Jenga_Classic_Game_8",
            "projected_cuboid": [
                [
                    509.92584228515625,
                    505.618691444397
                ],
                [
                    517.6587104797363,
                    534.8957180976868
                ],
                [
                    419.1399812698364,
                    522.5175619125366
                ],
                [
                    412.0306372642517,
                    496.25176191329956
                ],
                [
                    518.1106328964233,
                    490.9836947917938
                ],
                [
                    525.5565643310547,
                    519.2630290985107
                ],
                [
                    429.3535351753235,
                    508.8411569595337
                ],
                [
                    422.48666286468506,
                    483.3812117576599
                ],
                [
                    466.75950288772583,
                    507.3450803756714
                ]
            ],
            "provenance": "nvisii",
            "quaternion_xyzw": [
                0.4161837697029114,
                0.03863036632537842,
                0.8990354537963867,
                -0.13051490485668182
            ],
            "quaternion_xyzw_world": [
                -0.28736811876296997,
                -0.5730369687080383,
                0.7421822547912598,
                0.19548359513282776
            ],
            "segmentation_id": 9,
            "visibility": -1
        },
        {
            "bounding_box_minx_maxx_miny_maxy": [
                -1,
                -1,
                -1,
                -1
            ],
            "class": "2",
            "local_cuboid": null,
            "local_to_world_matrix": [
                [
                    0.11465418338775635,
                    -0.7020663022994995,
                    -0.7028210163116455,
                    0.0
                ],
                [
                    -0.04279887676239014,
                    -0.7103207111358643,
                    0.7025759220123291,
                    0.0
                ],
                [
                    -0.9924831390380859,
                    -0.05047333240509033,
                    -0.111488938331604,
                    0.0
                ],
                [
                    1.9936480522155762,
                    -0.7704960703849792,
                    0.646636426448822,
                    1.0
                ]
            ],
            "location": [
                0.7704960703849792,
                0.646636426448822,
                -1.9936480522155762
            ],
            "location_world": [
                1.9936480522155762,
                -0.7704960703849792,
                0.646636426448822
            ],
            "name": "google_2_of_Jenga_Classic_Game_9",
            "projected_cuboid": [
                [
                    526.3189077377319,
                    53.526103496551514
                ],
                [
                    548.1175184249878,
                    32.127827405929565
                ],
                [
                    500.3690719604492,
                    53.92073094844818
                ],
                [
                    481.8164110183716,
                    72.17790186405182
                ],
                [
                    508.1369876861572,
                    32.809123396873474
                ],
                [
                    530.0130844116211,
                    11.252716183662415
                ],
                [
                    484.68825221061707,
                    36.18998825550079
                ],
                [
                    466.07983112335205,
                    54.56230044364929
                ],
                [
                    503.94272804260254,
                    44.2080944776535
                ]
            ],
            "provenance": "nvisii",
            "quaternion_xyzw": [
                0.04185482859611511,
                0.04479542374610901,
                -0.38335391879081726,
                0.9215645790100098
            ],
            "quaternion_xyzw_world": [
                0.6957843899726868,
                -0.2676350474357605,
                -0.6091341376304626,
                0.2705756425857544
            ],
            "segmentation_id": 10,
            "visibility": -1
        },
        {
            "bounding_box_minx_maxx_miny_maxy": [
                -1,
                -1,
                -1,
                -1
            ],
            "class": "2",
            "local_cuboid": null,
            "local_to_world_matrix": [
                [
                    -0.5636136531829834,
                    0.7414430379867554,
                    0.3641454577445984,
                    0.0
                ],
                [
                    0.6368858814239502,
                    0.670781672000885,
                    -0.3800372779369354,
                    0.0
                ],
                [
                    -0.5260381102561951,
                    0.017724931240081787,
                    -0.8502763509750366,
                    0.0
                ],
                [
                    1.957006573677063,
                    0.07124987244606018,
                    0.3297731876373291,
                    1.0
                ]
            ],
            "location": [
                -0.07124987244606018,
                0.3297731876373291,
                -1.957006573677063
            ],
            "location_world": [
                1.957006573677063,
                0.07124987244606018,
                0.3297731876373291
            ],
            "name": "google_2_of_Jenga_Classic_Game_10",
            "projected_cuboid": [
                [
                    223.39880466461182,
                    211.52710914611816
                ],
                [
                    205.28240501880646,
                    223.38373959064484
                ],
                [
                    210.37806570529938,
                    149.0529477596283
                ],
                [
                    227.17906534671783,
                    136.05600595474243
                ],
                [
                    243.68292093276978,
                    222.1173197031021
                ],
                [
                    225.4124879837036,
                    233.3819568157196
                ],
                [
                    228.85338962078094,
                    159.93279218673706
                ],
                [
                    245.78067660331726,
                    147.53150939941406
                ],
                [
                    226.30879282951355,
                    184.0018630027771
                ]
            ],
            "provenance": "nvisii",
            "quaternion_xyzw": [
                -0.16774696111679077,
                0.4569922685623169,
                -0.813559889793396,
                -0.31802427768707275
            ],
            "quaternion_xyzw_world": [
                0.3923904299736023,
                0.8781616687774658,
                -0.10314511507749557,
                -0.25342246890068054
            ],
            "segmentation_id": 11,
            "visibility": -1
        },
        {
            "bounding_box_minx_maxx_miny_maxy": [
                -1,
                -1,
                -1,
                -1
            ],
            "class": "2",
            "local_cuboid": null,
            "local_to_world_matrix": [
                [
                    0.3341948986053467,
                    -0.3021421730518341,
                    -0.8927619457244873,
                    0.0
                ],
                [
                    -0.9209108352661133,
                    -0.3062758445739746,
                    -0.2410774827003479,
                    0.0
                ],
                [
                    -0.2005917727947235,
                    0.9027209877967834,
                    -0.3806018829345703,
                    0.0
                ],
                [
                    1.4543358087539673,
                    -0.7593757510185242,
                    0.22696834802627563,
                    1.0
                ]
            ],
            "location": [
                0.7593757510185242,
                0.22696834802627563,
                -1.4543358087539673
            ],
            "location_world": [
                1.4543358087539673,
                -0.7593757510185242,
                0.22696834802627563
            ],
            "name": "google_2_of_Jenga_Classic_Game_11",
            "projected_cuboid": [
                [
                    456.2086760997772,
                    212.15490996837616
                ],
                [
                    479.3049097061157,
                    218.97438168525696
                ],
                [
                    581.296443939209,
                    173.28056693077087
                ],
                [
                    553.8338422775269,
                    169.08499598503113
                ],
                [
                    449.91278648376465,
                    181.54962360858917
                ],
                [
                    473.09786081314087,
                    186.73178553581238
                ],
                [
                    577.2662162780762,
                    141.52610301971436
                ],
                [
                    549.5261549949646,
                    138.92412185668945
                ],
                [
                    515.7704949378967,
                    177.40464210510254
                ]
            ],
            "provenance": "nvisii",
            "quaternion_xyzw": [
                0.5793591141700745,
                -0.25307536125183105,
                -0.533743143081665,
                0.561617374420166
            ],
            "quaternion_xyzw_world": [
                0.7108221650123596,
                -0.43015435338020325,
                -0.3845384120941162,
                -0.40228012204170227
            ],
            "segmentation_id": 12,
            "visibility": -1
        },
        {
            "bounding_box_minx_maxx_miny_maxy": [
                -1,
                -1,
                -1,
                -1
            ],
            "class": "2",
            "local_cuboid": null,
            "local_to_world_matrix": [
                [
                    -0.6677682399749756,
                    -0.6561029553413391,
                    -0.35158881545066833,
                    0.0
                ],
                [
                    0.4918185770511627,
                    -0.7434368133544922,
                    0.45322898030281067,
                    0.0
                ],
                [
                    -0.5587488412857056,
                    0.12973394989967346,
                    0.8191268444061279,
                    0.0
                ],
                [
                    1.9075790643692017,
                    -0.7515525221824646,
                    -0.840803325176239,
                    1.0
                ]
            ],
            "location": [
                0.7515525221824646,
                -0.840803325176239,
                -1.9075790643692017
            ],
            "location_world": [
                1.9075790643692017,
                -0.7515525221824646,
                -0.840803325176239
            ],
            "name": "google_2_of_Jenga_Classic_Game_12",
            "projected_cuboid": [
                [
                    501.8075704574585,
                    475.6477475166321
                ],
                [
                    517.5832509994507,
                    456.9746255874634
                ],
                [
                    506.64710998535156,
                    515.1393413543701
                ],
                [
                    492.01130867004395,
                    533.4726572036743
                ],
                [
                    476.37614607810974,
                    459.2890739440918
                ],
                [
                    492.27744340896606,
                    441.54423475265503
                ],
                [
                    483.74900221824646,
                    499.42976236343384
                ],
                [
                    469.0191149711609,
                    516.9172883033752
                ],
                [
                    492.14181303977966,
                    488.3769154548645
                ]
            ],
            "provenance": "nvisii",
            "quaternion_xyzw": [
                0.4012870490550995,
                0.24411943554878235,
                0.33519282937049866,
                -0.8167130947113037
            ],
            "quaternion_xyzw_world": [
                -0.2532497048377991,
                0.16217629611492157,
                0.8986561894416809,
                -0.3193439245223999
            ],
            "segmentation_id": 13,
            "visibility": -1
        },
        {
            "bounding_box_minx_maxx_miny_maxy": [
                -1,
                -1,
                -1,
                -1
            ],
            "class": "2",
            "local_cuboid": null,
            "local_to_world_matrix": [
                [
                    -0.4568347930908203,
                    0.8672677278518677,
                    -0.19786036014556885,
