{
    "camera_data": {
        "camera_look_at": {
            "at": [
                1.0,
                0.0,
                0.0
            ],
            "eye": [
                0.0,
                0.0,
                0.0
            ],
            "up": [
                0.0,
                0.0,
                1.0
            ]
        },
        "camera_view_matrix": [
            [
                0.0,
                0.0,
                -1.0,
                0.0
            ],
            [
                -1.0,
                0.0,
                0.0,
                0.0
            ],
            [
                0.0,
                1.0,
                0.0,
                0.0
            ],
            [
                0.0,
                0.0,
                0.0,
                1.0
            ]
        ],
        "height": 500,
        "intrinsics": {
            "cx": 250.0,
            "cy": 250.0,
            "fx": 603.5535278320312,
            "fy": 603.5535278320312
        },
        "location_world": [
            0.0,
            0.0,
            0.0
        ],
        "quaternion_world_xyzw": [
            0.5,
            -0.5,
            -0.5,
            0.5
        ],
        "width": 500
    },
    "objects": [
        {
            "bounding_box_minx_maxx_miny_maxy": [
                -1,
                -1,
                -1,
                -1
            ],
            "class": "2",
            "local_cuboid": null,
            "local_to_world_matrix": [
                [
                    -0.2261890172958374,
                    0.9029548764228821,
                    0.3653915822505951,
                    0.0
                ],
                [
                    -0.3949905037879944,
                    0.25786709785461426,
                    -0.8817522525787354,
                    0.0
                ],
                [
                    -0.8904049396514893,
                    -0.3437688648700714,
                    0.29833197593688965,
                    0.0
                ],
                [
                    1.786443829536438,
                    -0.4143686890602112,
                    -0.6674429774284363,
                    1.0
                ]
            ],
            "location": [
                0.4143686890602112,
                -0.6674429774284363,
                -1.786443829536438
            ],
            "location_world": [
                1.786443829536438,
                -0.4143686890602112,
                -0.6674429774284363
            ],
            "name": "google_2_of_Jenga_Classic_Game_0",
            "projected_cuboid": [
                [
                    442.80654191970825,
                    457.97616243362427
                ],
                [
                    438.3348226547241,
                    492.5403296947479
                ],
                [
                    376.0990500450134,
                    486.5850806236267
                ],
                [
                    381.0794949531555,
                    457.1419954299927
                ],
                [
                    468.29134225845337,
                    466.7947292327881
                ],
                [
                    464.4317924976349,
                    501.14643573760986
                ],
                [
                    399.0044295787811,
                    493.99253726005554
                ],
                [
                    403.5142660140991,
                    464.7030830383301
                ],
                [
                    419.28863525390625,
                    477.3138463497162
                ]
            ],
            "provenance": "nvisii",
            "quaternion_xyzw": [
                0.14865431189537048,
                0.18082979321479797,
                0.9585291147232056,
                0.1625560224056244
            ],
            "quaternion_xyzw_world": [
                -0.23324449360370636,
                -0.54445481300354,
                0.5627285838127136,
                0.5766302943229675
            ],
            "segmentation_id": 1,
            "visibility": -1
        },
        {
            "bounding_box_minx_maxx_miny_maxy": [
                -1,
                -1,
                -1,
                -1
            ],
            "class": "2",
            "local_cuboid": null,
            "local_to_world_matrix": [
                [
                    -0.9080531597137451,
                    -0.2967725694179535,
                    0.29557669162750244,
                    0.0
                ],
                [
                    -0.41763177514076233,
                    0.5876138806343079,
                    -0.6930322051048279,
                    0.0
                ],
                [
                    0.03198796510696411,
                    -0.7527522444725037,
                    -0.6575263738632202,
                    0.0
                ],
                [
                    1.9341058731079102,
                    0.8034663796424866,
                    0.6680350303649902,
                    1.0
                ]
            ],
            "location": [
                -0.8034663796424866,
                0.6680350303649902,
                -1.9341058731079102
            ],
            "location_world": [
                1.9341058731079102,
                0.8034663796424866,
                0.6680350303649902
            ],
            "name": "google_2_of_Jenga_Classic_Game_1",
            "projected_cuboid": [
                [
                    78.50444316864014,
                    87.95703947544098
                ],
                [
                    59.460267424583435,
                    103.62058877944946
                ],
                [
                    -12.049764394760132,
                    41.25644266605377
                ],
                [
                    8.40345025062561,
                    26.66439116001129
                ],
                [
                    77.58042216300964,
                    100.8172333240509
                ],
                [
                    59.21505391597748,
                    116.1399781703949
                ],
                [
                    -9.672343730926514,
                    56.1240017414093
                ],
                [
                    10.00155508518219,
                    41.79404675960541
                ],
                [
                    34.10877287387848,
                    71.92961871623993
                ]
            ],
            "provenance": "nvisii",
            "quaternion_xyzw": [
                -0.7109488248825073,
                0.10269275307655334,
                -0.5840102434158325,
                -0.37807154655456543
            ],
            "quaternion_xyzw_world": [
                -0.20115868747234344,
                0.8878616690635681,
                -0.40709733963012695,
                -0.07422009855508804
            ],
            "segmentation_id": 2,
            "visibility": -1
        },
        {
            "bounding_box_minx_maxx_miny_maxy": [
                -1,
                -1,
                -1,
                -1
            ],
            "class": "2",
            "local_cuboid": null,
            "local_to_world_matrix": [
                [
                    0.9919426441192627,
                    0.07094744592905045,
                    -0.104958176612854,
                    0.0
                ],
                [
                    0.0457448847591877,
                    -0.9731696844100952,
                    -0.22549551725387573,
                    0.0
                ],
                [
                    -0.11814044415950775,
                    0.21887731552124023,
                    -0.9685739278793335,
                    0.0
                ],
                [
                    1.808819055557251,
                    -0.7804008722305298,
                    0.03043992631137371,
                    1.0
                ]
            ],
            "location": [
                0.7804008722305298,
                0.03043992631137371,
                -1.808819055557251
            ],
            "location_world": [
                1.808819055557251,
                -0.7804008722305298,
                0.03043992631137371
            ],
            "name": "google_2_of_Jenga_Classic_Game_2",
            "projected_cuboid": [
                [
                    474.08193349838257,
                    332.32614398002625
                ],
                [
                    500.92530250549316,
                    338.4813964366913
                ],
                [
                    517.1040296554565,
                    244.52276527881622
                ],
                [
                    490.7963275909424,
                    238.28597366809845
                ],
                [
                    486.1476421356201,
                    333.15974473953247
                ],
                [
                    514.1733884811401,
                    339.5904302597046
                ],
                [
                    530.808687210083,
                    241.46005511283875
                ],
                [
                    503.3663511276245,
                    234.94048416614532
                ],
                [
                    502.12961435317993,
                    287.3987853527069
                ]
            ],
            "provenance": "nvisii",
            "quaternion_xyzw": [
                0.5090205073356628,
                0.42641279101371765,
                -0.5946813225746155,
                0.4532376825809479
            ],
            "quaternion_xyzw_world": [
                0.9916761517524719,
                0.02941795252263546,
                -0.05624281242489815,
                -0.11202569305896759
            ],
            "segmentation_id": 3,
            "visibility": -1
        },
        {
            "bounding_box_minx_maxx_miny_maxy": [
                -1,
                -1,
                -1,
                -1
            ],
            "class": "2",
            "local_cuboid": null,
            "local_to_world_matrix": [
                [
                    0.3074829578399658,
                    0.9279346466064453,
                    0.21069371700286865,
                    0.0
                ],
                [
                    -0.06703361868858337,
                    0.24199390411376953,
                    -0.9679595828056335,
                    0.0
                ],
                [
                    -0.9491896629333496,
                    0.28350764513015747,
                    0.1366117000579834,
                    0.0
                ],
                [
                    1.6101487874984741,
                    -0.48982423543930054,
                    -0.7392213940620422,
                    1.0
                ]
            ],
            "location": [
                0.48982423543930054,
                -0.7392213940620422,
                -1.6101487874984741
            ],
            "location_world": [
                1.6101487874984741,
                -0.48982423543930054,
                -0.7392213940620422
            ],
            "name": "google_2_of_Jenga_Classic_Game_3",
            "projected_cuboid": [
                [
                    420.45333981513977,
                    541.1148071289062
                ],
                [
                    411.9836688041687,
                    579.0959596633911
                ],
                [
                    415.11470079421997,
                    537.6250743865967
                ],
                [
                    422.12849855422974,
                    506.2682628631592
                ],
                [
                    456.95704221725464,
                    554.0289878845215
                ],
                [
                    448.4882354736328,
                    592.7647352218628
                ],
                [
                    445.32209634780884,
                    548.2873916625977
                ],
                [
                    452.3353576660156,
                    516.4177417755127
                ],
                [
                    433.93272161483765,
                    545.0024604797363
                ]
            ],
            "provenance": "nvisii",
            "quaternion_xyzw": [
                -0.15069462358951569,
                0.051926836371421814,
                0.9804443120956421,
                0.11542926728725433
            ],
            "quaternion_xyzw_world": [
                -0.4818914234638214,
                -0.44662603735923767,
                0.38312360644340515,
                0.6492475271224976
            ],
            "segmentation_id": 4,
            "visibility": -1
        },
        {
            "bounding_box_minx_maxx_miny_maxy": [
                -1,
                -1,
                -1,
                -1
            ],
            "class": "2",
            "local_cuboid": null,
            "local_to_world_matrix": [
                [
                    0.943296492099762,
                    0.16328483819961548,
                    -0.2890152633190155,
                    0.0
                ],
                [
                    0.22002187371253967,
                    0.3443865180015564,
                    0.9126821160316467,
                    0.0
                ],
                [
                    0.2485601007938385,
                    -0.9245194792747498,
                    0.28893232345581055,
                    0.0
                ],
                [
                    1.3604532480239868,
                    0.028351936489343643,
                    0.5339358448982239,
                    1.0
                ]
            ],
            "location": [
                -0.028351936489343643,
                0.5339358448982239,
                -1.3604532480239868
            ],
            "location_world": [
                1.3604532480239868,
                0.028351936489343643,
                0.5339358448982239
            ],
            "name": "google_2_of_Jenga_Classic_Game_4",
            "projected_cuboid": [
                [
                    353.2041311264038,
                    15.190079808235168
                ],
                [
                    340.045690536499,
                    -13.299107551574707
                ],
                [
                    228.84413599967957,
                    9.318545460700989
                ],
                [
                    241.20266735553741,
                    39.600253105163574
                ],
                [
                    364.3500506877899,
                    -7.336437702178955
                ],
                [
                    350.3473699092865,
                    -37.03656792640686
                ],
                [
                    233.49708318710327,
                    -14.44917917251587
                ],
                [
                    246.62132561206818,
                    17.211437225341797
                ],
                [
                    296.1025834083557,
                    1.0518431663513184
                ]
            ],
            "provenance": "nvisii",
            "quaternion_xyzw": [
                -0.2077217996120453,
                0.7623200416564941,
                0.022599011659622192,
                0.6125433444976807
            ],
            "quaternion_xyzw_world": [
                0.5722712874412537,
                0.1674497425556183,
                -0.01767306588590145,
                0.8025920987129211
            ],
            "segmentation_id": 5,
            "visibility": -1
        },
        {
            "bounding_box_minx_maxx_miny_maxy": [
                -1,
                -1,
                -1,
                -1
            ],
            "class": "2",
            "local_cuboid": null,
            "local_to_world_matrix": [
                [
                    0.9507087469100952,
                    -0.17352120578289032,
                    -0.25698888301849365,
                    0.0
                ],
                [
                    0.11868686228990555,
                    -0.5620280504226685,
                    0.8185585141181946,
                    0.0
                ],
                [
                    -0.2864722013473511,
                    -0.8087119460105896,
                    -0.5137302875518799,
                    0.0
                ],
                [
                    1.351244330406189,
                    -0.26439666748046875,
                    0.01576756127178669,
                    1.0
                ]
            ],
            "location": [
                0.26439666748046875,
                0.01576756127178669,
                -1.351244330406189
            ],
            "location_world": [
                1.351244330406189,
                -0.26439666748046875,
                0.01576756127178669
            ],
            "name": "google_2_of_Jenga_Classic_Game_5",
            "projected_cuboid": [
                [
                    474.570095539093,
                    333.10744166374207
                ],
                [
                    494.7158098220825,
                    300.628662109375
                ],
                [
                    377.727210521698,
                    232.60588943958282
                ],
                [
                    357.9524755477905,
                    262.62789964675903
                ],
                [
                    481.57447576522827,
                    328.20719480514526
                ],
                [
                    502.8867721557617,
                    293.7959134578705
                ],
                [
                    378.7263333797455,
                    222.33812510967255
                ],
                [
                    357.82599449157715,
                    254.00200486183167
                ],
                [
                    426.30600929260254,
                    277.3272693157196
                ]
            ],
            "provenance": "nvisii",
            "quaternion_xyzw": [
                0.13085350394248962,
                0.5827875137329102,
                -0.27128976583480835,
                0.7547436952590942
            ],
            "quaternion_xyzw_world": [
                0.86983722448349,
                -0.015759944915771484,
                -0.1561962068080902,
                0.467693954706192
            ],
            "segmentation_id": 6,
            "visibility": -1
        },
        {
            "bounding_box_minx_maxx_miny_maxy": [
                -1,
                -1,
                -1,
                -1
            ],
            "class": "2",
            "local_cuboid": null,
            "local_to_world_matrix": [
                [
                    0.8499203324317932,
                    0.45838287472724915,
                    -0.2598472535610199,
                    0.0
                ],
                [
                    0.5267254114151001,
                    -0.7260251045227051,
                    0.4420950412750244,
                    0.0
                ],
                [
                    0.013993173837661743,
                    -0.5126137137413025,
                    -0.858505368232727,
                    0.0
                ],
                [
                    1.343758225440979,
                    0.2607029974460602,
                    -0.03786073252558708,
                    1.0
                ]
            ],
            "location": [
                -0.2607029974460602,
                -0.03786073252558708,
                -1.343758225440979
            ],
            "location_world": [
                1.343758225440979,
                0.2607029974460602,
                -0.03786073252558708
            ],
            "name": "google_2_of_Jenga_Classic_Game_6",
            "projected_cuboid": [
                [
                    179.07270789146423,
                    391.0205364227295
                ],
                [
                    207.68171548843384,
                    370.49978971481323
                ],
                [
                    142.98288524150848,
                    262.70365715026855
                ],
                [
                    112.1639758348465,
                    279.7481119632721
                ],
                [
                    192.28368997573853,
                    388.7630105018616
                ],
                [
                    221.88827395439148,
                    367.28790402412415
                ],
                [
                    153.9774239063263,
                    254.05767560005188
                ],
                [
                    121.93381786346436,
                    271.69087529182434
                ],
                [
                    166.64934158325195,
                    323.2174217700958
                ]
            ],
            "provenance": "nvisii",
            "quaternion_xyzw": [
                0.1684601753950119,
                0.6918220520019531,
                -0.5005733370780945,
                0.492371529340744
            ],
            "quaternion_xyzw_world": [
                0.9266135692596436,
                0.26578184962272644,
                -0.06633134186267853,
                0.25758007168769836
            ],
            "segmentation_id": 7,
            "visibility": -1
        },
        {
            "bounding_box_minx_maxx_miny_maxy": [
                -1,
                -1,
                -1,
                -1
            ],
            "class": "2",
            "local_cuboid": null,
            "local_to_world_matrix": [
                [
                    -0.48064255714416504,
                    0.04550068825483322,
                    0.8757354021072388,
                    0.0
                ],
                [
                    -0.14713487029075623,
                    0.9803109169006348,
                    -0.13168829679489136,
                    0.0
                ],
                [
                    -0.8644849061965942,
                    -0.1921462118625641,
                    -0.46448445320129395,
                    0.0
                ],
                [
                    1.6225650310516357,
                    -0.658841609954834,
                    -0.5328403115272522,
                    1.0
                ]
            ],
            "location": [
                0.658841609954834,
                -0.5328403115272522,
                -1.6225650310516357
            ],
            "location_world": [
                1.6225650310516357,
                -0.658841609954834,
                -0.5328403115272522
            ],
            "name": "google_2_of_Jenga_Classic_Game_7",
            "projected_cuboid": [
                [
                    585.5427384376526,
                    529.4405817985535
                ],
                [
                    551.494836807251,
                    537.0121002197266
                ],
                [
                    482.6291501522064,
                    440.37938117980957
                ],
                [
                    511.86782121658325,
                    434.7412884235382
                ],
                [
                    577.9768228530884,
                    551.7311692237854
                ],
                [
                    544.794499874115,
                    559.2952966690063
                ],
                [
                    478.5601794719696,
                    461.4623188972473
                ],
                [
                    507.15672969818115,
                    455.7949900627136
                ],
                [
                    527.0822048187256,
                    492.29395389556885
                ]
            ],
            "provenance": "nvisii",
            "quaternion_xyzw": [
                0.23542660474777222,
                -0.11104900389909744,
                0.7144358158111572,
                0.6494797468185425
            ],
            "quaternion_xyzw_world": [
                0.02971079759299755,
                -0.8551955819129944,
                0.09466679394245148,
                0.5087199807167053
            ],
            "segmentation_id": 8,
            "visibility": -1
        },
        {
            "bounding_box_minx_maxx_miny_maxy": [
                -1,
                -1,
                -1,
                -1
            ],
            "class": "2",
            "local_cuboid": null,
            "local_to_world_matrix": [
                [
                    -0.3772716522216797,
                    0.4293375611305237,
                    -0.8205702304840088,
                    0.0
                ],
                [
                    0.4287802577018738,
                    -0.7043790817260742,
                    -0.5656834840774536,
                    0.0
                ],
                [
                    -0.8208615779876709,
                    -0.565260648727417,
                    0.0816507339477539,
                    0.0
                ],
                [
                    1.7708091735839844,
                    -0.5343291759490967,
                    -0.7692951560020447,
                    1.0
                ]
            ],
            "location": [
                0.5343291759490967,
                -0.7692951560020447,
                -1.7708091735839844
            ],
            "location_world": [
                1.7708091735839844,
                -0.5343291759490967,
                -0.7692951560020447
            ],
            "name": "google_2_of_Jenga_Classic_Game_8",
            "projected_cuboid": [
                [
                    512.9907727241516,
                    553.7393689155579
                ],
                [
                    530.181884765625,
                    565.3618574142456
                ],
                [
                    436.13940477371216,
                    530.8526754379272
                ],
                [
                    419.3609952926636,
                    520.1147198677063
                ],
                [
                    521.2475061416626,
                    522.2502946853638
                ],
                [
                    537.920355796814,
                    534.3805551528931
                ],
                [
                    444.40096616744995,
                    504.5589804649353
                ],
                [
                    428.0742406845093,
                    493.46333742141724
                ],
                [
                    475.5202829837799,
                    526.8721580505371
                ]
            ],
            "provenance": "nvisii",
            "quaternion_xyzw": [
                0.2808399796485901,
                -0.1034318208694458,
                0.8390295505523682,
                -0.4543788433074951
            ],
            "quaternion_xyzw_world": [
                -0.5580001473426819,
                -0.38446128368377686,
                0.7354083061218262,
                0.00018945508054457605
            ],
            "segmentation_id": 9,
            "visibility": -1
        },
        {
            "bounding_box_minx_maxx_miny_maxy": [
                -1,
                -1,
                -1,
                -1
            ],
            "class": "2",
            "local_cuboid": null,
            "local_to_world_matrix": [
                [
                    -0.3154256343841553,
                    0.34676042199134827,
                    0.883325457572937,
                    0.0
                ],
                [
                    -0.17849692702293396,
                    0.892548680305481,
                    -0.4141203463077545,
                    0.0
                ],
                [
                    -0.9320114850997925,
                    -0.28829506039619446,
                    -0.21963703632354736,
                    0.0
                ],
                [
                    1.9838669300079346,
                    -0.6981926560401917,
                    0.5990043878555298,
                    1.0
                ]
            ],
            "location": [
                0.6981926560401917,
                0.5990043878555298,
                -1.9838669300079346
            ],
            "location_world": [
                1.9838669300079346,
                -0.6981926560401917,
                0.5990043878555298
            ],
            "name": "google_2_of_Jenga_Classic_Game_9",
            "projected_cuboid": [
                [
                    535.1839065551758,
                    42.35856235027313
                ],
                [
                    510.8358860015869,
                    52.98428237438202
                ],
                [
                    448.7984776496887,
                    60.57839095592499
                ],
                [
                    470.2695608139038,
                    51.35652422904968
                ],
                [
                    540.6203269958496,
                    69.63025033473969
                ],
                [
                    516.6729688644409,
                    80.34144341945648
                ],
                [
                    454.6128511428833,
                    84.09567177295685
                ],
                [
                    475.77351331710815,
                    74.8114138841629
                ],
                [
                    491.823673248291,
                    64.81979787349701
                ]
            ],
            "provenance": "nvisii",
            "quaternion_xyzw": [
                0.1839486062526703,
                -0.012535057961940765,
                0.8205016851425171,
                0.5410939455032349
            ],
            "quaternion_xyzw_world": [
                -0.05399708449840546,
                -0.7790396809577942,
                0.22541065514087677,
                0.5825560092926025
            ],
            "segmentation_id": 10,
            "visibility": -1
        },
        {
            "bounding_box_minx_maxx_miny_maxy": [
                -1,
                -1,
                -1,
                -1
            ],
            "class": "2",
            "local_cuboid": null,
            "local_to_world_matrix": [
                [
                    0.3080971837043762,
                    0.7123674750328064,
                    -0.6305621862411499,
                    0.0
                ],
                [
                    0.9148392081260681,
                    -0.03997600078582764,
                    0.40183478593826294,
                    0.0
                ],
                [
                    0.26104670763015747,
                    -0.7006672024726868,
                    -0.6640181541442871,
                    0.0
                ],
                [
                    1.8778817653656006,
                    0.16470085084438324,
                    0.3311879336833954,
                    1.0
                ]
            ],
            "location": [
                -0.16470085084438324,
                0.3311879336833954,
                -1.8778817653656006
            ],
            "location_world": [
                1.8778817653656006,
                0.16470085084438324,
                0.3311879336833954
            ],
            "name": "google_2_of_Jenga_Classic_Game_10",
            "projected_cuboid": [
                [
                    253.19072604179382,
                    220.132514834404
                ],
                [
                    254.08396124839783,
                    211.06885373592377
                ],
                [
                    190.1969313621521,
                    148.83126318454742
                ],
                [
                    186.60128116607666,
                    155.6713879108429
                ],
                [
                    271.05170488357544,
                    203.97727191448212
                ],
                [
                    271.25927805900574,
                    195.43248414993286
                ],
                [
                    207.24456012248993,
                    131.77445530891418
                ],
                [
                    204.32184636592865,
                    137.98442482948303
                ],
                [
                    230.35740852355957,
                    176.22220516204834
                ]
            ],
            "provenance": "nvisii",
            "quaternion_xyzw": [
                -0.19160142540931702,
                0.7705921530723572,
                -0.5122221112251282,
                0.3272692561149597
            ],
            "quaternion_xyzw_world": [
                0.7092410326004028,
                0.5735732316970825,
                -0.13025031983852386,
                0.3886203467845917
            ],
            "segmentation_id": 11,
            "visibility": -1
        },
        {
            "bounding_box_minx_maxx_miny_maxy": [
                -1,
                -1,
                -1,
                -1
            ],
            "class": "2",
            "local_cuboid": null,
            "local_to_world_matrix": [
                [
                    -0.3454500436782837,
                    -0.9346045255661011,
                    -0.08472773432731628,
                    0.0
                ],
                [
                    -0.21065041422843933,
                    -0.010755777359008789,
                    0.9775023460388184,
                    0.0
                ],
                [
                    -0.9144893884658813,
                    0.3555261194705963,
                    -0.19315922260284424,
                    0.0
                ],
                [
                    1.6184207201004028,
                    -0.7458478212356567,
                    0.18738031387329102,
                    1.0
                ]
            ],
            "location": [
                0.7458478212356567,
                0.18738031387329102,
                -1.6184207201004028
            ],
            "location_world": [
                1.6184207201004028,
                -0.7458478212356567,
                0.18738031387329102
            ],
            "name": "google_2_of_Jenga_Classic_Game_11",
            "projected_cuboid": [
                [
                    554.0627241134644,
                    211.31175756454468
                ],
                [
                    558.5452914237976,
                    173.3040064573288
                ],
                [
                    546.1758375167847,
                    164.80335593223572
                ],
                [
                    542.5715446472168,
                    196.61328196525574
                ],
                [
                    515.6409740447998,
                    209.1427892446518
                ],
                [
                    519.5294618606567,
                    171.8704104423523
                ],
                [
                    513.7884020805359,
                    163.7483835220337
                ],
                [
                    510.59502363204956,
                    195.0414776802063
                ],
                [
                    532.0501327514648,
                    185.31519174575806
                ]
            ],
            "provenance": "nvisii",
            "quaternion_xyzw": [
                -0.10321441292762756,
                0.1791706681251526,
                0.024405747652053833,
                -0.97808438539505
            ],
            "quaternion_xyzw_world": [
                -0.46326693892478943,
                0.6180318593978882,
                0.5392231941223145,
                -0.33564677834510803
            ],
            "segmentation_id": 12,
            "visibility": -1
        },
        {
            "bounding_box_minx_maxx_miny_maxy": [
                -1,
                -1,
                -1,
                -1
            ],
            "class": "2",
            "local_cuboid": null,
            "local_to_world_matrix": [
                [
                    -0.4267481565475464,
                    -0.40414947271347046,
                    -0.8090422749519348,
                    0.0
                ],
                [
                    0.1971590518951416,
                    -0.9146497249603271,
                    0.35290849208831787,
                    0.0
                ],
                [
                    -0.8826180100440979,
                    -0.008906975388526917,
                    0.4700065851211548,
                    0.0
                ],
                [
                    1.896291732788086,
                    -0.7702783346176147,
                    -0.7897208333015442,
                    1.0
                ]
            ],
            "location": [
                0.7702783346176147,
                -0.7897208333015442,
                -1.896291732788086
            ],
            "location_world": [
                1.896291732788086,
                -0.7702783346176147,
                -0.7897208333015442
            ],
            "name": "google_2_of_Jenga_Classic_Game_12",
            "projected_cuboid": [
                [
                    530.6417346000671,
                    511.588990688324
                ],
                [
                    556.3729405403137,
                    497.883141040802
                ],
                [
                    513.7003660202026,
                    507.9233646392822
                ],
                [
                    491.1348521709442,
                    519.8301076889038
                ],
                [
                    513.2218599319458,
                    482.85359144210815
                ],
                [
                    538.6066436767578,
                    469.71267461776733
                ],
                [
                    499.0655779838562,
                    483.356773853302
                ],
                [
                    476.77093744277954,
                    494.83829736709595
                ],
                [
                    513.4774446487427,
                    496.24234437942505
                ]
            ],
            "provenance": "nvisii",
            "quaternion_xyzw": [
                0.2053186595439911,
                0.12858960032463074,
                0.5304620265960693,
                -0.8123539686203003
            ],
            "quaternion_xyzw_world": [
                -0.5044538974761963,
                0.10258142650127411,
                0.8383621573448181,
                -0.17931048572063446
            ],
            "segmentation_id": 13,
            "visibility": -1
        },
        {
            "bounding_box_minx_maxx_miny_maxy": [
                -1,
                -1,
                -1,
                -1
            ],
            "class": "2",
            "local_cuboid": null,
            "local_to_world_matrix": [
                [
                    -0.5395206212997437,
                    -0.5394666790962219,
                    0.6464465856552124,
                    0.0
