{
    "camera_data": {
        "camera_look_at": {
            "at": [
                1.0,
                0.0,
                0.0
            ],
            "eye": [
                0.0,
                0.0,
                0.0
            ],
            "up": [
                0.0,
                0.0,
                1.0
            ]
        },
        "camera_view_matrix": [
            [
                0.0,
                0.0,
                -1.0,
                0.0
            ],
            [
                -1.0,
                0.0,
                0.0,
                0.0
            ],
            [
                0.0,
                1.0,
                0.0,
                0.0
            ],
            [
                0.0,
                0.0,
                0.0,
                1.0
            ]
        ],
        "height": 500,
        "intrinsics": {
            "cx": 250.0,
            "cy": 250.0,
            "fx": 603.5535278320312,
            "fy": 603.5535278320312
        },
        "location_world": [
            0.0,
            0.0,
            0.0
        ],
        "quaternion_world_xyzw": [
            0.5,
            -0.5,
            -0.5,
            0.5
        ],
        "width": 500
    },
    "objects": [
        {
            "bounding_box_minx_maxx_miny_maxy": [
                -1,
                -1,
                -1,
                -1
            ],
            "class": "2",
            "local_cuboid": null,
            "local_to_world_matrix": [
                [
                    0.011105060577392578,
                    -0.9994727373123169,
                    0.030512720346450806,
                    0.0
                ],
                [
                    0.6444618701934814,
                    -0.016177654266357422,
                    -0.7644653916358948,
                    0.0
                ],
                [
                    0.7645559310913086,
                    0.02815377712249756,
                    0.6439423561096191,
                    0.0
                ],
                [
                    1.7253338098526,
                    -0.19126904010772705,
                    -0.2903003990650177,
                    1.0
                ]
            ],
            "location": [
                0.19126904010772705,
                -0.2903003990650177,
                -1.7253338098526
            ],
            "location_world": [
                1.7253338098526,
                -0.19126904010772705,
                -0.2903003990650177
            ],
            "name": "google_2_of_Jenga_Classic_Game_0",
            "projected_cuboid": [
                [
                    319.6442127227783,
                    271.575391292572
                ],
                [
                    318.143755197525,
                    290.6947135925293
                ],
                [
                    329.6566307544708,
                    360.6410622596741
                ],
                [
                    331.72324299812317,
                    341.24884009361267
                ],
                [
                    294.9036657810211,
                    272.3414897918701
                ],
                [
                    294.0840721130371,
                    291.448175907135
                ],
                [
                    302.5360107421875,
                    361.5255355834961
                ],
                [
                    303.73436212539673,
                    342.1516418457031
                ],
                [
                    311.4854395389557,
                    314.4720792770386
                ]
            ],
            "provenance": "nvisii",
            "quaternion_xyzw": [
                -0.9392143487930298,
                -0.01242801547050476,
                0.010449931025505066,
                0.3429473638534546
            ],
            "quaternion_xyzw_world": [
                -0.3095724582672119,
                0.2866944968700409,
                -0.6420698761940002,
                0.6400917768478394
            ],
            "segmentation_id": 1,
            "visibility": -1
        },
        {
            "bounding_box_minx_maxx_miny_maxy": [
                -1,
                -1,
                -1,
                -1
            ],
            "class": "2",
            "local_cuboid": null,
            "local_to_world_matrix": [
                [
                    -0.3913224935531616,
                    -0.13625836372375488,
                    0.9101101756095886,
                    0.0
                ],
                [
                    0.1859787106513977,
                    0.956861138343811,
                    0.2232234925031662,
                    0.0
                ],
                [
                    -0.9012650847434998,
                    0.25661343336105347,
                    -0.34910011291503906,
                    0.0
                ],
                [
                    1.47590172290802,
                    0.12263713777065277,
                    0.7484269738197327,
                    1.0
                ]
            ],
            "location": [
                -0.12263713777065277,
                0.7484269738197327,
                -1.47590172290802
            ],
            "location_world": [
                1.47590172290802,
                0.12263713777065277,
                0.7484269738197327
            ],
            "name": "google_2_of_Jenga_Classic_Game_1",
            "projected_cuboid": [
                [
                    172.97089099884033,
                    -91.47301316261292
                ],
                [
                    133.50838422775269,
                    -96.46338224411011
                ],
                [
                    185.20522117614746,
                    -76.26074552536011
                ],
                [
                    218.07481348514557,
                    -71.95639610290527
                ],
                [
                    169.6029156446457,
                    -47.322243452072144
                ],
                [
                    131.16887211799622,
                    -52.748918533325195
                ],
                [
                    182.21205472946167,
                    -40.6385064125061
                ],
                [
                    214.36594426631927,
                    -36.04668378829956
                ],
                [
                    178.12393605709076,
                    -63.12668323516846
                ]
            ],
            "provenance": "nvisii",
            "quaternion_xyzw": [
                0.054244399070739746,
                -0.21546465158462524,
                0.6208428740501404,
                0.7517890334129333
            ],
            "quaternion_xyzw_world": [
                -0.01513703167438507,
                -0.821170449256897,
                -0.14608323574066162,
                0.551461398601532
            ],
            "segmentation_id": 2,
            "visibility": -1
        },
        {
            "bounding_box_minx_maxx_miny_maxy": [
                -1,
                -1,
                -1,
                -1
            ],
            "class": "2",
            "local_cuboid": null,
            "local_to_world_matrix": [
                [
                    -0.8113374710083008,
                    -0.1989719271659851,
                    -0.5496740937232971,
                    0.0
                ],
                [
                    -0.5828933119773865,
                    0.20402204990386963,
                    0.786517858505249,
                    0.0
                ],
                [
                    -0.04434937238693237,
                    0.9585328102111816,
                    -0.2815101146697998,
                    0.0
                ],
                [
                    1.922214150428772,
                    -0.6826064586639404,
                    0.34994280338287354,
                    1.0
                ]
            ],
            "location": [
                0.6826064586639404,
                0.34994280338287354,
                -1.922214150428772
            ],
            "location_world": [
                1.922214150428772,
                -0.6826064586639404,
                0.34994280338287354
            ],
            "name": "google_2_of_Jenga_Classic_Game_2",
            "projected_cuboid": [
                [
                    382.9928934574127,
                    182.46600031852722
                ],
                [
                    380.9138536453247,
                    159.03666615486145
                ],
                [
                    470.58308124542236,
                    133.06649029254913
                ],
                [
                    470.3432619571686,
                    157.00483322143555
                ],
                [
                    373.8441467285156,
                    171.3520586490631
                ],
                [
                    371.5995252132416,
                    148.41973781585693
                ],
                [
                    458.3570957183838,
                    123.38222563266754
                ],
                [
                    458.42912793159485,
                    146.78718149662018
                ],
                [
                    420.947790145874,
                    152.7102291584015
                ]
            ],
            "provenance": "nvisii",
            "quaternion_xyzw": [
                -0.30335813760757446,
                0.6211273074150085,
                0.12130492925643921,
                -0.7123621106147766
            ],
            "quaternion_xyzw_world": [
                -0.25794893503189087,
                0.7577713131904602,
                0.575718104839325,
                0.1667141318321228
            ],
            "segmentation_id": 3,
            "visibility": -1
        },
        {
            "bounding_box_minx_maxx_miny_maxy": [
                -1,
                -1,
                -1,
                -1
            ],
            "class": "2",
            "local_cuboid": null,
            "local_to_world_matrix": [
                [
                    -0.5395221710205078,
                    0.5496388077735901,
                    0.6378195285797119,
                    0.0
                ],
                [
                    0.21313107013702393,
                    -0.6437059640884399,
                    0.7349956631660461,
                    0.0
                ],
                [
                    0.8145500421524048,
                    0.53248530626297,
                    0.23014795780181885,
                    0.0
                ],
                [
                    0.7194557785987854,
                    -0.015337767079472542,
                    -0.11737363040447235,
                    1.0
                ]
            ],
            "location": [
                0.015337767079472542,
                -0.11737363040447235,
                -0.7194557785987854
            ],
            "location_world": [
                0.7194557785987854,
                -0.015337767079472542,
                -0.11737363040447235
            ],
            "name": "google_2_of_Jenga_Classic_Game_3",
            "projected_cuboid": [
                [
                    126.91579759120941,
                    286.4934504032135
                ],
                [
                    163.9699786901474,
                    246.16548418998718
                ],
                [
                    267.7718997001648,
                    302.25035548210144
                ],
                [
                    220.63592076301575,
                    357.965350151062
                ],
                [
                    159.30643677711487,
                    316.20970368385315
                ],
                [
                    194.1736787557602,
                    277.0780920982361
                ],
                [
                    301.6680181026459,
                    339.78918194770813
                ],
                [
                    258.1073045730591,
                    393.1868076324463
                ],
                [
                    205.04958927631378,
                    310.3226125240326
                ]
            ],
            "provenance": "nvisii",
            "quaternion_xyzw": [
                0.3639765679836273,
                0.8802250623703003,
                0.0048331618309021,
                -0.30446964502334595
            ],
            "quaternion_xyzw_world": [
                0.467449426651001,
                0.4079424738883972,
                0.776752233505249,
                0.10830601304769516
            ],
            "segmentation_id": 4,
            "visibility": -1
        },
        {
            "bounding_box_minx_maxx_miny_maxy": [
                -1,
                -1,
                -1,
                -1
            ],
            "class": "2",
            "local_cuboid": null,
            "local_to_world_matrix": [
                [
                    -0.07711827754974365,
                    -0.5208499431610107,
                    -0.8501577377319336,
                    0.0
                ],
                [
                    -0.3528120517730713,
                    0.8117805123329163,
                    -0.46533438563346863,
                    0.0
                ],
                [
                    0.9325108528137207,
                    0.2640601098537445,
                    -0.24636518955230713,
                    0.0
                ],
                [
                    1.688341498374939,
                    -0.14210078120231628,
                    0.596051037311554,
                    1.0
                ]
            ],
            "location": [
                0.14210078120231628,
                0.596051037311554,
                -1.688341498374939
            ],
            "location_world": [
                1.688341498374939,
                -0.14210078120231628,
                0.596051037311554
            ],
            "name": "google_2_of_Jenga_Classic_Game_4",
            "projected_cuboid": [
                [
                    286.65581345558167,
                    93.88449788093567
                ],
                [
                    265.9235894680023,
                    103.69712114334106
                ],
                [
                    296.3891625404358,
                    53.83896827697754
                ],
                [
                    319.9089765548706,
                    43.32791268825531
                ],
                [
                    274.0100026130676,
                    73.90730082988739
                ],
                [
                    253.14918160438538,
                    83.38388800621033
                ],
                [
                    281.428724527359,
                    30.40638566017151
                ],
                [
                    305.125892162323,
                    20.3419029712677
                ],
                [
                    284.2543125152588,
                    64.7207498550415
                ]
            ],
            "provenance": "nvisii",
            "quaternion_xyzw": [
                -0.8542094230651855,
                0.48639652132987976,
                0.0547119677066803,
                -0.17536017298698425
            ],
            "quaternion_xyzw_world": [
                -0.298942506313324,
                0.7306271195411682,
                -0.06887038052082062,
                0.6099789142608643
            ],
            "segmentation_id": 5,
            "visibility": -1
        },
        {
            "bounding_box_minx_maxx_miny_maxy": [
                -1,
                -1,
                -1,
                -1
            ],
            "class": "2",
            "local_cuboid": null,
            "local_to_world_matrix": [
                [
                    -0.796278715133667,
                    0.051283448934555054,
                    -0.6027528047561646,
                    0.0
                ],
                [
                    -0.1876247227191925,
                    0.9263249039649963,
                    0.326678991317749,
                    0.0
                ],
                [
                    0.5750981569290161,
                    0.37321871519088745,
                    -0.7279907464981079,
                    0.0
                ],
                [
                    1.4112969636917114,
                    -0.5081978440284729,
                    0.2705613076686859,
                    1.0
                ]
            ],
            "location": [
                0.5081978440284729,
                0.2705613076686859,
                -1.4112969636917114
            ],
            "location_world": [
                1.4112969636917114,
                -0.5081978440284729,
                0.2705613076686859
            ],
            "name": "google_2_of_Jenga_Classic_Game_5",
            "projected_cuboid": [
                [
                    419.25448179244995,
                    242.10584163665771
                ],
                [
                    390.34053683280945,
                    231.2137484550476
                ],
                [
                    455.4811716079712,
                    135.36886870861053
                ],
                [
                    487.15129494667053,
                    148.67347478866577
                ],
                [
                    414.1945242881775,
                    224.6820628643036
                ],
                [
                    386.3637447357178,
                    214.04461562633514
                ],
                [
                    448.1869637966156,
                    120.38569152355194
                ],
                [
                    478.56536507606506,
                    133.2778036594391
                ],
                [
                    433.13533067703247,
                    183.70836973190308
                ]
            ],
            "provenance": "nvisii",
            "quaternion_xyzw": [
                -0.5470685362815857,
                0.6987597346305847,
                -0.19333036243915558,
                -0.41841891407966614
            ],
            "quaternion_xyzw_world": [
                -0.03669867664575577,
                0.9287887811660767,
                0.18838989734649658,
                0.31703951954841614
            ],
            "segmentation_id": 6,
            "visibility": -1
        },
        {
            "bounding_box_minx_maxx_miny_maxy": [
                -1,
                -1,
                -1,
                -1
            ],
            "class": "2",
            "local_cuboid": null,
            "local_to_world_matrix": [
                [
                    -0.2788074016571045,
                    -0.37330541014671326,
                    -0.8848219513893127,
                    0.0
                ],
                [
                    0.9184733629226685,
                    0.16544753313064575,
                    -0.35921305418014526,
                    0.0
                ],
                [
                    0.2804878354072571,
                    -0.912836492061615,
                    0.29674285650253296,
                    0.0
                ],
                [
                    0.458916574716568,
                    0.050449829548597336,
                    0.3886362910270691,
                    1.0
                ]
            ],
            "location": [
                -0.050449829548597336,
                0.3886362910270691,
                -0.458916574716568
            ],
            "location_world": [
                0.458916574716568,
                0.050449829548597336,
                0.3886362910270691
            ],
            "name": "google_2_of_Jenga_Classic_Game_6",
            "projected_cuboid": [
                [
                    542.4027442932129,
                    -309.995174407959
                ],
                [
                    487.69181966781616,
                    -201.41935348510742
                ],
                [
                    197.03209400177002,
                    -169.91955041885376
                ],
                [
                    207.60071277618408,
                    -294.267475605011
                ],
                [
                    495.2229857444763,
                    -368.1032657623291
                ],
                [
                    448.7450420856476,
                    -255.94043731689453
                ],
                [
                    164.3800139427185,
                    -234.58433151245117
                ],
                [
                    168.53556036949158,
                    -364.2210364341736
                ],
                [
                    350.0603139400482,
                    -271.625280380249
                ]
            ],
            "provenance": "nvisii",
            "quaternion_xyzw": [
                -0.709402322769165,
                0.37012484669685364,
                -0.4199464023113251,
                0.4282536208629608
            ],
            "quaternion_xyzw_world": [
                0.25446128845214844,
                0.5356099605560303,
                -0.5937387347221375,
                0.543917179107666
            ],
            "segmentation_id": 7,
            "visibility": -1
        },
        {
            "bounding_box_minx_maxx_miny_maxy": [
                -1,
                -1,
                -1,
                -1
            ],
            "class": "2",
            "local_cuboid": null,
            "local_to_world_matrix": [
                [
                    0.5923184752464294,
                    -0.5477188229560852,
                    0.5909001231193542,
                    0.0
                ],
                [
                    0.6072350144386292,
                    -0.17855453491210938,
                    -0.7741988301277161,
                    0.0
                ],
                [
                    0.5295512080192566,
                    0.8173875212669373,
                    0.22683286666870117,
                    0.0
                ],
                [
                    1.7043509483337402,
                    0.019803451374173164,
                    0.10546417534351349,
                    1.0
                ]
            ],
            "location": [
                -0.019803451374173164,
                0.10546417534351349,
                -1.7043509483337402
            ],
            "location_world": [
                1.7043509483337402,
                0.019803451374173164,
                0.10546417534351349
            ],
            "name": "google_2_of_Jenga_Classic_Game_7",
            "projected_cuboid": [
                [
                    170.51774263381958,
                    175.97365379333496
                ],
                [
                    177.42286622524261,
                    198.64188134670258
                ],
                [
                    253.2084584236145,
                    216.91909432411194
                ],
                [
                    247.95882403850555,
                    192.74137914180756
                ],
                [
                    154.05797958374023,
                    189.60639834403992
                ],
                [
                    161.5898758172989,
                    212.46814727783203
                ],
                [
                    238.01542818546295,
                    232.49894380569458
                ],
                [
                    232.1469932794571,
                    208.12135934829712
                ],
                [
                    202.84464955329895,
                    203.04548740386963
                ]
            ],
            "provenance": "nvisii",
            "quaternion_xyzw": [
                -0.8443145751953125,
                -0.22783410549163818,
                0.41741132736206055,
                0.2469659447669983
            ],
            "quaternion_xyzw_world": [
                -0.6212970614433289,
                -0.02394838072359562,
                -0.4508516788482666,
                0.640428900718689
            ],
            "segmentation_id": 8,
            "visibility": -1
        },
        {
            "bounding_box_minx_maxx_miny_maxy": [
                -1,
                -1,
                -1,
                -1
            ],
            "class": "2",
            "local_cuboid": null,
            "local_to_world_matrix": [
                [
                    -0.82084059715271,
                    0.14483153820037842,
                    0.552490234375,
                    0.0
                ],
                [
                    0.17101380228996277,
                    -0.8606164455413818,
                    0.4796815812587738,
                    0.0
                ],
                [
                    0.5449550151824951,
                    0.4882253110408783,
                    0.6816599369049072,
                    0.0
                ],
                [
                    1.291878581047058,
                    -0.7217636704444885,
                    -0.49816828966140747,
                    1.0
                ]
            ],
            "location": [
                0.7217636704444885,
                -0.49816828966140747,
                -1.291878581047058
            ],
            "location_world": [
                1.291878581047058,
                -0.7217636704444885,
                -0.49816828966140747
            ],
            "name": "google_2_of_Jenga_Classic_Game_8",
            "projected_cuboid": [
                [
                    479.65848445892334,
                    377.23037600517273
                ],
                [
                    508.09162855148315,
                    358.7978780269623
                ],
                [
                    608.4723472595215,
                    467.3391878604889
                ],
                [
                    577.5824785232544,
                    489.3662929534912
                ],
                [
                    474.25591945648193,
                    389.46887850761414
                ],
                [
                    501.5062093734741,
                    371.71849608421326
                ],
                [
                    596.217930316925,
                    476.5258729457855
                ],
                [
                    566.712498664856,
                    497.5706934928894
                ],
                [
                    536.2387299537659,
                    425.4303574562073
                ]
            ],
            "provenance": "nvisii",
            "quaternion_xyzw": [
                0.4796983599662781,
                0.7364557981491089,
                0.1733459085226059,
                -0.4443802833557129
            ],
            "quaternion_xyzw_world": [
                0.2992139756679535,
                0.2638958692550659,
                0.9169401526451111,
                -0.007138483691960573
            ],
            "segmentation_id": 9,
            "visibility": -1
        },
        {
            "bounding_box_minx_maxx_miny_maxy": [
                -1,
                -1,
                -1,
                -1
            ],
            "class": "2",
            "local_cuboid": null,
            "local_to_world_matrix": [
                [
                    0.759668231010437,
                    0.6270937919616699,
                    -0.1722141057252884,
                    0.0
                ],
                [
                    0.18952229619026184,
                    0.03983396291732788,
                    0.9810682535171509,
                    0.0
                ],
                [
                    0.6220816373825073,
                    -0.7779247760772705,
                    -0.08858764171600342,
                    0.0
                ],
                [
                    1.0519882440567017,
                    -0.14134791493415833,
                    0.22939054667949677,
                    1.0
                ]
            ],
            "location": [
                0.14134791493415833,
                0.22939054667949677,
                -1.0519882440567017
            ],
            "location_world": [
                1.0519882440567017,
                -0.14134791493415833,
                0.22939054667949677
            ],
            "name": "google_2_of_Jenga_Classic_Game_9",
            "projected_cuboid": [
                [
                    416.0923361778259,
                    175.3644049167633
                ],
                [
                    412.405788898468,
                    136.98595762252808
                ],
                [
                    313.651978969574,
                    103.81577908992767
                ],
                [
                    316.4907395839691,
                    148.1935679912567
                ],
                [
                    449.38725233078003,
                    164.76625204086304
                ],
                [
                    445.07861137390137,
                    124.62970614433289
                ],
                [
                    346.3430404663086,
                    87.3497873544693
                ],
                [
                    349.86555576324463,
                    134.09045338630676
                ],
                [
                    384.6604824066162,
                    135.70138812065125
                ]
            ],
            "provenance": "nvisii",
            "quaternion_xyzw": [
                -0.05899116396903992,
                0.898643970489502,
                -0.07736930251121521,
                0.4277537167072296
            ],
            "quaternion_xyzw_world": [
                0.6723878979682922,
                0.30362534523010254,
                0.1672648787498474,
                0.6540097594261169
            ],
            "segmentation_id": 10,
            "visibility": -1
        },
        {
            "bounding_box_minx_maxx_miny_maxy": [
                -1,
                -1,
                -1,
                -1
            ],
            "class": "2",
            "local_cuboid": null,
            "local_to_world_matrix": [
                [
                    -0.4737643003463745,
                    0.3034422695636749,
                    -0.8267228603363037,
                    0.0
                ],
                [
                    -0.8636432886123657,
                    0.02352041006088257,
                    0.5035548210144043,
                    0.0
                ],
                [
                    0.17224475741386414,
                    0.9525597095489502,
                    0.25092238187789917,
                    0.0
                ],
                [
                    0.9601712822914124,
                    -0.6849638223648071,
                    0.5112031102180481,
                    1.0
                ]
            ],
            "location": [
                0.6849638223648071,
                0.5112031102180481,
                -0.9601712822914124
            ],
            "location_world": [
                0.9601712822914124,
                -0.6849638223648071,
                0.5112031102180481
            ],
            "name": "google_2_of_Jenga_Classic_Game_10",
            "projected_cuboid": [
                [
                    482.2845458984375,
                    -61.449646949768066
                ],
                [
                    498.7603425979614,
                    -112.08415031433105
                ],
                [
                    698.1381177902222,
                    -83.33525061607361
                ],
                [
                    665.9479141235352,
                    -32.23952651023865
                ],
                [
                    487.69545555114746,
                    -87.46352791786194
                ],
                [
                    503.94850969314575,
                    -138.10276985168457
                ],
                [
                    695.6965923309326,
                    -111.8830144405365
                ],
                [
                    664.8666858673096,
                    -60.617655515670776
                ],
                [
                    584.3415260314941,
                    -85.5676531791687
                ]
            ],
            "provenance": "nvisii",
            "quaternion_xyzw": [
                -0.30217868089675903,
                0.7034276723861694,
                0.3961195647716522,
                -0.5069191455841064
            ],
            "quaternion_xyzw_world": [
                -0.25089484453201294,
                0.5582029819488525,
                0.6521438360214233,
                0.4474034011363983
            ],
            "segmentation_id": 11,
            "visibility": -1
        },
        {
            "bounding_box_minx_maxx_miny_maxy": [
                -1,
                -1,
                -1,
                -1
            ],
            "class": "2",
            "local_cuboid": null,
            "local_to_world_matrix": [
                [
                    -0.9463316202163696,
                    -0.2699263393878937,
                    -0.17775298655033112,
                    0.0
                ],
                [
                    -0.19786697626113892,
                    0.918734073638916,
                    -0.34172558784484863,
                    0.0
                ],
                [
                    0.25554847717285156,
                    -0.2882143259048462,
                    -0.9228366613388062,
                    0.0
                ],
                [
                    0.5705834627151489,
                    -0.1534956395626068,
                    0.3744628131389618,
                    1.0
                ]
            ],
            "location": [
                0.1534956395626068,
                0.3744628131389618,
                -0.5705834627151489
            ],
            "location_world": [
                0.5705834627151489,
                -0.1534956395626068,
                0.3744628131389618
            ],
            "name": "google_2_of_Jenga_Classic_Game_11",
            "projected_cuboid": [
                [
                    531.2127470970154,
                    139.98690247535706
                ],
                [
                    460.95791459083557,
                    165.96746444702148
                ],
                [
                    394.1597640514374,
                    -155.91591596603394
                ],
                [
                    476.15721821784973,
                    -175.54804682731628
                ],
                [
                    482.2278916835785,
                    139.6244466304779
                ],
                [
                    418.53809356689453,
                    162.71933913230896
                ],
                [
                    354.7758460044861,
                    -119.49101090431213
                ],
                [
                    427.908331155777,
                    -137.73253560066223
                ],
                [
                    444.20596957206726,
                    12.029856443405151
                ]
            ],
            "provenance": "nvisii",
            "quaternion_xyzw": [
                -0.6832277178764343,
                0.4012158215045929,
                -0.45173296332359314,
                -0.41007691621780396
            ],
            "quaternion_xyzw_world": [
                -0.12017790228128433,
                0.9731267094612122,
                -0.1618339866399765,
                0.11131680756807327
            ],
            "segmentation_id": 12,
            "visibility": -1
        },
        {
            "bounding_box_minx_maxx_miny_maxy": [
                -1,
                -1,
                -1,
                -1
            ],
            "class": "2",
            "local_cuboid": null,
            "local_to_world_matrix": [
                [
                    -0.2295292615890503,
                    -0.8988254070281982,
                    0.3734022378921509,
                    0.0
                ],
                [
                    0.6714946031570435,
                    0.13147896528244019,
                    0.7292519211769104,
                    0.0
                ],
                [
                    -0.7045646905899048,
                    0.41812223196029663,
                    0.5733780860900879,
                    0.0
                ],
                [
                    1.4572162628173828,
                    -0.6841791272163391,
                    -0.6026086807250977,
                    1.0
                ]
            ],
            "location": [
                0.6841791272163391,
                -0.6026086807250977,
                -1.4572162628173828
            ],
            "location_world": [
                1.4572162628173828,
                -0.6841791272163391,
                -0.6026086807250977
            ],
            "name": "google_2_of_Jenga_Classic_Game_12",
            "projected_cuboid": [
                [
                    549.8080253601074,
                    474.3286669254303
                ],
                [
                    531.1571359634399,
                    435.0712299346924
                ],
                [
                    541.8926477432251,
                    477.7376353740692
                ],
                [
                    558.2687854766846,
                    513.0085349082947
                ],
                [
                    510.66839694976807,
                    485.46141386032104
                ],
                [
                    494.00144815444946,
                    446.2657868862152
                ],
                [
                    509.72312688827515,
                    486.8738353252411
                ],
                [
                    524.6245861053467,
                    522.0608711242676
                ],
                [
                    527.6892185211182,
                    481.2510907649994
                ]
            ],
            "provenance": "nvisii",
            "quaternion_xyzw": [
                -0.3409578204154968,
                -0.17738506197929382,
                0.13828173279762268,
                0.9127762913703918
            ],
            "quaternion_xyzw_world": [
                0.12807583808898926,
                -0.44374263286590576,
                -0.6464186906814575,
                0.6073153614997864
            ],
            "segmentation_id": 13,
            "visibility": -1
        },
        {
            "bounding_box_minx_maxx_miny_maxy": [
                -1,
                -1,
                -1,
                -1
            ],
            "class": "2",
            "local_cuboid": null,
            "local_to_world_matrix": [
                [
                    -0.3233218193054199,
                    -0.34013980627059937,
                    0.8830448985099792,
