{
    "camera_data": {
        "camera_look_at": {
            "at": [
                1.0,
                0.0,
                0.0
            ],
            "eye": [
                0.0,
                0.0,
                0.0
            ],
            "up": [
                0.0,
                0.0,
                1.0
            ]
        },
        "camera_view_matrix": [
            [
                0.0,
                0.0,
                -1.0,
                0.0
            ],
            [
                -1.0,
                0.0,
                0.0,
                0.0
            ],
            [
                0.0,
                1.0,
                0.0,
                0.0
            ],
            [
                0.0,
                0.0,
                0.0,
                1.0
            ]
        ],
        "height": 500,
        "intrinsics": {
            "cx": 250.0,
            "cy": 250.0,
            "fx": 603.5535278320312,
            "fy": 603.5535278320312
        },
        "location_world": [
            0.0,
            0.0,
            0.0
        ],
        "quaternion_world_xyzw": [
            0.5,
            -0.5,
            -0.5,
            0.5
        ],
        "width": 500
    },
    "objects": [
        {
            "bounding_box_minx_maxx_miny_maxy": [
                -1,
                -1,
                -1,
                -1
            ],
            "class": "2",
            "local_cuboid": null,
            "local_to_world_matrix": [
                [
                    0.6400336027145386,
                    0.7127981781959534,
                    -0.2868375778198242,
                    0.0
                ],
                [
                    -0.558302104473114,
                    0.1749623417854309,
                    -0.8109790086746216,
                    0.0
                ],
                [
                    -0.5278785824775696,
                    0.6791958808898926,
                    0.5099384784698486,
                    0.0
                ],
                [
                    0.3883444368839264,
                    0.2672964334487915,
                    0.14807169139385223,
                    1.0
                ]
            ],
            "location": [
                -0.2672964334487915,
                0.14807169139385223,
                -0.3883444368839264
            ],
            "location_world": [
                0.3883444368839264,
                0.2672964334487915,
                0.14807169139385223
            ],
            "name": "google_2_of_Jenga_Classic_Game_0",
            "projected_cuboid": [
                [
                    -787.439227104187,
                    -432.4895739555359
                ],
                [
                    -1032.6292514801025,
                    -393.66549253463745
                ],
                [
                    -218.5460925102234,
                    91.3020670413971
                ],
                [
                    -147.62386679649353,
                    13.87496292591095
                ],
                [
                    -866.7676448822021,
                    -639.4562125205994
                ],
                [
                    -1198.9293098449707,
                    -642.6981091499329
                ],
                [
                    -188.26603889465332,
                    27.479857206344604
                ],
                [
                    -111.77477240562439,
                    -52.27646231651306
                ],
                [
                    -460.63268184661865,
                    -181.60879611968994
                ]
            ],
            "provenance": "nvisii",
            "quaternion_xyzw": [
                -0.3775918185710907,
                0.3057534396648407,
                0.8734495043754578,
                -0.032021090388298035
            ],
            "quaternion_xyzw_world": [
                -0.4886544644832611,
                -0.07904156297445297,
                0.4168160855770111,
                0.7623867988586426
            ],
            "segmentation_id": 1,
            "visibility": -1
        },
        {
            "bounding_box_minx_maxx_miny_maxy": [
                -1,
                -1,
                -1,
                -1
            ],
            "class": "2",
            "local_cuboid": null,
            "local_to_world_matrix": [
                [
                    -0.9428941011428833,
                    0.24510976672172546,
                    -0.22554971277713776,
                    0.0
                ],
                [
                    0.29814133048057556,
                    0.9229857921600342,
                    -0.24332894384860992,
                    0.0
                ],
                [
                    0.14853690564632416,
                    -0.2966790199279785,
                    -0.9433552026748657,
                    0.0
                ],
                [
                    1.6739609241485596,
                    0.7764872312545776,
                    0.31831592321395874,
                    1.0
                ]
            ],
            "location": [
                -0.7764872312545776,
                0.31831592321395874,
                -1.6739609241485596
            ],
            "location_world": [
                1.6739609241485596,
                0.7764872312545776,
                0.31831592321395874
            ],
            "name": "google_2_of_Jenga_Classic_Game_1",
            "projected_cuboid": [
                [
                    10.945305228233337,
                    234.02029275894165
                ],
                [
                    -13.287395238876343,
                    241.5837198495865
                ],
                [
                    -51.92464590072632,
                    140.5293196439743
                ],
                [
                    -27.64347195625305,
                    131.19754195213318
                ],
                [
                    27.85252034664154,
                    228.53775322437286
                ],
                [
                    4.398956894874573,
                    235.8609288930893
                ],
                [
                    -32.1258008480072,
                    139.02312517166138
                ],
                [
                    -8.614510297775269,
                    130.07766008377075
                ],
                [
                    -10.946989059448242,
                    185.73500216007233
                ]
            ],
            "provenance": "nvisii",
            "quaternion_xyzw": [
                -0.5354335308074951,
                0.5362644195556641,
                -0.5787706971168518,
                -0.3012576103210449
            ],
            "quaternion_xyzw_world": [
                0.13917195796966553,
                0.9758630990982056,
                -0.13834111392498016,
                0.09583480656147003
            ],
            "segmentation_id": 2,
            "visibility": -1
        },
        {
            "bounding_box_minx_maxx_miny_maxy": [
                -1,
                -1,
                -1,
                -1
            ],
            "class": "2",
            "local_cuboid": null,
            "local_to_world_matrix": [
                [
                    -0.07602643966674805,
                    0.5118198394775391,
                    0.8557221293449402,
                    0.0
                ],
                [
                    0.9517678022384644,
                    0.29309332370758057,
                    -0.09074372053146362,
                    0.0
                ],
                [
                    -0.29725080728530884,
                    0.8075498342514038,
                    -0.5094163417816162,
                    0.0
                ],
                [
                    0.301218181848526,
                    -0.3902415633201599,
                    0.49347764253616333,
                    1.0
                ]
            ],
            "location": [
                0.3902415633201599,
                0.49347764253616333,
                -0.301218181848526
            ],
            "location_world": [
                0.301218181848526,
                -0.3902415633201599,
                0.49347764253616333
            ],
            "name": "google_2_of_Jenga_Classic_Game_2",
            "projected_cuboid": [
                [
                    766.7549252510071,
                    -1097.744345664978
                ],
                [
                    542.2780513763428,
                    -648.7732529640198
                ],
                [
                    888.0252242088318,
                    -683.5612058639526
                ],
                [
                    1144.6547508239746,
                    -992.2769069671631
                ],
                [
                    886.8030309677124,
                    -822.1660852432251
                ],
                [
                    630.0930380821228,
                    -469.64365243911743
                ],
                [
                    947.677731513977,
                    -548.9901304244995
                ],
                [
                    1216.636061668396,
                    -809.7277879714966
                ],
                [
                    887.6051306724548,
                    -731.1950325965881
                ]
            ],
            "provenance": "nvisii",
            "quaternion_xyzw": [
                0.2653643786907196,
                0.5300531387329102,
                -0.6891687512397766,
                -0.4167395234107971
            ],
            "quaternion_xyzw_world": [
                0.5339233875274658,
                0.685298502445221,
                0.26149412989616394,
                -0.4206097722053528
            ],
            "segmentation_id": 3,
            "visibility": -1
        },
        {
            "bounding_box_minx_maxx_miny_maxy": [
                -1,
                -1,
                -1,
                -1
            ],
            "class": "2",
            "local_cuboid": null,
            "local_to_world_matrix": [
                [
                    0.5200023651123047,
                    -0.7344219088554382,
                    -0.43614447116851807,
                    0.0
                ],
                [
                    0.8265718817710876,
                    0.3039267063140869,
                    0.4737166464328766,
                    0.0
                ],
                [
                    -0.2153518795967102,
                    -0.606838583946228,
                    0.7650951147079468,
                    0.0
                ],
                [
                    1.6889944076538086,
                    -0.3504522740840912,
                    -0.364571213722229,
                    1.0
                ]
            ],
            "location": [
                0.3504522740840912,
                -0.364571213722229,
                -1.6889944076538086
            ],
            "location_world": [
                1.6889944076538086,
                -0.3504522740840912,
                -0.364571213722229
            ],
            "name": "google_2_of_Jenga_Classic_Game_3",
            "projected_cuboid": [
                [
                    463.2742404937744,
                    316.7705237865448
                ],
                [
                    445.2100396156311,
                    299.64131116867065
                ],
                [
                    376.8394887447357,
                    375.17663836479187
                ],
                [
                    391.37551188468933,
                    394.81064677238464
                ],
                [
                    446.58124446868896,
                    305.29311299324036
                ],
                [
                    428.77548933029175,
                    288.22386264801025
                ],
                [
                    359.3652844429016,
                    365.9999370574951
                ],
                [
                    373.51977825164795,
                    385.7349455356598
                ],
                [
                    409.88296270370483,
                    342.0659303665161
                ]
            ],
            "provenance": "nvisii",
            "quaternion_xyzw": [
                -0.5112126469612122,
                0.36191946268081665,
                -0.04246576130390167,
                0.7783781886100769
            ],
            "quaternion_xyzw_world": [
                0.3357754051685333,
                0.06860984116792679,
                -0.48506855964660645,
                0.8045222759246826
            ],
            "segmentation_id": 4,
            "visibility": -1
        },
        {
            "bounding_box_minx_maxx_miny_maxy": [
                -1,
                -1,
                -1,
                -1
            ],
            "class": "2",
            "local_cuboid": null,
            "local_to_world_matrix": [
                [
                    0.586763858795166,
                    -0.5420459508895874,
                    -0.601576566696167,
                    0.0
                ],
                [
                    0.31868505477905273,
                    -0.5283777713775635,
                    0.786928653717041,
                    0.0
                ],
                [
                    -0.7444112300872803,
                    -0.6534547805786133,
                    -0.13729095458984375,
                    0.0
                ],
                [
                    1.8513566255569458,
                    0.21350884437561035,
                    0.39309653639793396,
                    1.0
                ]
            ],
            "location": [
                -0.21350884437561035,
                0.39309653639793396,
                -1.8513566255569458
            ],
            "location_world": [
                1.8513566255569458,
                0.21350884437561035,
                0.39309653639793396
            ],
            "name": "google_2_of_Jenga_Classic_Game_4",
            "projected_cuboid": [
                [
                    241.33732914924622,
                    141.29307866096497
                ],
                [
                    257.5964629650116,
                    119.03676390647888
                ],
                [
                    195.70133090019226,
                    121.30002677440643
                ],
                [
                    180.44695258140564,
                    140.98861813545227
                ],
                [
                    224.9288707971573,
                    120.21090090274811
                ],
                [
                    241.92321300506592,
                    97.6695865392685
                ],
                [
                    180.32294511795044,
                    102.51255333423615
                ],
                [
                    164.45142030715942,
                    122.42475152015686
                ],
                [
                    209.09641683101654,
                    120.8009123802185
                ]
            ],
            "provenance": "nvisii",
            "quaternion_xyzw": [
                -0.05173501372337341,
                0.3537200689315796,
                -0.32227182388305664,
                0.8765537738800049
            ],
            "quaternion_xyzw_world": [
                0.7504053115844727,
                -0.07441341876983643,
                -0.4484202563762665,
                0.47986850142478943
            ],
            "segmentation_id": 5,
            "visibility": -1
        },
        {
            "bounding_box_minx_maxx_miny_maxy": [
                -1,
                -1,
                -1,
                -1
            ],
            "class": "2",
            "local_cuboid": null,
            "local_to_world_matrix": [
                [
                    0.9999759793281555,
                    0.0051837801001966,
                    -0.004594850353896618,
                    0.0
                ],
                [
                    0.0055141630582511425,
                    -0.19420933723449707,
                    0.9809448719024658,
                    0.0
                ],
                [
                    0.004192640073597431,
                    -0.9809466600418091,
                    -0.19423329830169678,
                    0.0
                ],
                [
                    1.4538884162902832,
                    -0.36467471718788147,
                    -0.3597240149974823,
                    1.0
                ]
            ],
            "location": [
                0.36467471718788147,
                -0.3597240149974823,
                -1.4538884162902832
            ],
            "location_world": [
                1.4538884162902832,
                -0.36467471718788147,
                -0.3597240149974823
            ],
            "name": "google_2_of_Jenga_Classic_Game_5",
            "projected_cuboid": [
                [
                    509.6285343170166,
                    435.02289056777954
                ],
                [
                    516.1690711975098,
                    401.5207886695862
                ],
                [
                    400.59709548950195,
                    378.71795892715454
                ],
                [
                    394.01519298553467,
                    412.2404456138611
                ],
                [
                    524.2726802825928,
                    445.18011808395386
                ],
                [
                    531.1728119850159,
                    409.8081886768341
                ],
                [
                    409.1692566871643,
                    385.7409358024597
                ],
                [
                    402.22299098968506,
                    421.13566398620605
                ],
                [
                    460.77415347099304,
                    411.0565781593323
                ]
            ],
            "provenance": "nvisii",
            "quaternion_xyzw": [
                0.06720155477523804,
                0.7053937911987305,
                -0.0707927942276001,
                0.7020628452301025
            ],
            "quaternion_xyzw_world": [
                0.7727254629135132,
                0.0034611073788255453,
                -0.00013012703857384622,
                0.634731113910675
            ],
            "segmentation_id": 6,
            "visibility": -1
        },
        {
            "bounding_box_minx_maxx_miny_maxy": [
                -1,
                -1,
                -1,
                -1
            ],
            "class": "2",
            "local_cuboid": null,
            "local_to_world_matrix": [
                [
                    -0.8463935852050781,
                    0.4136068820953369,
                    0.3354808986186981,
                    0.0
                ],
                [
                    0.1416342705488205,
                    0.7820773720741272,
                    -0.6068729162216187,
                    0.0
                ],
                [
                    -0.5133788585662842,
                    -0.4661376476287842,
                    -0.7205262184143066,
                    0.0
                ],
                [
                    1.1281150579452515,
                    -0.11310481280088425,
                    -0.34464550018310547,
                    1.0
                ]
            ],
            "location": [
                0.11310481280088425,
                -0.34464550018310547,
                -1.1281150579452515
            ],
            "location_world": [
                1.1281150579452515,
                -0.11310481280088425,
                -0.34464550018310547
            ],
            "name": "google_2_of_Jenga_Classic_Game_6",
            "projected_cuboid": [
                [
                    421.0115075111389,
                    581.8908214569092
                ],
                [
                    376.9395351409912,
                    610.2457046508789
                ],
                [
                    284.98703241348267,
                    445.76460123062134
                ],
                [
                    321.9788670539856,
                    419.5083975791931
                ],
                [
                    429.2401671409607,
                    575.7380127906799
                ],
                [
                    387.9634141921997,
                    602.3046374320984
                ],
                [
                    299.8538017272949,
                    448.25029373168945
                ],
                [
                    334.86202359199524,
                    423.5369563102722
                ],
                [
                    353.8554310798645,
                    507.81571865081787
                ]
            ],
            "provenance": "nvisii",
            "quaternion_xyzw": [
                -0.41227635741233826,
                0.27081137895584106,
                -0.7959049344062805,
                -0.35103386640548706
            ],
            "quaternion_xyzw_world": [
                0.15170304477214813,
                0.9150132536888123,
                -0.2931680381298065,
                -0.23192553222179413
            ],
            "segmentation_id": 7,
            "visibility": -1
        },
        {
            "bounding_box_minx_maxx_miny_maxy": [
                -1,
                -1,
                -1,
                -1
            ],
            "class": "2",
            "local_cuboid": null,
            "local_to_world_matrix": [
                [
                    -0.8423504829406738,
                    -0.393483966588974,
                    0.36826083064079285,
                    0.0
                ],
                [
                    -0.0063801109790802,
                    0.6905512809753418,
                    0.7232552766799927,
                    0.0
                ],
                [
                    -0.5388923287391663,
                    0.6068848371505737,
                    -0.5841966867446899,
                    0.0
                ],
                [
                    1.9030351638793945,
                    -0.2294510453939438,
                    0.8082332611083984,
                    1.0
                ]
            ],
            "location": [
                0.2294510453939438,
                0.8082332611083984,
                -1.9030351638793945
            ],
            "location_world": [
                1.9030351638793945,
                -0.2294510453939438,
                0.8082332611083984
            ],
            "name": "google_2_of_Jenga_Classic_Game_7",
            "projected_cuboid": [
                [
                    284.13712978363037,
                    30.96507489681244
                ],
                [
                    263.59328627586365,
                    9.368091821670532
                ],
                [
                    319.6772336959839,
                    -25.460630655288696
                ],
                [
                    338.47570419311523,
                    -5.671501159667969
                ],
                [
                    272.3318636417389,
                    49.001216888427734
                ],
                [
                    252.55197286605835,
                    28.216585516929626
                ],
                [
                    307.6086640357971,
                    -6.9491565227508545
                ],
                [
                    325.7654309272766,
                    12.155786156654358
                ],
                [
                    296.591192483902,
                    10.847583413124084
                ]
            ],
            "provenance": "nvisii",
            "quaternion_xyzw": [
                -0.1812017858028412,
                0.4446568489074707,
                -0.32486656308174133,
                -0.8148054480552673
            ],
            "quaternion_xyzw_world": [
                -0.11324188858270645,
                0.8827653527259827,
                0.37669697403907776,
                -0.256906658411026
            ],
            "segmentation_id": 8,
            "visibility": -1
        },
        {
            "bounding_box_minx_maxx_miny_maxy": [
                -1,
                -1,
                -1,
                -1
            ],
            "class": "2",
            "local_cuboid": null,
            "local_to_world_matrix": [
                [
                    -0.10351502895355225,
                    0.5704843401908875,
                    0.8147592544555664,
                    0.0
                ],
                [
                    0.9512656331062317,
                    -0.1824510097503662,
                    0.24860769510269165,
                    0.0
                ],
                [
                    0.29048022627830505,
                    0.8007869124412537,
                    -0.5237959623336792,
                    0.0
                ],
                [
                    0.21460288763046265,
                    -0.3143555223941803,
                    0.021719468757510185,
                    1.0
                ]
            ],
            "location": [
                0.3143555223941803,
                0.021719468757510185,
                -0.21460288763046265
            ],
            "location_world": [
                0.21460288763046265,
                -0.3143555223941803,
                0.021719468757510185
            ],
            "name": "google_2_of_Jenga_Classic_Game_8",
            "projected_cuboid": [
                [
                    368.8427209854126,
                    509.38087701797485
                ],
                [
                    368.1047856807709,
                    409.51842069625854
                ],
                [
                    971.3192582130432,
                    95.10457515716553
                ],
                [
                    1256.8846940994263,
                    96.44368290901184
                ],
                [
                    468.30084919929504,
                    648.6459970474243
                ],
                [
                    444.33480501174927,
                    518.6069011688232
                ],
                [
                    1053.507685661316,
                    249.87569451332092
                ],
                [
                    1362.993597984314,
                    320.8004832267761
                ],
                [
                    713.599681854248,
                    378.7093460559845
                ]
            ],
            "provenance": "nvisii",
            "quaternion_xyzw": [
                0.3432886004447937,
                0.7262183427810669,
                -0.5077885389328003,
                -0.3113050162792206
            ],
            "quaternion_xyzw_world": [
                0.6329952478408813,
                0.6010116338729858,
                0.436511754989624,
                -0.21808190643787384
            ],
            "segmentation_id": 9,
            "visibility": -1
        },
        {
            "bounding_box_minx_maxx_miny_maxy": [
                -1,
                -1,
                -1,
                -1
            ],
            "class": "2",
            "local_cuboid": null,
            "local_to_world_matrix": [
                [
                    0.3672390580177307,
                    0.37208062410354614,
                    -0.8524619936943054,
                    0.0
                ],
                [
                    -0.8175987601280212,
                    -0.307841420173645,
                    -0.48658591508865356,
                    0.0
                ],
                [
                    -0.44347232580184937,
                    0.8756652474403381,
                    0.19116133451461792,
                    0.0
                ],
                [
                    1.8441129922866821,
                    -0.6169804334640503,
                    0.7420491576194763,
                    1.0
                ]
            ],
            "location": [
                0.6169804334640503,
                0.7420491576194763,
                -1.8441129922866821
            ],
            "location_world": [
                1.8441129922866821,
                -0.6169804334640503,
                0.7420491576194763
            ],
            "name": "google_2_of_Jenga_Classic_Game_9",
            "projected_cuboid": [
                [
                    364.1410171985626,
                    -18.594354391098022
                ],
                [
                    378.04925441741943,
                    -14.903098344802856
                ],
                [
                    453.5878002643585,
                    22.38433063030243
                ],
                [
                    437.8765821456909,
                    17.585918307304382
                ],
                [
                    376.26028060913086,
                    -46.478837728500366
                ],
                [
                    390.9127414226532,
                    -43.879151344299316
                ],
                [
                    466.7421579360962,
                    -3.89900803565979
                ],
                [
                    450.29962062835693,
                    -7.798671722412109
                ],
                [
                    415.89608788490295,
                    -11.18159294128418
                ]
            ],
            "provenance": "nvisii",
            "quaternion_xyzw": [
                -0.4095829725265503,
                0.3324238061904907,
                0.7586400508880615,
                -0.382362961769104
            ],
            "quaternion_xyzw_world": [
                -0.6090810894966125,
                0.18286485970020294,
                0.531921923160553,
                0.5591419339179993
            ],
            "segmentation_id": 10,
            "visibility": -1
        },
        {
            "bounding_box_minx_maxx_miny_maxy": [
                -1,
                -1,
                -1,
                -1
            ],
            "class": "2",
            "local_cuboid": null,
            "local_to_world_matrix": [
                [
                    0.5022745728492737,
                    -0.6501045823097229,
                    -0.5701618194580078,
                    0.0
                ],
                [
                    0.1729077249765396,
                    -0.5705434083938599,
                    0.8028596639633179,
                    0.0
                ],
                [
                    -0.8472445011138916,
                    -0.5018414258956909,
                    -0.17416155338287354,
                    0.0
                ],
                [
                    1.8886798620224,
                    0.49514082074165344,
                    -0.7215909361839294,
                    1.0
                ]
            ],
            "location": [
                -0.49514082074165344,
                -0.7215909361839294,
                -1.8886798620224
            ],
            "location_world": [
                1.8886798620224,
                0.49514082074165344,
                -0.7215909361839294
            ],
            "name": "google_2_of_Jenga_Classic_Game_10",
            "projected_cuboid": [
                [
                    123.34367632865906,
                    552.512526512146
                ],
                [
                    141.88094437122345,
                    525.3394842147827
                ],
                [
                    109.66634750366211,
                    473.74436259269714
                ],
                [
                    93.29472482204437,
                    496.9840347766876
                ],
                [
                    101.05742514133453,
                    543.1199073791504
                ],
                [
                    120.24548649787903,
                    515.3700113296509
                ],
                [
                    90.2044028043747,
                    464.00025486946106
                ],
                [
                    73.33165407180786,
                    487.65814304351807
                ],
                [
                    105.72980344295502,
                    505.4672956466675
                ]
            ],
            "provenance": "nvisii",
            "quaternion_xyzw": [
                0.00034502893686294556,
                0.27636513113975525,
                -0.3139587938785553,
                0.9083238840103149
            ],
            "quaternion_xyzw_world": [
                0.7494964003562927,
                -0.15917249023914337,
                -0.4727862477302551,
                0.4351925849914551
            ],
            "segmentation_id": 11,
            "visibility": -1
        },
        {
            "bounding_box_minx_maxx_miny_maxy": [
                -1,
                -1,
                -1,
                -1
            ],
            "class": "2",
            "local_cuboid": null,
            "local_to_world_matrix": [
                [
                    0.31275123357772827,
                    0.8422302007675171,
                    0.4391297698020935,
                    0.0
                ],
                [
                    0.19775617122650146,
                    0.39445263147354126,
                    -0.8973848819732666,
                    0.0
                ],
                [
                    -0.9290205836296082,
                    0.36749884486198425,
                    -0.043190717697143555,
                    0.0
                ],
                [
                    1.366477131843567,
                    0.07156996428966522,
                    -0.6554980278015137,
                    1.0
                ]
            ],
            "location": [
                -0.07156996428966522,
                -0.6554980278015137,
                -1.366477131843567
            ],
            "location_world": [
                1.366477131843567,
                0.07156996428966522,
                -0.6554980278015137
            ],
            "name": "google_2_of_Jenga_Classic_Game_11",
            "projected_cuboid": [
                [
                    142.6679491996765,
                    586.5612030029297
                ],
                [
                    126.2577772140503,
                    622.5119829177856
                ],
                [
                    197.17174768447876,
                    544.1489815711975
                ],
                [
                    211.19657158851624,
                    514.3619775772095
                ],
                [
                    177.52663791179657,
                    613.7497425079346
                ],
                [
                    160.21192073822021,
                    650.0973701477051
                ],
                [
                    225.64736008644104,
                    564.821183681488
                ],
                [
                    240.28262495994568,
                    534.7446203231812
                ],
                [
                    188.59714269638062,
                    574.5280385017395
                ]
            ],
            "provenance": "nvisii",
            "quaternion_xyzw": [
                -0.17757681012153625,
                -0.06289832293987274,
                0.9576841592788696,
                0.21760371327400208
            ],
            "quaternion_xyzw_world": [
                -0.49027779698371887,
                -0.5303046703338623,
                0.24980264902114868,
                0.644983172416687
            ],
            "segmentation_id": 12,
            "visibility": -1
        },
        {
            "bounding_box_minx_maxx_miny_maxy": [
                -1,
                -1,
                -1,
                -1
            ],
            "class": "2",
            "local_cuboid": null,
            "local_to_world_matrix": [
                [
                    0.688982367515564,
                    -0.7186393141746521,
                    -0.09413173794746399,
                    0.0
                ],
                [
                    -0.40896302461624146,
                    -0.27824628353118896,
                    -0.8690961599349976,
                    0.0
                ],
                [
                    0.5983748435974121,
                    0.6372883319854736,
                    -0.4856036901473999,
                    0.0
                ],
                [
                    1.7908565998077393,
                    0.6282345056533813,
                    0.2326626181602478,
                    1.0
                ]
            ],
            "location": [
                -0.6282345056533813,
                0.2326626181602478,
                -1.7908565998077393
            ],
            "location_world": [
                1.7908565998077393,
                0.6282345056533813,
                0.2326626181602478
            ],
            "name": "google_2_of_Jenga_Classic_Game_12",
            "projected_cuboid": [
                [
                    10.446876287460327,
                    212.81909942626953
                ],
                [
                    13.437435030937195,
                    234.589084982872
                ],
                [
                    52.867576479911804,
                    185.5522096157074
                ],
                [
                    48.85034263134003,
                    162.63163089752197
                ],
                [
                    -13.70587944984436,
                    209.49415862560272
                ],
                [
                    -11.064887046813965,
                    231.8202555179596
                ],
                [
                    27.14015543460846,
                    180.98019063472748
                ],
                [
                    23.49919080734253,
                    157.44875371456146
                ],
                [
                    18.207699060440063,
                    198.01703095436096
                ]
            ],
            "provenance": "nvisii",
            "quaternion_xyzw": [
                0.8924839496612549,
                0.05157363414764404,
                -0.3715111017227173,
                0.2505834102630615
            ],
            "quaternion_xyzw_world": [
                0.7830760478973389,
                -0.35999131202697754,
                0.16098153591156006,
                -0.4809189736843109
            ],
            "segmentation_id": 13,
            "visibility": -1
        },
        {
            "bounding_box_minx_maxx_miny_maxy": [
                -1,
                -1,
                -1,
                -1
            ],
            "class": "2",
            "local_cuboid": null,
            "local_to_world_matrix": [
                [
                    0.7590959072113037,
                    -0.06396842002868652,
