{
    "camera_data": {
        "camera_look_at": {
            "at": [
                1.0,
                0.0,
                0.0
            ],
            "eye": [
                0.0,
                0.0,
                0.0
            ],
            "up": [
                0.0,
                0.0,
                1.0
            ]
        },
        "camera_view_matrix": [
            [
                0.0,
                0.0,
                -1.0,
                0.0
            ],
            [
                -1.0,
                0.0,
                0.0,
                0.0
            ],
            [
                0.0,
                1.0,
                0.0,
                0.0
            ],
            [
                0.0,
                0.0,
                0.0,
                1.0
            ]
        ],
        "height": 500,
        "intrinsics": {
            "cx": 250.0,
            "cy": 250.0,
            "fx": 603.5535278320312,
            "fy": 603.5535278320312
        },
        "location_world": [
            0.0,
            0.0,
            0.0
        ],
        "quaternion_world_xyzw": [
            0.5,
            -0.5,
            -0.5,
            0.5
        ],
        "width": 500
    },
    "objects": [
        {
            "bounding_box_minx_maxx_miny_maxy": [
                -1,
                -1,
                -1,
                -1
            ],
            "class": "2",
            "local_cuboid": null,
            "local_to_world_matrix": [
                [
                    0.5500789284706116,
                    0.7563657760620117,
                    0.3540113568305969,
                    0.0
                ],
                [
                    -0.4289042055606842,
                    0.6196035146713257,
                    -0.6573679447174072,
                    0.0
                ],
                [
                    -0.7165573239326477,
                    0.20976731181144714,
                    0.6652392745018005,
                    0.0
                ],
                [
                    0.3807099759578705,
                    0.4209032654762268,
                    0.16514648497104645,
                    1.0
                ]
            ],
            "location": [
                -0.4209032654762268,
                0.16514648497104645,
                -0.3807099759578705
            ],
            "location_world": [
                0.3807099759578705,
                0.4209032654762268,
                0.16514648497104645
            ],
            "name": "google_2_of_Jenga_Classic_Game_0",
            "projected_cuboid": [
                [
                    -1138.2538080215454,
                    -896.4425325393677
                ],
                [
                    -1605.9982776641846,
                    -942.2606229782104
                ],
                [
                    -498.9212155342102,
                    12.265890836715698
                ],
                [
                    -359.3321442604065,
                    -46.92697525024414
                ],
                [
                    -1282.633662223816,
                    -1092.4493074417114
                ],
                [
                    -1944.3433284759521,
                    -1207.3148488998413
                ],
                [
                    -488.61420154571533,
                    31.44744038581848
                ],
                [
                    -333.9530825614929,
                    -36.39858961105347
                ],
                [
                    -737.1323704719543,
                    -323.51481914520264
                ]
            ],
            "provenance": "nvisii",
            "quaternion_xyzw": [
                -0.2147352397441864,
                0.30920886993408203,
                0.8846313953399658,
                0.27514708042144775
            ],
            "quaternion_xyzw_world": [
                -0.2575053870677948,
                -0.3179171681404114,
                0.35197898745536804,
                0.8418613076210022
            ],
            "segmentation_id": 1,
            "visibility": -1
        },
        {
            "bounding_box_minx_maxx_miny_maxy": [
                -1,
                -1,
                -1,
                -1
            ],
            "class": "2",
            "local_cuboid": null,
            "local_to_world_matrix": [
                [
                    0.3621762990951538,
                    0.14712736010551453,
                    -0.9204249978065491,
                    0.0
                ],
                [
                    0.3342239260673523,
                    -0.9423004388809204,
                    -0.019110843539237976,
                    0.0
                ],
                [
                    -0.8701282143592834,
                    -0.30070650577545166,
                    -0.39045262336730957,
                    0.0
                ],
                [
                    1.573939323425293,
                    0.7767332196235657,
                    0.39779388904571533,
                    1.0
                ]
            ],
            "location": [
                -0.7767332196235657,
                0.39779388904571533,
                -1.573939323425293
            ],
            "location_world": [
                1.573939323425293,
                0.7767332196235657,
                0.39779388904571533
            ],
            "name": "google_2_of_Jenga_Classic_Game_1",
            "projected_cuboid": [
                [
                    -85.86347103118896,
                    136.47884130477905
                ],
                [
                    -43.21196675300598,
                    139.57759737968445
                ],
                [
                    -29.787659645080566,
                    114.13303017616272
                ],
                [
                    -65.31175971031189,
                    111.07839643955231
                ],
                [
                    -87.86976337432861,
                    100.03107786178589
                ],
                [
                    -44.25188899040222,
                    103.97645831108093
                ],
                [
                    -30.41592240333557,
                    83.81961286067963
                ],
                [
                    -66.60813093185425,
                    80.15497028827667
                ],
                [
                    -55.707961320877075,
                    107.83974826335907
                ]
            ],
            "provenance": "nvisii",
            "quaternion_xyzw": [
                0.021538004279136658,
                0.25391364097595215,
                -0.7135065793991089,
                0.6526657342910767
            ],
            "quaternion_xyzw_world": [
                0.8208119869232178,
                0.14660826325416565,
                -0.5453603267669678,
                0.08576740324497223
            ],
            "segmentation_id": 2,
            "visibility": -1
        },
        {
            "bounding_box_minx_maxx_miny_maxy": [
                -1,
                -1,
                -1,
                -1
            ],
            "class": "2",
            "local_cuboid": null,
            "local_to_world_matrix": [
                [
                    0.5050492286682129,
                    0.13976603746414185,
                    0.8516988158226013,
                    0.0
                ],
                [
                    0.09075981378555298,
                    -0.9899308681488037,
                    0.10863050818443298,
                    0.0
                ],
                [
                    0.8583053946495056,
                    0.022436246275901794,
                    -0.5126491785049438,
                    0.0
                ],
                [
                    0.25531622767448425,
                    -0.33638906478881836,
                    0.49295228719711304,
                    1.0
                ]
            ],
            "location": [
                0.33638906478881836,
                0.49295228719711304,
                -0.25531622767448425
            ],
            "location_world": [
                0.25531622767448425,
                -0.33638906478881836,
                0.49295228719711304
            ],
            "name": "google_2_of_Jenga_Classic_Game_2",
            "projected_cuboid": [
                [
                    576.5694975852966,
                    -180.25875091552734
                ],
                [
                    667.0753359794617,
                    -184.48477983474731
                ],
                [
                    1055.9556484222412,
                    -898.701548576355
                ],
                [
                    892.8232789039612,
                    -910.7396602630615
                ],
                [
                    617.3477172851562,
                    -131.7182183265686
                ],
                [
                    714.5757675170898,
                    -137.04726099967957
                ],
                [
                    1218.0073261260986,
                    -920.5011129379272
                ],
                [
                    1032.1691036224365,
                    -935.3319406509399
                ],
                [
                    778.1172394752502,
                    -412.85204887390137
                ]
            ],
            "provenance": "nvisii",
            "quaternion_xyzw": [
                0.6344109773635864,
                0.7257241606712341,
                -0.20786434412002563,
                0.1662522703409195
            ],
            "quaternion_xyzw_world": [
                0.8671258687973022,
                0.06646262854337692,
                0.4930092394351959,
                0.02485056221485138
            ],
            "segmentation_id": 3,
            "visibility": -1
        },
        {
            "bounding_box_minx_maxx_miny_maxy": [
                -1,
                -1,
                -1,
                -1
            ],
            "class": "2",
            "local_cuboid": null,
            "local_to_world_matrix": [
                [
                    -0.58306884765625,
                    0.7971681356430054,
                    0.15669658780097961,
                    0.0
                ],
                [
                    -0.7392153739929199,
                    -0.44055235385894775,
                    -0.5093861818313599,
                    0.0
                ],
                [
                    -0.33703336119651794,
                    -0.41283971071243286,
                    0.8461512327194214,
                    0.0
                ],
                [
                    1.73544442653656,
                    -0.38394850492477417,
                    -0.28316593170166016,
                    1.0
                ]
            ],
            "location": [
                0.38394850492477417,
                -0.28316593170166016,
                -1.73544442653656
            ],
            "location_world": [
                1.73544442653656,
                -0.38394850492477417,
                -0.28316593170166016
            ],
            "name": "google_2_of_Jenga_Classic_Game_3",
            "projected_cuboid": [
                [
                    416.73120856285095,
                    253.0466914176941
                ],
                [
                    437.4908208847046,
                    269.56769824028015
                ],
                [
                    383.2222819328308,
                    357.14858770370483
                ],
                [
                    365.5773401260376,
                    338.4252190589905
                ],
                [
                    434.6388578414917,
                    257.37518072128296
                ],
                [
                    455.49845695495605,
                    273.59557151794434
                ],
                [
                    401.64873003959656,
                    358.6146831512451
                ],
                [
                    383.81463289260864,
                    340.3213620185852
                ],
                [
                    409.0065062046051,
                    307.1144223213196
                ]
            ],
            "provenance": "nvisii",
            "quaternion_xyzw": [
                0.30626165866851807,
                0.4875316917896271,
                0.8129556775093079,
                -0.08729130029678345
            ],
            "quaternion_xyzw_world": [
                -0.05322682112455368,
                -0.2721971571445465,
                0.847020149230957,
                0.4534672200679779
            ],
            "segmentation_id": 4,
            "visibility": -1
        },
        {
            "bounding_box_minx_maxx_miny_maxy": [
                -1,
                -1,
                -1,
                -1
            ],
            "class": "2",
            "local_cuboid": null,
            "local_to_world_matrix": [
                [
                    -0.9628968238830566,
                    0.17429783940315247,
                    -0.2060336470603943,
                    0.0
                ],
                [
                    0.23238199949264526,
                    0.14732706546783447,
                    -0.9614017009735107,
                    0.0
                ],
                [
                    -0.13721591234207153,
                    -0.973609209060669,
                    -0.1823643445968628,
                    0.0
                ],
                [
                    1.8794788122177124,
                    0.038214683532714844,
                    0.4962143003940582,
                    1.0
                ]
            ],
            "location": [
                -0.038214683532714844,
                0.4962143003940582,
                -1.8794788122177124
            ],
            "location_world": [
                1.8794788122177124,
                0.038214683532714844,
                0.4962143003940582
            ],
            "name": "google_2_of_Jenga_Classic_Game_4",
            "projected_cuboid": [
                [
                    332.71318674087524,
                    89.83421325683594
                ],
                [
                    327.6717960834503,
                    118.62030625343323
                ],
                [
                    233.27575623989105,
                    104.09849882125854
                ],
                [
                    237.19562590122223,
                    75.78672468662262
                ],
                [
                    333.7925970554352,
                    91.0959541797638
                ],
                [
                    328.9428949356079,
                    118.71027946472168
                ],
                [
                    238.24085295200348,
                    104.75894808769226
                ],
                [
                    242.0557141304016,
                    77.58130133152008
                ],
                [
                    283.7538719177246,
                    97.5688248872757
                ]
            ],
            "provenance": "nvisii",
            "quaternion_xyzw": [
                -0.6422398090362549,
                0.13755011558532715,
                -0.7538095712661743,
                0.0194699764251709
            ],
            "quaternion_xyzw_world": [
                0.13429492712020874,
                0.7570647597312927,
                -0.6389846205711365,
                0.0227251797914505
            ],
            "segmentation_id": 5,
            "visibility": -1
        },
        {
            "bounding_box_minx_maxx_miny_maxy": [
                -1,
                -1,
                -1,
                -1
            ],
            "class": "2",
            "local_cuboid": null,
            "local_to_world_matrix": [
                [
                    0.310107946395874,
                    -0.03053191304206848,
                    -0.9502109885215759,
                    0.0
                ],
                [
                    0.9334970712661743,
                    0.19906270503997803,
                    0.2982569932937622,
                    0.0
                ],
                [
                    0.18004518747329712,
                    -0.979511022567749,
                    0.09023237228393555,
                    0.0
                ],
                [
                    1.4504064321517944,
                    -0.4105560779571533,
                    -0.3059934675693512,
                    1.0
                ]
            ],
            "location": [
                0.4105560779571533,
                -0.3059934675693512,
                -1.4504064321517944
            ],
            "location_world": [
                1.4504064321517944,
                -0.4105560779571533,
                -0.3059934675693512
            ],
            "name": "google_2_of_Jenga_Classic_Game_5",
            "projected_cuboid": [
                [
                    538.8513207435608,
                    384.8380446434021
                ],
                [
                    517.6801085472107,
                    368.2239055633545
                ],
                [
                    412.0836853981018,
                    382.95429944992065
                ],
                [
                    428.18883061408997,
                    400.99814534187317
                ],
                [
                    542.7185297012329,
                    355.9378683567047
                ],
                [
                    521.0096836090088,
                    340.5468761920929
                ],
                [
                    413.7834310531616,
                    354.5360267162323
                ],
                [
                    430.26602268218994,
                    371.2939918041229
                ],
                [
                    476.2798845767975,
                    369.67796087265015
                ]
            ],
            "provenance": "nvisii",
            "quaternion_xyzw": [
                -0.477577269077301,
                0.601616621017456,
                -0.3504161536693573,
                0.5358972549438477
            ],
            "quaternion_xyzw_world": [
                0.5051764249801636,
                0.4468563497066498,
                -0.38113704323768616,
                0.6323375105857849
            ],
            "segmentation_id": 6,
            "visibility": -1
        },
        {
            "bounding_box_minx_maxx_miny_maxy": [
                -1,
                -1,
                -1,
                -1
            ],
            "class": "2",
            "local_cuboid": null,
            "local_to_world_matrix": [
                [
                    0.590298056602478,
                    -0.8017575740814209,
                    -0.09345018863677979,
                    0.0
                ],
                [
                    -0.18811213970184326,
                    -0.2492274045944214,
                    0.9499998092651367,
                    0.0
                ],
                [
                    -0.7849598526954651,
                    -0.5432039499282837,
                    -0.29793882369995117,
                    0.0
                ],
                [
                    1.0895663499832153,
                    -0.03436863422393799,
                    -0.4646936357021332,
                    1.0
                ]
            ],
            "location": [
                0.03436863422393799,
                -0.4646936357021332,
                -1.0895663499832153
            ],
            "location_world": [
                1.0895663499832153,
                -0.03436863422393799,
                -0.4646936357021332
            ],
            "name": "google_2_of_Jenga_Classic_Game_6",
            "projected_cuboid": [
                [
                    394.9589133262634,
                    653.1896591186523
                ],
                [
                    412.0941162109375,
                    605.2113771438599
                ],
                [
                    291.7839288711548,
                    483.9603900909424
                ],
                [
                    279.85918521881104,
                    523.8417387008667
                ],
                [
                    357.7684760093689,
                    670.1445579528809
                ],
                [
                    375.1536011695862,
                    619.7963953018188
                ],
                [
                    257.55277276039124,
                    490.0504946708679
                ],
                [
                    245.61728537082672,
                    531.5706729888916
                ],
                [
                    320.3774094581604,
                    564.6406412124634
                ]
            ],
            "provenance": "nvisii",
            "quaternion_xyzw": [
                0.12922650575637817,
                0.301364541053772,
                -0.09110778570175171,
                0.9403080940246582
            ],
            "quaternion_xyzw_world": [
                0.73100346326828,
                -0.33853113651275635,
                -0.3004124164581299,
                0.5106691718101501
            ],
            "segmentation_id": 7,
            "visibility": -1
        },
        {
            "bounding_box_minx_maxx_miny_maxy": [
                -1,
                -1,
                -1,
                -1
            ],
            "class": "2",
            "local_cuboid": null,
            "local_to_world_matrix": [
                [
                    -0.42349064350128174,
                    0.82150799036026,
                    0.38181182742118835,
                    0.0
                ],
                [
                    0.7226675152778625,
                    0.5605125427246094,
                    -0.4044468402862549,
                    0.0
                ],
                [
                    -0.5462666749954224,
                    0.1046435683965683,
                    -0.8310489654541016,
                    0.0
                ],
                [
                    1.9609266519546509,
                    -0.25782397389411926,
                    0.8166277408599854,
                    1.0
                ]
            ],
            "location": [
                0.25782397389411926,
                0.8166277408599854,
                -1.9609266519546509
            ],
            "location_world": [
                1.9609266519546509,
                -0.25782397389411926,
                0.8166277408599854
            ],
            "name": "google_2_of_Jenga_Classic_Game_7",
            "projected_cuboid": [
                [
                    325.198769569397,
                    41.483670473098755
                ],
                [
                    306.9336414337158,
                    59.84881520271301
                ],
                [
                    311.675488948822,
                    1.0200589895248413
                ],
                [
                    328.56887578964233,
                    -17.689645290374756
                ],
                [
                    345.67487239837646,
                    55.550530552864075
                ],
                [
                    327.0639479160309,
                    73.11944663524628
                ],
                [
                    330.1273286342621,
                    14.214932918548584
                ],
                [
                    347.3091125488281,
                    -3.760218620300293
                ],
                [
                    327.82942056655884,
                    26.9288569688797
                ]
            ],
            "provenance": "nvisii",
            "quaternion_xyzw": [
                -0.09574994444847107,
                0.4665818214416504,
                -0.8324995040893555,
                -0.28298047184944153
            ],
            "quaternion_xyzw_world": [
                0.46017545461654663,
                0.8389058709144592,
                -0.08934354037046432,
                -0.2765740752220154
            ],
            "segmentation_id": 8,
            "visibility": -1
        },
        {
            "bounding_box_minx_maxx_miny_maxy": [
                -1,
                -1,
                -1,
                -1
            ],
            "class": "2",
            "local_cuboid": null,
            "local_to_world_matrix": [
                [
                    -0.6799197196960449,
                    0.6359336376190186,
                    0.3650994896888733,
                    0.0
                ],
                [
                    -0.17999489605426788,
                    -0.6273999214172363,
                    0.7576088905334473,
                    0.0
                ],
                [
                    0.710852324962616,
                    0.4493972063064575,
                    0.5410463809967041,
                    0.0
                ],
                [
                    0.20614099502563477,
                    -0.3770969808101654,
                    0.1688830852508545,
                    1.0
                ]
            ],
            "location": [
                0.3770969808101654,
                0.1688830852508545,
                -0.20614099502563477
            ],
            "location_world": [
                0.20614099502563477,
                -0.3770969808101654,
                0.1688830852508545
            ],
            "name": "google_2_of_Jenga_Classic_Game_8",
            "projected_cuboid": [
                [
                    547.1231937408447,
                    -223.1162190437317
                ],
                [
                    643.3055400848389,
                    -343.8401222229004
                ],
                [
                    1580.1222324371338,
                    -506.4038634300232
                ],
                [
                    1300.9462356567383,
                    -238.37462067604065
                ],
                [
                    579.1202783584595,
                    -127.71674990653992
                ],
                [
                    664.5117998123169,
                    -230.13851046562195
                ],
                [
                    1397.918939590454,
                    -249.2639720439911
                ],
                [
                    1192.495346069336,
                    -57.23607540130615
                ],
                [
                    856.4214706420898,
                    -232.62199759483337
                ]
            ],
            "provenance": "nvisii",
            "quaternion_xyzw": [
                0.2816513180732727,
                0.8809646368026733,
                0.2046169936656952,
                -0.32047736644744873
            ],
            "quaternion_xyzw_world": [
                0.31876081228256226,
                0.3575868606567383,
                0.8438551425933838,
                0.24172647297382355
            ],
            "segmentation_id": 9,
            "visibility": -1
        },
        {
            "bounding_box_minx_maxx_miny_maxy": [
                -1,
                -1,
                -1,
                -1
            ],
            "class": "2",
            "local_cuboid": null,
            "local_to_world_matrix": [
                [
                    -0.33250486850738525,
                    -0.4383139908313751,
                    -0.8350578546524048,
                    0.0
                ],
                [
                    -0.42077699303627014,
                    -0.7234768867492676,
                    0.5472918152809143,
                    0.0
                ],
                [
                    -0.844030499458313,
                    0.5333501696586609,
                    0.056126952171325684,
                    0.0
                ],
                [
                    1.8252793550491333,
                    -0.6660349369049072,
                    0.7211743593215942,
                    1.0
                ]
            ],
            "location": [
                0.6660349369049072,
                0.7211743593215942,
                -1.8252793550491333
            ],
            "location_world": [
                1.8252793550491333,
                -0.6660349369049072,
                0.7211743593215942
            ],
            "name": "google_2_of_Jenga_Classic_Game_9",
            "projected_cuboid": [
                [
                    439.4262433052063,
                    -9.778887033462524
                ],
                [
                    467.5942659378052,
                    -33.76093506813049
                ],
                [
                    490.09865522384644,
                    10.73998212814331
                ],
                [
                    465.2886390686035,
                    30.627042055130005
                ],
                [
                    423.3742356300354,
                    -30.246257781982422
                ],
                [
                    450.7105350494385,
                    -54.290711879730225
                ],
                [
                    475.17699003219604,
                    -7.650882005691528
                ],
                [
                    451.00319385528564,
                    12.307152152061462
                ],
                [
                    458.5474133491516,
                    -8.64073634147644
                ]
            ],
            "provenance": "nvisii",
            "quaternion_xyzw": [
                -0.10838791728019714,
                0.2573651969432831,
                0.4632560908794403,
                -0.841076135635376
            ],
            "quaternion_xyzw_world": [
                -0.5776774883270264,
                0.37178659439086914,
                0.7266547679901123,
                -0.006033473182469606
            ],
            "segmentation_id": 10,
            "visibility": -1
        },
        {
            "bounding_box_minx_maxx_miny_maxy": [
                -1,
                -1,
                -1,
                -1
            ],
            "class": "2",
            "local_cuboid": null,
            "local_to_world_matrix": [
                [
                    -0.2350555658340454,
                    -0.6475726366043091,
                    0.7248438000679016,
                    0.0
                ],
                [
                    0.7780952453613281,
                    0.3215561509132385,
                    0.53960120677948,
                    0.0
                ],
                [
                    -0.5825089812278748,
                    0.6908338069915771,
                    0.42828959226608276,
                    0.0
                ],
                [
                    1.8274306058883667,
                    0.5577576756477356,
                    -0.8010476231575012,
                    1.0
                ]
            ],
            "location": [
                -0.5577576756477356,
                -0.8010476231575012,
                -1.8274306058883667
            ],
            "location_world": [
                1.8274306058883667,
                0.5577576756477356,
                -0.8010476231575012
            ],
            "name": "google_2_of_Jenga_Classic_Game_10",
            "projected_cuboid": [
                [
                    -19.215881824493408,
                    500.4318952560425
                ],
                [
                    -18.442273139953613,
                    474.28232431411743
                ],
                [
                    72.03219830989838,
                    494.45778131484985
                ],
                [
                    74.66195523738861,
                    518.8575983047485
                ],
                [
                    -35.03325581550598,
                    518.7145471572876
                ],
                [
                    -33.6565375328064,
                    492.143452167511
                ],
                [
                    57.30524659156799,
                    510.4931592941284
                ],
                [
                    59.371501207351685,
                    535.2262854576111
                ],
                [
                    21.83784544467926,
                    505.8298110961914
                ]
            ],
            "provenance": "nvisii",
            "quaternion_xyzw": [
                -0.3624439239501953,
                -0.27817243337631226,
                0.31437838077545166,
                0.8321182131767273
            ],
            "quaternion_xyzw_world": [
                -0.06143828108906746,
                -0.531112551689148,
                -0.5791780948638916,
                0.615384042263031
            ],
            "segmentation_id": 11,
            "visibility": -1
        },
        {
            "bounding_box_minx_maxx_miny_maxy": [
                -1,
                -1,
                -1,
                -1
            ],
            "class": "2",
            "local_cuboid": null,
            "local_to_world_matrix": [
                [
                    -0.8761272430419922,
                    -0.10947076976299286,
                    -0.46948620676994324,
                    0.0
                ],
                [
                    -0.4094831943511963,
                    -0.34495747089385986,
                    0.8445873856544495,
                    0.0
                ],
                [
                    -0.25441041588783264,
                    0.9322126507759094,
                    0.2574002146720886,
                    0.0
                ],
                [
                    1.368703842163086,
                    0.10053300857543945,
                    -0.5797288417816162,
                    1.0
                ]
            ],
            "location": [
                -0.10053300857543945,
                -0.5797288417816162,
                -1.368703842163086
            ],
            "location_world": [
                1.368703842163086,
                0.10053300857543945,
                -0.5797288417816162
            ],
            "name": "google_2_of_Jenga_Classic_Game_11",
            "projected_cuboid": [
                [
                    68.9593255519867,
                    514.0466094017029
                ],
                [
                    78.06974649429321,
                    486.7541790008545
                ],
                [
                    212.5706821680069,
                    507.85309076309204
                ],
                [
                    200.52015781402588,
                    533.1050753593445
                ],
                [
                    74.38208162784576,
                    483.8868975639343
                ],
                [
                    83.15539360046387,
                    457.2375416755676
                ],
                [
                    210.67658066749573,
                    478.86693477630615
                ],
                [
                    199.25843179225922,
                    503.59582901000977
                ],
                [
                    142.71417260169983,
                    495.73779106140137
                ]
            ],
            "provenance": "nvisii",
            "quaternion_xyzw": [
                -0.051168784499168396,
                0.6084213256835938,
                0.27402201294898987,
                -0.7430458068847656
            ],
            "quaternion_xyzw_world": [
                -0.22990764677524567,
                0.5643069744110107,
                0.7871602177619934,
                0.0952831581234932
            ],
            "segmentation_id": 12,
            "visibility": -1
        },
        {
            "bounding_box_minx_maxx_miny_maxy": [
                -1,
                -1,
                -1,
                -1
            ],
            "class": "2",
            "local_cuboid": null,
            "local_to_world_matrix": [
                [
                    -0.5849239826202393,
                    0.39539462327957153,
                    -0.7081862688064575,
                    0.0
                ],
                [
                    -0.3235129117965698,
                    0.6869374513626099,
                    0.6507353782653809,
                    0.0
                ],
                [
                    0.7437769174575806,
                    0.6097378730773926,
                    -0.2738910913467407,
                    0.0
                ],
                [
                    1.6975390911102295,
                    0.6565994620323181,
                    0.35460546612739563,
                    1.0
                ]
            ],
            "location": [
                -0.6565994620323181,
                0.35460546612739563,
                -1.6975390911102295
            ],
            "location_world": [
                1.6975390911102295,
                0.6565994620323181,
                0.35460546612739563
            ],
            "name": "google_2_of_Jenga_Classic_Game_12",
            "projected_cuboid": [
                [
                    -10.143488645553589,
                    180.57043850421906
                ],
                [
                    -32.56765007972717,
                    161.9025617837906
                ],
                [
                    -4.80729341506958,
                    121.30504846572876
                ],
                [
                    20.053565502166748,
                    143.0322825908661
                ],
                [
                    5.65396249294281,
                    164.9342179298401
                ],
                [
                    -16.008198261260986,
                    146.49201929569244
                ],
                [
                    13.10931146144867,
                    105.03055155277252
                ],
                [
                    37.0265394449234,
                    126.43605470657349
                ],
                [
                    0.8442997932434082,
                    144.8751986026764
                ]
            ],
            "provenance": "nvisii",
            "quaternion_xyzw": [
                -0.41762638092041016,
                0.8351507186889648,
                0.014854245819151402,
                -0.3576185703277588
            ],
            "quaternion_xyzw_world": [
                0.02252580039203167,
                0.7977707386016846,
                0.39499858021736145,
                0.4550064206123352
            ],
            "segmentation_id": 13,
            "visibility": -1
        },
        {
            "bounding_box_minx_maxx_miny_maxy": [
                -1,
                -1,
                -1,
                -1
            ],
            "class": "2",
            "local_cuboid": null,
            "local_to_world_matrix": [
                [
                    -0.9877661466598511,
                    0.10300513356924057,
