{
    "camera_data": {
        "camera_look_at": {
            "at": [
                1.0,
                0.0,
                0.0
            ],
            "eye": [
                0.0,
                0.0,
                0.0
            ],
            "up": [
                0.0,
                0.0,
                1.0
            ]
        },
        "camera_view_matrix": [
            [
                0.0,
                0.0,
                -1.0,
                0.0
            ],
            [
                -1.0,
                0.0,
                0.0,
                0.0
            ],
            [
                0.0,
                1.0,
                0.0,
                0.0
            ],
            [
                0.0,
                0.0,
                0.0,
                1.0
            ]
        ],
        "height": 500,
        "intrinsics": {
            "cx": 250.0,
            "cy": 250.0,
            "fx": 603.5535278320312,
            "fy": 603.5535278320312
        },
        "location_world": [
            0.0,
            0.0,
            0.0
        ],
        "quaternion_world_xyzw": [
            0.5,
            -0.5,
            -0.5,
            0.5
        ],
        "width": 500
    },
    "objects": [
        {
            "bounding_box_minx_maxx_miny_maxy": [
                -1,
                -1,
                -1,
                -1
            ],
            "class": "2",
            "local_cuboid": null,
            "local_to_world_matrix": [
                [
                    -0.034645795822143555,
                    0.7757995128631592,
                    -0.6300275325775146,
                    0.0
                ],
                [
                    0.10309526324272156,
                    -0.6242685317993164,
                    -0.7743773460388184,
                    0.0
                ],
                [
                    -0.994067907333374,
                    -0.09178176522254944,
                    -0.05835294723510742,
                    0.0
                ],
                [
                    0.4172067940235138,
                    -0.3376396894454956,
                    0.07420369982719421,
                    1.0
                ]
            ],
            "location": [
                0.3376396894454956,
                0.07420369982719421,
                -0.4172067940235138
            ],
            "location_world": [
                0.4172067940235138,
                -0.3376396894454956,
                0.07420369982719421
            ],
            "name": "google_2_of_Jenga_Classic_Game_0",
            "projected_cuboid": [
                [
                    1782.2707891464233,
                    -74.10508394241333
                ],
                [
                    1924.5866537094116,
                    251.61466002464294
                ],
                [
                    728.8779020309448,
                    226.01592540740967
                ],
                [
                    661.6921424865723,
                    129.60058450698853
                ],
                [
                    2046.7009544372559,
                    -309.157133102417
                ],
                [
                    2168.7171459198,
                    25.282949209213257
                ],
                [
                    813.1227493286133,
                    155.24233877658844
                ],
                [
                    748.1507658958435,
                    57.975828647613525
                ],
                [
                    1028.8810729980469,
                    104.18343544006348
                ]
            ],
            "provenance": "nvisii",
            "quaternion_xyzw": [
                -0.03357763588428497,
                0.042878687381744385,
                -0.9413082003593445,
                0.3331257402896881
            ],
            "quaternion_xyzw_world": [
                0.6418675184249878,
                0.34231939911842346,
                -0.6325664520263672,
                -0.2658630907535553
            ],
            "segmentation_id": 1,
            "visibility": -1
        },
        {
            "bounding_box_minx_maxx_miny_maxy": [
                -1,
                -1,
                -1,
                -1
            ],
            "class": "2",
            "local_cuboid": null,
            "local_to_world_matrix": [
                [
                    -0.01672053337097168,
                    -0.6030091047286987,
                    -0.7975590825080872,
                    0.0
                ],
                [
                    -0.9166655540466309,
                    -0.3093135356903076,
                    0.25307971239089966,
                    0.0
                ],
                [
                    -0.39930516481399536,
                    0.7353265881538391,
                    -0.5475857257843018,
                    0.0
                ],
                [
                    1.723635196685791,
                    0.5489682555198669,
                    0.20392729341983795,
                    1.0
                ]
            ],
            "location": [
                -0.5489682555198669,
                0.20392729341983795,
                -1.723635196685791
            ],
            "location_world": [
                1.723635196685791,
                0.5489682555198669,
                0.20392729341983795
            ],
            "name": "google_2_of_Jenga_Classic_Game_1",
            "projected_cuboid": [
                [
                    -26.284873485565186,
                    249.32441115379333
                ],
                [
                    -29.870688915252686,
                    241.06375873088837
                ],
                [
                    66.476970911026,
                    184.36658382415771
                ],
                [
                    65.59228897094727,
                    194.5713460445404
                ],
                [
                    -43.50215196609497,
                    226.26005113124847
                ],
                [
                    -47.93432354927063,
                    216.8685495853424
                ],
                [
                    49.58784580230713,
                    161.8899405002594
                ],
                [
                    49.44530129432678,
                    173.07382822036743
                ],
                [
                    12.113377451896667,
                    205.07487654685974
                ]
            ],
            "provenance": "nvisii",
            "quaternion_xyzw": [
                0.48749980330467224,
                -0.2503824532032013,
                -0.36851605772972107,
                0.7508984804153442
            ],
            "quaternion_xyzw_world": [
                0.6782659292221069,
                -0.5601323246955872,
                -0.441148579120636,
                -0.17774991691112518
            ],
            "segmentation_id": 2,
            "visibility": -1
        },
        {
            "bounding_box_minx_maxx_miny_maxy": [
                -1,
                -1,
                -1,
                -1
            ],
            "class": "2",
            "local_cuboid": null,
            "local_to_world_matrix": [
                [
                    0.8004962205886841,
                    -0.380511611700058,
                    0.46305152773857117,
                    0.0
                ],
                [
                    0.19043269753456116,
                    0.8940500617027283,
                    0.4054749011993408,
                    0.0
                ],
                [
                    -0.5682791471481323,
                    -0.23640096187591553,
                    0.7881455421447754,
                    0.0
                ],
                [
                    0.5728332996368408,
                    -0.4319295287132263,
                    0.056024424731731415,
                    1.0
                ]
            ],
            "location": [
                0.4319295287132263,
                0.056024424731731415,
                -0.5728332996368408
            ],
            "location_world": [
                0.5728332996368408,
                -0.4319295287132263,
                0.056024424731731415
            ],
            "name": "google_2_of_Jenga_Classic_Game_2",
            "projected_cuboid": [
                [
                    1026.6282558441162,
                    -153.01969647407532
                ],
                [
                    896.593987941742,
                    -184.7909688949585
                ],
                [
                    653.287410736084,
                    159.9370241165161
                ],
                [
                    740.5660152435303,
                    192.15993583202362
                ],
                [
                    1110.8486652374268,
                    -162.2874140739441
                ],
                [
                    955.8570384979248,
                    -198.90442490577698
                ],
                [
                    666.6685342788696,
                    189.72113728523254
                ],
                [
                    764.6875381469727,
                    226.65855288505554
                ],
                [
                    824.7992992401123,
                    39.15470838546753
                ]
            ],
            "provenance": "nvisii",
            "quaternion_xyzw": [
                -0.31888771057128906,
                0.3378920555114746,
                0.4422365427017212,
                0.7671808004379272
            ],
            "quaternion_xyzw_world": [
                0.1719743013381958,
                -0.2763187885284424,
                -0.15296998620033264,
                0.933098554611206
            ],
            "segmentation_id": 3,
            "visibility": -1
        },
        {
            "bounding_box_minx_maxx_miny_maxy": [
                -1,
                -1,
                -1,
                -1
            ],
            "class": "2",
            "local_cuboid": null,
            "local_to_world_matrix": [
                [
                    -0.8601294755935669,
                    0.4382176995277405,
                    -0.26104122400283813,
                    0.0
                ],
                [
                    -0.35898250341415405,
                    -0.8836339712142944,
                    -0.3005371391773224,
                    0.0
                ],
                [
                    -0.36236560344696045,
                    -0.16479161381721497,
                    0.9173521399497986,
                    0.0
                ],
                [
                    1.5863040685653687,
                    -0.30976611375808716,
                    -0.6134846806526184,
                    1.0
                ]
            ],
            "location": [
                0.30976611375808716,
                -0.6134846806526184,
                -1.5863040685653687
            ],
            "location_world": [
                1.5863040685653687,
                -0.30976611375808716,
                -0.6134846806526184
            ],
            "name": "google_2_of_Jenga_Classic_Game_3",
            "projected_cuboid": [
                [
                    375.2308487892151,
                    391.6766047477722
                ],
                [
                    409.3431830406189,
                    405.3769111633301
                ],
                [
                    379.47291135787964,
                    499.8834431171417
                ],
                [
                    348.24153780937195,
                    485.28075218200684
                ],
                [
                    383.31639766693115,
                    377.26595997810364
                ],
                [
                    416.0483181476593,
                    390.0548815727234
                ],
                [
                    386.99859380722046,
                    481.57671093940735
                ],
                [
                    356.92352056503296,
                    467.9192006587982
                ],
                [
                    381.3897967338562,
                    438.7282729148865
                ]
            ],
            "provenance": "nvisii",
            "quaternion_xyzw": [
                0.35353708267211914,
                0.4402598738670349,
                0.7247620820999146,
                -0.3948451578617096
            ],
            "quaternion_xyzw_world": [
                -0.16290515661239624,
                -0.12159708142280579,
                0.9567021131515503,
                0.20831985771656036
            ],
            "segmentation_id": 4,
            "visibility": -1
        },
        {
            "bounding_box_minx_maxx_miny_maxy": [
                -1,
                -1,
                -1,
                -1
            ],
            "class": "2",
            "local_cuboid": null,
            "local_to_world_matrix": [
                [
                    -0.6659421920776367,
                    0.5197935700416565,
                    -0.5351035594940186,
                    0.0
                ],
                [
                    0.7342979311943054,
                    0.33015918731689453,
                    -0.593128502368927,
                    0.0
                ],
                [
                    -0.13163498044013977,
                    -0.7879146933555603,
                    -0.6015503406524658,
                    0.0
                ],
                [
                    1.6652003526687622,
                    0.721601665019989,
                    -0.0014018730726093054,
                    1.0
                ]
            ],
            "location": [
                -0.721601665019989,
                -0.0014018730726093054,
                -1.6652003526687622
            ],
            "location_world": [
                1.6652003526687622,
                0.721601665019989,
                -0.0014018730726093054
            ],
            "name": "google_2_of_Jenga_Classic_Game_4",
            "projected_cuboid": [
                [
                    58.49200487136841,
                    316.58634543418884
                ],
                [
                    55.45680224895477,
                    332.58354663848877
                ],
                [
                    -23.245424032211304,
                    267.1752870082855
                ],
                [
                    -23.3176052570343,
                    249.03841316699982
                ],
                [
                    79.95273172855377,
                    298.72220754623413
                ],
                [
                    76.22207701206207,
                    314.87810611724854
                ],
                [
                    -0.5432963371276855,
                    251.85999274253845
                ],
                [
                    0.23449957370758057,
                    233.72504115104675
                ],
                [
                    27.602583169937134,
                    282.71907567977905
                ]
            ],
            "provenance": "nvisii",
            "quaternion_xyzw": [
                -0.48520612716674805,
                0.4458222985267639,
                -0.7490922808647156,
                0.06839756667613983
            ],
            "quaternion_xyzw_world": [
                0.38905301690101624,
                0.8058615922927856,
                -0.42843684554100037,
                0.1251668483018875
            ],
            "segmentation_id": 5,
            "visibility": -1
        },
        {
            "bounding_box_minx_maxx_miny_maxy": [
                -1,
                -1,
                -1,
                -1
            ],
            "class": "2",
            "local_cuboid": null,
            "local_to_world_matrix": [
                [
                    0.42175495624542236,
                    -0.8061284422874451,
                    0.41506579518318176,
                    0.0
                ],
                [
                    -0.8616258502006531,
                    -0.4988774061203003,
                    -0.09339310973882675,
                    0.0
                ],
                [
                    0.28235378861427307,
                    -0.3182424008846283,
                    -0.9049851894378662,
                    0.0
                ],
                [
                    1.3051387071609497,
                    -0.18399745225906372,
                    -0.35184183716773987,
                    1.0
                ]
            ],
            "location": [
                0.18399745225906372,
                -0.35184183716773987,
                -1.3051387071609497
            ],
            "location_world": [
                1.3051387071609497,
                -0.18399745225906372,
                -0.35184183716773987
            ],
            "name": "google_2_of_Jenga_Classic_Game_5",
            "projected_cuboid": [
                [
                    370.51334977149963,
                    499.64091181755066
                ],
                [
                    395.5094814300537,
                    516.3980722427368
                ],
                [
                    361.1983060836792,
                    409.3707799911499
                ],
                [
                    336.52225136756897,
                    397.32927083969116
                ],
                [
                    346.0904359817505,
                    519.5845365524292
                ],
                [
                    370.37837505340576,
                    537.846565246582
                ],
                [
                    333.5002064704895,
                    429.38822507858276
                ],
                [
                    309.72543358802795,
                    415.9451127052307
                ],
                [
                    353.3022403717041,
                    466.9734835624695
                ]
            ],
            "provenance": "nvisii",
            "quaternion_xyzw": [
                0.7385586500167847,
                0.30936717987060547,
                -0.03503870964050293,
                0.5979927778244019
            ],
            "quaternion_xyzw_world": [
                0.8404786586761475,
                -0.49607276916503906,
                0.2074471414089203,
                0.06688132137060165
            ],
            "segmentation_id": 6,
            "visibility": -1
        },
        {
            "bounding_box_minx_maxx_miny_maxy": [
                -1,
                -1,
                -1,
                -1
            ],
            "class": "2",
            "local_cuboid": null,
            "local_to_world_matrix": [
                [
                    0.32088029384613037,
                    -0.6916812658309937,
                    0.6470030546188354,
                    0.0
                ],
                [
                    -0.3306022584438324,
                    0.5583598613739014,
                    0.7608788013458252,
                    0.0
                ],
                [
                    -0.887546181678772,
                    -0.45805177092552185,
                    -0.049504756927490234,
                    0.0
                ],
                [
                    1.0146607160568237,
                    -0.45749911665916443,
                    0.05127587914466858,
                    1.0
                ]
            ],
            "location": [
                0.45749911665916443,
                0.05127587914466858,
                -1.0146607160568237
            ],
            "location_world": [
                1.0146607160568237,
                -0.45749911665916443,
                0.05127587914466858
            ],
            "name": "google_2_of_Jenga_Classic_Game_6",
            "projected_cuboid": [
                [
                    745.6040978431702,
                    226.7119586467743
                ],
                [
                    726.216197013855,
                    174.4297295808792
                ],
                [
                    524.6965885162354,
                    185.1506531238556
                ],
                [
                    544.6599125862122,
                    224.1285741329193
                ],
                [
                    718.6622619628906,
                    266.6424512863159
                ],
                [
                    697.5688934326172,
                    214.0737920999527
                ],
                [
                    498.4031617641449,
                    214.66732025146484
                ],
                [
                    519.586443901062,
                    253.80536913871765
                ],
                [
                    607.6175570487976,
                    219.98870372772217
                ]
            ],
            "provenance": "nvisii",
            "quaternion_xyzw": [
                0.10399094223976135,
                0.21310299634933472,
                0.3297674059867859,
                0.913797914981842
            ],
            "quaternion_xyzw_world": [
                0.4505622088909149,
                -0.5672266483306885,
                -0.13346828520298004,
                0.6763386726379395
            ],
            "segmentation_id": 7,
            "visibility": -1
        },
        {
            "bounding_box_minx_maxx_miny_maxy": [
                -1,
                -1,
                -1,
                -1
            ],
            "class": "2",
            "local_cuboid": null,
            "local_to_world_matrix": [
                [
                    -0.8904590606689453,
                    0.454723060131073,
                    -0.01761847734451294,
                    0.0
                ],
                [
                    0.30867934226989746,
                    0.632010817527771,
                    0.7108301520347595,
                    0.0
                ],
                [
                    0.3343658447265625,
                    0.6275264620780945,
                    -0.7031434774398804,
                    0.0
                ],
                [
                    1.8496344089508057,
                    -0.045586034655570984,
                    0.6085541248321533,
                    1.0
                ]
            ],
            "location": [
                0.045586034655570984,
                0.6085541248321533,
                -1.8496344089508057
            ],
            "location_world": [
                1.8496344089508057,
                -0.045586034655570984,
                0.6085541248321533
            ],
            "name": "google_2_of_Jenga_Classic_Game_7",
            "projected_cuboid": [
                [
                    209.02350544929504,
                    131.63906335830688
                ],
                [
                    192.84817576408386,
                    114.424929022789
                ],
                [
                    250.3288984298706,
                    39.3500030040741
                ],
                [
                    268.21279525756836,
                    56.41123652458191
                ],
                [
                    221.47850692272186,
                    135.4348361492157
                ],
                [
                    205.70991933345795,
                    118.77712607383728
                ],
                [
                    261.72494888305664,
                    46.70505225658417
                ],
                [
                    279.0963649749756,
                    63.22838366031647
                ],
                [
                    235.36477982997894,
                    89.18723464012146
                ]
            ],
            "provenance": "nvisii",
            "quaternion_xyzw": [
                -0.20543421804904938,
                0.7905566692352295,
                -0.31997156143188477,
                -0.4800368547439575
            ],
            "quaternion_xyzw_world": [
                0.21252858638763428,
                0.89799964427948,
                0.37259384989738464,
                0.0979912206530571
            ],
            "segmentation_id": 8,
            "visibility": -1
        },
        {
            "bounding_box_minx_maxx_miny_maxy": [
                -1,
                -1,
                -1,
                -1
            ],
            "class": "2",
            "local_cuboid": null,
            "local_to_world_matrix": [
                [
                    -0.23437857627868652,
                    0.1699245572090149,
                    0.9571793675422668,
                    0.0
                ],
                [
                    0.8266799449920654,
                    0.5529277324676514,
                    0.10426473617553711,
                    0.0
                ],
                [
                    -0.5115339159965515,
                    0.815718412399292,
                    -0.2700676918029785,
                    0.0
                ],
                [
                    0.28367483615875244,
                    -0.02302299067378044,
                    -0.3357897400856018,
                    1.0
                ]
            ],
            "location": [
                0.02302299067378044,
                -0.3357897400856018,
                -0.28367483615875244
            ],
            "location_world": [
                0.28367483615875244,
                -0.02302299067378044,
                -0.3357897400856018
            ],
            "name": "google_2_of_Jenga_Classic_Game_8",
            "projected_cuboid": [
                [
                    -1080.459713935852,
                    2804.901361465454
                ],
                [
                    -675.8592128753662,
                    1656.2741994857788
                ],
                [
                    236.3339215517044,
                    823.0116367340088
                ],
                [
                    350.0053286552429,
                    1012.2005939483643
                ],
                [
                    -779.3810367584229,
                    2789.567232131958
                ],
                [
                    -534.5359444618225,
                    1765.9984827041626
                ],
                [
                    261.78625226020813,
                    929.7211170196533
                ],
                [
                    374.19772148132324,
                    1134.2231035232544
                ],
                [
                    -27.57278084754944,
                    1333.969235420227
                ]
            ],
            "provenance": "nvisii",
            "quaternion_xyzw": [
                -0.23145022988319397,
                -0.43665069341659546,
                0.6279318332672119,
                0.6012225151062012
            ],
            "quaternion_xyzw_world": [
                -0.3474051356315613,
                -0.7171774506568909,
                -0.32069578766822815,
                0.511976957321167
            ],
            "segmentation_id": 9,
            "visibility": -1
        },
        {
            "bounding_box_minx_maxx_miny_maxy": [
                -1,
                -1,
                -1,
                -1
            ],
            "class": "2",
            "local_cuboid": null,
            "local_to_world_matrix": [
                [
                    0.7565264105796814,
                    -0.41267627477645874,
                    -0.5073127150535583,
                    0.0
                ],
                [
                    -0.510887622833252,
                    -0.857221245765686,
                    -0.06454655528068542,
                    0.0
                ],
                [
                    -0.40824225544929504,
                    0.30801093578338623,
                    -0.8593417406082153,
                    0.0
                ],
                [
                    1.6787909269332886,
                    -0.6176618933677673,
                    0.7741976380348206,
                    1.0
                ]
            ],
            "location": [
                0.6176618933677673,
                0.7741976380348206,
                -1.6787909269332886
            ],
            "location_world": [
                1.6787909269332886,
                -0.6176618933677673,
                0.7741976380348206
            ],
            "name": "google_2_of_Jenga_Classic_Game_9",
            "projected_cuboid": [
                [
                    440.2284622192383,
                    60.457587242126465
                ],
                [
                    473.32707047462463,
                    57.340532541275024
                ],
                [
                    489.72854018211365,
                    -18.842339515686035
                ],
                [
                    458.5021734237671,
                    -14.040648937225342
                ],
                [
                    434.880793094635,
                    37.59486973285675
                ],
                [
                    469.13623809814453,
                    33.70049595832825
                ],
                [
                    486.4462614059448,
                    -43.54396462440491
                ],
                [
                    454.18912172317505,
                    -37.93284296989441
                ],
                [
                    463.45460414886475,
                    8.193060755729675
                ]
            ],
            "provenance": "nvisii",
            "quaternion_xyzw": [
                0.5169576406478882,
                0.16921518743038177,
                -0.5148088932037354,
                0.6626409292221069
            ],
            "quaternion_xyzw_world": [
                0.9318113327026367,
                -0.2477872520685196,
                -0.24563851952552795,
                -0.09995518624782562
            ],
            "segmentation_id": 10,
            "visibility": -1
        },
        {
            "bounding_box_minx_maxx_miny_maxy": [
                -1,
                -1,
                -1,
                -1
            ],
            "class": "2",
            "local_cuboid": null,
            "local_to_world_matrix": [
                [
                    -0.9759986400604248,
                    -0.16633768379688263,
                    -0.14056521654129028,
                    0.0
                ],
                [
                    0.028229907155036926,
                    0.543376088142395,
                    -0.8390146493911743,
                    0.0
                ],
                [
                    0.21593952178955078,
                    -0.8228452205657959,
                    -0.5256386995315552,
                    0.0
                ],
                [
                    1.8698487281799316,
                    0.2806183099746704,
                    -0.37172988057136536,
                    1.0
                ]
            ],
            "location": [
                -0.2806183099746704,
                -0.37172988057136536,
                -1.8698487281799316
            ],
            "location_world": [
                1.8698487281799316,
                0.2806183099746704,
                -0.37172988057136536
            ],
            "name": "google_2_of_Jenga_Classic_Game_10",
            "projected_cuboid": [
                [
                    246.57338857650757,
                    407.916784286499
                ],
                [
                    231.96941614151,
                    430.27451634407043
                ],
                [
                    152.1891951560974,
                    385.9117925167084
                ],
                [
                    167.19254851341248,
                    362.72573471069336
                ],
                [
                    242.6876276731491,
                    398.3488380908966
                ],
                [
                    228.65834832191467,
                    419.8455214500427
                ],
                [
                    151.98549628257751,
                    376.926988363266
                ],
                [
                    166.38293862342834,
                    354.66572642326355
                ],
                [
                    199.07671213150024,
                    392.35544204711914
                ]
            ],
            "provenance": "nvisii",
            "quaternion_xyzw": [
                -0.7451999187469482,
                0.22944894433021545,
                -0.603476881980896,
                -0.16687089204788208
            ],
            "quaternion_xyzw_world": [
                -0.03957250341773033,
                0.8724983334541321,
                -0.47617852687835693,
                0.10215055197477341
            ],
            "segmentation_id": 11,
            "visibility": -1
        },
        {
            "bounding_box_minx_maxx_miny_maxy": [
                -1,
                -1,
                -1,
                -1
            ],
            "class": "2",
            "local_cuboid": null,
            "local_to_world_matrix": [
                [
                    0.06089651584625244,
                    -0.8592148423194885,
                    0.5079777836799622,
                    0.0
                ],
                [
                    0.9960622191429138,
                    0.019458651542663574,
                    -0.08649508655071259,
                    0.0
                ],
                [
                    0.06443332135677338,
                    0.5112447142601013,
                    0.8570164442062378,
                    0.0
                ],
                [
                    1.5515538454055786,
                    -0.0015802410198375583,
                    -0.779947817325592,
                    1.0
                ]
            ],
            "location": [
                0.0015802410198375583,
                -0.779947817325592,
                -1.5515538454055786
            ],
            "location_world": [
                1.5515538454055786,
                -0.0015802410198375583,
                -0.779947817325592
            ],
            "name": "google_2_of_Jenga_Classic_Game_11",
            "projected_cuboid": [
                [
                    205.4208517074585,
                    449.48989152908325
                ],
                [
                    207.1286141872406,
                    441.8293833732605
                ],
                [
                    263.0968689918518,
                    538.7605428695679
                ],
                [
                    264.4813656806946,
                    551.9087314605713
                ],
                [
                    178.47025394439697,
                    465.9684896469116
                ],
                [
                    181.5910041332245,
                    457.4242830276489
                ],
                [
                    237.42617666721344,
                    554.8325181007385
                ],
                [
                    237.38247156143188,
                    568.9195394515991
                ],
                [
                    221.73352539539337,
                    503.1816363334656
                ]
            ],
            "provenance": "nvisii",
            "quaternion_xyzw": [
                -0.708897590637207,
                -0.17228129506111145,
                0.20177146792411804,
                0.6535071134567261
            ],
            "quaternion_xyzw_world": [
                -0.21472160518169403,
                -0.15933115780353546,
                -0.6664572954177856,
                0.6959474682807922
            ],
            "segmentation_id": 12,
            "visibility": -1
        },
        {
            "bounding_box_minx_maxx_miny_maxy": [
                -1,
                -1,
                -1,
                -1
            ],
            "class": "2",
            "local_cuboid": null,
            "local_to_world_matrix": [
                [
                    0.42424899339675903,
                    -0.01935291290283203,
                    -0.9053388833999634,
                    0.0
                ],
                [
                    -0.7259953618049622,
                    -0.6048308610916138,
                    -0.3272782564163208,
                    0.0
                ],
                [
                    -0.5412428379058838,
                    0.796119213104248,
                    -0.2706491947174072,
                    0.0
                ],
                [
                    1.956797480583191,
                    0.5497182011604309,
                    0.03098636120557785,
                    1.0
                ]
            ],
            "location": [
                -0.5497182011604309,
                0.03098636120557785,
                -1.956797480583191
            ],
            "location_world": [
                1.956797480583191,
                0.5497182011604309,
                0.03098636120557785
            ],
            "name": "google_2_of_Jenga_Classic_Game_12",
            "projected_cuboid": [
                [
                    -13.854503631591797,
                    272.86383509635925
                ],
                [
                    -5.646795034408569,
                    282.99421072006226
                ],
                [
                    87.39478886127472,
                    255.75095415115356
                ],
                [
                    76.98866724967957,
                    247.25297093391418
                ],
                [
                    -19.23459768295288,
                    249.5054006576538
                ],
                [
                    -11.058270931243896,
                    259.01174545288086
                ],
                [
                    84.0621143579483,
                    233.27668011188507
                ],
                [
                    73.58291745185852,
                    225.33348202705383
                ],
                [
                    35.92930734157562,
                    252.73647904396057
                ]
            ],
            "provenance": "nvisii",
            "quaternion_xyzw": [
                0.44871723651885986,
                -0.16742625832557678,
                -0.6799206733703613,
                0.5552741885185242
            ],
            "quaternion_xyzw_world": [
                0.7582429051399231,
                -0.24574851989746094,
                -0.4769519567489624,
                -0.3703949749469757
            ],
            "segmentation_id": 13,
            "visibility": -1
        },
        {
            "bounding_box_minx_maxx_miny_maxy": [
                -1,
                -1,
                -1,
                -1
            ],
            "class": "2",
            "local_cuboid": null,
            "local_to_world_matrix": [
                [
                    -0.9687225818634033,
