{
    "camera_data": {
        "camera_look_at": {
            "at": [
                1.0,
                0.0,
                0.0
            ],
            "eye": [
                0.0,
                0.0,
                0.0
            ],
            "up": [
                0.0,
                0.0,
                1.0
            ]
        },
        "camera_view_matrix": [
            [
                0.0,
                0.0,
                -1.0,
                0.0
            ],
            [
                -1.0,
                0.0,
                0.0,
                0.0
            ],
            [
                0.0,
                1.0,
                0.0,
                0.0
            ],
            [
                0.0,
                0.0,
                0.0,
                1.0
            ]
        ],
        "height": 500,
        "intrinsics": {
            "cx": 250.0,
            "cy": 250.0,
            "fx": 603.5535278320312,
            "fy": 603.5535278320312
        },
        "location_world": [
            0.0,
            0.0,
            0.0
        ],
        "quaternion_world_xyzw": [
            0.5,
            -0.5,
            -0.5,
            0.5
        ],
        "width": 500
    },
    "objects": [
        {
            "bounding_box_minx_maxx_miny_maxy": [
                -1,
                -1,
                -1,
                -1
            ],
            "class": "2",
            "local_cuboid": null,
            "local_to_world_matrix": [
                [
                    0.07932394742965698,
                    0.5308935046195984,
                    0.8437178134918213,
                    0.0
                ],
                [
                    0.6563965678215027,
                    0.609176516532898,
                    -0.44502532482147217,
                    0.0
                ],
                [
                    -0.7502341270446777,
                    0.5891146659851074,
                    -0.30015432834625244,
                    0.0
                ],
                [
                    0.4204576015472412,
                    -0.18561586737632751,
                    0.08640804886817932,
                    1.0
                ]
            ],
            "location": [
                0.18561586737632751,
                0.08640804886817932,
                -0.4204576015472412
            ],
            "location_world": [
                0.4204576015472412,
                -0.18561586737632751,
                0.08640804886817932
            ],
            "name": "google_2_of_Jenga_Classic_Game_0",
            "projected_cuboid": [
                [
                    312.656432390213,
                    76.49371027946472
                ],
                [
                    163.95634412765503,
                    215.6226634979248
                ],
                [
                    435.8859360218048,
                    115.05687236785889
                ],
                [
                    540.3399467468262,
                    38.86888921260834
                ],
                [
                    463.2536768913269,
                    305.80347776412964
                ],
                [
                    273.480623960495,
                    392.51911640167236
                ],
                [
                    495.30029296875,
                    203.42913269996643
                ],
                [
                    609.8846197128296,
                    138.58960568904877
                ],
                [
                    443.3889389038086,
                    167.35133528709412
                ]
            ],
            "provenance": "nvisii",
            "quaternion_xyzw": [
                -0.2024213671684265,
                -0.2896696627140045,
                0.825553297996521,
                0.43997594714164734
            ],
            "quaternion_xyzw_world": [
                -0.43883419036865234,
                -0.6763887405395508,
                -0.053256843239068985,
                0.5891404747962952
            ],
            "segmentation_id": 1,
            "visibility": -1
        },
        {
            "bounding_box_minx_maxx_miny_maxy": [
                -1,
                -1,
                -1,
                -1
            ],
            "class": "2",
            "local_cuboid": null,
            "local_to_world_matrix": [
                [
                    -0.6050115823745728,
                    -0.07751980423927307,
                    0.7924339771270752,
                    0.0
                ],
                [
                    0.2857447862625122,
                    0.9078106880187988,
                    0.30696842074394226,
                    0.0
                ],
                [
                    -0.7431762218475342,
                    0.41215333342552185,
                    -0.5270851850509644,
                    0.0
                ],
                [
                    1.7239376306533813,
                    0.6120738983154297,
                    0.20878082513809204,
                    1.0
                ]
            ],
            "location": [
                -0.6120738983154297,
                0.20878082513809204,
                -1.7239376306533813
            ],
            "location_world": [
                1.7239376306533813,
                0.6120738983154297,
                0.20878082513809204
            ],
            "name": "google_2_of_Jenga_Classic_Game_1",
            "projected_cuboid": [
                [
                    -33.552587032318115,
                    220.00953555107117
                ],
                [
                    -59.92156267166138,
                    210.0297510623932
                ],
                [
                    21.811962127685547,
                    160.824254155159
                ],
                [
                    45.958131551742554,
                    168.81734132766724
                ],
                [
                    -27.071624994277954,
                    245.79620361328125
                ],
                [
                    -52.72623896598816,
                    235.7218712568283
                ],
                [
                    25.903135538101196,
                    184.68168377876282
                ],
                [
                    49.442216753959656,
                    192.78661906719208
                ],
                [
                    -1.1661052703857422,
                    200.76590776443481
                ]
            ],
            "provenance": "nvisii",
            "quaternion_xyzw": [
                -0.08272719383239746,
                0.3486661911010742,
                -0.5828137993812561,
                -0.7293257713317871
            ],
            "quaternion_xyzw_world": [
                0.05971352010965347,
                0.8717665076255798,
                0.2062254548072815,
                -0.44037312269210815
            ],
            "segmentation_id": 2,
            "visibility": -1
        },
        {
            "bounding_box_minx_maxx_miny_maxy": [
                -1,
                -1,
                -1,
                -1
            ],
            "class": "2",
            "local_cuboid": null,
            "local_to_world_matrix": [
                [
                    -0.17034125328063965,
                    -0.5005015134811401,
                    -0.8488122224807739,
                    0.0
                ],
                [
                    -0.09381493926048279,
                    -0.8492512702941895,
                    0.5195873379707336,
                    0.0
                ],
                [
                    -0.9809091091156006,
                    0.16813842952251434,
                    0.09770798683166504,
                    0.0
                ],
                [
                    0.4677279591560364,
                    -0.495393306016922,
                    0.15942901372909546,
                    1.0
                ]
            ],
            "location": [
                0.495393306016922,
                0.15942901372909546,
                -0.4677279591560364
            ],
            "location_world": [
                0.4677279591560364,
                -0.495393306016922,
                0.15942901372909546
            ],
            "name": "google_2_of_Jenga_Classic_Game_2",
            "projected_cuboid": [
                [
                    1704.7606706619263,
                    -198.31159710884094
                ],
                [
                    2026.1340141296387,
                    -374.4140863418579
                ],
                [
                    977.5494933128357,
                    54.712966084480286
                ],
                [
                    872.0737099647522,
                    114.98862504959106
                ],
                [
                    1478.7005186080933,
                    -377.5273561477661
                ],
                [
                    1766.8660879135132,
                    -548.4837889671326
                ],
                [
                    906.1204195022583,
                    -25.60722827911377
                ],
                [
                    804.7899603843689,
                    34.305378794670105
                ],
                [
                    1125.738263130188,
                    -73.09913635253906
                ]
            ],
            "provenance": "nvisii",
            "quaternion_xyzw": [
                0.0011236369609832764,
                0.09769442677497864,
                0.4901072084903717,
                -0.8661694526672363
            ],
            "quaternion_xyzw_world": [
                -0.6287292838096619,
                0.2363165020942688,
                0.7275473475456238,
                -0.13974572718143463
            ],
            "segmentation_id": 3,
            "visibility": -1
        },
        {
            "bounding_box_minx_maxx_miny_maxy": [
                -1,
                -1,
                -1,
                -1
            ],
            "class": "2",
            "local_cuboid": null,
            "local_to_world_matrix": [
                [
                    0.9028908014297485,
                    0.41407936811447144,
                    -0.11544014513492584,
                    0.0
                ],
                [
                    -0.13934282958507538,
                    0.5359687805175781,
                    0.8326590657234192,
                    0.0
                ],
                [
                    0.40665924549102783,
                    -0.7357144951820374,
                    0.5416202545166016,
                    0.0
                ],
                [
                    1.5913691520690918,
                    -0.29629766941070557,
                    -0.5831735134124756,
                    1.0
                ]
            ],
            "location": [
                0.29629766941070557,
                -0.5831735134124756,
                -1.5913691520690918
            ],
            "location_world": [
                1.5913691520690918,
                -0.29629766941070557,
                -0.5831735134124756
            ],
            "name": "google_2_of_Jenga_Classic_Game_3",
            "projected_cuboid": [
                [
                    428.3197522163391,
                    410.11911630630493
                ],
                [
                    413.82646560668945,
                    386.81238889694214
                ],
                [
                    345.82024812698364,
                    455.7396173477173
                ],
                [
                    361.8578910827637,
                    480.2452027797699
                ],
                [
                    447.6105570793152,
                    413.63513469696045
                ],
                [
                    432.6346516609192,
                    389.3583118915558
                ],
                [
                    362.9445433616638,
                    461.6483449935913
                ],
                [
                    379.5846700668335,
                    487.22711205482483
                ],
                [
                    397.62991666793823,
                    434.30906534194946
                ]
            ],
            "provenance": "nvisii",
            "quaternion_xyzw": [
                -0.19995053112506866,
                0.8144627213478088,
                0.20902219414710999,
                0.5029712915420532
            ],
            "quaternion_xyzw_world": [
                0.4542306065559387,
                0.15120984613895416,
                0.16028152406215668,
                0.8632033467292786
            ],
            "segmentation_id": 4,
            "visibility": -1
        },
        {
            "bounding_box_minx_maxx_miny_maxy": [
                -1,
                -1,
                -1,
                -1
            ],
            "class": "2",
            "local_cuboid": null,
            "local_to_world_matrix": [
                [
                    0.3085055351257324,
                    0.7883567810058594,
                    -0.5322762131690979,
                    0.0
                ],
                [
                    0.9467532634735107,
                    -0.30866289138793945,
                    0.09157322347164154,
                    0.0
                ],
                [
                    -0.09210146963596344,
                    -0.5321850180625916,
                    -0.8416035175323486,
                    0.0
                ],
                [
                    1.735461950302124,
                    0.6251213550567627,
                    0.09915317595005035,
                    1.0
                ]
            ],
            "location": [
                -0.6251213550567627,
                0.09915317595005035,
                -1.735461950302124
            ],
            "location_world": [
                1.735461950302124,
                0.6251213550567627,
                0.09915317595005035
            ],
            "name": "google_2_of_Jenga_Classic_Game_4",
            "projected_cuboid": [
                [
                    65.49511849880219,
                    311.59818172454834
                ],
                [
                    82.8067809343338,
                    306.15073442459106
                ],
                [
                    32.836779952049255,
                    222.30331599712372
                ],
                [
                    13.45852017402649,
                    223.7396538257599
                ],
                [
                    85.44544875621796,
                    297.203004360199
                ],
                [
                    102.08122432231903,
                    292.3419773578644
                ],
                [
                    51.127418875694275,
                    207.54793286323547
                ],
                [
                    32.33762085437775,
                    208.3042860031128
                ],
                [
                    58.13919007778168,
                    258.3266794681549
                ]
            ],
            "provenance": "nvisii",
            "quaternion_xyzw": [
                -0.08361898362636566,
                0.6685485243797302,
                -0.6687459945678711,
                0.31437158584594727
            ],
            "quaternion_xyzw_world": [
                0.7840235829353333,
                0.5532709956169128,
                -0.1990940272808075,
                0.19889652729034424
            ],
            "segmentation_id": 5,
            "visibility": -1
        },
        {
            "bounding_box_minx_maxx_miny_maxy": [
                -1,
                -1,
                -1,
                -1
            ],
            "class": "2",
            "local_cuboid": null,
            "local_to_world_matrix": [
                [
                    0.8639971613883972,
                    0.12586918473243713,
                    0.4875098466873169,
                    0.0
                ],
                [
                    -0.3122160732746124,
                    -0.6256815195083618,
                    0.7148733139038086,
                    0.0
                ],
                [
                    0.39500635862350464,
                    -0.7698569297790527,
                    -0.501288652420044,
                    0.0
                ],
                [
                    1.3098175525665283,
                    -0.2651384174823761,
                    -0.4014572501182556,
                    1.0
                ]
            ],
            "location": [
                0.2651384174823761,
                -0.4014572501182556,
                -1.3098175525665283
            ],
            "location_world": [
                1.3098175525665283,
                -0.2651384174823761,
                -0.4014572501182556
            ],
            "name": "google_2_of_Jenga_Classic_Game_5",
            "projected_cuboid": [
                [
                    437.98479437828064,
                    479.0785014629364
                ],
                [
                    463.4619951248169,
                    458.06124806404114
                ],
                [
                    379.9772262573242,
                    409.6890389919281
                ],
                [
                    353.9557456970215,
                    433.432936668396
                ],
                [
                    451.3763189315796,
                    506.72590732574463
                ],
                [
                    478.36992144584656,
                    485.1980209350586
                ],
                [
                    391.74067974090576,
                    436.6944432258606
                ],
                [
                    364.1025424003601,
                    461.14152669906616
                ],
                [
                    416.6373014450073,
                    459.5128893852234
                ]
            ],
            "provenance": "nvisii",
            "quaternion_xyzw": [
                0.3722445070743561,
                0.7476210594177246,
                -0.06322470307350159,
                0.5463509559631348
            ],
            "quaternion_xyzw_world": [
                0.8647206425666809,
                -0.05387488752603531,
                0.2551448941230774,
                0.42925143241882324
            ],
            "segmentation_id": 6,
            "visibility": -1
        },
        {
            "bounding_box_minx_maxx_miny_maxy": [
                -1,
                -1,
                -1,
                -1
            ],
            "class": "2",
            "local_cuboid": null,
            "local_to_world_matrix": [
                [
                    -0.546556830406189,
                    0.7935799360275269,
                    -0.2674080729484558,
                    0.0
                ],
                [
                    -0.4460735321044922,
                    -0.5461442470550537,
                    -0.7090454697608948,
                    0.0
                ],
                [
                    -0.7087274789810181,
                    -0.26824986934661865,
                    0.6524933576583862,
                    0.0
                ],
                [
                    1.0540804862976074,
                    -0.3708932101726532,
                    -0.034223128110170364,
                    1.0
                ]
            ],
            "location": [
                0.3708932101726532,
                -0.034223128110170364,
                -1.0540804862976074
            ],
            "location_world": [
                1.0540804862976074,
                -0.3708932101726532,
                -0.034223128110170364
            ],
            "name": "google_2_of_Jenga_Classic_Game_6",
            "projected_cuboid": [
                [
                    532.2673916816711,
                    124.34692680835724
                ],
                [
                    579.9493789672852,
                    163.27382624149323
                ],
                [
                    465.9161567687988,
                    294.46113109588623
                ],
                [
                    431.70809745788574,
                    258.49923491477966
                ],
                [
                    561.1290335655212,
                    116.10522866249084
                ],
                [
                    607.6709628105164,
                    152.69187092781067
                ],
                [
                    492.85978078842163,
                    280.5998921394348
                ],
                [
                    459.0721130371094,
                    246.5316653251648
                ],
                [
                    510.36161184310913,
                    211.2044394016266
                ]
            ],
            "provenance": "nvisii",
            "quaternion_xyzw": [
                0.227342426776886,
                0.30651557445526123,
                0.8960124254226685,
                -0.2269924283027649
            ],
            "quaternion_xyzw_world": [
                -0.29457342624664307,
                -0.29492342472076416,
                0.8284314274787903,
                0.3740965723991394
            ],
            "segmentation_id": 7,
            "visibility": -1
        },
        {
            "bounding_box_minx_maxx_miny_maxy": [
                -1,
                -1,
                -1,
                -1
            ],
            "class": "2",
            "local_cuboid": null,
            "local_to_world_matrix": [
                [
                    0.6331596374511719,
                    0.5153282880783081,
                    -0.5775340795516968,
                    0.0
                ],
                [
                    0.6681051254272461,
                    -0.7406127452850342,
                    0.071612149477005,
                    0.0
                ],
                [
                    -0.3908253610134125,
                    -0.4311954081058502,
                    -0.8132195472717285,
                    0.0
                ],
                [
                    1.8222787380218506,
                    -0.0984000414609909,
                    0.6607753038406372,
                    1.0
                ]
            ],
            "location": [
                0.0984000414609909,
                0.6607753038406372,
                -1.8222787380218506
            ],
            "location_world": [
                1.8222787380218506,
                -0.0984000414609909,
                0.6607753038406372
            ],
            "name": "google_2_of_Jenga_Classic_Game_7",
            "projected_cuboid": [
                [
                    311.1548721790314,
                    109.29803550243378
                ],
                [
                    330.6260108947754,
                    111.7325872182846
                ],
                [
                    285.18426418304443,
                    43.70346665382385
                ],
                [
                    265.52581787109375,
                    39.31185603141785
                ],
                [
                    327.82694697380066,
                    88.43541145324707
                ],
                [
                    347.31677174568176,
                    91.62876009941101
                ],
                [
                    299.5878756046295,
                    22.995486855506897
                ],
                [
                    279.83370423316956,
                    17.819523811340332
                ],
                [
                    305.17375469207764,
                    64.6723210811615
                ]
            ],
            "provenance": "nvisii",
            "quaternion_xyzw": [
                0.0745556503534317,
                0.5468352437019348,
                -0.6772262454032898,
                0.4865977168083191
            ],
            "quaternion_xyzw_world": [
                0.8926073908805847,
                0.3314540684223175,
                -0.2712165117263794,
                0.14082551002502441
            ],
            "segmentation_id": 8,
            "visibility": -1
        },
        {
            "bounding_box_minx_maxx_miny_maxy": [
                -1,
                -1,
                -1,
                -1
            ],
            "class": "2",
            "local_cuboid": null,
            "local_to_world_matrix": [
                [
                    -0.07036387920379639,
                    -0.8024011850357056,
                    -0.5926223397254944,
                    0.0
                ],
                [
                    -0.9354977607727051,
                    -0.15313875675201416,
                    0.3184219002723694,
                    0.0
                ],
                [
                    -0.34625548124313354,
                    0.5768022537231445,
                    -0.7398691177368164,
                    0.0
                ],
                [
                    0.2737421989440918,
                    -0.1203487291932106,
                    -0.2886796295642853,
                    1.0
                ]
            ],
            "location": [
                0.1203487291932106,
                -0.2886796295642853,
                -0.2737421989440918
            ],
            "location_world": [
                0.2737421989440918,
                -0.1203487291932106,
                -0.2886796295642853
            ],
            "name": "google_2_of_Jenga_Classic_Game_8",
            "projected_cuboid": [
                [
                    183.77387523651123,
                    1811.436653137207
                ],
                [
                    203.5117745399475,
                    2633.091449737549
                ],
                [
                    663.0756258964539,
                    1028.5146236419678
                ],
                [
                    532.8513383865356,
                    882.719874382019
                ],
                [
                    7.710695266723633,
                    1639.809250831604
                ],
                [
                    -75.68415999412537,
                    2328.1586170196533
                ],
                [
                    492.23965406417847,
                    891.2559747695923
                ],
                [
                    407.00092911720276,
                    782.3280692100525
                ],
                [
                    347.5770056247711,
                    1322.797417640686
                ]
            ],
            "provenance": "nvisii",
            "quaternion_xyzw": [
                0.5333206653594971,
                -0.20601283013820648,
                -0.23739862442016602,
                0.7853468656539917
            ],
            "quaternion_xyzw_world": [
                0.6750266551971436,
                -0.6436408758163452,
                -0.3477188050746918,
                -0.09569266438484192
            ],
            "segmentation_id": 9,
            "visibility": -1
        },
        {
            "bounding_box_minx_maxx_miny_maxy": [
                -1,
                -1,
                -1,
                -1
            ],
            "class": "2",
            "local_cuboid": null,
            "local_to_world_matrix": [
                [
                    -0.8029977083206177,
                    0.2252151072025299,
                    0.5517904758453369,
                    0.0
                ],
                [
                    0.5409047603607178,
                    0.6641358137130737,
                    0.5160869359970093,
                    0.0
                ],
                [
                    -0.2502332627773285,
                    0.7128827571868896,
                    -0.6551194190979004,
                    0.0
                ],
                [
                    1.736849308013916,
                    -0.6414875388145447,
                    0.7884637117385864,
                    1.0
                ]
            ],
            "location": [
                0.6414875388145447,
                0.7884637117385864,
                -1.736849308013916
            ],
            "location_world": [
                1.736849308013916,
                -0.6414875388145447,
                0.7884637117385864
            ],
            "name": "google_2_of_Jenga_Classic_Game_9",
            "projected_cuboid": [
                [
                    419.6881651878357,
                    26.073545217514038
                ],
                [
                    394.55312490463257,
                    16.360729932785034
                ],
                [
                    461.16918325424194,
                    -40.593892335891724
                ],
                [
                    487.02070116996765,
                    -32.84931182861328
                ],
                [
                    419.6726083755493,
                    50.26179552078247
                ],
                [
                    395.46462893486023,
                    40.26408493518829
                ],
                [
                    459.6877992153168,
                    -15.651851892471313
                ],
                [
                    484.5625162124634,
                    -7.535725831985474
                ],
                [
                    440.7590329647064,
                    4.093572497367859
                ]
            ],
            "provenance": "nvisii",
            "quaternion_xyzw": [
                -0.046001940965652466,
                0.6105465888977051,
                -0.4897350072860718,
                -0.62070631980896
            ],
            "quaternion_xyzw_world": [
                0.2167867124080658,
                0.8834949135780334,
                0.3477579951286316,
                -0.22694635391235352
            ],
            "segmentation_id": 10,
            "visibility": -1
        },
        {
            "bounding_box_minx_maxx_miny_maxy": [
                -1,
                -1,
                -1,
                -1
            ],
            "class": "2",
            "local_cuboid": null,
            "local_to_world_matrix": [
                [
                    0.6643466949462891,
                    -0.290364146232605,
                    0.688717782497406,
                    0.0
                ],
                [
                    -0.7386331558227539,
                    -0.39596760272979736,
                    0.5455554127693176,
                    0.0
                ],
                [
                    0.1143001914024353,
                    -0.8711476922035217,
                    -0.47753238677978516,
                    0.0
                ],
                [
                    1.906212329864502,
                    0.32752692699432373,
                    -0.4500393867492676,
                    1.0
                ]
            ],
            "location": [
                -0.32752692699432373,
                -0.4500393867492676,
                -1.906212329864502
            ],
            "location_world": [
                1.906212329864502,
                0.32752692699432373,
                -0.4500393867492676
            ],
            "name": "google_2_of_Jenga_Classic_Game_10",
            "projected_cuboid": [
                [
                    226.32092237472534,
                    426.933228969574
                ],
                [
                    235.9882891178131,
                    418.2659983634949
                ],
                [
                    154.96326982975006,
                    376.94063782691956
                ],
                [
                    147.7050483226776,
                    387.06785440444946
                ],
                [
                    218.57330203056335,
                    448.56470823287964
                ],
                [
                    228.25312614440918,
                    440.37288427352905
                ],
                [
                    144.7916328907013,
                    398.27531576156616
                ],
                [
                    137.66632974147797,
                    407.98401832580566
                ],
                [
                    187.1267706155777,
                    413.15633058547974
                ]
            ],
            "provenance": "nvisii",
            "quaternion_xyzw": [
                0.4634406566619873,
                0.5851263403892517,
                0.11155745387077332,
                0.6560525298118591
            ],
            "quaternion_xyzw_world": [
                0.7965310215950012,
                -0.32296210527420044,
                0.2520360052585602,
                0.44464781880378723
            ],
            "segmentation_id": 11,
            "visibility": -1
        },
        {
            "bounding_box_minx_maxx_miny_maxy": [
                -1,
                -1,
                -1,
                -1
            ],
            "class": "2",
            "local_cuboid": null,
            "local_to_world_matrix": [
                [
                    0.902503252029419,
                    -0.19776330888271332,
                    0.3825933039188385,
                    0.0
                ],
                [
                    0.36578041315078735,
                    0.8209249973297119,
                    -0.4385053515434265,
                    0.0
                ],
                [
                    -0.22736015915870667,
                    0.5356976389884949,
                    0.8132253885269165,
                    0.0
                ],
                [
                    1.5035406351089478,
                    0.015204533003270626,
                    -0.7590508460998535,
                    1.0
                ]
            ],
            "location": [
                -0.015204533003270626,
                -0.7590508460998535,
                -1.5035406351089478
            ],
            "location_world": [
                1.5035406351089478,
                0.015204533003270626,
                -0.7590508460998535
            ],
            "name": "google_2_of_Jenga_Classic_Game_11",
            "projected_cuboid": [
                [
                    196.48921489715576,
                    452.07303762435913
                ],
                [
                    169.486403465271,
                    462.8961682319641
                ],
                [
                    233.67775976657867,
                    546.0264682769775
                ],
                [
                    260.80480217933655,
                    537.3601913452148
                ],
                [
                    186.94721162319183,
                    475.5951166152954
                ],
                [
                    158.79559516906738,
                    486.44930124282837
                ],
                [
                    226.54660046100616,
                    572.5151300430298
                ],
                [
                    254.85169887542725,
                    563.9873147010803
                ],
                [
                    211.6512656211853,
                    512.8286480903625
                ]
            ],
            "provenance": "nvisii",
            "quaternion_xyzw": [
                -0.5934872627258301,
                0.184642493724823,
                0.6058263778686523,
                0.4966433048248291
            ],
            "quaternion_xyzw_world": [
                -0.25901395082473755,
                -0.162169948220253,
                -0.1498308777809143,
                0.9402997493743896
            ],
            "segmentation_id": 12,
            "visibility": -1
        },
        {
            "bounding_box_minx_maxx_miny_maxy": [
                -1,
                -1,
                -1,
                -1
            ],
            "class": "2",
            "local_cuboid": null,
            "local_to_world_matrix": [
                [
                    -0.10505044460296631,
                    -0.23363211750984192,
                    -0.9666335582733154,
                    0.0
                ],
                [
                    -0.967216968536377,
                    -0.2019808292388916,
                    0.15393197536468506,
                    0.0
                ],
                [
                    -0.23120498657226562,
                    0.9511150121688843,
                    -0.20475482940673828,
                    0.0
                ],
                [
                    1.9658641815185547,
                    0.5496091246604919,
                    0.07106558978557587,
                    1.0
                ]
            ],
            "location": [
                -0.5496091246604919,
                0.07106558978557587,
                -1.9658641815185547
            ],
            "location_world": [
                1.9658641815185547,
                0.5496091246604919,
                0.07106558978557587
            ],
            "name": "google_2_of_Jenga_Classic_Game_12",
            "projected_cuboid": [
                [
                    -7.868647575378418,
                    260.4038417339325
                ],
                [
                    -13.677775859832764,
                    256.6295862197876
                ],
                [
                    82.88325369358063,
                    237.60464787483215
                ],
                [
                    84.55847203731537,
                    242.02749133110046
                ],
                [
                    -12.493044137954712,
                    236.67661845684052
                ],
                [
                    -18.479198217391968,
                    231.87828063964844
                ],
                [
                    77.83511281013489,
                    213.8015329837799
                ],
                [
                    79.70850169658661,
                    219.1728949546814
                ],
                [
                    34.918367862701416,
                    237.13794350624084
                ]
            ],
            "provenance": "nvisii",
            "quaternion_xyzw": [
                0.46056899428367615,
                -0.4150586724281311,
                -0.4592496454715729,
                0.636154294013977
            ],
            "quaternion_xyzw_world": [
                0.5704571008682251,
                -0.5262661576271057,
                -0.5249468088150024,
                -0.34936150908470154
            ],
            "segmentation_id": 13,
            "visibility": -1
        },
        {
            "bounding_box_minx_maxx_miny_maxy": [
                -1,
                -1,
                -1,
                -1
            ],
            "class": "2",
            "local_cuboid": null,
            "local_to_world_matrix": [
                [
                    0.7089805603027344,
                    -0.13246792554855347,
