{
    "camera_data": {
        "camera_look_at": {
            "at": [
                1.0,
                0.0,
                0.0
            ],
            "eye": [
                0.0,
                0.0,
                0.0
            ],
            "up": [
                0.0,
                0.0,
                1.0
            ]
        },
        "camera_view_matrix": [
            [
                0.0,
                0.0,
                -1.0,
                0.0
            ],
            [
                -1.0,
                0.0,
                0.0,
                0.0
            ],
            [
                0.0,
                1.0,
                0.0,
                0.0
            ],
            [
                0.0,
                0.0,
                0.0,
                1.0
            ]
        ],
        "height": 500,
        "intrinsics": {
            "cx": 250.0,
            "cy": 250.0,
            "fx": 603.5535278320312,
            "fy": 603.5535278320312
        },
        "location_world": [
            0.0,
            0.0,
            0.0
        ],
        "quaternion_world_xyzw": [
            0.5,
            -0.5,
            -0.5,
            0.5
        ],
        "width": 500
    },
    "objects": [
        {
            "bounding_box_minx_maxx_miny_maxy": [
                -1,
                -1,
                -1,
                -1
            ],
            "class": "2",
            "local_cuboid": null,
            "local_to_world_matrix": [
                [
                    0.7056002020835876,
                    0.4319116175174713,
                    0.5617657899856567,
                    0.0
                ],
                [
                    0.3743228018283844,
                    0.44594573974609375,
                    -0.8130282163619995,
                    0.0
                ],
                [
                    -0.6016733646392822,
                    0.7839546203613281,
                    0.15298503637313843,
                    0.0
                ],
                [
                    0.4003438651561737,
                    0.11468783766031265,
                    0.12490331381559372,
                    1.0
                ]
            ],
            "location": [
                -0.11468783766031265,
                0.12490331381559372,
                -0.4003438651561737
            ],
            "location_world": [
                0.4003438651561737,
                0.11468783766031265,
                0.12490331381559372
            ],
            "name": "google_2_of_Jenga_Classic_Game_0",
            "projected_cuboid": [
                [
                    -622.0946907997131,
                    -326.74938440322876
                ],
                [
                    -604.0571331977844,
                    -104.29316759109497
                ],
                [
                    45.354291796684265,
                    96.71293199062347
                ],
                [
                    84.78349447250366,
                    -15.521436929702759
                ],
                [
                    -776.7293453216553,
                    -356.3529849052429
                ],
                [
                    -730.972409248352,
                    -71.23517990112305
                ],
                [
                    68.9791738986969,
                    143.62312853336334
                ],
                [
                    116.65505170822144,
                    18.030762672424316
                ],
                [
                    -192.6780641078949,
                    -34.471213817596436
                ]
            ],
            "provenance": "nvisii",
            "quaternion_xyzw": [
                -0.4414304196834564,
                -0.06559357047080994,
                0.8435954451560974,
                0.298635870218277
            ],
            "quaternion_xyzw_world": [
                -0.5259917974472046,
                -0.38319724798202515,
                0.018967799842357635,
                0.7590340971946716
            ],
            "segmentation_id": 1,
            "visibility": -1
        },
        {
            "bounding_box_minx_maxx_miny_maxy": [
                -1,
                -1,
                -1,
                -1
            ],
            "class": "2",
            "local_cuboid": null,
            "local_to_world_matrix": [
                [
                    -0.6319689750671387,
                    0.7235981225967407,
                    -0.27752685546875,
                    0.0
                ],
                [
                    0.735203742980957,
                    0.44649386405944824,
                    -0.5100182890892029,
                    0.0
                ],
                [
                    -0.24513423442840576,
                    -0.5263544917106628,
                    -0.8141622543334961,
                    0.0
                ],
                [
                    1.7177503108978271,
                    0.7349144816398621,
                    0.24290251731872559,
                    1.0
                ]
            ],
            "location": [
                -0.7349144816398621,
                0.24290251731872559,
                -1.7177503108978271
            ],
            "location_world": [
                1.7177503108978271,
                0.7349144816398621,
                0.24290251731872559
            ],
            "name": "google_2_of_Jenga_Classic_Game_1",
            "projected_cuboid": [
                [
                    25.749221444129944,
                    244.04335021972656
                ],
                [
                    20.402997732162476,
                    259.99847054481506
                ],
                [
                    -23.890197277069092,
                    176.319420337677
                ],
                [
                    -20.428955554962158,
                    157.9257994890213
                ],
                [
                    53.57334017753601,
                    236.16738617420197
                ],
                [
                    47.36886918544769,
                    251.94242596626282
                ],
                [
                    3.232121467590332,
                    170.9406077861786
                ],
                [
                    7.576242089271545,
                    152.88762748241425
                ],
                [
                    13.876393437385559,
                    205.49768209457397
                ]
            ],
            "provenance": "nvisii",
            "quaternion_xyzw": [
                -0.36786073446273804,
                0.4920481741428375,
                -0.7872024178504944,
                -0.053660616278648376
            ],
            "quaternion_xyzw_world": [
                0.42886462807655334,
                0.8503859639167786,
                -0.30467718839645386,
                0.00952291302382946
            ],
            "segmentation_id": 2,
            "visibility": -1
        },
        {
            "bounding_box_minx_maxx_miny_maxy": [
                -1,
                -1,
                -1,
                -1
            ],
            "class": "2",
            "local_cuboid": null,
            "local_to_world_matrix": [
                [
                    -0.05972945690155029,
                    -0.41099128127098083,
                    0.9096804261207581,
                    0.0
                ],
                [
                    0.8229211568832397,
                    -0.5360898971557617,
                    -0.1881711184978485,
                    0.0
                ],
                [
                    0.5650071501731873,
                    0.7373559474945068,
                    0.37023383378982544,
                    0.0
                ],
                [
                    0.3452872037887573,
                    -0.4579888880252838,
                    0.3843287229537964,
                    1.0
                ]
            ],
            "location": [
                0.4579888880252838,
                0.3843287229537964,
                -0.3452872037887573
            ],
            "location_world": [
                0.3452872037887573,
                -0.4579888880252838,
                0.3843287229537964
            ],
            "name": "google_2_of_Jenga_Classic_Game_2",
            "projected_cuboid": [
                [
                    551.2139797210693,
                    -434.01896953582764
                ],
                [
                    562.9898309707642,
                    -328.7660479545593
                ],
                [
                    1043.9876317977905,
                    -408.8589549064636
                ],
                [
                    1134.3624591827393,
                    -588.5398983955383
                ],
                [
                    507.2988271713257,
                    -336.6472125053406
                ],
                [
                    524.547815322876,
                    -244.66043710708618
                ],
                [
                    983.0257296562195,
                    -287.4642014503479
                ],
                [
                    1058.5005283355713,
                    -437.47878074645996
                ],
                [
                    744.1959381103516,
                    -368.52186918258667
                ]
            ],
            "provenance": "nvisii",
            "quaternion_xyzw": [
                0.7355558276176453,
                0.4913870096206665,
                -0.23031103610992432,
                -0.40552836656570435
            ],
            "quaternion_xyzw_world": [
                0.5258627533912659,
                0.19583527743816376,
                0.7010800838470459,
                -0.4400041103363037
            ],
            "segmentation_id": 3,
            "visibility": -1
        },
        {
            "bounding_box_minx_maxx_miny_maxy": [
                -1,
                -1,
                -1,
                -1
            ],
            "class": "2",
            "local_cuboid": null,
            "local_to_world_matrix": [
                [
                    -0.7769670486450195,
                    0.5725176334381104,
                    -0.2618124485015869,
                    0.0
                ],
                [
                    -0.21300731599330902,
                    -0.6304261684417725,
                    -0.7464520931243896,
                    0.0
                ],
                [
                    -0.5924103856086731,
                    -0.5242007970809937,
                    0.611770749092102,
                    0.0
                ],
                [
                    1.635636806488037,
                    -0.31761234998703003,
                    -0.4465087056159973,
                    1.0
                ]
            ],
            "location": [
                0.31761234998703003,
                -0.4465087056159973,
                -1.635636806488037
            ],
            "location_world": [
                1.635636806488037,
                -0.31761234998703003,
                -0.4465087056159973
            ],
            "name": "google_2_of_Jenga_Classic_Game_3",
            "projected_cuboid": [
                [
                    426.5570640563965,
                    353.2865643501282
                ],
                [
                    451.36693120002747,
                    381.32572174072266
                ],
                [
                    371.6311454772949,
                    434.66368317604065
                ],
                [
                    350.36975145339966,
                    409.0363383293152
                ],
                [
                    437.49886751174927,
                    340.7745659351349
                ],
                [
                    461.4168405532837,
                    367.5042390823364
                ],
                [
                    383.5805654525757,
                    420.31270265579224
                ],
                [
                    362.968772649765,
                    395.77701687812805
                ],
                [
                    403.568297624588,
                    389.1398310661316
                ]
            ],
            "provenance": "nvisii",
            "quaternion_xyzw": [
                0.38128864765167236,
                0.24168944358825684,
                0.8531383275985718,
                -0.26145777106285095
            ],
            "quaternion_xyzw_world": [
                -0.24580901861190796,
                -0.36563989520072937,
                0.8687871098518372,
                0.22604069113731384
            ],
            "segmentation_id": 4,
            "visibility": -1
        },
        {
            "bounding_box_minx_maxx_miny_maxy": [
                -1,
                -1,
                -1,
                -1
            ],
            "class": "2",
            "local_cuboid": null,
            "local_to_world_matrix": [
                [
                    -0.1286717653274536,
                    0.9581849575042725,
                    0.25558823347091675,
                    0.0
                ],
                [
                    0.6558334827423096,
                    0.27554208040237427,
                    -0.702822208404541,
                    0.0
                ],
                [
                    -0.7438589334487915,
                    0.07719004154205322,
                    -0.663864254951477,
                    0.0
                ],
                [
                    1.8281283378601074,
                    0.38603296875953674,
                    0.2917885482311249,
                    1.0
                ]
            ],
            "location": [
                -0.38603296875953674,
                0.2917885482311249,
                -1.8281283378601074
            ],
            "location_world": [
                1.8281283378601074,
                0.38603296875953674,
                0.2917885482311249
            ],
            "name": "google_2_of_Jenga_Classic_Game_4",
            "projected_cuboid": [
                [
                    83.73753726482391,
                    197.35537469387054
                ],
                [
                    80.7773768901825,
                    221.06797993183136
                ],
                [
                    107.9975813627243,
                    161.2260341644287
                ],
                [
                    111.43907904624939,
                    138.53740692138672
                ],
                [
                    113.52524161338806,
                    205.35403490066528
                ],
                [
                    109.57971215248108,
                    228.65068912506104
                ],
                [
                    133.2884132862091,
                    168.24975609779358
                ],
                [
                    137.4862790107727,
                    145.90412378311157
                ],
                [
                    110.55038869380951,
                    181.60581588745117
                ]
            ],
            "provenance": "nvisii",
            "quaternion_xyzw": [
                -0.013949960470199585,
                0.3575974702835083,
                -0.9226139783859253,
                -0.14392000436782837
            ],
            "quaternion_xyzw_world": [
                0.561170756816864,
                0.7190406918525696,
                -0.2175232172012329,
                -0.3474932610988617
            ],
            "segmentation_id": 5,
            "visibility": -1
        },
        {
            "bounding_box_minx_maxx_miny_maxy": [
                -1,
                -1,
                -1,
                -1
            ],
            "class": "2",
            "local_cuboid": null,
            "local_to_world_matrix": [
                [
                    -0.8453346490859985,
                    0.5333160758018494,
                    0.03135678172111511,
                    0.0
                ],
                [
                    0.22160111367702484,
                    0.4034464955329895,
                    -0.8877633810043335,
                    0.0
                ],
                [
                    -0.48610928654670715,
                    -0.7435084581375122,
                    -0.45923078060150146,
                    0.0
                ],
                [
                    1.4371737241744995,
                    -0.3407610356807709,
                    -0.40077701210975647,
                    1.0
                ]
            ],
            "location": [
                0.3407610356807709,
                -0.40077701210975647,
                -1.4371737241744995
            ],
            "location_world": [
                1.4371737241744995,
                -0.3407610356807709,
                -0.40077701210975647
            ],
            "name": "google_2_of_Jenga_Classic_Game_5",
            "projected_cuboid": [
                [
                    516.9439315795898,
                    489.0967011451721
                ],
                [
                    496.84038758277893,
                    521.1679935455322
                ],
                [
                    379.28587198257446,
                    436.6329312324524
                ],
                [
                    395.7650363445282,
                    406.6929817199707
                ],
                [
                    522.6984024047852,
                    478.1418442726135
                ],
                [
                    503.51637601852417,
                    508.7677240371704
                ],
                [
                    390.6185030937195,
                    429.23176288604736
                ],
                [
                    406.4907133579254,
                    400.56344866752625
                ],
                [
                    448.5248327255249,
                    456.673264503479
                ]
            ],
            "provenance": "nvisii",
            "quaternion_xyzw": [
                -0.4659232497215271,
                0.1996518224477768,
                -0.8525240421295166,
                -0.12750469148159027
            ],
            "quaternion_xyzw_world": [
                0.22937393188476562,
                0.8228018879890442,
                -0.4956453740596771,
                -0.1572268158197403
            ],
            "segmentation_id": 6,
            "visibility": -1
        },
        {
            "bounding_box_minx_maxx_miny_maxy": [
                -1,
                -1,
                -1,
                -1
            ],
            "class": "2",
            "local_cuboid": null,
            "local_to_world_matrix": [
                [
                    0.42313921451568604,
                    -0.7734531164169312,
                    -0.4719357490539551,
                    0.0
                ],
                [
                    -0.4404944181442261,
                    -0.6307719945907593,
                    0.638820230960846,
                    0.0
                ],
                [
                    -0.7917814254760742,
                    -0.06242483854293823,
                    -0.6076061725616455,
                    0.0
                ],
                [
                    1.119104266166687,
                    -0.19099704921245575,
                    -0.2338528335094452,
                    1.0
                ]
            ],
            "location": [
                0.19099704921245575,
                -0.2338528335094452,
                -1.119104266166687
            ],
            "location_world": [
                1.119104266166687,
                -0.19099704921245575,
                -0.2338528335094452
            ],
            "name": "google_2_of_Jenga_Classic_Game_6",
            "projected_cuboid": [
                [
                    389.31113481521606,
                    548.7511157989502
                ],
                [
                    431.4451813697815,
                    524.5457291603088
                ],
                [
                    384.0325176715851,
                    371.8290328979492
                ],
                [
                    351.8674373626709,
                    396.10546827316284
                ],
                [
                    353.1479239463806,
                    534.7046852111816
                ],
                [
                    395.35391330718994,
                    508.93867015838623
                ],
                [
                    354.18254137039185,
                    354.8489212989807
                ],
                [
                    322.0500946044922,
                    380.41168451309204
                ],
                [
                    370.34040689468384,
                    444.0367817878723
                ]
            ],
            "provenance": "nvisii",
            "quaternion_xyzw": [
                0.29276761412620544,
                0.13563336431980133,
                -0.30802106857299805,
                0.8949936628341675
            ],
            "quaternion_xyzw_world": [
                0.8157078623771667,
                -0.3720534145832062,
                -0.38730689883232117,
                0.21491917967796326
            ],
            "segmentation_id": 7,
            "visibility": -1
        },
        {
            "bounding_box_minx_maxx_miny_maxy": [
                -1,
                -1,
                -1,
                -1
            ],
            "class": "2",
            "local_cuboid": null,
            "local_to_world_matrix": [
                [
                    -0.16991305351257324,
                    -0.975943922996521,
                    0.13661375641822815,
                    0.0
                ],
                [
                    -0.7466186285018921,
                    0.2179693579673767,
                    0.6285301446914673,
                    0.0
                ],
                [
                    -0.6431877613067627,
                    0.0047969818115234375,
                    -0.7656937837600708,
                    0.0
                ],
                [
                    1.8352830410003662,
                    -0.21855559945106506,
                    0.7764354944229126,
                    1.0
                ]
            ],
            "location": [
                0.21855559945106506,
                0.7764354944229126,
                -1.8352830410003662
            ],
            "location_world": [
                1.8352830410003662,
                -0.21855559945106506,
                0.7764354944229126
            ],
            "name": "google_2_of_Jenga_Classic_Game_7",
            "projected_cuboid": [
                [
                    345.5864191055298,
                    58.13193321228027
                ],
                [
                    342.42817759513855,
                    30.710041522979736
                ],
                [
                    333.2359790802002,
                    -21.48023247718811
                ],
                [
                    336.3867998123169,
                    4.940822720527649
                ],
                [
                    317.260205745697,
                    63.51636350154877
                ],
                [
                    313.0274713039398,
                    36.53021156787872
                ],
                [
                    306.9542348384857,
                    -15.87766408920288
                ],
                [
                    310.9668493270874,
                    10.165885090827942
                ],
                [
                    325.5036473274231,
                    19.658371806144714
                ]
            ],
            "provenance": "nvisii",
            "quaternion_xyzw": [
                -0.41959092020988464,
                0.04847323149442673,
                -0.09837907552719116,
                -0.9010635614395142
            ],
            "quaternion_xyzw_world": [
                -0.586901068687439,
                0.7337533831596375,
                0.21578337252140045,
                -0.2656892240047455
            ],
            "segmentation_id": 8,
            "visibility": -1
        },
        {
            "bounding_box_minx_maxx_miny_maxy": [
                -1,
                -1,
                -1,
                -1
            ],
            "class": "2",
            "local_cuboid": null,
            "local_to_world_matrix": [
                [
                    0.5261143445968628,
                    -0.813347339630127,
                    -0.24833449721336365,
                    0.0
                ],
                [
                    -0.8281121253967285,
                    -0.42355048656463623,
                    -0.3672002851963043,
                    0.0
                ],
                [
                    0.19347921013832092,
                    0.3988381326198578,
                    -0.896378755569458,
                    0.0
                ],
                [
                    0.23546342551708221,
                    -0.25335806608200073,
                    -0.1001489982008934,
                    1.0
                ]
            ],
            "location": [
                0.25335806608200073,
                -0.1001489982008934,
                -0.23546342551708221
            ],
            "location_world": [
                0.23546342551708221,
                -0.25335806608200073,
                -0.1001489982008934
            ],
            "name": "google_2_of_Jenga_Classic_Game_8",
            "projected_cuboid": [
                [
                    512.1521949768066,
                    868.3893084526062
                ],
                [
                    655.8462381362915,
                    1091.4170742034912
                ],
                [
                    1077.2768259048462,
                    592.136800289154
                ],
                [
                    804.497480392456,
                    445.7152485847473
                ],
                [
                    421.2159216403961,
                    913.5926365852356
                ],
                [
                    563.2388591766357,
                    1189.1732215881348
                ],
                [
                    1052.8533458709717,
                    605.3543090820312
                ],
                [
                    741.5722012519836,
                    430.8931231498718
                ],
                [
                    696.426272392273,
                    778.7454724311829
                ]
            ],
            "provenance": "nvisii",
            "quaternion_xyzw": [
                0.770393967628479,
                0.0568590946495533,
                -0.30015578866004944,
                0.5596132278442383
            ],
            "quaternion_xyzw_world": [
                0.8435110449790955,
                -0.4864961504936218,
                -0.01625802554190159,
                -0.2270386517047882
            ],
            "segmentation_id": 9,
            "visibility": -1
        },
        {
            "bounding_box_minx_maxx_miny_maxy": [
                -1,
                -1,
                -1,
                -1
            ],
            "class": "2",
            "local_cuboid": null,
            "local_to_world_matrix": [
                [
                    0.8329236507415771,
                    0.4380381405353546,
                    0.3381728231906891,
                    0.0
                ],
                [
                    0.2613348662853241,
                    0.227306067943573,
                    -0.9381024241447449,
                    0.0
                ],
                [
                    -0.48779335618019104,
                    0.8697440028190613,
                    0.07485395669937134,
                    0.0
                ],
                [
                    1.8167736530303955,
                    -0.6104379296302795,
                    0.767687201499939,
                    1.0
                ]
            ],
            "location": [
                0.6104379296302795,
                0.767687201499939,
                -1.8167736530303955
            ],
            "location_world": [
                1.8167736530303955,
                -0.6104379296302795,
                0.767687201499939
            ],
            "name": "google_2_of_Jenga_Classic_Game_9",
            "projected_cuboid": [
                [
                    374.09254908561707,
                    -49.81201887130737
                ],
                [
                    365.7565414905548,
                    -18.13599467277527
                ],
                [
                    439.30116295814514,
                    9.489759802818298
                ],
                [
                    447.8738307952881,
                    -19.39988136291504
                ],
                [
                    391.88581705093384,
                    -52.01911926269531
                ],
                [
                    382.9807639122009,
                    -19.054114818572998
                ],
                [
                    457.8503370285034,
                    9.655877947807312
                ],
                [
                    466.97163581848145,
                    -20.302414894104004
                ],
                [
                    417.1571135520935,
                    -19.23617720603943
                ]
            ],
            "provenance": "nvisii",
            "quaternion_xyzw": [
                -0.5030583739280701,
                -0.0550963394343853,
                0.8461580872535706,
                0.16707248985767365
            ],
            "quaternion_xyzw_world": [
                -0.6186201572418213,
                -0.28263425827026367,
                0.060465432703495026,
                0.7305963039398193
            ],
            "segmentation_id": 10,
            "visibility": -1
        },
        {
            "bounding_box_minx_maxx_miny_maxy": [
                -1,
                -1,
                -1,
                -1
            ],
            "class": "2",
            "local_cuboid": null,
            "local_to_world_matrix": [
                [
                    -0.28082501888275146,
                    -0.34314820170402527,
                    0.8963183164596558,
                    0.0
                ],
                [
                    -0.8974928855895996,
                    0.4247927665710449,
                    -0.11856463551521301,
                    0.0
                ],
                [
                    -0.34006428718566895,
                    -0.8377352952957153,
                    -0.4272655248641968,
                    0.0
                ],
                [
                    1.9275354146957397,
                    0.4322855472564697,
                    -0.6226393580436707,
                    1.0
                ]
            ],
            "location": [
                -0.4322855472564697,
                -0.6226393580436707,
                -1.9275354146957397
            ],
            "location_world": [
                1.9275354146957397,
                0.4322855472564697,
                -0.6226393580436707
            ],
            "name": "google_2_of_Jenga_Classic_Game_10",
            "projected_cuboid": [
                [
                    199.2097645998001,
                    480.05884885787964
                ],
                [
                    184.8793625831604,
                    493.2534694671631
                ],
                [
                    109.7056120634079,
                    440.2947127819061
                ],
                [
                    126.22261047363281,
                    429.82423305511475
                ],
                [
                    191.1057084798813,
                    500.07766485214233
                ],
                [
                    176.61061882972717,
                    513.9521360397339
                ],
                [
                    102.7451753616333,
                    460.5289697647095
                ],
                [
                    119.34389173984528,
                    449.40000772476196
                ],
                [
                    150.39053559303284,
                    470.1750874519348
                ]
            ],
            "provenance": "nvisii",
            "quaternion_xyzw": [
                -0.5295395851135254,
                -0.22261112928390503,
                -0.5280815958976746,
                -0.6254294514656067
            ],
            "quaternion_xyzw_world": [
                -0.4247492551803589,
                0.7302197217941284,
                -0.32740142941474915,
                -0.42329129576683044
            ],
            "segmentation_id": 11,
            "visibility": -1
        },
        {
            "bounding_box_minx_maxx_miny_maxy": [
                -1,
                -1,
                -1,
                -1
            ],
            "class": "2",
            "local_cuboid": null,
            "local_to_world_matrix": [
                [
                    0.3367350697517395,
                    0.6088419556617737,
                    0.7182764410972595,
                    0.0
                ],
                [
                    0.13729190826416016,
                    0.7229263782501221,
                    -0.6771473288536072,
                    0.0
                ],
                [
                    -0.9315366148948669,
                    0.3266327977180481,
                    0.15984559059143066,
                    0.0
                ],
                [
                    1.4103615283966064,
                    0.05071432515978813,
                    -0.7199223637580872,
                    1.0
                ]
            ],
            "location": [
                -0.05071432515978813,
                -0.7199223637580872,
                -1.4103615283966064
            ],
            "location_world": [
                1.4103615283966064,
                0.05071432515978813,
                -0.7199223637580872
            ],
            "name": "google_2_of_Jenga_Classic_Game_11",
            "projected_cuboid": [
                [
                    176.47072672843933,
                    574.6582746505737
                ],
                [
                    145.37321031093597,
                    601.224422454834
                ],
                [
                    205.5744230747223,
                    554.0810823440552
                ],
                [
                    231.19616508483887,
                    532.2278738021851
                ],
                [
                    200.62726736068726,
                    612.9215955734253
                ],
                [
                    168.55156421661377,
                    639.7194862365723
                ],
                [
                    225.3970354795456,
                    584.2170119285583
                ],
                [
                    251.6731321811676,
                    562.1976256370544
                ],
                [
                    203.40198278427124,
                    579.9198150634766
                ]
            ],
            "provenance": "nvisii",
            "quaternion_xyzw": [
                -0.18491131067276,
                0.0062867626547813416,
                0.8968731760978699,
                0.4017298221588135
            ],
            "quaternion_xyzw_world": [
                -0.33688393235206604,
                -0.5537024736404419,
                0.15825940668582916,
                0.7449005246162415
            ],
            "segmentation_id": 12,
            "visibility": -1
        },
        {
            "bounding_box_minx_maxx_miny_maxy": [
                -1,
                -1,
                -1,
                -1
            ],
            "class": "2",
            "local_cuboid": null,
            "local_to_world_matrix": [
                [
                    -0.315704345703125,
                    -0.09929320216178894,
                    0.9436482191085815,
                    0.0
                ],
                [
                    0.8913286924362183,
                    -0.372056245803833,
                    0.259051650762558,
                    0.0
                ],
                [
                    0.32536789774894714,
                    0.9228843450546265,
                    0.20596230030059814,
                    0.0
                ],
                [
                    1.8376102447509766,
                    0.5671378374099731,
                    0.20430107414722443,
                    1.0
                ]
            ],
            "location": [
                -0.5671378374099731,
                0.20430107414722443,
                -1.8376102447509766
            ],
            "location_world": [
                1.8376102447509766,
                0.5671378374099731,
                0.20430107414722443
            ],
            "name": "google_2_of_Jenga_Classic_Game_12",
            "projected_cuboid": [
                [
                    -22.03938364982605,
                    156.7937433719635
                ],
                [
                    -1.8967986106872559,
                    153.6335051059723
                ],
                [
                    72.59534299373627,
                    168.20962727069855
                ],
                [
                    54.51826751232147,
                    172.1516251564026
                ],
                [
                    -20.965933799743652,
                    181.56543374061584
                ],
                [
                    -1.1170804500579834,
                    177.50459909439087
                ],
                [
                    72.43148982524872,
                    193.0902600288391
                ],
                [
                    54.595947265625,
                    198.01126420497894
                ],
                [
                    25.26029944419861,
                    174.9666929244995
                ]
            ],
            "provenance": "nvisii",
            "quaternion_xyzw": [
                0.5398169755935669,
                0.6093288660049438,
                -0.281197190284729,
                -0.5081773996353149
            ],
            "quaternion_xyzw_world": [
                0.4610828161239624,
                0.42944321036338806,
                0.6880630254745483,
                -0.3599313795566559
            ],
            "segmentation_id": 13,
            "visibility": -1
        },
        {
            "bounding_box_minx_maxx_miny_maxy": [
                -1,
                -1,
                -1,
                -1
            ],
            "class": "2",
            "local_cuboid": null,
            "local_to_world_matrix": [
                [
                    -0.24518704414367676,
                    0.02505674958229065,
