{
    "camera_data": {
        "camera_look_at": {
            "at": [
                1.0,
                0.0,
                0.0
            ],
            "eye": [
                0.0,
                0.0,
                0.0
            ],
            "up": [
                0.0,
                0.0,
                1.0
            ]
        },
        "camera_view_matrix": [
            [
                0.0,
                0.0,
                -1.0,
                0.0
            ],
            [
                -1.0,
                0.0,
                0.0,
                0.0
            ],
            [
                0.0,
                1.0,
                0.0,
                0.0
            ],
            [
                0.0,
                0.0,
                0.0,
                1.0
            ]
        ],
        "height": 500,
        "intrinsics": {
            "cx": 250.0,
            "cy": 250.0,
            "fx": 603.5535278320312,
            "fy": 603.5535278320312
        },
        "location_world": [
            0.0,
            0.0,
            0.0
        ],
        "quaternion_world_xyzw": [
            0.5,
            -0.5,
            -0.5,
            0.5
        ],
        "width": 500
    },
    "objects": [
        {
            "bounding_box_minx_maxx_miny_maxy": [
                -1,
                -1,
                -1,
                -1
            ],
            "class": "2",
            "local_cuboid": null,
            "local_to_world_matrix": [
                [
                    -0.6476387977600098,
                    0.09923341870307922,
                    0.7554579377174377,
                    0.0
                ],
                [
                    -0.7095372676849365,
                    0.2828207015991211,
                    -0.6454218626022339,
                    0.0
                ],
                [
                    -0.2777065634727478,
                    -0.9540257453918457,
                    -0.11275577545166016,
                    0.0
                ],
                [
                    0.3793705999851227,
                    0.5494301915168762,
                    0.15506643056869507,
                    1.0
                ]
            ],
            "location": [
                -0.5494301915168762,
                0.15506643056869507,
                -0.3793705999851227
            ],
            "location_world": [
                0.3793705999851227,
                0.5494301915168762,
                0.15506643056869507
            ],
            "name": "google_2_of_Jenga_Classic_Game_0",
            "projected_cuboid": [
                [
                    -273.8419771194458,
                    -107.27569460868835
                ],
                [
                    -462.47488260269165,
                    -59.960782527923584
                ],
                [
                    -803.3077716827393,
                    -43.7067449092865
                ],
                [
                    -601.3388633728027,
                    -83.55915546417236
                ],
                [
                    -184.83993411064148,
                    45.98651826381683
                ],
                [
                    -322.5346803665161,
                    116.32084846496582
                ],
                [
                    -647.2029685974121,
                    92.22784638404846
                ],
                [
                    -490.464985370636,
                    38.33100199699402
                ],
                [
                    -480.43739795684814,
                    3.117486834526062
                ]
            ],
            "provenance": "nvisii",
            "quaternion_xyzw": [
                -0.563134491443634,
                -0.2098243236541748,
                -0.7110488414764404,
                -0.365051805973053
            ],
            "quaternion_xyzw_world": [
                -0.2134809046983719,
                0.7147054076194763,
                -0.5594779253005981,
                -0.3613952398300171
            ],
            "segmentation_id": 1,
            "visibility": -1
        },
        {
            "bounding_box_minx_maxx_miny_maxy": [
                -1,
                -1,
                -1,
                -1
            ],
            "class": "2",
            "local_cuboid": null,
            "local_to_world_matrix": [
                [
                    -0.9153679609298706,
                    0.38758617639541626,
                    0.1089920848608017,
                    0.0
                ],
                [
                    -0.3593760132789612,
                    -0.664494514465332,
                    -0.6552073359489441,
                    0.0
                ],
                [
                    -0.18152464926242828,
                    -0.6389246582984924,
                    0.7475454211235046,
                    0.0
                ],
                [
                    1.4115939140319824,
                    0.5852745175361633,
                    0.49289798736572266,
                    1.0
                ]
            ],
            "location": [
                -0.5852745175361633,
                0.49289798736572266,
                -1.4115939140319824
            ],
            "location_world": [
                1.4115939140319824,
                0.5852745175361633,
                0.49289798736572266
            ],
            "name": "google_2_of_Jenga_Classic_Game_1",
            "projected_cuboid": [
                [
                    50.569817423820496,
                    -85.3472650051117
                ],
                [
                    71.8444436788559,
                    -67.58952140808105
                ],
                [
                    -4.014253616333008,
                    41.66901111602783
                ],
                [
                    -22.82249927520752,
                    22.204279899597168
                ],
                [
                    73.87317717075348,
                    -64.49088454246521
                ],
                [
                    94.546839594841,
                    -47.20386862754822
                ],
                [
                    21.671682596206665,
                    55.79279363155365
                ],
                [
                    3.2589733600616455,
                    36.99587285518646
                ],
                [
                    35.62578558921814,
                    -12.36000657081604
                ]
            ],
            "provenance": "nvisii",
            "quaternion_xyzw": [
                0.5210798382759094,
                0.3710978329181671,
                0.7457074522972107,
                -0.1862332820892334
            ],
            "quaternion_xyzw_world": [
                -0.019881542772054672,
                -0.3547280728816986,
                0.9120591878890991,
                0.2047460824251175
            ],
            "segmentation_id": 2,
            "visibility": -1
        },
        {
            "bounding_box_minx_maxx_miny_maxy": [
                -1,
                -1,
                -1,
                -1
            ],
            "class": "2",
            "local_cuboid": null,
            "local_to_world_matrix": [
                [
                    -0.0442807674407959,
                    -0.8856130838394165,
                    0.46230804920196533,
                    0.0
                ],
                [
                    0.18729031085968018,
                    -0.46191608905792236,
                    -0.8669232726097107,
                    0.0
                ],
                [
                    0.9813060760498047,
                    0.04819786548614502,
                    0.1863207221031189,
                    0.0
                ],
                [
                    0.2024478316307068,
                    -0.3389798700809479,
                    0.4864209294319153,
                    1.0
                ]
            ],
            "location": [
                0.3389798700809479,
                0.4864209294319153,
                -0.2024478316307068
            ],
            "location_world": [
                0.2024478316307068,
                -0.3389798700809479,
                0.4864209294319153
            ],
            "name": "google_2_of_Jenga_Classic_Game_2",
            "projected_cuboid": [
                [
                    678.4031391143799,
                    -499.9290704727173
                ],
                [
                    712.2564911842346,
                    -386.7712616920471
                ],
                [
                    1388.161301612854,
                    -1104.2742729187012
                ],
                [
                    1359.419345855713,
                    -1444.5290565490723
                ],
                [
                    587.9894495010376,
                    -448.92436265945435
                ],
                [
                    624.4725584983826,
                    -338.176429271698
                ],
                [
                    1170.6109046936035,
                    -978.1894683837891
                ],
                [
                    1124.8526573181152,
                    -1302.2304773330688
                ],
                [
                    829.3683528900146,
                    -646.6164588928223
                ]
            ],
            "provenance": "nvisii",
            "quaternion_xyzw": [
                0.9661576747894287,
                0.23914942145347595,
                -0.0010136067867279053,
                -0.09667445719242096
            ],
            "quaternion_xyzw_world": [
                0.554823100566864,
                -0.31466010212898254,
                0.6504839658737183,
                -0.4123481512069702
            ],
            "segmentation_id": 3,
            "visibility": -1
        },
        {
            "bounding_box_minx_maxx_miny_maxy": [
                -1,
                -1,
                -1,
                -1
            ],
            "class": "2",
            "local_cuboid": null,
            "local_to_world_matrix": [
                [
                    0.1504063606262207,
                    0.7687053084373474,
                    0.621667206287384,
                    0.0
                ],
                [
                    -0.6902294754981995,
                    0.5318418145179749,
                    -0.49063998460769653,
                    0.0
                ],
                [
                    -0.7077861428260803,
                    -0.35529762506484985,
                    0.6105754375457764,
                    0.0
                ],
                [
                    1.6946320533752441,
                    -0.4604651629924774,
                    -0.21612302958965302,
                    1.0
                ]
            ],
            "location": [
                0.4604651629924774,
                -0.21612302958965302,
                -1.6946320533752441
            ],
            "location_world": [
                1.6946320533752441,
                -0.4604651629924774,
                -0.21612302958965302
            ],
            "name": "google_2_of_Jenga_Classic_Game_3",
            "projected_cuboid": [
                [
                    470.5052375793457,
                    247.04161286354065
                ],
                [
                    460.77442169189453,
                    263.9952600002289
                ],
                [
                    397.2281217575073,
                    326.66510343551636
                ],
                [
                    407.93704986572266,
                    309.6262216567993
                ],
                [
                    496.4570999145508,
                    266.6059732437134
                ],
                [
                    487.68794536590576,
                    284.4828963279724
                ],
                [
                    420.3345477581024,
                    345.04854679107666
                ],
                [
                    430.3334951400757,
                    327.2683024406433
                ],
                [
                    444.343239068985,
                    298.14833402633667
                ]
            ],
            "provenance": "nvisii",
            "quaternion_xyzw": [
                0.059473708271980286,
                0.37758415937423706,
                0.861268162727356,
                0.33482861518859863
            ],
            "quaternion_xyzw_world": [
                -0.044690825045108795,
                -0.4389931857585907,
                0.48174870014190674,
                0.7571036219596863
            ],
            "segmentation_id": 4,
            "visibility": -1
        },
        {
            "bounding_box_minx_maxx_miny_maxy": [
                -1,
                -1,
                -1,
                -1
            ],
            "class": "2",
            "local_cuboid": null,
            "local_to_world_matrix": [
                [
                    -0.09672045707702637,
                    0.46146160364151,
                    -0.8818720579147339,
                    0.0
                ],
                [
                    -0.6592158675193787,
                    -0.6935291290283203,
                    -0.2906061112880707,
                    0.0
                ],
                [
                    -0.7457073926925659,
                    0.5532364845275879,
                    0.3712812066078186,
                    0.0
                ],
                [
                    1.9001027345657349,
                    -0.0238072257488966,
                    0.629014253616333,
                    1.0
                ]
            ],
            "location": [
                0.0238072257488966,
                0.629014253616333,
                -1.9001027345657349
            ],
            "location_world": [
                1.9001027345657349,
                -0.0238072257488966,
                0.629014253616333
            ],
            "name": "google_2_of_Jenga_Classic_Game_4",
            "projected_cuboid": [
                [
                    184.46040153503418,
                    -2.898991107940674
                ],
                [
                    203.66251468658447,
                    -2.454906702041626
                ],
                [
                    261.2639367580414,
                    62.00680136680603
                ],
                [
                    242.5692230463028,
                    59.74821746349335
                ],
                [
                    197.571262717247,
                    -26.271015405654907
                ],
                [
                    217.12511777877808,
                    -26.61353349685669
                ],
                [
                    272.92925119400024,
                    40.39090871810913
                ],
                [
                    253.97226214408875,
                    38.76407444477081
                ],
                [
                    230.79124093055725,
                    19.771844148635864
                ]
            ],
            "provenance": "nvisii",
            "quaternion_xyzw": [
                -0.1444273591041565,
                0.326016902923584,
                0.7902175188064575,
                -0.49840739369392395
            ],
            "quaternion_xyzw_world": [
                -0.5535176992416382,
                0.08931703865528107,
                0.7351072430610657,
                0.3811272084712982
            ],
            "segmentation_id": 5,
            "visibility": -1
        },
        {
            "bounding_box_minx_maxx_miny_maxy": [
                -1,
                -1,
                -1,
                -1
            ],
            "class": "2",
            "local_cuboid": null,
            "local_to_world_matrix": [
                [
                    0.38859546184539795,
                    -0.30603447556495667,
                    0.8691009283065796,
                    0.0
                ],
                [
                    -0.42541781067848206,
                    -0.8962689638137817,
                    -0.12538672983646393,
                    0.0
                ],
                [
                    0.8173208236694336,
                    -0.32100629806518555,
                    -0.47847867012023926,
                    0.0
                ],
                [
                    1.4400557279586792,
                    -0.4394066035747528,
                    -0.2765198349952698,
                    1.0
                ]
            ],
            "location": [
                0.4394066035747528,
                -0.2765198349952698,
                -1.4400557279586792
            ],
            "location_world": [
                1.4400557279586792,
                -0.4394066035747528,
                -0.2765198349952698
            ],
            "name": "google_2_of_Jenga_Classic_Game_5",
            "projected_cuboid": [
                [
                    428.85977029800415,
                    382.8037679195404
                ],
                [
                    459.94338393211365,
                    389.46211338043213
                ],
                [
                    455.4416239261627,
                    353.94087433815
                ],
                [
                    419.43109035491943,
                    347.069650888443
                ],
                [
                    423.45482110977173,
                    409.83498096466064
                ],
                [
                    454.99950647354126,
                    417.2074794769287
                ],
                [
                    449.56064224243164,
                    385.62071323394775
                ],
                [
                    412.931352853775,
                    377.81471014022827
                ],
                [
                    438.19695711135864,
                    384.0743899345398
                ]
            ],
            "provenance": "nvisii",
            "quaternion_xyzw": [
                0.7497902512550354,
                0.588621199131012,
                -0.022536039352416992,
                0.30138304829597473
            ],
            "quaternion_xyzw_world": [
                0.8311653137207031,
                -0.22000806033611298,
                0.507246196269989,
                0.058838941156864166
            ],
            "segmentation_id": 6,
            "visibility": -1
        },
        {
            "bounding_box_minx_maxx_miny_maxy": [
                -1,
                -1,
                -1,
                -1
            ],
            "class": "2",
            "local_cuboid": null,
            "local_to_world_matrix": [
                [
                    -0.48386144638061523,
                    0.7953521609306335,
                    -0.3650931715965271,
                    0.0
                ],
                [
                    0.23981589078903198,
                    -0.28070783615112305,
                    -0.9293500185012817,
                    0.0
                ],
                [
                    -0.8416450619697571,
                    -0.5372318029403687,
                    -0.05491435527801514,
                    0.0
                ],
                [
                    1.048532485961914,
                    0.043747369199991226,
                    -0.5877920389175415,
                    1.0
                ]
            ],
            "location": [
                -0.043747369199991226,
                -0.5877920389175415,
                -1.048532485961914
            ],
            "location_world": [
                1.048532485961914,
                0.043747369199991226,
                -0.5877920389175415
            ],
            "name": "google_2_of_Jenga_Classic_Game_6",
            "projected_cuboid": [
                [
                    304.59168553352356,
                    701.7672061920166
                ],
                [
                    321.22230529785156,
                    749.9125003814697
                ],
                [
                    213.272362947464,
                    622.3781108856201
                ],
                [
                    198.50826263427734,
                    583.3112001419067
                ],
                [
                    348.6808240413666,
                    659.1047048568726
                ],
                [
                    363.4752035140991,
                    706.0793042182922
                ],
                [
                    249.71027672290802,
                    593.0604934692383
                ],
                [
                    236.17678880691528,
                    554.8422336578369
                ],
                [
                    272.6409137248993,
                    638.480544090271
                ]
            ],
            "provenance": "nvisii",
            "quaternion_xyzw": [
                0.27034828066825867,
                -0.07803380489349365,
                0.9442387223243713,
                -0.17098458111286163
            ],
            "quaternion_xyzw_world": [
                -0.4614544212818146,
                -0.5608181357383728,
                0.6537688970565796,
                0.2124360203742981
            ],
            "segmentation_id": 7,
            "visibility": -1
        },
        {
            "bounding_box_minx_maxx_miny_maxy": [
                -1,
                -1,
                -1,
                -1
            ],
            "class": "2",
            "local_cuboid": null,
            "local_to_world_matrix": [
                [
                    -0.16498088836669922,
                    0.9858463406562805,
                    -0.029805384576320648,
                    0.0
                ],
                [
                    0.9861504435539246,
                    0.1654016375541687,
                    0.012235167436301708,
                    0.0
                ],
                [
                    0.016991853713989258,
                    -0.0273740217089653,
                    -0.9994808435440063,
                    0.0
                ],
                [
                    1.8029385805130005,
                    -0.12682665884494781,
                    0.8507834076881409,
                    1.0
                ]
            ],
            "location": [
                0.12682665884494781,
                0.8507834076881409,
                -1.8029385805130005
            ],
            "location_world": [
                1.8029385805130005,
                -0.12682665884494781,
                0.8507834076881409
            ],
            "name": "google_2_of_Jenga_Classic_Game_7",
            "projected_cuboid": [
                [
                    285.30821204185486,
                    58.91072750091553
                ],
                [
                    279.1392207145691,
                    67.20598042011261
                ],
                [
                    276.59231424331665,
                    -29.153645038604736
                ],
                [
                    282.6578617095947,
                    -42.04490780830383
                ],
                [
                    311.526894569397,
                    59.51312184333801
                ],
                [
                    304.2249083518982,
                    67.72319972515106
                ],
                [
                    301.7631769180298,
                    -27.957558631896973
                ],
                [
                    308.9697062969208,
                    -40.697574615478516
                ],
                [
                    293.743759393692,
                    14.378100633621216
                ]
            ],
            "provenance": "nvisii",
            "quaternion_xyzw": [
                -0.06875750422477722,
                0.7097664475440979,
                -0.699396014213562,
                -0.04846904054284096
            ],
            "quaternion_xyzw_world": [
                0.645967960357666,
                0.7631945013999939,
                -0.0049590421840548515,
                0.015329394489526749
            ],
            "segmentation_id": 8,
            "visibility": -1
        },
        {
            "bounding_box_minx_maxx_miny_maxy": [
                -1,
                -1,
                -1,
                -1
            ],
            "class": "2",
            "local_cuboid": null,
            "local_to_world_matrix": [
                [
                    0.24314337968826294,
                    0.6227592825889587,
                    -0.7436747550964355,
                    0.0
                ],
                [
                    -0.4610157608985901,
                    0.7487475872039795,
                    0.4762788712978363,
                    0.0
                ],
                [
                    0.8534317016601562,
                    0.22704175114631653,
                    0.46915489435195923,
                    0.0
                ],
                [
                    0.19930557906627655,
                    -0.4204740822315216,
                    0.302920937538147,
                    1.0
                ]
            ],
            "location": [
                0.4204740822315216,
                0.302920937538147,
                -0.19930557906627655
            ],
            "location_world": [
                0.19930557906627655,
                -0.4204740822315216,
                0.302920937538147
            ],
            "name": "google_2_of_Jenga_Classic_Game_8",
            "projected_cuboid": [
                [
                    706.4513564109802,
                    -243.4476613998413
                ],
                [
                    659.9764823913574,
                    -342.55433082580566
                ],
                [
                    1410.739779472351,
                    -685.6878995895386
                ],
                [
                    1379.9737691879272,
                    -419.90965604782104
                ],
                [
                    790.2206778526306,
                    -341.3217067718506
                ],
                [
                    749.3935227394104,
                    -454.04040813446045
                ],
                [
                    1715.6498432159424,
                    -999.0578889846802
                ],
                [
                    1625.3238916397095,
                    -650.5969166755676
                ],
                [
                    971.653163433075,
                    -442.0102834701538
                ]
            ],
            "provenance": "nvisii",
            "quaternion_xyzw": [
                -0.4342791438102722,
                0.8591375946998596,
                0.2706698477268219,
                0.0046854168176651
            ],
            "quaternion_xyzw_world": [
                0.0794370099902153,
                0.5090307593345642,
                0.3454214632511139,
                0.7843860387802124
            ],
            "segmentation_id": 9,
            "visibility": -1
        },
        {
            "bounding_box_minx_maxx_miny_maxy": [
                -1,
                -1,
                -1,
                -1
            ],
            "class": "2",
            "local_cuboid": null,
            "local_to_world_matrix": [
                [
                    -0.4259655475616455,
                    0.6632610559463501,
                    0.6153358221054077,
                    0.0
                ],
                [
                    0.39531469345092773,
                    0.7482109069824219,
                    -0.5328289270401001,
                    0.0
                ],
                [
                    -0.8138056993484497,
                    0.01628449559211731,
                    -0.5809088945388794,
                    0.0
                ],
                [
                    1.7405930757522583,
                    -0.7348101735115051,
                    0.6851605772972107,
                    1.0
                ]
            ],
            "location": [
                0.7348101735115051,
                0.6851605772972107,
                -1.7405930757522583
            ],
            "location_world": [
                1.7405930757522583,
                -0.7348101735115051,
                0.6851605772972107
            ],
            "name": "google_2_of_Jenga_Classic_Game_9",
            "projected_cuboid": [
                [
                    552.1161556243896,
                    19.054636359214783
                ],
                [
                    520.0316905975342,
                    42.254120111465454
                ],
                [
                    484.80069637298584,
                    11.786088347434998
                ],
                [
                    511.7286443710327,
                    -8.778691291809082
                ],
                [
                    566.3727521896362,
                    43.710991740226746
                ],
                [
                    534.6802473068237,
                    65.86740911006927
                ],
                [
                    498.1538653373718,
                    32.812461256980896
                ],
                [
                    524.817943572998,
                    13.047873973846436
                ],
                [
                    522.6004123687744,
                    26.57976746559143
                ]
            ],
            "provenance": "nvisii",
            "quaternion_xyzw": [
                -0.11807015538215637,
                0.2813478410243988,
                -0.8674525022506714,
                -0.39297446608543396
            ],
            "quaternion_xyzw_world": [
                0.3188778758049011,
                0.8299224972724915,
                -0.15560020506381989,
                -0.4305045008659363
            ],
            "segmentation_id": 10,
            "visibility": -1
        },
        {
            "bounding_box_minx_maxx_miny_maxy": [
                -1,
                -1,
                -1,
                -1
            ],
            "class": "2",
            "local_cuboid": null,
            "local_to_world_matrix": [
                [
                    -0.25287604331970215,
                    0.9669954180717468,
                    -0.031202169135212898,
                    0.0
                ],
                [
                    -0.9631008505821228,
                    -0.24852418899536133,
                    0.1033073291182518,
                    0.0
                ],
                [
                    0.0921432226896286,
                    0.05617479234933853,
                    0.9941599369049072,
                    0.0
                ],
                [
                    1.6021729707717896,
                    0.6022382378578186,
                    -0.7924814224243164,
                    1.0
                ]
            ],
            "location": [
                -0.6022382378578186,
                -0.7924814224243164,
                -1.6021729707717896
            ],
            "location_world": [
                1.6021729707717896,
                0.6022382378578186,
                -0.7924814224243164
            ],
            "name": "google_2_of_Jenga_Classic_Game_10",
            "projected_cuboid": [
                [
                    7.36197829246521,
                    434.6074163913727
                ],
                [
                    2.885282039642334,
                    440.7828450202942
                ],
                [
                    4.981487989425659,
                    557.0532083511353
                ],
                [
                    9.427547454833984,
                    544.9854731559753
                ],
                [
                    37.652820348739624,
                    431.53059482574463
                ],
                [
                    34.77312624454498,
                    437.47246265411377
                ],
                [
                    37.38880157470703,
                    552.2102117538452
                ],
                [
                    40.18673300743103,
                    540.5263304710388
                ],
                [
                    21.965160965919495,
                    491.8021559715271
                ]
            ],
            "provenance": "nvisii",
            "quaternion_xyzw": [
                0.07389261573553085,
                0.7352628707885742,
                0.6654969453811646,
                -0.10508176684379578
            ],
            "quaternion_xyzw_world": [
                0.019288387149572372,
                0.050477515906095505,
                0.789867103099823,
                0.6108927130699158
            ],
            "segmentation_id": 11,
            "visibility": -1
        },
        {
            "bounding_box_minx_maxx_miny_maxy": [
                -1,
                -1,
                -1,
                -1
            ],
            "class": "2",
            "local_cuboid": null,
            "local_to_world_matrix": [
                [
                    -0.7811079025268555,
                    -0.06519505381584167,
                    0.6209831237792969,
                    0.0
                ],
                [
                    0.5705103874206543,
                    -0.47868847846984863,
                    0.6673644185066223,
                    0.0
                ],
                [
                    0.2537485957145691,
                    0.8755609393119812,
                    0.4111018180847168,
                    0.0
                ],
                [
                    1.3710880279541016,
                    0.12716655433177948,
                    -0.5038737058639526,
                    1.0
                ]
            ],
            "location": [
                -0.12716655433177948,
                -0.5038737058639526,
                -1.3710880279541016
            ],
            "location_world": [
                1.3710880279541016,
                0.12716655433177948,
                -0.5038737058639526
            ],
            "name": "google_2_of_Jenga_Classic_Game_11",
            "projected_cuboid": [
                [
                    76.10523700714111,
                    418.2223677635193
                ],
                [
                    98.88781607151031,
                    388.94525170326233
                ],
                [
                    203.81471514701843,
                    449.6142864227295
                ],
                [
                    183.58948826789856,
                    482.76060819625854
                ],
                [
                    81.34734630584717,
                    431.44673109054565
                ],
                [
                    103.02571952342987,
                    402.9476046562195
                ],
                [
                    203.6336362361908,
                    461.72279119491577
                ],
                [
                    184.30662155151367,
                    493.8100576400757
                ],
                [
                    140.6770944595337,
                    440.24813175201416
                ]
            ],
            "provenance": "nvisii",
            "quaternion_xyzw": [
                0.40360227227211,
                0.6811603903770447,
                -0.05850622057914734,
                -0.6080318689346313
            ],
            "quaternion_xyzw_world": [
                0.2676185369491577,
                0.4720481038093567,
                0.8171441555023193,
                -0.194489985704422
            ],
            "segmentation_id": 12,
            "visibility": -1
        },
        {
            "bounding_box_minx_maxx_miny_maxy": [
                -1,
                -1,
                -1,
                -1
            ],
            "class": "2",
            "local_cuboid": null,
            "local_to_world_matrix": [
                [
                    0.11578822135925293,
                    0.7110002040863037,
                    0.693593442440033,
                    0.0
                ],
                [
                    -0.8494658470153809,
                    -0.2910187244415283,
                    0.44013166427612305,
                    0.0
                ],
                [
                    0.5147823691368103,
                    -0.640146017074585,
                    0.5702738165855408,
                    0.0
                ],
                [
                    1.6111127138137817,
                    0.6348592638969421,
                    0.46640416979789734,
                    1.0
                ]
            ],
            "location": [
                -0.6348592638969421,
                0.46640416979789734,
                -1.6111127138137817
            ],
            "location_world": [
                1.6111127138137817,
                0.6348592638969421,
                0.46640416979789734
            ],
            "name": "google_2_of_Jenga_Classic_Game_12",
            "projected_cuboid": [
                [
                    86.47917211055756,
                    35.05481779575348
                ],
                [
                    88.27213943004608,
                    13.18010687828064
                ],
                [
                    1.4443844556808472,
                    54.27756905555725
                ],
                [
                    3.2590776681900024,
                    76.35900378227234
                ],
                [
                    104.52847182750702,
                    52.37984657287598
                ],
                [
                    107.08317160606384,
                    31.111106276512146
                ],
                [
                    21.551311016082764,
                    74.16413724422455
                ],
                [
                    22.498011589050293,
                    95.49985826015472
                ],
                [
                    56.240975856781006,
                    53.26879024505615
                ]
            ],
            "provenance": "nvisii",
            "quaternion_xyzw": [
                0.30151718854904175,
                0.8163813948631287,
                0.43476611375808716,
                0.23148930072784424
            ],
            "quaternion_xyzw_world": [
                0.45731091499328613,
                -0.07569560408592224,
                0.6605876684188843,
                0.5905597805976868
            ],
            "segmentation_id": 13,
            "visibility": -1
        },
        {
            "bounding_box_minx_maxx_miny_maxy": [
                -1,
                -1,
                -1,
                -1
            ],
            "class": "2",
            "local_cuboid": null,
            "local_to_world_matrix": [
                [
                    0.9709093570709229,
                    0.02270246297121048,
                    0.23836871981620789,
