{
    "camera_data": {
        "camera_look_at": {
            "at": [
                1.0,
                0.0,
                0.0
            ],
            "eye": [
                0.0,
                0.0,
                0.0
            ],
            "up": [
                0.0,
                0.0,
                1.0
            ]
        },
        "camera_view_matrix": [
            [
                0.0,
                0.0,
                -1.0,
                0.0
            ],
            [
                -1.0,
                0.0,
                0.0,
                0.0
            ],
            [
                0.0,
                1.0,
                0.0,
                0.0
            ],
            [
                0.0,
                0.0,
                0.0,
                1.0
            ]
        ],
        "height": 500,
        "intrinsics": {
            "cx": 250.0,
            "cy": 250.0,
            "fx": 603.5535278320312,
            "fy": 603.5535278320312
        },
        "location_world": [
            0.0,
            0.0,
            0.0
        ],
        "quaternion_world_xyzw": [
            0.5,
            -0.5,
            -0.5,
            0.5
        ],
        "width": 500
    },
    "objects": [
        {
            "bounding_box_minx_maxx_miny_maxy": [
                -1,
                -1,
                -1,
                -1
            ],
            "class": "2",
            "local_cuboid": null,
            "local_to_world_matrix": [
                [
                    -0.10015785694122314,
                    0.8562073707580566,
                    -0.5068307518959045,
                    0.0
                ],
                [
                    -0.8018218278884888,
                    0.23214679956436157,
                    0.5506266355514526,
                    0.0
                ],
                [
                    0.5891097187995911,
                    0.4615374803543091,
                    0.6632744073867798,
                    0.0
                ],
                [
                    0.4246637225151062,
                    0.2656821012496948,
                    0.1007360890507698,
                    1.0
                ]
            ],
            "location": [
                -0.2656821012496948,
                0.1007360890507698,
                -0.4246637225151062
            ],
            "location_world": [
                0.4246637225151062,
                0.2656821012496948,
                0.1007360890507698
            ],
            "name": "google_2_of_Jenga_Classic_Game_0",
            "projected_cuboid": [
                [
                    -158.7851643562317,
                    8.036181330680847
                ],
                [
                    -229.46417331695557,
                    -71.47356867790222
                ],
                [
                    -232.4044108390808,
                    87.78247237205505
                ],
                [
                    -134.5333755016327,
                    173.67063462734222
                ],
                [
                    -89.45348858833313,
                    -26.97896957397461
                ],
                [
                    -150.86674690246582,
                    -109.56263542175293
                ],
                [
                    -119.48981881141663,
                    29.904410243034363
                ],
                [
                    -39.82016444206238,
                    122.79798090457916
                ],
                [
                    -143.59769225120544,
                    16.488268971443176
                ]
            ],
            "provenance": "nvisii",
            "quaternion_xyzw": [
                -0.21346880495548248,
                0.865439772605896,
                0.423223078250885,
                -0.16225720942020416
            ],
            "quaternion_xyzw_world": [
                0.03324534371495247,
                0.4089713394641876,
                0.618725597858429,
                0.6699371933937073
            ],
            "segmentation_id": 1,
            "visibility": -1
        },
        {
            "bounding_box_minx_maxx_miny_maxy": [
                -1,
                -1,
                -1,
                -1
            ],
            "class": "2",
            "local_cuboid": null,
            "local_to_world_matrix": [
                [
                    0.5808998942375183,
                    0.7927277684211731,
                    0.18476486206054688,
                    0.0
                ],
                [
                    -0.48081618547439575,
                    0.1510246992111206,
                    0.8637171983718872,
                    0.0
                ],
                [
                    0.6567885279655457,
                    -0.5905711650848389,
                    0.46888649463653564,
                    0.0
                ],
                [
                    1.139280915260315,
                    0.3520253598690033,
                    0.5879667401313782,
                    1.0
                ]
            ],
            "location": [
                -0.3520253598690033,
                0.5879667401313782,
                -1.139280915260315
            ],
            "location_world": [
                1.139280915260315,
                0.3520253598690033,
                0.5879667401313782
            ],
            "name": "google_2_of_Jenga_Classic_Game_1",
            "projected_cuboid": [
                [
                    160.2402925491333,
                    -55.52980303764343
                ],
                [
                    151.73731744289398,
                    -97.83300757408142
                ],
                [
                    44.05085742473602,
                    -83.88030529022217
                ],
                [
                    57.63053894042969,
                    -35.19299626350403
                ],
                [
                    185.55453419685364,
                    -59.446871280670166
                ],
                [
                    177.54700779914856,
                    -103.37883234024048
                ],
                [
                    69.87577676773071,
                    -89.8134708404541
                ],
                [
                    83.08055996894836,
                    -38.95130753517151
                ],
                [
                    120.14739215373993,
                    -70.74078917503357
                ]
            ],
            "provenance": "nvisii",
            "quaternion_xyzw": [
                0.009268112480640411,
                0.9101144671440125,
                0.26087453961372375,
                0.3217921853065491
            ],
            "quaternion_xyzw_world": [
                0.4901501536369324,
                0.1590898185968399,
                0.4292324483394623,
                0.7417565584182739
            ],
            "segmentation_id": 2,
            "visibility": -1
        },
        {
            "bounding_box_minx_maxx_miny_maxy": [
                -1,
                -1,
                -1,
                -1
            ],
            "class": "2",
            "local_cuboid": null,
            "local_to_world_matrix": [
                [
                    0.37601274251937866,
                    -0.9183560609817505,
                    0.12343692779541016,
                    0.0
                ],
                [
                    0.1844729483127594,
                    -0.056355834007263184,
                    -0.9812204837799072,
                    0.0
                ],
                [
                    0.9080661535263062,
                    0.391722172498703,
                    0.14822131395339966,
                    0.0
                ],
                [
                    0.1364833563566208,
                    -0.32483208179473877,
                    0.4901362955570221,
                    1.0
                ]
            ],
            "location": [
                0.32483208179473877,
                0.4901362955570221,
                -0.1364833563566208
            ],
            "location_world": [
                0.1364833563566208,
                -0.32483208179473877,
                0.4901362955570221
            ],
            "name": "google_2_of_Jenga_Classic_Game_2",
            "projected_cuboid": [
                [
                    610.6241941452026,
                    -606.0401201248169
                ],
                [
                    604.1547060012817,
                    -456.7717909812927
                ],
                [
                    1628.7044286727905,
                    -1470.8830118179321
                ],
                [
                    1758.3311796188354,
                    -2006.0973167419434
                ],
                [
                    523.5006809234619,
                    -657.5183272361755
                ],
                [
                    519.9834704399109,
                    -494.9995279312134
                ],
                [
                    1606.84335231781,
                    -1819.86665725708
                ],
                [
                    1767.2518491744995,
                    -2542.268991470337
                ],
                [
                    850.2048850059509,
                    -897.9532718658447
                ]
            ],
            "provenance": "nvisii",
            "quaternion_xyzw": [
                -0.9756590723991394,
                -0.04606957733631134,
                0.1967221200466156,
                0.08524858951568604
            ],
            "quaternion_xyzw_world": [
                -0.5666010975837708,
                0.323809415102005,
                -0.4551275670528412,
                0.6057801246643066
            ],
            "segmentation_id": 3,
            "visibility": -1
        },
        {
            "bounding_box_minx_maxx_miny_maxy": [
                -1,
                -1,
                -1,
                -1
            ],
            "class": "2",
            "local_cuboid": null,
            "local_to_world_matrix": [
                [
                    0.040810585021972656,
                    -0.6705901026725769,
                    0.7407048344612122,
                    0.0
                ],
                [
                    -0.6559694409370422,
                    0.5412061810493469,
                    0.5261179804801941,
                    0.0
                ],
                [
                    -0.7536835074424744,
                    -0.5073508620262146,
                    -0.417799711227417,
                    0.0
                ],
                [
                    1.6319818496704102,
                    -0.5807202458381653,
                    -0.16681981086730957,
                    1.0
                ]
            ],
            "location": [
                0.5807202458381653,
                -0.16681981086730957,
                -1.6319818496704102
            ],
            "location_world": [
                1.6319818496704102,
                -0.5807202458381653,
                -0.16681981086730957
            ],
            "name": "google_2_of_Jenga_Classic_Game_3",
            "projected_cuboid": [
                [
                    575.9178996086121,
                    368.0537939071655
                ],
                [
                    569.0414309501648,
                    353.4238338470459
                ],
                [
                    469.6083664894104,
                    293.3800220489502
                ],
                [
                    478.88875007629395,
                    308.07313323020935
                ],
                [
                    554.4432401657104,
                    392.84414052963257
                ],
                [
                    546.6903448104858,
                    379.17327880859375
                ],
                [
                    450.12784004211426,
                    315.4718279838562
                ],
                [
                    460.0769877433777,
                    329.45549488067627
                ],
                [
                    509.6849799156189,
                    340.36752581596375
                ]
            ],
            "provenance": "nvisii",
            "quaternion_xyzw": [
                0.31256547570228577,
                0.15956541895866394,
                0.3731539845466614,
                0.8588352203369141
            ],
            "quaternion_xyzw_world": [
                0.4789060652256012,
                -0.6924946308135986,
                -0.006775171495974064,
                0.5394945740699768
            ],
            "segmentation_id": 4,
            "visibility": -1
        },
        {
            "bounding_box_minx_maxx_miny_maxy": [
                -1,
                -1,
                -1,
                -1
            ],
            "class": "2",
            "local_cuboid": null,
            "local_to_world_matrix": [
                [
                    0.052592575550079346,
                    0.7387486100196838,
                    0.6719260215759277,
                    0.0
                ],
                [
                    0.5861160159111023,
                    0.5219359993934631,
                    -0.6197183132171631,
                    0.0
                ],
                [
                    -0.8085184097290039,
                    0.4264192283153534,
                    -0.4055424928665161,
                    0.0
                ],
                [
                    1.729112982749939,
                    0.050009533762931824,
                    0.7612684369087219,
                    1.0
                ]
            ],
            "location": [
                -0.050009533762931824,
                0.7612684369087219,
                -1.729112982749939
            ],
            "location_world": [
                1.729112982749939,
                0.050009533762931824,
                0.7612684369087219
            ],
            "name": "google_2_of_Jenga_Classic_Game_4",
            "projected_cuboid": [
                [
                    175.43575167655945,
                    -35.50291061401367
                ],
                [
                    160.36143898963928,
                    -5.4239630699157715
                ],
                [
                    215.23094177246094,
                    -11.78714632987976
                ],
                [
                    229.81035709381104,
                    -37.887752056121826
                ],
                [
                    199.21603798866272,
                    -14.489680528640747
                ],
                [
                    183.32388997077942,
                    14.985382556915283
                ],
                [
                    235.22762954235077,
                    5.855590105056763
                ],
                [
                    250.42396783828735,
                    -19.795656204223633
                ],
                [
                    207.94369280338287,
                    -13.01690936088562
                ]
            ],
            "provenance": "nvisii",
            "quaternion_xyzw": [
                -0.13458392024040222,
                -0.2786179482936859,
                0.8898012638092041,
                0.3354294002056122
            ],
            "quaternion_xyzw_world": [
                -0.4837868809700012,
                -0.6846323609352112,
                0.07058500498533249,
                0.5405983328819275
            ],
            "segmentation_id": 5,
            "visibility": -1
        },
        {
            "bounding_box_minx_maxx_miny_maxy": [
                -1,
                -1,
                -1,
                -1
            ],
            "class": "2",
            "local_cuboid": null,
            "local_to_world_matrix": [
                [
                    -0.3463757038116455,
                    -0.8513823747634888,
                    -0.3939191699028015,
                    0.0
                ],
                [
                    -0.6402363777160645,
                    -0.09237027168273926,
                    0.7626044154167175,
                    0.0
                ],
                [
                    -0.6856542229652405,
                    0.5163487792015076,
                    -0.5130913257598877,
                    0.0
                ],
                [
                    1.437408208847046,
                    -0.4507814645767212,
                    -0.26542341709136963,
                    1.0
                ]
            ],
            "location": [
                0.4507814645767212,
                -0.26542341709136963,
                -1.437408208847046
            ],
            "location_world": [
                1.437408208847046,
                -0.4507814645767212,
                -0.26542341709136963
            ],
            "name": "google_2_of_Jenga_Classic_Game_5",
            "projected_cuboid": [
                [
                    409.0869724750519,
                    473.48612546920776
                ],
                [
                    420.2095866203308,
                    451.1011838912964
                ],
                [
                    460.97680926322937,
                    357.50290751457214
                ],
                [
                    449.8705863952637,
                    380.2854120731354
                ],
                [
                    373.96273016929626,
                    454.0298581123352
                ],
                [
                    383.28537344932556,
                    431.2852621078491
                ],
                [
                    428.463339805603,
                    342.2698378562927
                ],
                [
                    418.7515377998352,
                    365.1883006095886
                ],
                [
                    419.4037616252899,
                    403.62095832824707
                ]
            ],
            "provenance": "nvisii",
            "quaternion_xyzw": [
                -0.31746017932891846,
                0.23746995627880096,
                0.13385403156280518,
                -0.9082457423210144
            ],
            "quaternion_xyzw_world": [
                -0.5610449910163879,
                0.6646609306335449,
                0.48105475306510925,
                -0.10973076522350311
            ],
            "segmentation_id": 6,
            "visibility": -1
        },
        {
            "bounding_box_minx_maxx_miny_maxy": [
                -1,
                -1,
                -1,
                -1
            ],
            "class": "2",
            "local_cuboid": null,
            "local_to_world_matrix": [
                [
                    -0.980663537979126,
                    -0.19188255071640015,
                    0.038481682538986206,
                    0.0
                ],
                [
                    0.19498494267463684,
                    -0.974820613861084,
                    0.10819605737924576,
                    0.0
                ],
                [
                    0.016751790419220924,
                    0.11360723525285721,
                    0.9933844804763794,
                    0.0
                ],
                [
                    1.0138185024261475,
                    0.1224847286939621,
                    -0.6909351348876953,
                    1.0
                ]
            ],
            "location": [
                -0.1224847286939621,
                -0.6909351348876953,
                -1.0138185024261475
            ],
            "location_world": [
                1.0138185024261475,
                0.1224847286939621,
                -0.6909351348876953
            ],
            "name": "google_2_of_Jenga_Classic_Game_6",
            "projected_cuboid": [
                [
                    132.4377954006195,
                    500.7977485656738
                ],
                [
                    184.66533720493317,
                    491.0401403903961
                ],
                [
                    204.7072798013687,
                    670.3293919563293
                ],
                [
                    152.55668759346008,
                    683.1892728805542
                ],
                [
                    132.39850103855133,
                    484.05134677886963
                ],
                [
                    180.83511292934418,
                    475.260853767395
                ],
                [
                    199.39769804477692,
                    641.4015293121338
                ],
                [
                    151.02678537368774,
                    652.8526544570923
                ],
                [
                    167.3826277256012,
                    574.1755962371826
                ]
            ],
            "provenance": "nvisii",
            "quaternion_xyzw": [
                0.5245089530944824,
                0.4829765856266022,
                0.4132704436779022,
                -0.5664201378822327
            ],
            "quaternion_xyzw_world": [
                0.013897477649152279,
                0.055808667093515396,
                0.9935880303382874,
                -0.09734102338552475
            ],
            "segmentation_id": 7,
            "visibility": -1
        },
        {
            "bounding_box_minx_maxx_miny_maxy": [
                -1,
                -1,
                -1,
                -1
            ],
            "class": "2",
            "local_cuboid": null,
            "local_to_world_matrix": [
                [
                    -0.09099757671356201,
                    -0.8855530023574829,
                    -0.4555385708808899,
                    0.0
                ],
                [
                    -0.9656169414520264,
                    -0.03339815139770508,
                    0.25781500339508057,
                    0.0
                ],
                [
                    -0.2435229867696762,
                    0.4633362889289856,
                    -0.8520658016204834,
                    0.0
                ],
                [
                    1.6226260662078857,
                    0.07118488848209381,
                    0.5606655478477478,
                    1.0
                ]
            ],
            "location": [
                -0.07118488848209381,
                0.5606655478477478,
                -1.6226260662078857
            ],
            "location_world": [
                1.6226260662078857,
                0.07118488848209381,
                0.5606655478477478
            ],
            "name": "google_2_of_Jenga_Classic_Game_7",
            "projected_cuboid": [
                [
                    184.26746129989624,
                    142.51607656478882
                ],
                [
                    181.84079229831696,
                    127.98374891281128
                ],
                [
                    236.6674393415451,
                    38.30695152282715
                ],
                [
                    236.29692196846008,
                    56.62159621715546
                ],
                [
                    158.1430435180664,
                    129.40874695777893
                ],
                [
                    154.32128310203552,
                    114.23960328102112
                ],
                [
                    210.134357213974,
                    25.585457682609558
                ],
                [
                    211.0631763935089,
                    44.44342851638794
                ],
                [
                    197.18778133392334,
                    84.11011099815369
                ]
            ],
            "provenance": "nvisii",
            "quaternion_xyzw": [
                -0.5882633924484253,
                0.17940112948417664,
                0.15823639929294586,
                -0.7724783420562744
            ],
            "quaternion_xyzw_world": [
                -0.6697884798049927,
                0.6909531950950623,
                0.2609262466430664,
                0.0767112746834755
            ],
            "segmentation_id": 8,
            "visibility": -1
        },
        {
            "bounding_box_minx_maxx_miny_maxy": [
                -1,
                -1,
                -1,
                -1
            ],
            "class": "2",
            "local_cuboid": null,
            "local_to_world_matrix": [
                [
                    -0.2161262035369873,
                    0.8587381839752197,
                    0.46460551023483276,
                    0.0
                ],
                [
                    -0.2623600959777832,
                    -0.5094294548034668,
                    0.8195419311523438,
                    0.0
                ],
                [
                    0.9404556155204773,
                    0.05523046851158142,
                    0.3353996276855469,
                    0.0
                ],
                [
                    0.197981059551239,
                    -0.4668765664100647,
                    0.42536067962646484,
                    1.0
                ]
            ],
            "location": [
                0.4668765664100647,
                0.42536067962646484,
                -0.197981059551239
            ],
            "location_world": [
                0.197981059551239,
                -0.4668765664100647,
                0.42536067962646484
            ],
            "name": "google_2_of_Jenga_Classic_Game_8",
            "projected_cuboid": [
                [
                    752.0983219146729,
                    -393.89705657958984
                ],
                [
                    833.9456915855408,
                    -517.5577402114868
                ],
                [
                    1787.7302169799805,
                    -1368.0447340011597
                ],
                [
                    1488.4122610092163,
                    -981.0495376586914
                ],
                [
                    817.7614212036133,
                    -326.663613319397
                ],
                [
                    899.7346758842468,
                    -442.6717162132263
                ],
                [
                    1862.7855777740479,
                    -1113.7113571166992
                ],
                [
                    1579.278826713562,
                    -782.9316854476929
                ],
                [
                    1075.7575035095215,
                    -603.6540865898132
                ]
            ],
            "provenance": "nvisii",
            "quaternion_xyzw": [
                0.256015419960022,
                0.9511487483978271,
                0.15711522102355957,
                -0.07132339477539062
            ],
            "quaternion_xyzw_world": [
                0.48936277627944946,
                0.3046707510948181,
                0.7178013920783997,
                0.39046257734298706
            ],
            "segmentation_id": 9,
            "visibility": -1
        },
        {
            "bounding_box_minx_maxx_miny_maxy": [
                -1,
                -1,
                -1,
                -1
            ],
            "class": "2",
            "local_cuboid": null,
            "local_to_world_matrix": [
                [
                    -0.6778959035873413,
                    -0.6006461381912231,
                    -0.42388832569122314,
                    0.0
                ],
                [
                    -0.6712683439254761,
                    0.7408335208892822,
                    0.0237591415643692,
                    0.0
                ],
                [
                    0.2997598648071289,
                    0.3006490468978882,
                    -0.9054027795791626,
                    0.0
                ],
                [
                    1.3658579587936401,
                    -0.7141796350479126,
                    0.5068619847297668,
                    1.0
                ]
            ],
            "location": [
                0.7141796350479126,
                0.5068619847297668,
                -1.3658579587936401
            ],
            "location_world": [
                1.3658579587936401,
                -0.7141796350479126,
                0.5068619847297668
            ],
            "name": "google_2_of_Jenga_Classic_Game_9",
            "projected_cuboid": [
                [
                    532.6189994812012,
                    156.80375695228577
                ],
                [
                    517.0751810073853,
                    152.16036140918732
                ],
                [
                    575.3506422042847,
                    23.853659629821777
                ],
                [
                    589.4742608070374,
                    34.112513065338135
                ],
                [
                    503.6424994468689,
                    146.7287391424179
                ],
                [
                    487.54000663757324,
                    141.86301827430725
                ],
                [
                    541.6356325149536,
                    17.924785614013672
                ],
                [
                    556.5725564956665,
                    28.0340313911438
                ],
                [
                    536.9821786880493,
                    89.59972858428955
                ]
            ],
            "provenance": "nvisii",
            "quaternion_xyzw": [
                -0.6849538087844849,
                0.4251096546649933,
                -0.13769061863422394,
                -0.5754661560058594
            ],
            "quaternion_xyzw_world": [
                -0.3488098680973053,
                0.9116101264953613,
                0.08896571397781372,
                0.19845330715179443
            ],
            "segmentation_id": 10,
            "visibility": -1
        },
        {
            "bounding_box_minx_maxx_miny_maxy": [
                -1,
                -1,
                -1,
                -1
            ],
            "class": "2",
            "local_cuboid": null,
            "local_to_world_matrix": [
                [
                    -0.6079154014587402,
                    0.6063969135284424,
                    -0.5125638246536255,
                    0.0
                ],
                [
                    0.3820405602455139,
                    -0.3425149917602539,
                    -0.8583288788795471,
                    0.0
                ],
                [
                    -0.6960487365722656,
                    -0.7176114916801453,
                    -0.02344810962677002,
                    0.0
                ],
                [
                    1.2204911708831787,
                    0.6434499025344849,
                    -0.6041810512542725,
                    1.0
                ]
            ],
            "location": [
                -0.6434499025344849,
                -0.6041810512542725,
                -1.2204911708831787
            ],
            "location_world": [
                1.2204911708831787,
                0.6434499025344849,
                -0.6041810512542725
            ],
            "name": "google_2_of_Jenga_Classic_Game_10",
            "projected_cuboid": [
                [
                    -41.69595241546631,
                    617.525577545166
                ],
                [
                    -15.078902244567871,
                    649.1179466247559
                ],
                [
                    -74.96333122253418,
                    578.7918567657471
                ],
                [
                    -98.6323356628418,
                    550.719141960144
                ],
                [
                    0.11847913265228271,
                    576.5219330787659
                ],
                [
                    24.252459406852722,
                    607.9323291778564
                ],
                [
                    -39.697349071502686,
                    546.9242334365845
                ],
                [
                    -61.51607632637024,
                    519.1106796264648
                ],
                [
                    -40.57002067565918,
                    577.7519941329956
                ]
            ],
            "provenance": "nvisii",
            "quaternion_xyzw": [
                0.37278786301612854,
                -0.11403864622116089,
                0.8889284133911133,
                -0.2404802292585373
            ],
            "quaternion_xyzw_world": [
                -0.4353296756744385,
                -0.5676373243331909,
                0.6940789222717285,
                0.08081082254648209
            ],
            "segmentation_id": 11,
            "visibility": -1
        },
        {
            "bounding_box_minx_maxx_miny_maxy": [
                -1,
                -1,
                -1,
                -1
            ],
            "class": "2",
            "local_cuboid": null,
            "local_to_world_matrix": [
                [
                    -0.47403252124786377,
                    0.3195780813694,
                    0.8204650282859802,
                    0.0
                ],
                [
                    0.27185311913490295,
                    -0.8331658840179443,
                    0.4815913140773773,
                    0.0
                ],
                [
                    0.837489664554596,
                    0.45133593678474426,
                    0.3080695867538452,
                    0.0
                ],
                [
                    1.3687611818313599,
                    0.1552577167749405,
                    -0.4252849221229553,
                    1.0
                ]
            ],
            "location": [
                -0.1552577167749405,
                -0.4252849221229553,
                -1.3687611818313599
            ],
            "location_world": [
                1.3687611818313599,
                0.1552577167749405,
                -0.4252849221229553
            ],
            "name": "google_2_of_Jenga_Classic_Game_11",
            "projected_cuboid": [
                [
                    122.33150005340576,
                    373.2483386993408
                ],
                [
                    150.59193968772888,
                    356.20635747909546
                ],
                [
                    191.17161631584167,
                    415.17820954322815
                ],
                [
                    158.4423929452896,
                    436.34599447250366
                ],
                [
                    134.66638326644897,
                    394.5091664791107
                ],
                [
                    162.1115505695343,
                    377.55799293518066
                ],
                [
                    203.62091064453125,
                    438.68720531463623
                ],
                [
                    171.98887467384338,
                    459.67185497283936
                ],
                [
                    160.4645848274231,
                    403.9458930492401
                ]
            ],
            "provenance": "nvisii",
            "quaternion_xyzw": [
                0.5089991092681885,
                0.8121974468231201,
                0.011147648096084595,
                -0.2848348319530487
            ],
            "quaternion_xyzw_world": [
                0.5126070380210876,
                0.28844279050827026,
                0.808589518070221,
                0.014755625277757645
            ],
            "segmentation_id": 12,
            "visibility": -1
        },
        {
            "bounding_box_minx_maxx_miny_maxy": [
                -1,
                -1,
                -1,
                -1
            ],
            "class": "2",
            "local_cuboid": null,
            "local_to_world_matrix": [
                [
                    0.2808263301849365,
                    -0.9499644637107849,
                    -0.13676278293132782,
                    0.0
                ],
                [
                    0.7711712718009949,
                    0.3081709146499634,
                    -0.5570687055587769,
                    0.0
                ],
                [
                    0.5713418126106262,
                    0.05097207427024841,
                    0.8191277980804443,
                    0.0
                ],
                [
                    1.649784803390503,
                    0.6646358966827393,
                    0.5643755197525024,
                    1.0
                ]
            ],
            "location": [
                -0.6646358966827393,
                0.5643755197525024,
                -1.649784803390503
            ],
            "location_world": [
                1.649784803390503,
                0.6646358966827393,
                0.5643755197525024
            ],
            "name": "google_2_of_Jenga_Classic_Game_12",
            "projected_cuboid": [
                [
                    38.50540518760681,
                    -26.294469833374023
                ],
                [
                    37.46604919433594,
                    -1.3621151447296143
                ],
                [
                    21.826937794685364,
                    59.14391577243805
                ],
                [
                    22.347435355186462,
                    34.07587110996246
                ],
                [
                    10.35238802433014,
                    -33.41943025588989
                ],
                [
                    10.297805070877075,
                    -7.93418288230896
                ],
                [
                    -8.261650800704956,
                    52.7176707983017
                ],
                [
                    -8.95380973815918,
                    27.043327689170837
                ],
                [
                    15.957877039909363,
                    11.799231171607971
                ]
            ],
            "provenance": "nvisii",
            "quaternion_xyzw": [
                -0.8772649765014648,
                0.1267957091331482,
                0.09455478191375732,
                0.45319807529449463
            ],
            "quaternion_xyzw_world": [
                -0.19591297209262848,
                0.22815389931201935,
                -0.5545562505722046,
                0.7759067416191101
            ],
            "segmentation_id": 13,
            "visibility": -1
        },
        {
            "bounding_box_minx_maxx_miny_maxy": [
                -1,
                -1,
                -1,
                -1
            ],
            "class": "2",
            "local_cuboid": null,
            "local_to_world_matrix": [
                [
                    0.3835453987121582,
                    -0.8112473487854004,
                    0.4413282871246338,
