{
    "camera_data": {
        "camera_look_at": {
            "at": [
                1.0,
                0.0,
                0.0
            ],
            "eye": [
                0.0,
                0.0,
                0.0
            ],
            "up": [
                0.0,
                0.0,
                1.0
            ]
        },
        "camera_view_matrix": [
            [
                0.0,
                0.0,
                -1.0,
                0.0
            ],
            [
                -1.0,
                0.0,
                0.0,
                0.0
            ],
            [
                0.0,
                1.0,
                0.0,
                0.0
            ],
            [
                0.0,
                0.0,
                0.0,
                1.0
            ]
        ],
        "height": 500,
        "intrinsics": {
            "cx": 250.0,
            "cy": 250.0,
            "fx": 603.5535278320312,
            "fy": 603.5535278320312
        },
        "location_world": [
            0.0,
            0.0,
            0.0
        ],
        "quaternion_world_xyzw": [
            0.5,
            -0.5,
            -0.5,
            0.5
        ],
        "width": 500
    },
    "objects": [
        {
            "bounding_box_minx_maxx_miny_maxy": [
                -1,
                -1,
                -1,
                -1
            ],
            "class": "2",
            "local_cuboid": null,
            "local_to_world_matrix": [
                [
                    -0.05454123020172119,
                    0.20944136381149292,
                    0.976298987865448,
                    0.0
                ],
                [
                    0.8329253792762756,
                    0.5487862229347229,
                    -0.07119721174240112,
                    0.0
                ],
                [
                    -0.5506910681724548,
                    0.80930095911026,
                    -0.20438051223754883,
                    0.0
                ],
                [
                    0.41207289695739746,
                    -0.034481678158044815,
                    0.10225703567266464,
                    1.0
                ]
            ],
            "location": [
                0.034481678158044815,
                0.10225703567266464,
                -0.41207289695739746
            ],
            "location_world": [
                0.41207289695739746,
                -0.034481678158044815,
                0.10225703567266464
            ],
            "name": "google_2_of_Jenga_Classic_Game_0",
            "projected_cuboid": [
                [
                    -277.6743769645691,
                    12.7943754196167
                ],
                [
                    -245.5005645751953,
                    84.26149189472198
                ],
                [
                    254.16597723960876,
                    63.204482197761536
                ],
                [
                    329.5823931694031,
                    18.463194370269775
                ],
                [
                    -221.56178951263428,
                    230.53017258644104
                ],
                [
                    -203.54661345481873,
                    247.85298109054565
                ],
                [
                    276.31762623786926,
                    168.43757033348083
                ],
                [
                    354.9882471561432,
                    143.7305510044098
                ],
                [
                    97.67208993434906,
                    118.247389793396
                ]
            ],
            "provenance": "nvisii",
            "quaternion_xyzw": [
                -0.2788659334182739,
                -0.3832600712776184,
                0.6766331791877747,
                0.5634830594062805
            ],
            "quaternion_xyzw_world": [
                -0.38763806223869324,
                -0.6722551584243774,
                -0.2744879424571991,
                0.567861020565033
            ],
            "segmentation_id": 1,
            "visibility": -1
        },
        {
            "bounding_box_minx_maxx_miny_maxy": [
                -1,
                -1,
                -1,
                -1
            ],
            "class": "2",
            "local_cuboid": null,
            "local_to_world_matrix": [
                [
                    -0.34008359909057617,
                    0.9109964370727539,
                    0.23329967260360718,
                    0.0
                ],
                [
                    0.5805759429931641,
                    0.3985573649406433,
                    -0.7099884748458862,
                    0.0
                ],
                [
                    -0.7397802472114563,
                    -0.10600721836090088,
                    -0.6644454002380371,
                    0.0
                ],
                [
                    1.7245581150054932,
                    0.676496684551239,
                    0.21381042897701263,
                    1.0
                ]
            ],
            "location": [
                -0.676496684551239,
                0.21381042897701263,
                -1.7245581150054932
            ],
            "location_world": [
                1.7245581150054932,
                0.676496684551239,
                0.21381042897701263
            ],
            "name": "google_2_of_Jenga_Classic_Game_1",
            "projected_cuboid": [
                [
                    -22.77645468711853,
                    225.81644356250763
                ],
                [
                    -27.343183755874634,
                    250.4083216190338
                ],
                [
                    -3.581404685974121,
                    182.86684155464172
                ],
                [
                    1.0908544063568115,
                    159.46254134178162
                ],
                [
                    11.078432202339172,
                    233.66816341876984
                ],
                [
                    5.517691373825073,
                    257.58445262908936
                ],
                [
                    24.888798594474792,
                    190.19125401973724
                ],
                [
                    30.302494764328003,
                    167.36292839050293
                ],
                [
                    3.208264708518982,
                    206.39538764953613
                ]
            ],
            "provenance": "nvisii",
            "quaternion_xyzw": [
                -0.12166735529899597,
                0.33956873416900635,
                -0.9166194796562195,
                -0.17233353853225708
            ],
            "quaternion_xyzw_world": [
                0.4810936748981476,
                0.7750945687294006,
                -0.2631922960281372,
                -0.3138584494590759
            ],
            "segmentation_id": 2,
            "visibility": -1
        },
        {
            "bounding_box_minx_maxx_miny_maxy": [
                -1,
                -1,
                -1,
                -1
            ],
            "class": "2",
            "local_cuboid": null,
            "local_to_world_matrix": [
                [
                    0.2805946469306946,
                    0.49096444249153137,
                    0.8247548341751099,
                    0.0
                ],
                [
                    0.9102035760879517,
                    0.13660448789596558,
                    -0.3909842371940613,
                    0.0
                ],
                [
                    -0.3046245574951172,
                    0.8604028820991516,
                    -0.408547043800354,
                    0.0
                ],
                [
                    0.3675370514392853,
                    -0.5358814597129822,
                    0.268941193819046,
                    1.0
                ]
            ],
            "location": [
                0.5358814597129822,
                0.268941193819046,
                -0.3675370514392853
            ],
            "location_world": [
                0.3675370514392853,
                -0.5358814597129822,
                0.268941193819046
            ],
            "name": "google_2_of_Jenga_Classic_Game_2",
            "projected_cuboid": [
                [
                    901.166021823883,
                    -227.34275460243225
                ],
                [
                    727.3709774017334,
                    -54.753005504608154
                ],
                [
                    989.2668128013611,
                    -162.44831681251526
                ],
                [
                    1176.7736673355103,
                    -314.22287225723267
                ],
                [
                    1066.1687850952148,
                    -102.01781988143921
                ],
                [
                    838.3382558822632,
                    51.57223343849182
                ],
                [
                    1089.9097919464111,
                    -86.12024784088135
                ],
                [
                    1314.7917985916138,
                    -230.01229763031006
                ],
                [
                    1016.5300369262695,
                    -141.02476835250854
                ]
            ],
            "provenance": "nvisii",
            "quaternion_xyzw": [
                -0.3858092725276947,
                -0.44591355323791504,
                0.7393532991409302,
                0.3250676393508911
            ],
            "quaternion_xyzw_world": [
                -0.6230042576789856,
                -0.5622625946998596,
                -0.20871858298778534,
                0.5021583437919617
            ],
            "segmentation_id": 3,
            "visibility": -1
        },
        {
            "bounding_box_minx_maxx_miny_maxy": [
                -1,
                -1,
                -1,
                -1
            ],
            "class": "2",
            "local_cuboid": null,
            "local_to_world_matrix": [
                [
                    0.31202948093414307,
                    0.2674461007118225,
                    0.9116525650024414,
                    0.0
                ],
                [
                    -0.9489132761955261,
                    0.13511747121810913,
                    0.285144180059433,
                    0.0
                ],
                [
                    -0.04691964387893677,
                    -0.9540524482727051,
                    0.29594361782073975,
                    0.0
                ],
                [
                    1.6131480932235718,
                    -0.30915871262550354,
                    -0.5301893353462219,
                    1.0
                ]
            ],
            "location": [
                0.30915871262550354,
                -0.5301893353462219,
                -1.6131480932235718
            ],
            "location_world": [
                1.6131480932235718,
                -0.30915871262550354,
                -0.5301893353462219
            ],
            "name": "google_2_of_Jenga_Classic_Game_3",
            "projected_cuboid": [
                [
                    463.01931142807007,
                    403.40644121170044
                ],
                [
                    469.4976210594177,
                    401.9811451435089
                ],
                [
                    361.5105450153351,
                    433.57595801353455
                ],
                [
                    360.28048396110535,
                    433.46959352493286
                ],
                [
                    474.06715154647827,
                    432.40195512771606
                ],
                [
                    481.2207221984863,
                    432.4556887149811
                ],
                [
                    371.42765522003174,
                    464.28120136260986
                ],
                [
                    369.69488859176636,
                    462.67396211624146
                ],
                [
                    418.5211658477783,
                    432.98137187957764
                ]
            ],
            "provenance": "nvisii",
            "quaternion_xyzw": [
                0.3164215087890625,
                0.6135289072990417,
                0.5072528123855591,
                0.5159016251564026
            ],
            "quaternion_xyzw_world": [
                0.4692995846271515,
                -0.3630235195159912,
                0.46065080165863037,
                0.6601309180259705
            ],
            "segmentation_id": 4,
            "visibility": -1
        },
        {
            "bounding_box_minx_maxx_miny_maxy": [
                -1,
                -1,
                -1,
                -1
            ],
            "class": "2",
            "local_cuboid": null,
            "local_to_world_matrix": [
                [
                    -0.20839464664459229,
                    -0.9640389680862427,
                    -0.16492608189582825,
                    0.0
                ],
                [
                    -0.9663150310516357,
                    0.17690902948379517,
                    0.1869182288646698,
                    0.0
                ],
                [
                    -0.15101954340934753,
                    0.1983233094215393,
                    -0.9684321880340576,
                    0.0
                ],
                [
                    1.7961584329605103,
                    0.531719446182251,
                    0.19312801957130432,
                    1.0
                ]
            ],
            "location": [
                -0.531719446182251,
                0.19312801957130432,
                -1.7961584329605103
            ],
            "location_world": [
                1.7961584329605103,
                0.531719446182251,
                0.19312801957130432
            ],
            "name": "google_2_of_Jenga_Classic_Game_4",
            "projected_cuboid": [
                [
                    65.96764922142029,
                    285.22273898124695
                ],
                [
                    51.85677111148834,
                    281.316876411438
                ],
                [
                    76.87106728553772,
                    182.80771374702454
                ],
                [
                    89.52547609806061,
                    191.01452827453613
                ],
                [
                    42.16279089450836,
                    280.54139018058777
                ],
                [
                    27.057215571403503,
                    276.4507234096527
                ],
                [
                    52.45864391326904,
                    178.98152768611908
                ],
                [
                    66.07984006404877,
                    187.2844099998474
                ],
                [
                    59.25320088863373,
                    232.41716623306274
                ]
            ],
            "provenance": "nvisii",
            "quaternion_xyzw": [
                -0.6375933885574341,
                0.13403335213661194,
                -0.003948956727981567,
                -0.7586133480072021
            ],
            "quaternion_xyzw_world": [
                -0.629112184047699,
                0.7670944929122925,
                0.12555217742919922,
                0.004532211925834417
            ],
            "segmentation_id": 5,
            "visibility": -1
        },
        {
            "bounding_box_minx_maxx_miny_maxy": [
                -1,
                -1,
                -1,
                -1
            ],
            "class": "2",
            "local_cuboid": null,
            "local_to_world_matrix": [
                [
                    0.1982569694519043,
                    -0.46529847383499146,
                    -0.8626652956008911,
                    0.0
                ],
                [
                    0.8587140440940857,
                    -0.3418755531311035,
                    0.38174736499786377,
                    0.0
                ],
                [
                    -0.47255074977874756,
                    -0.8164669275283813,
                    0.3317791819572449,
                    0.0
                ],
                [
                    1.382271409034729,
                    -0.30867570638656616,
                    -0.40558379888534546,
                    1.0
                ]
            ],
            "location": [
                0.30867570638656616,
                -0.40558379888534546,
                -1.382271409034729
            ],
            "location_world": [
                1.382271409034729,
                -0.30867570638656616,
                -0.40558379888534546
            ],
            "name": "google_2_of_Jenga_Classic_Game_5",
            "projected_cuboid": [
                [
                    523.568332195282,
                    428.12639474868774
                ],
                [
                    521.6953754425049,
                    402.9994606971741
                ],
                [
                    394.48410272598267,
                    429.20196056365967
                ],
                [
                    389.35285806655884,
                    453.17038893699646
                ],
                [
                    508.6737871170044,
                    396.22342586517334
                ],
                [
                    507.62635469436646,
                    372.6053833961487
                ],
                [
                    380.38140535354614,
                    402.07237005233765
                ],
                [
                    374.4260370731354,
                    424.8508810997009
                ],
                [
                    446.66215777397156,
                    414.13265466690063
                ]
            ],
            "provenance": "nvisii",
            "quaternion_xyzw": [
                -0.3908325433731079,
                0.3331283628940582,
                -0.3954443335533142,
                0.7615110874176025
            ],
            "quaternion_xyzw_world": [
                0.5496256351470947,
                0.1789470762014389,
                -0.607329785823822,
                0.5450138449668884
            ],
            "segmentation_id": 6,
            "visibility": -1
        },
        {
            "bounding_box_minx_maxx_miny_maxy": [
                -1,
                -1,
                -1,
                -1
            ],
            "class": "2",
            "local_cuboid": null,
            "local_to_world_matrix": [
                [
                    0.03704023361206055,
                    0.9848929643630981,
                    -0.16915670037269592,
                    0.0
                ],
                [
                    -0.40222278237342834,
                    -0.14026236534118652,
                    -0.9047338962554932,
                    0.0
                ],
                [
                    -0.9147922992706299,
                    0.10155025124549866,
                    0.3909509778022766,
                    0.0
                ],
                [
                    1.0898847579956055,
                    -0.2813985049724579,
                    -0.1306789368391037,
                    1.0
                ]
            ],
            "location": [
                0.2813985049724579,
                -0.1306789368391037,
                -1.0898847579956055
            ],
            "location_world": [
                1.0898847579956055,
                -0.2813985049724579,
                -0.1306789368391037
            ],
            "name": "google_2_of_Jenga_Classic_Game_6",
            "projected_cuboid": [
                [
                    398.51951599121094,
                    239.18230831623077
                ],
                [
                    413.6245846748352,
                    295.8502471446991
                ],
                [
                    389.5929753780365,
                    348.5988676548004
                ],
                [
                    378.86595726013184,
                    303.9765954017639
                ],
                [
                    454.9819827079773,
                    229.5359969139099
                ],
                [
                    472.52631187438965,
                    286.0024571418762
                ],
                [
                    433.73972177505493,
                    341.35088324546814
                ],
                [
                    421.627938747406,
                    296.8333661556244
                ],
                [
                    418.25032234191895,
                    296.4184582233429
                ]
            ],
            "provenance": "nvisii",
            "quaternion_xyzw": [
                -0.0355270653963089,
                0.20332659780979156,
                0.9752460718154907,
                -0.07931818068027496
            ],
            "quaternion_xyzw_world": [
                -0.4433823227882385,
                -0.32853707671165466,
                0.6111818552017212,
                0.5673907399177551
            ],
            "segmentation_id": 7,
            "visibility": -1
        },
        {
            "bounding_box_minx_maxx_miny_maxy": [
                -1,
                -1,
                -1,
                -1
            ],
            "class": "2",
            "local_cuboid": null,
            "local_to_world_matrix": [
                [
                    0.007035672664642334,
                    -0.8940561413764954,
                    0.4478996992111206,
                    0.0
                ],
                [
                    -0.9030382037162781,
                    0.18670296669006348,
                    0.38686445355415344,
                    0.0
                ],
                [
                    -0.4295027256011963,
                    -0.4071923792362213,
                    -0.8060531616210938,
                    0.0
                ],
                [
                    1.7881382703781128,
                    -0.15290214121341705,
                    0.7172460556030273,
                    1.0
                ]
            ],
            "location": [
                0.15290214121341705,
                0.7172460556030273,
                -1.7881382703781128
            ],
            "location_world": [
                1.7881382703781128,
                -0.15290214121341705,
                0.7172460556030273
            ],
            "name": "google_2_of_Jenga_Classic_Game_7",
            "projected_cuboid": [
                [
                    361.75423860549927,
                    78.59295606613159
                ],
                [
                    361.14275455474854,
                    58.41545760631561
                ],
                [
                    312.16293573379517,
                    -9.040266275405884
                ],
                [
                    314.77707624435425,
                    12.567326426506042
                ],
                [
                    336.7587924003601,
                    91.07738733291626
                ],
                [
                    334.9737226963043,
                    71.47903740406036
                ],
                [
                    287.8546714782715,
                    3.0652880668640137
                ],
                [
                    291.48468375205994,
                    24.17391538619995
                ],
                [
                    324.28354024887085,
                    40.29671847820282
                ]
            ],
            "provenance": "nvisii",
            "quaternion_xyzw": [
                -0.5190590023994446,
                -0.12580297887325287,
                -0.1927317976951599,
                -0.8231682181358337
            ],
            "quaternion_xyzw_world": [
                -0.6376491785049438,
                0.7045779824256897,
                -0.0072128004394471645,
                -0.3113219738006592
            ],
            "segmentation_id": 8,
            "visibility": -1
        },
        {
            "bounding_box_minx_maxx_miny_maxy": [
                -1,
                -1,
                -1,
                -1
            ],
            "class": "2",
            "local_cuboid": null,
            "local_to_world_matrix": [
                [
                    -0.6057111024856567,
                    0.6329602003097534,
                    0.48215702176094055,
                    0.0
                ],
                [
                    0.7431958913803101,
                    0.6664949655532837,
                    0.058688730001449585,
                    0.0
                ],
                [
                    -0.28420761227607727,
                    0.3938855230808258,
                    -0.8741168975830078,
                    0.0
                ],
                [
                    0.24080948531627655,
                    -0.18438220024108887,
                    -0.2020367830991745,
                    1.0
                ]
            ],
            "location": [
                0.18438220024108887,
                -0.2020367830991745,
                -0.24080948531627655
            ],
            "location_world": [
                0.24080948531627655,
                -0.18438220024108887,
                -0.2020367830991745
            ],
            "name": "google_2_of_Jenga_Classic_Game_8",
            "projected_cuboid": [
                [
                    677.0632266998291,
                    2845.5069065093994
                ],
                [
                    309.3733787536621,
                    1841.852307319641
                ],
                [
                    569.2062377929688,
                    688.9128684997559
                ],
                [
                    860.2566123008728,
                    853.4944653511047
                ],
                [
                    741.8068647384644,
                    2173.067092895508
                ],
                [
                    437.5125765800476,
                    1592.5830602645874
                ],
                [
                    619.4800734519958,
                    695.6150531768799
                ],
                [
                    864.4445538520813,
                    828.2923698425293
                ],
                [
                    634.2900991439819,
                    1248.5545873641968
                ]
            ],
            "provenance": "nvisii",
            "quaternion_xyzw": [
                -0.07769080996513367,
                0.5931781530380249,
                -0.6816302537918091,
                -0.42128852009773254
            ],
            "quaternion_xyzw_world": [
                0.3879145383834839,
                0.8868938684463501,
                0.12757283449172974,
                -0.21602490544319153
            ],
            "segmentation_id": 9,
            "visibility": -1
        },
        {
            "bounding_box_minx_maxx_miny_maxy": [
                -1,
                -1,
                -1,
                -1
            ],
            "class": "2",
            "local_cuboid": null,
            "local_to_world_matrix": [
                [
                    0.7357880473136902,
                    0.0889226645231247,
                    -0.6713484525680542,
                    0.0
                ],
                [
                    -0.5622853636741638,
                    -0.4722810983657837,
                    -0.6788119673728943,
                    0.0
                ],
                [
                    -0.37742698192596436,
                    0.8769511580467224,
                    -0.29749882221221924,
                    0.0
                ],
                [
                    1.7754931449890137,
                    -0.6367563605308533,
                    0.7959069013595581,
                    1.0
                ]
            ],
            "location": [
                0.6367563605308533,
                0.7959069013595581,
                -1.7754931449890137
            ],
            "location_world": [
                1.7754931449890137,
                -0.6367563605308533,
                0.7959069013595581
            ],
            "name": "google_2_of_Jenga_Classic_Game_9",
            "projected_cuboid": [
                [
                    375.4660487174988,
                    0.14136731624603271
                ],
                [
                    393.43976974487305,
                    13.748615980148315
                ],
                [
                    471.3776111602783,
                    -1.0776817798614502
                ],
                [
                    452.46371626853943,
                    -13.479381799697876
                ],
                [
                    382.40376114845276,
                    -27.851611375808716
                ],
                [
                    401.22878551483154,
                    -14.578789472579956
                ],
                [
                    481.29406571388245,
                    -28.09181809425354
                ],
                [
                    461.4940881729126,
                    -40.17561674118042
                ],
                [
                    428.45267057418823,
                    -13.99463415145874
                ]
            ],
            "provenance": "nvisii",
            "quaternion_xyzw": [
                0.5505593419075012,
                -0.09039323031902313,
                -0.7323185205459595,
                0.3904139995574951
            ],
            "quaternion_xyzw_world": [
                0.7914493083953857,
                -0.1495240181684494,
                -0.33128318190574646,
                -0.49142855405807495
            ],
            "segmentation_id": 10,
            "visibility": -1
        },
        {
            "bounding_box_minx_maxx_miny_maxy": [
                -1,
                -1,
                -1,
                -1
            ],
            "class": "2",
            "local_cuboid": null,
            "local_to_world_matrix": [
                [
                    -0.27753889560699463,
                    0.4172401428222656,
                    -0.8653801679611206,
                    0.0
                ],
                [
                    0.9540926218032837,
                    0.014128327369689941,
                    -0.2991783320903778,
                    0.0
                ],
                [
                    -0.11260285973548889,
                    -0.9086863994598389,
                    -0.4020068645477295,
                    0.0
                ],
                [
                    1.9391167163848877,
                    0.37624695897102356,
                    -0.5306252241134644,
                    1.0
                ]
            ],
            "location": [
                -0.37624695897102356,
                -0.5306252241134644,
                -1.9391167163848877
            ],
            "location_world": [
                1.9391167163848877,
                0.37624695897102356,
                -0.5306252241134644
            ],
            "name": "google_2_of_Jenga_Classic_Game_10",
            "projected_cuboid": [
                [
                    208.78463983535767,
                    467.8446650505066
                ],
                [
                    210.12812852859497,
                    466.65477752685547
                ],
                [
                    129.41020727157593,
                    427.02996730804443
                ],
                [
                    124.64563548564911,
                    426.5081286430359
                ],
                [
                    219.85003352165222,
                    443.3503746986389
                ],
                [
                    220.72306275367737,
                    443.18199157714844
                ],
                [
                    140.7179981470108,
                    404.3808877468109
                ],
                [
                    136.4850401878357,
                    402.9095768928528
                ],
                [
                    173.55340719223022,
                    434.9958896636963
                ]
            ],
            "provenance": "nvisii",
            "quaternion_xyzw": [
                -0.43855881690979004,
                0.5013628602027893,
                -0.6762065887451172,
                0.3147159218788147
            ],
            "quaternion_xyzw_world": [
                0.5268632769584656,
                0.6507061719894409,
                -0.4640592038631439,
                0.2892155051231384
            ],
            "segmentation_id": 11,
            "visibility": -1
        },
        {
            "bounding_box_minx_maxx_miny_maxy": [
                -1,
                -1,
                -1,
                -1
            ],
            "class": "2",
            "local_cuboid": null,
            "local_to_world_matrix": [
                [
                    0.7313392758369446,
                    0.42749249935150146,
                    0.5314067602157593,
                    0.0
                ],
                [
                    -0.00884518027305603,
                    0.7850525379180908,
                    -0.6193661093711853,
                    0.0
                ],
                [
                    -0.6819565296173096,
                    0.4482664465904236,
                    0.5779209733009338,
                    0.0
                ],
                [
                    1.4574477672576904,
                    0.03245802968740463,
                    -0.7405482530593872,
                    1.0
                ]
            ],
            "location": [
                -0.03245802968740463,
                -0.7405482530593872,
                -1.4574477672576904
            ],
            "location_world": [
                1.4574477672576904,
                0.03245802968740463,
                -0.7405482530593872
            ],
            "name": "google_2_of_Jenga_Classic_Game_11",
            "projected_cuboid": [
                [
                    181.0494214296341,
                    495.9387481212616
                ],
                [
                    149.9156653881073,
                    520.6128358840942
                ],
                [
                    216.517835855484,
                    552.9029965400696
                ],
                [
                    243.446484208107,
                    531.518816947937
                ],
                [
                    194.36582922935486,
                    528.0511379241943
                ],
                [
                    161.77862882614136,
                    553.9031028747559
                ],
                [
                    229.41666841506958,
                    582.8544497489929
                ],
                [
                    257.42581486701965,
                    560.5912208557129
                ],
                [
                    206.4865529537201,
                    541.6491031646729
                ]
            ],
            "provenance": "nvisii",
            "quaternion_xyzw": [
                -0.35704249143600464,
                0.1776021271944046,
                0.8259562849998474,
                0.39846521615982056
            ],
            "quaternion_xyzw_world": [
                -0.30346572399139404,
                -0.34488847851753235,
                0.1240253746509552,
                0.879533052444458
            ],
            "segmentation_id": 12,
            "visibility": -1
        },
        {
            "bounding_box_minx_maxx_miny_maxy": [
                -1,
                -1,
                -1,
                -1
            ],
            "class": "2",
            "local_cuboid": null,
            "local_to_world_matrix": [
                [
                    0.851290225982666,
                    0.13514427840709686,
                    -0.5069921612739563,
                    0.0
                ],
                [
                    -0.5112648606300354,
                    -0.0035687685012817383,
                    -0.8594158291816711,
                    0.0
                ],
                [
                    -0.11795444786548615,
                    0.99081951379776,
                    0.06605643033981323,
                    0.0
                ],
                [
                    1.8891934156417847,
                    0.5360168814659119,
                    0.13960714638233185,
                    1.0
                ]
            ],
            "location": [
                -0.5360168814659119,
                0.13960714638233185,
                -1.8891934156417847
            ],
            "location_world": [
                1.8891934156417847,
                0.5360168814659119,
                0.13960714638233185
            ],
            "name": "google_2_of_Jenga_Classic_Game_12",
            "projected_cuboid": [
                [
                    -12.57944107055664,
                    194.62616741657257
                ],
                [
                    -18.5544490814209,
                    216.80814027786255
                ],
                [
                    78.19099724292755,
                    223.53506088256836
                ],
                [
                    81.91211521625519,
                    201.59682631492615
                ],
                [
                    -18.65684986114502,
                    179.50859665870667
                ],
                [
                    -25.00060200691223,
                    202.1556794643402
                ],
                [
                    75.40841400623322,
                    209.40421521663666
                ],
                [
                    79.32661473751068,
                    187.0061159133911
                ],
                [
                    30.52292764186859,
                    201.86540484428406
                ]
            ],
            "provenance": "nvisii",
            "quaternion_xyzw": [
                -0.63370281457901,
                0.19860389828681946,
                0.7267246246337891,
                -0.17563769221305847
            ],
            "quaternion_xyzw_world": [
                -0.668730616569519,
                0.14060990512371063,
                0.2336316704750061,
                0.69169682264328
            ],
            "segmentation_id": 13,
            "visibility": -1
        },
        {
            "bounding_box_minx_maxx_miny_maxy": [
                -1,
                -1,
                -1,
                -1
            ],
            "class": "2",
            "local_cuboid": null,
            "local_to_world_matrix": [
                [
                    -0.9419918060302734,
