{
    "camera_data": {
        "camera_look_at": {
            "at": [
                1.0,
                0.0,
                0.0
            ],
            "eye": [
                0.0,
                0.0,
                0.0
            ],
            "up": [
                0.0,
                0.0,
                1.0
            ]
        },
        "camera_view_matrix": [
            [
                0.0,
                0.0,
                -1.0,
                0.0
            ],
            [
                -1.0,
                0.0,
                0.0,
                0.0
            ],
            [
                0.0,
                1.0,
                0.0,
                0.0
            ],
            [
                0.0,
                0.0,
                0.0,
                1.0
            ]
        ],
        "height": 500,
        "intrinsics": {
            "cx": 250.0,
            "cy": 250.0,
            "fx": 603.5535278320312,
            "fy": 603.5535278320312
        },
        "location_world": [
            0.0,
            0.0,
            0.0
        ],
        "quaternion_world_xyzw": [
            0.5,
            -0.5,
            -0.5,
            0.5
        ],
        "width": 500
    },
    "objects": [
        {
            "bounding_box_minx_maxx_miny_maxy": [
                -1,
                -1,
                -1,
                -1
            ],
            "class": "2",
            "local_cuboid": null,
            "local_to_world_matrix": [
                [
                    0.3143116235733032,
                    0.293068528175354,
                    0.9029502272605896,
                    0.0
                ],
                [
                    -0.3651653528213501,
                    -0.8406469821929932,
                    0.3999587893486023,
                    0.0
                ],
                [
                    0.8762776255607605,
                    -0.4554378390312195,
                    -0.15720665454864502,
                    0.0
                ],
                [
                    1.1430583000183105,
                    0.6804085969924927,
                    -0.09694178402423859,
                    1.0
                ]
            ],
            "location": [
                -0.6804085969924927,
                -0.09694178402423859,
                -1.1430583000183105
            ],
            "location_world": [
                1.1430583000183105,
                0.6804085969924927,
                -0.09694178402423859
            ],
            "name": "google_2_of_Jenga_Classic_Game_0",
            "projected_cuboid": [
                [
                    -1.4517605304718018,
                    302.5209903717041
                ],
                [
                    23.68319034576416,
                    289.08005356788635
                ],
                [
                    -97.55751490592957,
                    273.54371547698975
                ],
                [
                    -124.99433755874634,
                    290.33201932907104
                ],
                [
                    4.053696990013123,
                    334.1134190559387
                ],
                [
                    29.767021536827087,
                    321.1398720741272
                ],
                [
                    -92.77287125587463,
                    312.6160502433777
                ],
                [
                    -120.93204259872437,
                    328.7163972854614
                ],
                [
                    -41.515618562698364,
                    306.9498538970947
                ]
            ],
            "provenance": "nvisii",
            "quaternion_xyzw": [
                0.5438865423202515,
                0.80145263671875,
                0.06486934423446655,
                0.24011072516441345
            ],
            "quaternion_xyzw_world": [
                0.760290265083313,
                -0.023707006126642227,
                0.5850488543510437,
                0.2812730371952057
            ],
            "segmentation_id": 1,
            "visibility": -1
        },
        {
            "bounding_box_minx_maxx_miny_maxy": [
                -1,
                -1,
                -1,
                -1
            ],
            "class": "2",
            "local_cuboid": null,
            "local_to_world_matrix": [
                [
                    -0.679667592048645,
                    -0.7280558347702026,
                    -0.08936771750450134,
                    0.0
                ],
                [
                    0.41416990756988525,
                    -0.28034937381744385,
                    -0.8659488558769226,
                    0.0
                ],
                [
                    0.6054049730300903,
                    -0.6255708336830139,
                    0.49208325147628784,
                    0.0
                ],
                [
                    1.7633557319641113,
                    0.8032289743423462,
                    -0.09346049278974533,
                    1.0
                ]
            ],
            "location": [
                -0.8032289743423462,
                -0.09346049278974533,
                -1.7633557319641113
            ],
            "location_world": [
                1.7633557319641113,
                0.8032289743423462,
                -0.09346049278974533
            ],
            "name": "google_2_of_Jenga_Classic_Game_1",
            "projected_cuboid": [
                [
                    57.8325092792511,
                    223.4683632850647
                ],
                [
                    68.71245801448822,
                    246.80452048778534
                ],
                [
                    -12.440264225006104,
                    295.9413230419159
                ],
                [
                    -26.09032392501831,
                    271.20423316955566
                ],
                [
                    45.336514711380005,
                    222.01547026634216
                ],
                [
                    56.14270269870758,
                    244.74669992923737
                ],
                [
                    -23.832589387893677,
                    292.2247350215912
                ],
                [
                    -37.29453682899475,
                    268.1625485420227
                ],
                [
                    17.972931265830994,
                    257.02738761901855
                ]
            ],
            "provenance": "nvisii",
            "quaternion_xyzw": [
                0.894344687461853,
                0.053385913372039795,
                0.3648588955402374,
                -0.2533288300037384
            ],
            "quaternion_xyzw_world": [
                0.1647714525461197,
                -0.47624441981315613,
                0.7829591631889343,
                -0.3647143542766571
            ],
            "segmentation_id": 2,
            "visibility": -1
        },
        {
            "bounding_box_minx_maxx_miny_maxy": [
                -1,
                -1,
                -1,
                -1
            ],
            "class": "2",
            "local_cuboid": null,
            "local_to_world_matrix": [
                [
                    -0.9207286834716797,
                    -0.05828884243965149,
                    0.3858252763748169,
                    0.0
                ],
                [
                    -0.35403114557266235,
                    0.5405575037002563,
                    -0.7631903886795044,
                    0.0
                ],
                [
                    -0.16407525539398193,
                    -0.8392853736877441,
                    -0.5183428525924683,
                    0.0
                ],
                [
                    1.1520415544509888,
                    0.4528498351573944,
                    -0.5171374082565308,
                    1.0
                ]
            ],
            "location": [
                -0.4528498351573944,
                -0.5171374082565308,
                -1.1520415544509888
            ],
            "location_world": [
                1.1520415544509888,
                0.4528498351573944,
                -0.5171374082565308
            ],
            "name": "google_2_of_Jenga_Classic_Game_2",
            "projected_cuboid": [
                [
                    148.24028313159943,
                    596.2031483650208
                ],
                [
                    119.18637156486511,
                    642.9734826087952
                ],
                [
                    -9.53182578086853,
                    542.8507328033447
                ],
                [
                    21.693691611289978,
                    500.7098913192749
                ],
                [
                    152.23529934883118,
                    590.3387069702148
                ],
                [
                    125.16243755817413,
                    633.9350938796997
                ],
                [
                    4.1675567626953125,
                    540.3788089752197
                ],
                [
                    33.16792845726013,
                    500.84298849105835
                ],
                [
                    73.30909371376038,
                    567.1693086624146
                ]
            ],
            "provenance": "nvisii",
            "quaternion_xyzw": [
                -0.6437010169029236,
                0.060094743967056274,
                -0.683552622795105,
                -0.3388117551803589
            ],
            "quaternion_xyzw_world": [
                -0.1194327101111412,
                0.8630800843238831,
                -0.4641735553741455,
                -0.1592843383550644
            ],
            "segmentation_id": 3,
            "visibility": -1
        },
        {
            "bounding_box_minx_maxx_miny_maxy": [
                -1,
                -1,
                -1,
                -1
            ],
            "class": "2",
            "local_cuboid": null,
            "local_to_world_matrix": [
                [
                    -0.028059840202331543,
                    0.9996061325073242,
                    0.00047253072261810303,
                    0.0
                ],
                [
                    -0.9169324636459351,
                    -0.025927424430847168,
                    0.39819926023483276,
                    0.0
                ],
                [
                    0.39805465936660767,
                    0.010740160942077637,
                    0.9172987937927246,
                    0.0
                ],
                [
                    0.3966260254383087,
                    -0.5173386335372925,
                    -0.06959734112024307,
                    1.0
                ]
            ],
            "location": [
                0.5173386335372925,
                -0.06959734112024307,
                -0.3966260254383087
            ],
            "location_world": [
                0.3966260254383087,
                -0.5173386335372925,
                -0.06959734112024307
            ],
            "name": "google_2_of_Jenga_Classic_Game_3",
            "projected_cuboid": [
                [
                    769.3173885345459,
                    50.97705125808716
                ],
                [
                    857.0960760116577,
                    -24.486392736434937
                ],
                [
                    1060.2161884307861,
                    339.26892280578613
                ],
                [
                    912.7213954925537,
                    370.08392810821533
                ],
                [
                    853.3416986465454,
                    51.81477963924408
                ],
                [
                    954.3980360031128,
                    -23.16078543663025
                ],
                [
                    1187.774896621704,
                    338.7812376022339
                ],
                [
                    1018.4013843536377,
                    369.5265054702759
                ],
                [
                    934.5003366470337,
                    164.5856499671936
                ]
            ],
            "provenance": "nvisii",
            "quaternion_xyzw": [
                0.007894322276115417,
                0.836041271686554,
                0.54848712682724,
                -0.011602312326431274
            ],
            "quaternion_xyzw_world": [
                0.14192311465740204,
                0.1456311047077179,
                0.7020124793052673,
                0.6825158596038818
            ],
            "segmentation_id": 4,
            "visibility": -1
        },
        {
            "bounding_box_minx_maxx_miny_maxy": [
                -1,
                -1,
                -1,
                -1
            ],
            "class": "2",
            "local_cuboid": null,
            "local_to_world_matrix": [
                [
                    -0.44069135189056396,
                    0.19870397448539734,
                    0.8753901720046997,
                    0.0
                ],
                [
                    -0.2975909113883972,
                    -0.9523839950561523,
                    0.06636665761470795,
                    0.0
                ],
                [
                    0.8468948602676392,
                    -0.23126094043254852,
                    0.47883981466293335,
                    0.0
                ],
                [
                    1.3455713987350464,
                    -0.08548480272293091,
                    -0.7020778059959412,
                    1.0
                ]
            ],
            "location": [
                0.08548480272293091,
                -0.7020778059959412,
                -1.3455713987350464
            ],
            "location_world": [
                1.3455713987350464,
                -0.08548480272293091,
                -0.7020778059959412
            ],
            "name": "google_2_of_Jenga_Classic_Game_4",
            "projected_cuboid": [
                [
                    289.8894250392914,
                    451.6095519065857
                ],
                [
                    321.5835392475128,
                    452.6867866516113
                ],
                [
                    304.0541112422943,
                    554.9619793891907
                ],
                [
                    266.8409049510956,
                    551.7692565917969
                ],
                [
                    294.8644459247589,
                    472.97269105911255
                ],
                [
                    325.94719529151917,
                    474.3625223636627
                ],
                [
                    309.6683919429779,
                    577.9753923416138
                ],
                [
                    273.293137550354,
                    574.4428634643555
                ],
                [
                    298.9788353443146,
                    509.68074798583984
                ]
            ],
            "provenance": "nvisii",
            "quaternion_xyzw": [
                0.6288529634475708,
                0.7266301512718201,
                0.2671341001987457,
                -0.07205536961555481
            ],
            "quaternion_xyzw_world": [
                0.5081468224525452,
                -0.04865077883005142,
                0.8473362922668457,
                0.1464279592037201
            ],
            "segmentation_id": 5,
            "visibility": -1
        },
        {
            "bounding_box_minx_maxx_miny_maxy": [
                -1,
                -1,
                -1,
                -1
            ],
            "class": "2",
            "local_cuboid": null,
            "local_to_world_matrix": [
                [
                    -0.6002557277679443,
                    0.7163566946983337,
                    -0.3557061553001404,
                    0.0
                ],
                [
                    0.4897769093513489,
                    0.6808227896690369,
                    0.5446090698242188,
                    0.0
                ],
                [
                    0.6323071718215942,
                    0.1526878923177719,
                    -0.7595227956771851,
                    0.0
                ],
                [
                    1.751101016998291,
                    -0.4591684937477112,
                    0.04924999177455902,
                    1.0
                ]
            ],
            "location": [
                0.4591684937477112,
                0.04924999177455902,
                -1.751101016998291
            ],
            "location_world": [
                1.751101016998291,
                -0.4591684937477112,
                0.04924999177455902
            ],
            "name": "google_2_of_Jenga_Classic_Game_5",
            "projected_cuboid": [
                [
                    382.45508074760437,
                    316.89584255218506
                ],
                [
                    361.6693913936615,
                    301.10451579093933
                ],
                [
                    388.86648416519165,
                    229.90570962429047
                ],
                [
                    412.56049275398254,
                    245.68066000938416
                ],
                [
                    396.81220054626465,
                    306.52663111686707
                ],
                [
                    376.22374296188354,
                    291.3295030593872
                ],
                [
                    404.2007327079773,
                    221.00289165973663
                ],
                [
                    427.6166260242462,
                    236.142098903656
                ],
                [
                    393.0448889732361,
                    270.19765973091125
                ]
            ],
            "provenance": "nvisii",
            "quaternion_xyzw": [
                -0.3046890199184418,
                0.8504812121391296,
                -0.3672330975532532,
                -0.22132864594459534
            ],
            "quaternion_xyzw_world": [
                0.34584832191467285,
                0.87186598777771,
                0.19994385540485382,
                0.28330424427986145
            ],
            "segmentation_id": 6,
            "visibility": -1
        },
        {
            "bounding_box_minx_maxx_miny_maxy": [
                -1,
                -1,
                -1,
                -1
            ],
            "class": "2",
            "local_cuboid": null,
            "local_to_world_matrix": [
                [
                    -0.21837258338928223,
                    0.9318543076515198,
                    -0.2897602319717407,
                    0.0
                ],
                [
                    0.15413624048233032,
                    0.3261352777481079,
                    0.932672381401062,
                    0.0
                ],
                [
                    0.9636157751083374,
                    0.15900751948356628,
                    -0.2148514986038208,
                    0.0
                ],
                [
                    1.0177117586135864,
                    -0.2024179995059967,
                    0.631756067276001,
                    1.0
                ]
            ],
            "location": [
                0.2024179995059967,
                0.631756067276001,
                -1.0177117586135864
            ],
            "location_world": [
                1.0177117586135864,
                -0.2024179995059967,
                0.631756067276001
            ],
            "name": "google_2_of_Jenga_Classic_Game_6",
            "projected_cuboid": [
                [
                    312.5213086605072,
                    6.443604826927185
                ],
                [
                    299.079954624176,
                    -27.757763862609863
                ],
                [
                    340.28396010398865,
                    -142.0324742794037
                ],
                [
                    358.03377628326416,
                    -99.71275925636292
                ],
                [
                    345.78901529312134,
                    -0.9340643882751465
                ],
                [
                    332.19438791275024,
                    -34.61417555809021
                ],
                [
                    381.73556327819824,
                    -148.85133504867554
                ],
                [
                    399.7145891189575,
                    -107.3334813117981
                ],
                [
                    343.3758616447449,
                    -62.784284353256226
                ]
            ],
            "provenance": "nvisii",
            "quaternion_xyzw": [
                -0.15739211440086365,
                0.9782819747924805,
                -0.09429480135440826,
                -0.09643948078155518
            ],
            "quaternion_xyzw_world": [
                0.40937259793281555,
                0.6632041931152344,
                0.41151726245880127,
                0.47246989607810974
            ],
            "segmentation_id": 7,
            "visibility": -1
        },
        {
            "bounding_box_minx_maxx_miny_maxy": [
                -1,
                -1,
                -1,
                -1
            ],
            "class": "2",
            "local_cuboid": null,
            "local_to_world_matrix": [
                [
                    0.6758480072021484,
                    0.7261869311332703,
                    -0.12602365016937256,
                    0.0
                ],
                [
                    -0.7258734107017517,
                    0.6854578256607056,
                    0.05705557391047478,
                    0.0
                ],
                [
                    0.12781691551208496,
                    0.05291633680462837,
                    0.990385115146637,
                    0.0
                ],
                [
                    1.3516002893447876,
                    0.15299756824970245,
                    -0.5869171619415283,
                    1.0
                ]
            ],
            "location": [
                -0.15299756824970245,
                -0.5869171619415283,
                -1.3516002893447876
            ],
            "location_world": [
                1.3516002893447876,
                0.15299756824970245,
                -0.5869171619415283
            ],
            "name": "google_2_of_Jenga_Classic_Game_7",
            "projected_cuboid": [
                [
                    179.83892560005188,
                    377.28554010391235
                ],
                [
                    151.51089429855347,
                    380.81908226013184
                ],
                [
                    155.70485591888428,
                    514.0060186386108
                ],
                [
                    184.60111320018768,
                    504.5849084854126
                ],
                [
                    201.97559893131256,
                    377.849817276001
                ],
                [
                    173.53227734565735,
                    381.55078887939453
                ],
                [
                    178.53417992591858,
                    520.2450752258301
                ],
                [
                    207.53474533557892,
                    510.17141342163086
                ],
                [
                    179.2227327823639,
                    444.80234384536743
                ]
            ],
            "provenance": "nvisii",
            "quaternion_xyzw": [
                -0.2935023009777069,
                0.6912053823471069,
                0.6207484006881714,
                0.22530630230903625
            ],
            "quaternion_xyzw_world": [
                0.001130468095652759,
                0.06932646781206131,
                0.3965725898742676,
                0.9153811931610107
            ],
            "segmentation_id": 8,
            "visibility": -1
        },
        {
            "bounding_box_minx_maxx_miny_maxy": [
                -1,
                -1,
                -1,
                -1
            ],
            "class": "2",
            "local_cuboid": null,
            "local_to_world_matrix": [
                [
                    0.37540942430496216,
                    -0.03064541518688202,
                    0.9263523817062378,
                    0.0
                ],
                [
                    -0.26116663217544556,
                    0.9554581046104431,
                    0.1374475061893463,
                    0.0
                ],
                [
                    -0.8893029689788818,
                    -0.2935313880443573,
                    0.35068440437316895,
                    0.0
                ],
                [
                    1.9741981029510498,
                    0.8299320340156555,
                    0.5884112119674683,
                    1.0
                ]
            ],
            "location": [
                -0.8299320340156555,
                0.5884112119674683,
                -1.9741981029510498
            ],
            "location_world": [
                1.9741981029510498,
                0.8299320340156555,
                0.5884112119674683
            ],
            "name": "google_2_of_Jenga_Classic_Game_8",
            "projected_cuboid": [
                [
                    6.322100758552551,
                    -0.2486705780029297
                ],
                [
                    -25.144577026367188,
                    -7.537245750427246
                ],
                [
                    -15.172839164733887,
                    57.54098296165466
                ],
                [
                    12.097030878067017,
                    63.16538155078888
                ],
                [
                    1.2505650520324707,
                    21.202147006988525
                ],
                [
                    -30.834197998046875,
                    14.065936207771301
                ],
                [
                    -19.952356815338135,
                    77.25311815738678
                ],
                [
                    7.780894637107849,
                    82.7413946390152
                ],
                [
                    -7.556259632110596,
                    40.68836569786072
                ]
            ],
            "provenance": "nvisii",
            "quaternion_xyzw": [
                -0.03120473027229309,
                0.23318400979042053,
                0.6559745073318481,
                0.7171812653541565
            ],
            "quaternion_xyzw_world": [
                0.1315930336713791,
                -0.5543835163116455,
                0.07038623839616776,
                0.8187722563743591
            ],
            "segmentation_id": 9,
            "visibility": -1
        },
        {
            "bounding_box_minx_maxx_miny_maxy": [
                -1,
                -1,
                -1,
                -1
            ],
            "class": "2",
            "local_cuboid": null,
            "local_to_world_matrix": [
                [
                    0.7861576080322266,
                    -0.5463676452636719,
                    0.2888574004173279,
                    0.0
                ],
                [
                    0.2193385511636734,
                    -0.19030344486236572,
                    -0.9569091796875,
                    0.0
                ],
                [
                    0.5777947306632996,
                    0.8156390190124512,
                    -0.029769062995910645,
                    0.0
                ],
                [
                    0.5973197817802429,
                    -0.44283753633499146,
                    0.30849260091781616,
                    1.0
                ]
            ],
            "location": [
                0.44283753633499146,
                0.30849260091781616,
                -0.5973197817802429
            ],
            "location_world": [
                0.5973197817802429,
                -0.44283753633499146,
                0.30849260091781616
            ],
            "name": "google_2_of_Jenga_Classic_Game_9",
            "projected_cuboid": [
                [
                    417.0790910720825,
                    -19.37544345855713
                ],
                [
                    425.26915669441223,
                    47.29096591472626
                ],
                [
                    697.2014904022217,
                    -14.600485563278198
                ],
                [
                    694.9141025543213,
                    -101.29395127296448
                ],
                [
                    395.5138325691223,
                    -23.443788290023804
                ],
                [
                    404.9229621887207,
                    48.87855052947998
                ],
                [
                    700.1907229423523,
                    -19.216299057006836
                ],
                [
                    697.7480053901672,
                    -115.71547389030457
                ],
                [
                    536.595344543457,
                    -19.308239221572876
                ]
            ],
            "provenance": "nvisii",
            "quaternion_xyzw": [
                -0.8776490688323975,
                -0.1364898681640625,
                0.4562748074531555,
                0.053999245166778564
            ],
            "quaternion_xyzw_world": [
                -0.7082072496414185,
                0.11544258147478104,
                -0.3059316873550415,
                0.6257166266441345
            ],
            "segmentation_id": 10,
            "visibility": -1
        },
        {
            "bounding_box_minx_maxx_miny_maxy": [
                -1,
                -1,
                -1,
                -1
            ],
            "class": "2",
            "local_cuboid": null,
            "local_to_world_matrix": [
                [
                    -0.4002002477645874,
                    0.8865563869476318,
                    0.23207220435142517,
                    0.0
                ],
                [
                    -0.7929354906082153,
                    -0.20802569389343262,
                    -0.5726941227912903,
                    0.0
                ],
                [
                    -0.4594486653804779,
                    -0.4132106304168701,
                    0.7862340211868286,
                    0.0
                ],
                [
                    1.2944222688674927,
                    0.45702099800109863,
                    -0.49331435561180115,
                    1.0
                ]
            ],
            "location": [
                -0.45702099800109863,
                -0.49331435561180115,
                -1.2944222688674927
            ],
            "location_world": [
                1.2944222688674927,
                0.45702099800109863,
                -0.49331435561180115
            ],
            "name": "google_2_of_Jenga_Classic_Game_10",
            "projected_cuboid": [
                [
                    55.2634596824646,
                    368.00533533096313
                ],
                [
                    53.070127964019775,
                    401.3873338699341
                ],
                [
                    15.79160988330841,
                    496.38763070106506
                ],
                [
                    19.66281235218048,
                    461.5723490715027
                ],
                [
                    95.24580836296082,
                    374.0606904029846
                ],
                [
                    95.45603394508362,
                    406.8751335144043
                ],
                [
                    54.64397370815277,
                    498.9495873451233
                ],
                [
                    56.48833513259888,
                    464.8246467113495
                ],
                [
                    54.94129657745361,
                    436.1132085323334
                ]
            ],
            "provenance": "nvisii",
            "quaternion_xyzw": [
                0.2380593717098236,
                0.4621724784374237,
                0.8542100191116333,
                0.007037609815597534
            ],
            "quaternion_xyzw_world": [
                -0.07347027957439423,
                -0.31856727600097656,
                0.7737021446228027,
                0.5426803827285767
            ],
            "segmentation_id": 11,
            "visibility": -1
        },
        {
            "bounding_box_minx_maxx_miny_maxy": [
                -1,
                -1,
                -1,
                -1
            ],
            "class": "2",
            "local_cuboid": null,
            "local_to_world_matrix": [
                [
                    0.7223505973815918,
                    0.5990005135536194,
                    0.3455546796321869,
                    0.0
                ],
                [
                    -0.6190411448478699,
                    0.33739614486694336,
                    0.709191083908081,
                    0.0
                ],
                [
                    0.30821701884269714,
                    -0.7261971235275269,
                    0.614524245262146,
                    0.0
                ],
                [
                    1.8518911600112915,
                    0.7415119409561157,
                    0.41449087858200073,
                    1.0
                ]
            ],
            "location": [
                -0.7415119409561157,
                0.41449087858200073,
                -1.8518911600112915
            ],
            "location_world": [
                1.8518911600112915,
                0.7415119409561157,
                0.41449087858200073
            ],
            "name": "google_2_of_Jenga_Classic_Game_11",
            "projected_cuboid": [
                [
                    87.13753521442413,
                    75.37733018398285
                ],
                [
                    73.91540706157684,
                    52.09369957447052
                ],
                [
                    -3.6785900592803955,
                    100.91179609298706
                ],
                [
                    12.29529082775116,
                    123.95653128623962
                ],
                [
                    97.05692529678345,
                    78.72959971427917
                ],
                [
                    83.71029794216156,
                    54.83578145503998
                ],
                [
                    4.146754741668701,
                    105.33909499645233
                ],
                [
                    20.391613245010376,
                    128.96868586540222
                ],
                [
                    47.821834683418274,
                    89.57132697105408
                ]
            ],
            "provenance": "nvisii",
            "quaternion_xyzw": [
                0.002521914429962635,
                0.8087658286094666,
                0.38131099939346313,
                0.44776487350463867
            ],
            "quaternion_xyzw_world": [
                0.43887078762054443,
                -0.011416012421250343,
                0.3724169433116913,
                0.8176599144935608
            ],
            "segmentation_id": 12,
            "visibility": -1
        },
        {
            "bounding_box_minx_maxx_miny_maxy": [
                -1,
                -1,
                -1,
                -1
            ],
            "class": "2",
            "local_cuboid": null,
            "local_to_world_matrix": [
                [
                    0.6587393879890442,
                    -0.28836381435394287,
                    -0.6949164867401123,
                    0.0
                ],
                [
                    -0.29648345708847046,
                    0.7494040727615356,
                    -0.5920229554176331,
                    0.0
                ],
                [
                    0.6914912462234497,
                    0.5960200428962708,
                    0.40816688537597656,
                    0.0
                ],
                [
                    1.1107361316680908,
                    -0.6715080738067627,
                    -0.48220962285995483,
                    1.0
                ]
            ],
            "location": [
                0.6715080738067627,
                -0.48220962285995483,
                -1.1107361316680908
            ],
            "location_world": [
                1.1107361316680908,
                -0.6715080738067627,
                -0.48220962285995483
            ],
            "name": "google_2_of_Jenga_Classic_Game_12",
            "projected_cuboid": [
                [
                    491.40167236328125,
                    413.1994843482971
                ],
                [
                    467.16034412384033,
                    439.0305280685425
                ],
                [
                    599.6448993682861,
                    537.0020270347595
                ],
                [
                    625.2607107162476,
                    504.49687242507935
                ],
                [
                    490.4896020889282,
                    394.2610025405884
                ],
                [
                    465.2417302131653,
                    420.773446559906
                ],
                [
                    603.7857532501221,
                    520.0539827346802
                ],
                [
                    630.520224571228,
                    486.39601469039917
                ],
                [
                    541.1249995231628,
                    460.47621965408325
                ]
            ],
            "provenance": "nvisii",
            "quaternion_xyzw": [
                -0.8018538355827332,
                0.4503067433834076,
                0.3912058472633362,
                0.03482045605778694
            ],
            "quaternion_xyzw_world": [
                -0.35396623611450195,
                0.41306713223457336,
                0.0024191676639020443,
                0.8390934467315674
            ],
            "segmentation_id": 13,
            "visibility": -1
        },
        {
            "bounding_box_minx_maxx_miny_maxy": [
                -1,
                -1,
                -1,
                -1
            ],
            "class": "2",
            "local_cuboid": null,
            "local_to_world_matrix": [
                [
                    0.954849898815155,
                    -0.2665998935699463,
