{
    "camera_data": {
        "camera_look_at": {
            "at": [
                1.0,
                0.0,
                0.0
            ],
            "eye": [
                0.0,
                0.0,
                0.0
            ],
            "up": [
                0.0,
                0.0,
                1.0
            ]
        },
        "camera_view_matrix": [
            [
                0.0,
                0.0,
                -1.0,
                0.0
            ],
            [
                -1.0,
                0.0,
                0.0,
                0.0
            ],
            [
                0.0,
                1.0,
                0.0,
                0.0
            ],
            [
                0.0,
                0.0,
                0.0,
                1.0
            ]
        ],
        "height": 500,
        "intrinsics": {
            "cx": 250.0,
            "cy": 250.0,
            "fx": 603.5535278320312,
            "fy": 603.5535278320312
        },
        "location_world": [
            0.0,
            0.0,
            0.0
        ],
        "quaternion_world_xyzw": [
            0.5,
            -0.5,
            -0.5,
            0.5
        ],
        "width": 500
    },
    "objects": [
        {
            "bounding_box_minx_maxx_miny_maxy": [
                -1,
                -1,
                -1,
                -1
            ],
            "class": "2",
            "local_cuboid": null,
            "local_to_world_matrix": [
                [
                    0.7248439788818359,
                    0.06579306721687317,
                    -0.6857641935348511,
                    0.0
                ],
                [
                    -0.6480625867843628,
                    -0.2725609540939331,
                    -0.7111436128616333,
                    0.0
                ],
                [
                    -0.23370090126991272,
                    0.9598863124847412,
                    -0.15492618083953857,
                    0.0
                ],
                [
                    0.25605344772338867,
                    0.0020577399991452694,
                    0.347372829914093,
                    1.0
                ]
            ],
            "location": [
                -0.0020577399991452694,
                0.347372829914093,
                -0.25605344772338867
            ],
            "location_world": [
                0.25605344772338867,
                0.0020577399991452694,
                0.347372829914093
            ],
            "name": "google_2_of_Jenga_Classic_Game_0",
            "projected_cuboid": [
                [
                    -484.30120944976807,
                    -505.54633140563965
                ],
                [
                    -623.3892440795898,
                    -532.5396060943604
                ],
                [
                    266.0565376281738,
                    -431.0745596885681
                ],
                [
                    218.72130036354065,
                    -427.78223752975464
                ],
                [
                    -692.5660967826843,
                    -912.1227264404297
                ],
                [
                    -978.4135818481445,
                    -1119.5677518844604
                ],
                [
                    286.2989604473114,
                    -788.8554334640503
                ],
                [
                    223.99552166461945,
                    -707.9961895942688
                ],
                [
                    -136.88233494758606,
                    -633.2739591598511
                ]
            ],
            "provenance": "nvisii",
            "quaternion_xyzw": [
                -0.5940642952919006,
                0.17388823628425598,
                0.7089847326278687,
                -0.3379216492176056
            ],
            "quaternion_xyzw_world": [
                -0.7335412502288818,
                0.19844470918178558,
                0.3133651614189148,
                0.5695078372955322
            ],
            "segmentation_id": 1,
            "visibility": -1
        },
        {
            "bounding_box_minx_maxx_miny_maxy": [
                -1,
                -1,
                -1,
                -1
            ],
            "class": "2",
            "local_cuboid": null,
            "local_to_world_matrix": [
                [
                    0.7353194355964661,
                    -0.6615297794342041,
                    0.14725357294082642,
                    0.0
                ],
                [
                    -0.6107109785079956,
                    -0.552581787109375,
                    0.5671731233596802,
                    0.0
                ],
                [
                    -0.29383230209350586,
                    -0.5069828033447266,
                    -0.8103276491165161,
                    0.0
                ],
                [
                    1.5655380487442017,
                    0.19368085265159607,
                    -0.34985271096229553,
                    1.0
                ]
            ],
            "location": [
                -0.19368085265159607,
                -0.34985271096229553,
                -1.5655380487442017
            ],
            "location_world": [
                1.5655380487442017,
                0.19368085265159607,
                -0.34985271096229553
            ],
            "name": "google_2_of_Jenga_Classic_Game_1",
            "projected_cuboid": [
                [
                    233.1426739692688,
                    487.8450632095337
                ],
                [
                    251.54665112495422,
                    476.6242504119873
                ],
                [
                    194.4875717163086,
                    373.16128611564636
                ],
                [
                    178.87437343597412,
                    387.08049058914185
                ],
                [
                    211.14806830883026,
                    501.9378066062927
                ],
                [
                    229.5052707195282,
                    490.770161151886
                ],
                [
                    171.50753736495972,
                    382.53098726272583
                ],
                [
                    156.07312321662903,
                    396.6577649116516
                ],
                [
                    202.56547629833221,
                    435.5986714363098
                ]
            ],
            "provenance": "nvisii",
            "quaternion_xyzw": [
                0.4473601281642914,
                0.3910917341709137,
                -0.1276022493839264,
                0.7941245436668396
            ],
            "quaternion_xyzw_world": [
                0.8800893425941467,
                -0.36139535903930664,
                -0.04163745418190956,
                0.30512696504592896
            ],
            "segmentation_id": 2,
            "visibility": -1
        },
        {
            "bounding_box_minx_maxx_miny_maxy": [
                -1,
                -1,
                -1,
                -1
            ],
            "class": "2",
            "local_cuboid": null,
            "local_to_world_matrix": [
                [
                    -0.2019190788269043,
                    -0.9711681604385376,
                    0.12673357129096985,
                    0.0
                ],
                [
                    0.6841068267822266,
                    -0.04725360870361328,
                    0.7278497219085693,
                    0.0
                ],
                [
                    -0.7008757591247559,
                    0.23366592824459076,
                    0.673923909664154,
                    0.0
                ],
                [
                    1.5422449111938477,
                    0.6614976525306702,
                    -0.6816457509994507,
                    1.0
                ]
            ],
            "location": [
                -0.6614976525306702,
                -0.6816457509994507,
                -1.5422449111938477
            ],
            "location_world": [
                1.5422449111938477,
                0.6614976525306702,
                -0.6816457509994507
            ],
            "name": "google_2_of_Jenga_Classic_Game_2",
            "projected_cuboid": [
                [
                    -71.79251313209534,
                    486.91457509994507
                ],
                [
                    -56.33598566055298,
                    449.5339095592499
                ],
                [
                    10.1383775472641,
                    499.4085431098938
                ],
                [
                    -0.6653964519500732,
                    533.6194038391113
                ],
                [
                    -103.02037000656128,
                    488.63136768341064
                ],
                [
                    -86.43049001693726,
                    451.61181688308716
                ],
                [
                    -16.72494411468506,
                    500.71394443511963
                ],
                [
                    -28.435558080673218,
                    534.616231918335
                ],
                [
                    -41.59671068191528,
                    494.48132514953613
                ]
            ],
            "provenance": "nvisii",
            "quaternion_xyzw": [
                -0.36825352907180786,
                -0.11811637878417969,
                0.021552391350269318,
                0.92194002866745
            ],
            "quaternion_xyzw_world": [
                0.20700885355472565,
                -0.34667763113975525,
                -0.6933788061141968,
                0.5968148112297058
            ],
            "segmentation_id": 3,
            "visibility": -1
        },
        {
            "bounding_box_minx_maxx_miny_maxy": [
                -1,
                -1,
                -1,
                -1
            ],
            "class": "2",
            "local_cuboid": null,
            "local_to_world_matrix": [
                [
                    -0.519395112991333,
                    0.16699016094207764,
                    -0.8380590677261353,
                    0.0
                ],
                [
                    -0.8544186353683472,
                    -0.11761748790740967,
                    0.5060977935791016,
                    0.0
                ],
                [
                    -0.014057010412216187,
                    0.9789179563522339,
                    0.20376944541931152,
                    0.0
                ],
                [
                    1.9002765417099,
                    -0.4463047683238983,
                    -0.31741711497306824,
                    1.0
                ]
            ],
            "location": [
                0.4463047683238983,
                -0.31741711497306824,
                -1.9002765417099
            ],
            "location_world": [
                1.9002765417099,
                -0.4463047683238983,
                -0.31741711497306824
            ],
            "name": "google_2_of_Jenga_Classic_Game_3",
            "projected_cuboid": [
                [
                    296.97924852371216,
                    348.5991954803467
                ],
                [
                    302.0799160003662,
                    338.445782661438
                ],
                [
                    395.566463470459,
                    357.7329218387604
                ],
                [
                    386.9563639163971,
                    367.1382665634155
                ],
                [
                    300.0651001930237,
                    326.096773147583
                ],
                [
                    305.17300963401794,
                    315.3013288974762
                ],
                [
                    396.6204524040222,
                    334.2195749282837
                ],
                [
                    388.15176486968994,
                    344.2949056625366
                ],
                [
                    346.44466638565063,
                    341.46061539649963
                ]
            ],
            "provenance": "nvisii",
            "quaternion_xyzw": [
                -0.2796672284603119,
                0.6440168619155884,
                0.4107764959335327,
                -0.5816280245780945
            ],
            "quaternion_xyzw_world": [
                -0.31402745842933655,
                0.5472677946090698,
                0.678377091884613,
                0.37641629576683044
            ],
            "segmentation_id": 4,
            "visibility": -1
        },
        {
            "bounding_box_minx_maxx_miny_maxy": [
                -1,
                -1,
                -1,
                -1
            ],
            "class": "2",
            "local_cuboid": null,
            "local_to_world_matrix": [
                [
                    0.004484593868255615,
                    0.20263417065143585,
                    -0.9792443513870239,
                    0.0
                ],
                [
                    -0.0940229743719101,
                    -0.9748306274414062,
                    -0.20215144753456116,
                    0.0
                ],
                [
                    -0.9955600500106812,
                    0.09297803789377213,
                    0.01468038558959961,
                    0.0
                ],
                [
                    1.97524893283844,
                    0.3393600285053253,
                    0.780512809753418,
                    1.0
                ]
            ],
            "location": [
                -0.3393600285053253,
                0.780512809753418,
                -1.97524893283844
            ],
            "location_world": [
                1.97524893283844,
                0.3393600285053253,
                0.780512809753418
            ],
            "name": "google_2_of_Jenga_Classic_Game_4",
            "projected_cuboid": [
                [
                    101.41800343990326,
                    -19.764989614486694
                ],
                [
                    130.27609884738922,
                    -14.909446239471436
                ],
                [
                    156.25056624412537,
                    25.478988885879517
                ],
                [
                    131.52799010276794,
                    21.17481827735901
                ],
                [
                    107.10164904594421,
                    -47.43856191635132
                ],
                [
                    135.99267601966858,
                    -42.71271824836731
                ],
                [
                    161.128431558609,
                    1.7848312854766846
                ],
                [
                    136.3818347454071,
                    -2.4251043796539307
                ],
                [
                    133.5778683423996,
                    -8.158355951309204
                ]
            ],
            "provenance": "nvisii",
            "quaternion_xyzw": [
                -0.0314536914229393,
                0.03508135676383972,
                0.7746524810791016,
                -0.6306295394897461
            ],
            "quaternion_xyzw_world": [
                -0.7008271813392639,
                -0.03874393180012703,
                0.7044548392295837,
                0.10527897626161575
            ],
            "segmentation_id": 5,
            "visibility": -1
        },
        {
            "bounding_box_minx_maxx_miny_maxy": [
                -1,
                -1,
                -1,
                -1
            ],
            "class": "2",
            "local_cuboid": null,
            "local_to_world_matrix": [
                [
                    0.32170653343200684,
                    0.6616128087043762,
                    -0.6773281097412109,
                    0.0
                ],
                [
                    -0.280495285987854,
                    0.7498404383659363,
                    0.5992175340652466,
                    0.0
                ],
                [
                    0.904338002204895,
                    -0.0027848780155181885,
                    0.42680782079696655,
                    0.0
                ],
                [
                    1.3500083684921265,
                    0.6093736886978149,
                    0.2957600951194763,
                    1.0
                ]
            ],
            "location": [
                -0.6093736886978149,
                0.2957600951194763,
                -1.3500083684921265
            ],
            "location_world": [
                1.3500083684921265,
                0.6093736886978149,
                0.2957600951194763
            ],
            "name": "google_2_of_Jenga_Classic_Game_5",
            "projected_cuboid": [
                [
                    27.921855449676514,
                    114.31019008159637
                ],
                [
                    1.0033100843429565,
                    93.41156482696533
                ],
                [
                    -48.05046319961548,
                    118.49275231361389
                ],
                [
                    -15.113532543182373,
                    142.97541975975037
                ],
                [
                    43.9540296792984,
                    92.1863317489624
                ],
                [
                    16.844600439071655,
                    70.624440908432
                ],
                [
                    -29.991328716278076,
                    91.64458513259888
                ],
                [
                    3.2480955123901367,
                    117.05909669399261
                ],
                [
                    2.0250678062438965,
                    104.17492687702179
                ]
            ],
            "provenance": "nvisii",
            "quaternion_xyzw": [
                -0.4010946452617645,
                0.8895459771156311,
                0.1987820863723755,
                0.09119579195976257
            ],
            "quaternion_xyzw_world": [
                0.1904325634241104,
                0.5003314018249512,
                0.29801881313323975,
                0.7903092503547668
            ],
            "segmentation_id": 6,
            "visibility": -1
        },
        {
            "bounding_box_minx_maxx_miny_maxy": [
                -1,
                -1,
                -1,
                -1
            ],
            "class": "2",
            "local_cuboid": null,
            "local_to_world_matrix": [
                [
                    -0.9246267080307007,
                    -0.25188523530960083,
                    0.2856910228729248,
                    0.0
                ],
                [
                    0.36853551864624023,
                    -0.7810570001602173,
                    0.5041146278381348,
                    0.0
                ],
                [
                    0.09616193920373917,
                    0.5714050531387329,
                    0.8150147795677185,
                    0.0
                ],
                [
                    1.9235212802886963,
                    -0.03475368767976761,
                    -0.17595773935317993,
                    1.0
                ]
            ],
            "location": [
                0.03475368767976761,
                -0.17595773935317993,
                -1.9235212802886963
            ],
            "location_world": [
                1.9235212802886963,
                -0.03475368767976761,
                -0.17595773935317993
            ],
            "name": "google_2_of_Jenga_Classic_Game_6",
            "projected_cuboid": [
                [
                    200.68061351776123,
                    233.45546424388885
                ],
                [
                    222.09230065345764,
                    220.41550278663635
                ],
                [
                    274.62679147720337,
                    295.49819231033325
                ],
                [
                    253.76728177070618,
                    309.9822998046875
                ],
                [
                    196.42440974712372,
                    240.96322059631348
                ],
                [
                    217.12271869182587,
                    228.28136384487152
                ],
                [
                    267.6468789577484,
                    300.7037043571472
                ],
                [
                    247.45815992355347,
                    314.727783203125
                ],
                [
                    234.8202019929886,
                    267.7387595176697
                ]
            ],
            "provenance": "nvisii",
            "quaternion_xyzw": [
                0.4593290090560913,
                0.5806012749671936,
                0.1922486573457718,
                -0.6441735029220581
            ],
            "quaternion_xyzw_world": [
                0.10175406187772751,
                0.2865985333919525,
                0.9381762146949768,
                -0.1653262823820114
            ],
            "segmentation_id": 7,
            "visibility": -1
        },
        {
            "bounding_box_minx_maxx_miny_maxy": [
                -1,
                -1,
                -1,
                -1
            ],
            "class": "2",
            "local_cuboid": null,
            "local_to_world_matrix": [
                [
                    -0.2399742603302002,
                    -0.9602918028831482,
                    -0.14231030642986298,
                    0.0
                ],
                [
                    0.9458246827125549,
                    -0.2643042802810669,
                    0.18857133388519287,
                    0.0
                ],
                [
                    -0.2186966985464096,
                    -0.08934833854436874,
                    0.9716936945915222,
                    0.0
                ],
                [
                    1.903899073600769,
                    0.8085293769836426,
                    0.07299654930830002,
                    1.0
                ]
            ],
            "location": [
                -0.8085293769836426,
                0.07299654930830002,
                -1.903899073600769
            ],
            "location_world": [
                1.903899073600769,
                0.8085293769836426,
                0.07299654930830002
            ],
            "name": "google_2_of_Jenga_Classic_Game_7",
            "projected_cuboid": [
                [
                    -4.736214876174927,
                    134.30100679397583
                ],
                [
                    13.341590762138367,
                    134.1031789779663
                ],
                [
                    13.01392912864685,
                    226.49139165878296
                ],
                [
                    -4.455327987670898,
                    230.66112399101257
                ],
                [
                    -27.33859419822693,
                    131.7669153213501
                ],
                [
                    -8.48647952079773,
                    131.67820870876312
                ],
                [
                    -8.097141981124878,
                    223.25031459331512
                ],
                [
                    -26.289790868759155,
                    227.239727973938
                ],
                [
                    -6.4897239208221436,
                    180.7081401348114
                ]
            ],
            "provenance": "nvisii",
            "quaternion_xyzw": [
                -0.6231018900871277,
                -0.04894620180130005,
                -0.13213028013706207,
                0.7693438529968262
            ],
            "quaternion_xyzw_world": [
                0.11471303552389145,
                -0.03152894973754883,
                -0.7867611050605774,
                0.6056846380233765
            ],
            "segmentation_id": 8,
            "visibility": -1
        },
        {
            "bounding_box_minx_maxx_miny_maxy": [
                -1,
                -1,
                -1,
                -1
            ],
            "class": "2",
            "local_cuboid": null,
            "local_to_world_matrix": [
                [
                    0.5756856203079224,
                    -0.0208817720413208,
                    -0.817404568195343,
                    0.0
                ],
                [
                    0.5214856266975403,
                    -0.760600209236145,
                    0.3867051601409912,
                    0.0
                ],
                [
                    -0.6297928690910339,
                    -0.6488852500915527,
                    -0.42697715759277344,
                    0.0
                ],
                [
                    0.7844667434692383,
                    -0.16769050061702728,
                    -0.4363734722137451,
                    1.0
                ]
            ],
            "location": [
                0.16769050061702728,
                -0.4363734722137451,
                -0.7844667434692383
            ],
            "location_world": [
                0.7844667434692383,
                -0.16769050061702728,
                -0.4363734722137451
            ],
            "name": "google_2_of_Jenga_Classic_Game_8",
            "projected_cuboid": [
                [
                    577.2104859352112,
                    862.0789051055908
                ],
                [
                    614.9572730064392,
                    789.7611260414124
                ],
                [
                    396.01975679397583,
                    579.2231559753418
                ],
                [
                    354.83837127685547,
                    622.7884292602539
                ],
                [
                    602.1599769592285,
                    842.0670032501221
                ],
                [
                    640.9332752227783,
                    765.7426595687866
                ],
                [
                    403.2122492790222,
                    548.6426949501038
                ],
                [
                    359.93075370788574,
                    593.0622816085815
                ],
                [
                    478.7418246269226,
                    684.6998333930969
                ]
            ],
            "provenance": "nvisii",
            "quaternion_xyzw": [
                -0.03310590982437134,
                0.42896121740341187,
                -0.5527671575546265,
                0.7136841416358948
            ],
            "quaternion_xyzw_world": [
                0.8311532735824585,
                0.15057507157325745,
                -0.43529799580574036,
                0.31149202585220337
            ],
            "segmentation_id": 9,
            "visibility": -1
        },
        {
            "bounding_box_minx_maxx_miny_maxy": [
                -1,
                -1,
                -1,
                -1
            ],
            "class": "2",
            "local_cuboid": null,
            "local_to_world_matrix": [
                [
                    -0.9044772386550903,
                    0.41010358929634094,
                    -0.11720053851604462,
                    0.0
                ],
                [
                    -0.028384149074554443,
                    0.21629875898361206,
                    0.975914478302002,
                    0.0
                ],
                [
                    0.425576388835907,
                    0.8860191106796265,
                    -0.18399691581726074,
                    0.0
                ],
                [
                    0.5366753935813904,
                    -0.3771877884864807,
                    0.5454367995262146,
                    1.0
                ]
            ],
            "location": [
                0.3771877884864807,
                0.5454367995262146,
                -0.5366753935813904
            ],
            "location_world": [
                0.5366753935813904,
                -0.3771877884864807,
                0.5454367995262146
            ],
            "name": "google_2_of_Jenga_Classic_Game_9",
            "projected_cuboid": [
                [
                    357.2695851325989,
                    -179.48824167251587
                ],
                [
                    340.0198221206665,
                    -260.824978351593
                ],
                [
                    674.9252080917358,
                    -452.7711272239685
                ],
                [
                    694.8463916778564,
                    -350.385844707489
                ],
                [
                    374.28146600723267,
                    -143.57313513755798
                ],
                [
                    358.8600158691406,
                    -216.44148230552673
                ],
                [
                    656.0289859771729,
                    -374.74995851516724
                ],
                [
                    673.5509634017944,
                    -285.4272723197937
                ],
                [
                    499.74527955055237,
                    -272.60667085647583
                ]
            ],
            "provenance": "nvisii",
            "quaternion_xyzw": [
                -0.09944629669189453,
                0.8383904695510864,
                -0.046402230858802795,
                -0.5339088439941406
            ],
            "quaternion_xyzw_world": [
                0.12571880221366882,
                0.7590739130973816,
                0.6132254004478455,
                0.17876286804676056
            ],
            "segmentation_id": 10,
            "visibility": -1
        },
        {
            "bounding_box_minx_maxx_miny_maxy": [
                -1,
                -1,
                -1,
                -1
            ],
            "class": "2",
            "local_cuboid": null,
            "local_to_world_matrix": [
                [
                    -0.11513721942901611,
                    0.14709821343421936,
                    0.9823978543281555,
                    0.0
                ],
                [
                    -0.9543215036392212,
                    0.25811219215393066,
                    -0.15049472451210022,
                    0.0
                ],
                [
                    -0.27570635080337524,
                    -0.9548509120941162,
                    0.11066067218780518,
                    0.0
                ],
                [
                    1.7297098636627197,
                    -0.4359395205974579,
                    -0.7460812330245972,
                    1.0
                ]
            ],
            "location": [
                0.4359395205974579,
                -0.7460812330245972,
                -1.7297098636627197
            ],
            "location_world": [
                1.7297098636627197,
                -0.4359395205974579,
                -0.7460812330245972
            ],
            "name": "google_2_of_Jenga_Classic_Game_10",
            "projected_cuboid": [
                [
                    507.8895092010498,
                    489.51756954193115
                ],
                [
                    512.6433372497559,
                    506.3279867172241
                ],
                [
                    400.1811742782593,
                    505.65505027770996
                ],
                [
                    400.77728033065796,
                    489.6421432495117
                ],
                [
                    510.64109802246094,
                    515.844464302063
                ],
                [
                    515.5056118965149,
                    533.8751673698425
                ],
                [
                    403.5103917121887,
                    531.8962335586548
                ],
                [
                    403.9522409439087,
                    514.7737264633179
                ],
                [
                    455.5603861808777,
                    510.7635259628296
                ]
            ],
            "provenance": "nvisii",
            "quaternion_xyzw": [
                0.4265238046646118,
                0.4245283007621765,
                0.6271560788154602,
                0.49449804425239563
            ],
            "quaternion_xyzw_world": [
                0.3591970205307007,
                -0.5618248581886292,
                0.49185508489608765,
                0.5598293542861938
            ],
            "segmentation_id": 11,
            "visibility": -1
        },
        {
            "bounding_box_minx_maxx_miny_maxy": [
                -1,
                -1,
                -1,
                -1
            ],
            "class": "2",
            "local_cuboid": null,
            "local_to_world_matrix": [
                [
                    -0.3520716428756714,
                    -0.8978452086448669,
                    0.264423131942749,
                    0.0
                ],
                [
                    -0.7133265137672424,
                    0.44029855728149414,
                    0.5452544689178467,
                    0.0
                ],
                [
                    -0.6059792637825012,
                    0.003348618745803833,
                    -0.7954734563827515,
                    0.0
                ],
                [
                    1.6275519132614136,
                    0.4025163948535919,
                    -0.5159004330635071,
                    1.0
                ]
            ],
            "location": [
                -0.4025163948535919,
                -0.5159004330635071,
                -1.6275519132614136
            ],
            "location_world": [
                1.6275519132614136,
                0.4025163948535919,
                -0.5159004330635071
            ],
            "name": "google_2_of_Jenga_Classic_Game_11",
            "projected_cuboid": [
                [
                    106.19185864925385,
                    563.0797147750854
                ],
                [
                    84.08084511756897,
                    556.7306280136108
                ],
                [
                    102.99934446811676,
                    433.8871240615845
                ],
                [
                    122.03623354434967,
                    444.0537095069885
                ],
                [
                    80.26178181171417,
                    565.6853914260864
                ],
                [
                    57.4900358915329,
                    559.5687627792358
                ],
                [
                    79.00342345237732,
                    438.5308027267456
                ],
                [
                    98.58866035938263,
                    448.3611583709717
                ],
                [
                    91.95925295352936,
                    497.88087606430054
                ]
            ],
            "provenance": "nvisii",
            "quaternion_xyzw": [
                -0.4320334196090698,
                0.10177189111709595,
                -0.2017917037010193,
                -0.8730806112289429
            ],
            "quaternion_xyzw_world": [
                -0.5007752180099487,
                0.804338812828064,
                0.17051368951797485,
                -0.2705335021018982
            ],
            "segmentation_id": 12,
            "visibility": -1
        },
        {
            "bounding_box_minx_maxx_miny_maxy": [
                -1,
                -1,
                -1,
                -1
            ],
            "class": "2",
            "local_cuboid": null,
            "local_to_world_matrix": [
                [
                    0.8178123831748962,
                    -0.3481901288032532,
                    -0.4581992030143738,
                    0.0
                ],
                [
                    -0.5037314295768738,
                    -0.048111796379089355,
                    -0.8625195026397705,
                    0.0
                ],
                [
                    0.2782760262489319,
                    0.9361884593963623,
                    -0.21474075317382812,
                    0.0
                ],
                [
                    1.7261316776275635,
                    -0.05823010578751564,
                    -0.7098310589790344,
                    1.0
                ]
            ],
            "location": [
                0.05823010578751564,
                -0.7098310589790344,
                -1.7261316776275635
            ],
            "location_world": [
                1.7261316776275635,
                -0.05823010578751564,
                -0.7098310589790344
            ],
            "name": "google_2_of_Jenga_Classic_Game_12",
            "projected_cuboid": [
                [
                    183.98764729499817,
                    494.60020661354065
                ],
                [
                    183.79195034503937,
                    524.4946479797363
                ],
                [
                    275.70563554763794,
                    515.5453681945801
                ],
                [
                    273.71352910995483,
                    484.49939489364624
                ],
                [
                    172.38852381706238,
                    491.24041199684143
                ],
                [
                    171.9043105840683,
                    522.1530199050903
                ],
                [
                    266.78556203842163,
                    512.744665145874
                ],
                [
                    264.93972539901733,
                    480.60038685798645
                ],
                [
                    223.1801301240921,
                    503.1888484954834
                ]
            ],
            "provenance": "nvisii",
            "quaternion_xyzw": [
                -0.7888259291648865,
                0.12996764481067657,
                0.5558897256851196,
                -0.22770299017429352
            ],
            "quaternion_xyzw_world": [
                -0.7212255001068115,
                0.29530346393585205,
                0.06236718222498894,
                0.6234901547431946
            ],
            "segmentation_id": 13,
            "visibility": -1
        },
        {
            "bounding_box_minx_maxx_miny_maxy": [
                -1,
                -1,
                -1,
                -1
            ],
            "class": "2",
            "local_cuboid": null,
            "local_to_world_matrix": [
                [
                    0.1291375756263733,
                    -0.9904671907424927,
