{
    "camera_data": {
        "camera_look_at": {
            "at": [
                1.0,
                0.0,
                0.0
            ],
            "eye": [
                0.0,
                0.0,
                0.0
            ],
            "up": [
                0.0,
                0.0,
                1.0
            ]
        },
        "camera_view_matrix": [
            [
                0.0,
                0.0,
                -1.0,
                0.0
            ],
            [
                -1.0,
                0.0,
                0.0,
                0.0
            ],
            [
                0.0,
                1.0,
                0.0,
                0.0
            ],
            [
                0.0,
                0.0,
                0.0,
                1.0
            ]
        ],
        "height": 500,
        "intrinsics": {
            "cx": 250.0,
            "cy": 250.0,
            "fx": 603.5535278320312,
            "fy": 603.5535278320312
        },
        "location_world": [
            0.0,
            0.0,
            0.0
        ],
        "quaternion_world_xyzw": [
            0.5,
            -0.5,
            -0.5,
            0.5
        ],
        "width": 500
    },
    "objects": [
        {
            "bounding_box_minx_maxx_miny_maxy": [
                -1,
                -1,
                -1,
                -1
            ],
            "class": "Cube",
            "local_cuboid": null,
            "local_to_world_matrix": [
                [
                    -0.10993754863739014,
                    0.11994269490242004,
                    0.9866749048233032,
                    0.0
                ],
                [
                    -0.026244204491376877,
                    -0.9926962852478027,
                    0.11775048077106476,
                    0.0
                ],
                [
                    0.9935919046401978,
                    -0.012949299067258835,
                    0.112282395362854,
                    0.0
                ],
                [
                    4.704796314239502,
                    -5.035773754119873,
                    -6.466015338897705,
                    1.0
                ]
            ],
            "location": [
                5.035773754119873,
                -6.466015338897705,
                -4.704796314239502
            ],
            "location_world": [
                4.704796314239502,
                -5.035773754119873,
                -6.466015338897705
            ],
            "name": "google_Cube_0",
            "projected_cuboid": [
                [
                    223.17248582839966,
                    -345.2204465866089
                ],
                [
                    1515.3590440750122,
                    -532.4056148529053
                ],
                [
                    -839.9814367294312,
                    805.32306432724
                ],
                [
                    291.53725504875183,
                    693.2804584503174
                ],
                [
                    348.88678789138794,
                    757.6378583908081
                ],
                [
                    1398.934006690979,
                    656.8698287010193
                ],
                [
                    -1297.0738410949707,
                    -465.5933976173401
                ],
                [
                    119.51710283756256,
                    -693.4704184532166
                ],
                [
                    9510.64395904541,
                    390.1607394218445
                ]
            ],
            "provenance": "nvisii",
            "quaternion_xyzw": [
                0.6625516414642334,
                0.7468743324279785,
                0.04636877775192261,
                -0.032464683055877686
            ],
            "quaternion_xyzw_world": [
                0.6652962565422058,
                0.03520931303501129,
                0.7441297173500061,
                0.049113377928733826
            ],
            "segmentation_id": 1,
            "visibility": -1
        },
        {
            "bounding_box_minx_maxx_miny_maxy": [
                -1,
                -1,
                -1,
                -1
            ],
            "class": "Cube",
            "local_cuboid": null,
            "local_to_world_matrix": [
                [
                    0.01498723030090332,
                    0.9989571571350098,
                    0.0431269109249115,
                    0.0
                ],
                [
                    -0.08948907256126404,
                    -0.04161858558654785,
                    0.9951179027557373,
                    0.0
                ],
                [
                    0.9958750009536743,
                    -0.018773436546325684,
                    0.0887719988822937,
                    0.0
                ],
                [
                    17.63250732421875,
                    1.934456706047058,
                    -9.064352035522461,
                    1.0
                ]
            ],
            "location": [
                -1.934456706047058,
                -9.064352035522461,
                -17.63250732421875
            ],
            "location_world": [
                17.63250732421875,
                1.934456706047058,
                -9.064352035522461
            ],
            "name": "google_Cube_1",
            "projected_cuboid": [
                [
                    -200.5820870399475,
                    288.28540444374084
                ],
                [
                    -226.17894411087036,
                    -717.1623110771179
                ],
                [
                    981.8561673164368,
                    1545.904040336609
                ],
                [
                    1271.8698978424072,
                    -5.229741334915161
                ],
                [
                    691.2930607795715,
                    328.08393239974976
                ],
                [
                    802.8900027275085,
                    -697.2398161888123
                ],
                [
                    -490.6008243560791,
                    1436.8860721588135
                ],
                [
                    -616.2974834442139,
                    -73.04379343986511
                ],
                [
                    253.09965014457703,
                    -1508.4917545318604
                ]
            ],
            "provenance": "nvisii",
            "quaternion_xyzw": [
                0.021213054656982422,
                0.9987429976463318,
                0.04462133347988129,
                0.008450806140899658
            ],
            "quaternion_xyzw_world": [
                0.4918927252292633,
                0.4622288942337036,
                0.5280632972717285,
                0.5153010487556458
            ],
            "segmentation_id": 2,
            "visibility": -1
        },
        {
            "bounding_box_minx_maxx_miny_maxy": [
                -1,
                -1,
                -1,
                -1
            ],
            "class": "Cube",
            "local_cuboid": null,
            "local_to_world_matrix": [
                [
                    0.0431821346282959,
                    0.9986763000488281,
                    0.027950674295425415,
                    0.0
                ],
                [
                    -0.13734158873558044,
                    -0.02177739143371582,
                    0.9902844429016113,
                    0.0
                ],
                [
                    0.9895821809768677,
                    -0.04660150408744812,
                    0.13621920347213745,
                    0.0
                ],
                [
                    -25.62749481201172,
                    4.155551910400391,
                    -10.342572212219238,
                    1.0
                ]
            ],
            "location": [
                -4.155551910400391,
                -10.342572212219238,
                25.62749481201172
            ],
            "location_world": [
                -25.62749481201172,
                4.155551910400391,
                -10.342572212219238
            ],
            "name": "google_Cube_2",
            "projected_cuboid": [
                [
                    -940.1874542236328,
                    341.69623255729675
                ],
                [
                    -2139.4712924957275,
                    -4326.352596282959
                ],
                [
                    629.0888786315918,
                    818.5759782791138
                ],
                [
                    718.7966704368591,
                    103.75873744487762
                ],
                [
                    1571.6995000839233,
                    436.5900754928589
                ],
                [
                    3941.1306381225586,
                    -6526.350021362305
                ],
                [
                    -53.19923162460327,
                    772.9281187057495
                ],
                [
                    -90.20605683326721,
                    90.0530219078064
                ],
                [
                    308.18015336990356,
                    948.621928691864
                ]
            ],
            "provenance": "nvisii",
            "quaternion_xyzw": [
                0.0124654620885849,
                0.9973143339157104,
                0.06857436895370483,
                0.022506386041641235
            ],
            "quaternion_xyzw_world": [
                0.4818558692932129,
                0.44688400626182556,
                0.5279238820075989,
                0.5379648208618164
            ],
            "segmentation_id": 3,
            "visibility": -1
        },
        {
            "bounding_box_minx_maxx_miny_maxy": [
                -1,
                -1,
                -1,
                -1
            ],
            "class": "2",
            "local_cuboid": null,
            "local_to_world_matrix": [
                [
                    -0.8667371273040771,
                    -0.44352394342422485,
                    -0.2281516045331955,
                    0.0
                ],
                [
                    -0.28869229555130005,
                    0.07309764623641968,
                    0.9546273946762085,
                    0.0
                ],
                [
                    -0.4067227244377136,
                    0.8932766914367676,
                    -0.19139838218688965,
                    0.0
                ],
                [
                    11.720847129821777,
                    1.8474888801574707,
                    -14.369671821594238,
                    1.0
                ]
            ],
            "location": [
                -1.8474888801574707,
                -14.369671821594238,
                -11.720847129821777
            ],
            "location_world": [
                11.720847129821777,
                1.8474888801574707,
                -14.369671821594238
            ],
            "name": "google_2_of_Jenga_Classic_Game_3",
            "projected_cuboid": [
                [
                    141.18167757987976,
                    1004.4325590133667
                ],
                [
                    140.62973856925964,
                    1001.8138885498047
                ],
                [
                    155.23210167884827,
                    991.2729263305664
                ],
                [
                    155.74800968170166,
                    993.8868284225464
                ],
                [
                    140.00752568244934,
                    999.0715980529785
                ],
                [
                    139.4563913345337,
                    996.4572191238403
                ],
                [
                    153.9856195449829,
                    986.031711101532
                ],
                [
                    154.5010805130005,
                    988.6413812637329
                ],
                [
                    147.6283222436905,
                    995.1680302619934
                ]
            ],
            "provenance": "nvisii",
            "quaternion_xyzw": [
                -0.14332982897758484,
                0.5254476070404053,
                0.04629097878932953,
                -0.8373879194259644
            ],
            "quaternion_xyzw_world": [
                -0.25078055262565613,
                0.7299371957778931,
                0.6328983306884766,
                -0.061159759759902954
            ],
            "segmentation_id": 4,
            "visibility": -1
        },
        {
            "bounding_box_minx_maxx_miny_maxy": [
                -1,
                -1,
                -1,
                -1
            ],
            "class": "Cube",
            "local_cuboid": null,
            "local_to_world_matrix": [
                [
                    0.01875513792037964,
                    -0.006448306608945131,
                    -0.9998033046722412,
                    0.0
                ],
                [
                    -0.012925997376441956,
                    0.9998940825462341,
                    -0.006691368762403727,
                    0.0
                ],
                [
                    0.999740481376648,
                    0.01304895244538784,
                    0.018669843673706055,
                    0.0
                ],
                [
                    14.517645835876465,
                    11.918757438659668,
                    -28.3533935546875,
                    1.0
                ]
            ],
            "location": [
                -11.918757438659668,
                -28.3533935546875,
                -14.517645835876465
            ],
            "location_world": [
                14.517645835876465,
                11.918757438659668,
                -28.3533935546875
            ],
            "name": "google_Cube_4",
            "projected_cuboid": [
                [
                    154.3596237897873,
                    963.5470509529114
                ],
                [
                    -787.9613637924194,
                    984.2123985290527
                ],
                [
                    2088.6218547821045,
                    -1097.6046323776245
                ],
                [
                    408.62351655960083,
                    -1136.3804340362549
                ],
                [
                    145.4186886548996,
                    35.66305339336395
                ],
                [
                    -825.456976890564,
                    37.69855201244354
                ],
                [
                    2007.4238777160645,
                    571.143627166748
                ],
                [
                    411.14360094070435,
                    593.6534404754639
                ],
                [
                    -2357.7747344970703,
                    1495.5146312713623
                ]
            ],
            "provenance": "nvisii",
            "quaternion_xyzw": [
                -0.709380030632019,
                0.7047341465950012,
                0.011208418756723404,
                0.002024239394813776
            ],
            "quaternion_xyzw_world": [
                -0.006915039848536253,
                0.7004407644271851,
                0.002269136719405651,
                0.7136734127998352
            ],
            "segmentation_id": 5,
            "visibility": -1
        },
        {
            "bounding_box_minx_maxx_miny_maxy": [
                -1,
                -1,
                -1,
                -1
            ],
            "class": "2",
            "local_cuboid": null,
            "local_to_world_matrix": [
                [
                    -0.858992338180542,
                    -0.3793836534023285,
                    -0.3438025414943695,
                    0.0
                ],
                [
                    -0.27692052721977234,
                    -0.22053253650665283,
                    0.9352434873580933,
                    0.0
                ],
                [
                    -0.4306357800960541,
                    0.8985729217529297,
                    0.08437669277191162,
                    0.0
                ],
                [
                    9.92009162902832,
                    2.4288554191589355,
                    -16.417076110839844,
                    1.0
                ]
            ],
            "location": [
                -2.4288554191589355,
                -16.417076110839844,
                -9.92009162902832
            ],
            "location_world": [
                9.92009162902832,
                2.4288554191589355,
                -16.417076110839844
            ],
            "name": "google_2_of_Jenga_Classic_Game_5",
            "projected_cuboid": [
                [
                    84.12458002567291,
                    1265.7182216644287
                ],
                [
                    84.87960696220398,
                    1263.2652521133423
                ],
                [
                    103.02579402923584,
                    1251.8640756607056
                ],
                [
                    102.2375226020813,
                    1254.3127536773682
                ],
                [
                    83.43115448951721,
                    1257.059931755066
                ],
                [
                    84.17931199073792,
                    1254.6032667160034
                ],
                [
                    102.21070051193237,
                    1243.389368057251
                ],
                [
                    101.42970085144043,
                    1245.8412647247314
                ],
                [
                    93.24570000171661,
                    1254.4573545455933
                ]
            ],
            "provenance": "nvisii",
            "quaternion_xyzw": [
                -0.05810421705245972,
                0.5303828716278076,
                0.1703001856803894,
                -0.8284417390823364
            ],
            "quaternion_xyzw_world": [
                -0.26323163509368896,
                0.6233143210411072,
                0.7355102896690369,
                -0.03482722118496895
            ],
            "segmentation_id": 6,
            "visibility": -1
        },
        {
            "bounding_box_minx_maxx_miny_maxy": [
                -1,
                -1,
                -1,
                -1
            ],
            "class": "Cube",
            "local_cuboid": null,
            "local_to_world_matrix": [
                [
                    0.07446551322937012,
                    0.9922161102294922,
                    0.09981027245521545,
                    0.0
                ],
                [
                    -0.059444814920425415,
                    -0.09549355506896973,
                    0.9936535358428955,
                    0.0
                ],
                [
                    0.9954502582550049,
                    -0.07992616295814514,
                    0.05187118053436279,
                    0.0
                ],
                [
                    23.014631271362305,
                    4.381478786468506,
                    13.621840476989746,
                    1.0
                ]
            ],
            "location": [
                -4.381478786468506,
                13.621840476989746,
                -23.014631271362305
            ],
            "location_world": [
                23.014631271362305,
                4.381478786468506,
                13.621840476989746
            ],
            "name": "google_Cube_6",
            "projected_cuboid": [
                [
                    -145.2307105064392,
                    97.63592481613159
                ],
                [
                    -96.92519903182983,
                    -763.7149095535278
                ],
                [
                    1266.4928436279297,
                    2623.455286026001
                ],
                [
                    1781.5215587615967,
                    622.7116584777832
                ],
                [
                    677.9305934906006,
                    168.31859946250916
                ],
                [
                    809.3123435974121,
                    -787.8267765045166
                ],
                [
                    -591.0436511039734,
                    1970.868706703186
                ],
                [
                    -565.8878684043884,
                    332.9654932022095
                ],
                [
                    256.41313195228577,
                    -1590.0053977966309
                ]
            ],
            "provenance": "nvisii",
            "quaternion_xyzw": [
                0.04894036054611206,
                0.9976623058319092,
                0.027894198894500732,
                0.03868836164474487
            ],
            "quaternion_xyzw_world": [
                0.5286983847618103,
                0.44106966257095337,
                0.5179042220115662,
                0.507652223110199
            ],
            "segmentation_id": 7,
            "visibility": -1
        },
        {
            "bounding_box_minx_maxx_miny_maxy": [
                -1,
                -1,
                -1,
                -1
            ],
            "class": "Cube",
            "local_cuboid": null,
            "local_to_world_matrix": [
                [
                    0.029123425483703613,
                    0.9990004301071167,
                    0.033908843994140625,
                    0.0
                ],
                [
                    -0.04173657298088074,
                    -0.03267836570739746,
                    0.9985940456390381,
                    0.0
                ],
                [
                    0.9987040758132935,
                    -0.030497759580612183,
                    0.040743231773376465,
                    0.0
                ],
                [
                    22.61771011352539,
                    14.812695503234863,
                    -34.61033630371094,
                    1.0
                ]
            ],
            "location": [
                -14.812695503234863,
                -34.61033630371094,
                -22.61771011352539
            ],
            "location_world": [
                22.61771011352539,
                14.812695503234863,
                -34.61033630371094
            ],
            "name": "google_Cube_7",
            "projected_cuboid": [
                [
                    -265.6670808792114,
                    516.7990922927856
                ],
                [
                    -268.2402729988098,
                    -329.34391498565674
                ],
                [
                    1520.9261178970337,
                    1519.9984312057495
                ],
                [
                    1803.1550645828247,
                    -612.0194792747498
                ],
                [
                    560.370683670044,
                    556.4702749252319
                ],
                [
                    609.1412305831909,
                    -323.9808678627014
                ],
                [
                    -426.08368396759033,
                    1345.206379890442
                ],
                [
                    -455.68543672561646,
                    -595.8526730537415
                ],
                [
                    -137.74454593658447,
                    -143.80541443824768
                ]
            ],
            "provenance": "nvisii",
            "quaternion_xyzw": [
                0.01665450632572174,
                0.9995372295379639,
                0.020629465579986572,
                0.014912188053131104
            ],
            "quaternion_xyzw_world": [
                0.5052372217178345,
                0.47367051243782043,
                0.5109544992446899,
                0.5092121958732605
            ],
            "segmentation_id": 8,
            "visibility": -1
        },
        {
            "bounding_box_minx_maxx_miny_maxy": [
                -1,
                -1,
                -1,
                -1
            ],
            "class": "2",
            "local_cuboid": null,
            "local_to_world_matrix": [
                [
                    0.9715545177459717,
                    0.1509070098400116,
                    0.18250726163387299,
                    0.0
                ],
                [
                    -0.12466427683830261,
                    -0.32933545112609863,
                    0.9359471797943115,
                    0.0
                ],
                [
                    0.20134706795215607,
                    -0.9320758581161499,
                    -0.30115461349487305,
                    0.0
                ],
                [
                    16.19175910949707,
                    1.6451166868209839,
                    -21.831884384155273,
                    1.0
                ]
            ],
            "location": [
                -1.6451166868209839,
                -21.831884384155273,
                -16.19175910949707
            ],
            "location_world": [
                16.19175910949707,
                1.6451166868209839,
                -21.831884384155273
            ],
            "name": "google_2_of_Jenga_Classic_Game_8",
            "projected_cuboid": [
                [
                    198.41201603412628,
                    1063.1344318389893
                ],
                [
                    199.4093656539917,
                    1060.7309341430664
                ],
                [
                    189.09813463687897,
                    1060.3973865509033
                ],
                [
                    188.10385465621948,
                    1062.809944152832
                ],
                [
                    198.61124455928802,
                    1067.5132274627686
                ],
                [
                    199.61345195770264,
                    1065.1010274887085
                ],
                [
                    189.254030585289,
                    1064.781904220581
                ],
                [
                    188.2549226284027,
                    1067.2030448913574
                ],
                [
                    193.85364651679993,
                    1063.9543533325195
                ]
            ],
            "provenance": "nvisii",
            "quaternion_xyzw": [
                0.16918401420116425,
                0.7563400268554688,
                -0.05833691358566284,
                0.6292243599891663
            ],
            "quaternion_xyzw_world": [
                0.806542694568634,
                0.008134327828884125,
                0.11898140609264374,
                0.5790217518806458
            ],
            "segmentation_id": 9,
            "visibility": -1
        },
        {
            "bounding_box_minx_maxx_miny_maxy": [
                -1,
                -1,
                -1,
                -1
            ],
            "class": "2",
            "local_cuboid": null,
            "local_to_world_matrix": [
                [
                    0.8010950088500977,
                    -0.5176221132278442,
                    -0.3005231022834778,
                    0.0
                ],
                [
                    0.29824960231781006,
                    -0.09010148048400879,
                    0.9502257108688354,
                    0.0
                ],
                [
                    -0.5189354419708252,
                    -0.8508520126342773,
                    0.08220070600509644,
                    0.0
                ],
                [
                    10.560351371765137,
                    9.5517578125,
                    -5.453989505767822,
                    1.0
                ]
            ],
            "location": [
                -9.5517578125,
                -5.453989505767822,
                -10.560351371765137
            ],
            "location_world": [
                10.560351371765137,
                9.5517578125,
                -5.453989505767822
            ],
            "name": "google_2_of_Jenga_Classic_Game_9",
            "projected_cuboid": [
                [
                    -287.505567073822,
                    567.2942399978638
                ],
                [
                    -285.77136993408203,
                    561.8970394134521
                ],
                [
                    -292.2583222389221,
                    558.8053464889526
                ],
                [
                    -293.9831018447876,
                    564.1179084777832
                ],
                [
                    -293.1607961654663,
                    567.8483247756958
                ],
                [
                    -291.40233993530273,
                    562.4169707298279
                ],
                [
                    -297.8471517562866,
                    559.2993497848511
                ],
                [
                    -299.5957136154175,
                    564.6449327468872
                ],
                [
                    -292.70440340042114,
                    563.2750988006592
                ]
            ],
            "provenance": "nvisii",
            "quaternion_xyzw": [
                -0.11006926000118256,
                0.477929949760437,
                -0.11301283538341522,
                0.8641155958175659
            ],
            "quaternion_xyzw_world": [
                0.6724945902824402,
                -0.08155178278684616,
                -0.30463388562202454,
                0.6695510149002075
            ],
            "segmentation_id": 10,
            "visibility": -1
        },
        {
            "bounding_box_minx_maxx_miny_maxy": [
                -1,
                -1,
                -1,
                -1
            ],
            "class": "Cube",
            "local_cuboid": null,
            "local_to_world_matrix": [
                [
                    0.08411091566085815,
                    0.9938861131668091,
                    0.07152694463729858,
                    0.0
                ],
                [
                    -0.14766374230384827,
                    -0.05855679512023926,
                    0.9873028993606567,
                    0.0
                ],
                [
                    0.9854547381401062,
                    -0.09360507130622864,
                    0.1418355107307434,
                    0.0
                ],
                [
                    5.310495853424072,
                    4.07486629486084,
                    -9.100396156311035,
                    1.0
                ]
            ],
            "location": [
                -4.07486629486084,
                -9.100396156311035,
                -5.310495853424072
            ],
            "location_world": [
                5.310495853424072,
                4.07486629486084,
                -9.100396156311035
            ],
            "name": "google_Cube_10",
            "projected_cuboid": [
                [
                    -252.729594707489,
                    252.8965175151825
                ],
                [
                    -340.52544832229614,
                    -1091.2843942642212
                ],
                [
                    836.38995885849,
                    1187.5290870666504
                ],
                [
                    1145.2327966690063,
                    28.833135962486267
                ],
                [
                    848.0172753334045,
                    338.6024236679077
                ],
                [
                    1192.5528049468994,
                    -1285.3498458862305
                ],
                [
                    -199.69883561134338,
                    992.776095867157
                ],
                [
                    -264.55920934677124,
                    -22.466182708740234
                ],
                [
                    672.405481338501,
                    13160.307884216309
                ]
            ],
            "provenance": "nvisii",
            "quaternion_xyzw": [
                0.03265734016895294,
                0.9958217740058899,
                0.07267850637435913,
                0.04461544752120972
            ],
            "quaternion_xyzw_world": [
                0.5002080202102661,
                0.42293521761894226,
                0.5282710790634155,
                0.5402292013168335
            ],
            "segmentation_id": 11,
            "visibility": -1
        },
        {
            "bounding_box_minx_maxx_miny_maxy": [
                -1,
                -1,
                -1,
                -1
            ],
            "class": "Cube",
            "local_cuboid": null,
            "local_to_world_matrix": [
                [
                    0.9974637031555176,
                    -0.02139776386320591,
                    0.06788419187068939,
                    0.0
                ],
                [
                    -0.06776869297027588,
                    0.006078183650970459,
                    0.9976825714111328,
                    0.0
                ],
                [
                    -0.021760787814855576,
                    -0.9997526407241821,
                    0.00461268424987793,
                    0.0
                ],
                [
                    -36.318355560302734,
                    -5.462784290313721,
                    -25.63239860534668,
                    1.0
                ]
            ],
            "location": [
                5.462784290313721,
                -25.63239860534668,
                36.318355560302734
            ],
            "location_world": [
                -36.318355560302734,
                -5.462784290313721,
                -25.63239860534668
            ],
            "name": "google_Cube_11",
            "projected_cuboid": [
                [
                    2959.2506885528564,
                    1394.350528717041
                ],
                [
                    6052.5007247924805,
                    -7624.133110046387
                ],
                [
                    -3076.3044357299805,
                    -5445.6024169921875
                ],
                [
                    -1525.262951850891,
                    1244.6002960205078
                ],
                [
                    -126.6779899597168,
                    37.62573003768921
                ],
                [
                    -95.59562802314758,
                    694.0200328826904
                ],
                [
                    553.8455247879028,
                    701.5165090560913
                ],
                [
                    573.7600326538086,
                    28.911083936691284
                ],
                [
                    171.15825414657593,
                    591.2901759147644
                ]
            ],
            "provenance": "nvisii",
            "quaternion_xyzw": [
                0.02210446633398533,
                0.6990214586257935,
                0.02588668465614319,
                0.7142900824546814
            ],
            "quaternion_xyzw_world": [
                0.7047646641731262,
                -0.03162986785173416,
                0.016361277550458908,
                0.7085468769073486
            ],
            "segmentation_id": 12,
            "visibility": -1
        },
        {
            "bounding_box_minx_maxx_miny_maxy": [
                -1,
                -1,
                -1,
                -1
            ],
            "class": "Cube",
            "local_cuboid": null,
            "local_to_world_matrix": [
                [
                    0.9995303153991699,
                    -0.0060984110459685326,
                    0.03003215231001377,
                    0.0
                ],
                [
                    -0.030156992375850677,
                    -0.021530628204345703,
                    0.9993132948875427,
                    0.0
                ],
                [
                    -0.005447613075375557,
                    -0.9997496008872986,
                    -0.021704435348510742,
                    0.0
                ],
                [
                    28.039146423339844,
                    1.5589138269424438,
                    -8.744977951049805,
                    1.0
                ]
            ],
            "location": [
                -1.5589138269424438,
                -8.744977951049805,
                -28.039146423339844
            ],
            "location_world": [
                28.039146423339844,
                1.5589138269424438,
                -8.744977951049805
            ],
            "name": "google_Cube_12",
            "projected_cuboid": [
                [
                    627.7502775192261,
                    329.1471600532532
                ],
                [
                    660.3597402572632,
                    -474.1681218147278
                ],
                [
                    -143.63184571266174,
                    -486.32121086120605
                ],
                [
                    -145.06667852401733,
                    311.876118183136
                ],
                [
                    -1060.0059032440186,
                    -109.77807641029358
                ],
                [
                    -954.6737670898438,
                    2329.695701599121
                ],
                [
                    1469.125509262085,
                    2428.9040565490723
                ],
                [
                    1699.4059085845947,
                    -58.22485685348511
                ],
                [
                    238.13334107398987,
                    -643.1902647018433
                ]
            ],
            "provenance": "nvisii",
            "quaternion_xyzw": [
                0.01828620582818985,
                0.7049410343170166,
                0.0029976069927215576,
                0.7090238928794861
            ],
            "quaternion_xyzw_world": [
                0.7146267294883728,
                -0.01268333662301302,
                0.00860048271715641,
                0.6993381381034851
            ],
            "segmentation_id": 13,
            "visibility": -1
        },
        {
            "bounding_box_minx_maxx_miny_maxy": [
                -1,
                -1,
                -1,
                -1
            ],
            "class": "Cube",
            "local_cuboid": null,
            "local_to_world_matrix": [
                [
                    -0.01545417308807373,
                    0.9988186359405518,
                    0.046071261167526245,
                    0.0
                ],
                [
                    -0.13291645050048828,
