{
    "camera_data": {
        "camera_look_at": {
            "at": [
                1.0,
                0.0,
                0.0
            ],
            "eye": [
                0.0,
                0.0,
                0.0
            ],
            "up": [
                0.0,
                0.0,
                1.0
            ]
        },
        "camera_view_matrix": [
            [
                0.0,
                0.0,
                -1.0,
                0.0
            ],
            [
                -1.0,
                0.0,
                0.0,
                0.0
            ],
            [
                0.0,
                1.0,
                0.0,
                0.0
            ],
            [
                0.0,
                0.0,
                0.0,
                1.0
            ]
        ],
        "height": 500,
        "intrinsics": {
            "cx": 250.0,
            "cy": 250.0,
            "fx": 603.5535278320312,
            "fy": 603.5535278320312
        },
        "location_world": [
            0.0,
            0.0,
            0.0
        ],
        "quaternion_world_xyzw": [
            0.5,
            -0.5,
            -0.5,
            0.5
        ],
        "width": 500
    },
    "objects": [
        {
            "bounding_box_minx_maxx_miny_maxy": [
                -1,
                -1,
                -1,
                -1
            ],
            "class": "2",
            "local_cuboid": null,
            "local_to_world_matrix": [
                [
                    -0.0904848575592041,
                    0.9957661628723145,
                    0.016195625066757202,
                    0.0
                ],
                [
                    0.7917702198028564,
                    0.08179295063018799,
                    -0.6053179502487183,
                    0.0
                ],
                [
                    -0.6040797233581543,
                    -0.04194888472557068,
                    -0.7958190441131592,
                    0.0
                ],
                [
                    1.7143642902374268,
                    -0.4155517518520355,
                    0.4927314817905426,
                    1.0
                ]
            ],
            "location": [
                0.4155517518520355,
                0.4927314817905426,
                -1.7143642902374268
            ],
            "location_world": [
                1.7143642902374268,
                -0.4155517518520355,
                0.4927314817905426
            ],
            "name": "google_2_of_Jenga_Classic_Game_0",
            "projected_cuboid": [
                [
                    407.6365530490875,
                    134.79486107826233
                ],
                [
                    398.2553780078888,
                    159.3848317861557
                ],
                [
                    379.017174243927,
                    88.11353147029877
                ],
                [
                    386.6446912288666,
                    63.26957046985626
                ],
                [
                    438.32939863204956,
                    135.85151731967926
                ],
                [
                    427.68779397010803,
                    160.28518974781036
                ],
                [
                    405.5626392364502,
                    89.21363949775696
                ],
                [
                    414.2113924026489,
                    64.51864540576935
                ],
                [
                    406.5197706222534,
                    110.24922132492065
                ]
            ],
            "provenance": "nvisii",
            "quaternion_xyzw": [
                -0.03698652982711792,
                0.44338709115982056,
                -0.8951485753059387,
                -0.02736658602952957
            ],
            "quaternion_xyzw_world": [
                0.6370912790298462,
                0.7014443874359131,
                -0.23069070279598236,
                -0.2210707664489746
            ],
            "segmentation_id": 1,
            "visibility": -1
        },
        {
            "bounding_box_minx_maxx_miny_maxy": [
                -1,
                -1,
                -1,
                -1
            ],
            "class": "2",
            "local_cuboid": null,
            "local_to_world_matrix": [
                [
                    -0.645849347114563,
                    -0.6456448435783386,
                    -0.40745729207992554,
                    0.0
                ],
                [
                    0.556846559047699,
                    -0.7634783983230591,
                    0.32714325189590454,
                    0.0
                ],
                [
                    -0.5223031640052795,
                    -0.015605956315994263,
                    0.852617084980011,
                    0.0
                ],
                [
                    1.9574332237243652,
                    -0.15548737347126007,
                    -0.25246715545654297,
                    1.0
                ]
            ],
            "location": [
                0.15548737347126007,
                -0.25246715545654297,
                -1.9574332237243652
            ],
            "location_world": [
                1.9574332237243652,
                -0.15548737347126007,
                -0.25246715545654297
            ],
            "name": "google_2_of_Jenga_Classic_Game_1",
            "projected_cuboid": [
                [
                    302.6740550994873,
                    261.44757866859436
                ],
                [
                    322.88169860839844,
                    251.90162658691406
                ],
                [
                    315.7885670661926,
                    328.62186431884766
                ],
                [
                    297.0215678215027,
                    339.2949104309082
                ],
                [
                    284.1750681400299,
                    250.38769841194153
                ],
                [
                    304.2965531349182,
                    241.3845807313919
                ],
                [
                    298.79671335220337,
                    316.9563412666321
                ],
                [
                    280.1099419593811,
                    327.0719647407532
                ],
                [
                    300.60625076293945,
                    291.05010628700256
                ]
            ],
            "provenance": "nvisii",
            "quaternion_xyzw": [
                0.4461497664451599,
                0.19949638843536377,
                0.3706464171409607,
                -0.7897928953170776
            ],
            "quaternion_xyzw_world": [
                -0.2573965787887573,
                0.086246557533741,
                0.903042733669281,
                -0.33289992809295654
            ],
            "segmentation_id": 2,
            "visibility": -1
        },
        {
            "bounding_box_minx_maxx_miny_maxy": [
                -1,
                -1,
                -1,
                -1
            ],
            "class": "2",
            "local_cuboid": null,
            "local_to_world_matrix": [
                [
                    0.03469562530517578,
                    0.5410081148147583,
                    0.8403016328811646,
                    0.0
                ],
                [
                    -0.960940957069397,
                    -0.21294116973876953,
                    0.17677396535873413,
                    0.0
                ],
                [
                    0.2745707333087921,
                    -0.8136134147644043,
                    0.5124883651733398,
                    0.0
                ],
                [
                    1.2764796018600464,
                    0.37172988057136536,
                    -0.28946635127067566,
                    1.0
                ]
            ],
            "location": [
                -0.37172988057136536,
                -0.28946635127067566,
                -1.2764796018600464
            ],
            "location_world": [
                1.2764796018600464,
                0.37172988057136536,
                -0.28946635127067566
            ],
            "name": "google_2_of_Jenga_Classic_Game_2",
            "projected_cuboid": [
                [
                    179.0575385093689,
                    299.24115538597107
                ],
                [
                    182.925283908844,
                    295.4358458518982
                ],
                [
                    62.65069544315338,
                    371.4023530483246
                ],
                [
                    65.94961881637573,
                    370.76398730278015
                ],
                [
                    197.37139344215393,
                    327.9991149902344
                ],
                [
                    202.37740874290466,
                    325.9606957435608
                ],
                [
                    83.0998569726944,
                    404.07857298851013
                ],
                [
                    85.1445347070694,
                    401.42372250556946
                ],
                [
                    134.0683102607727,
                    348.39361906051636
                ]
            ],
            "provenance": "nvisii",
            "quaternion_xyzw": [
                0.373091459274292,
                0.7057536840438843,
                0.5219347476959229,
                0.3004976511001587
            ],
            "quaternion_xyzw_world": [
                0.42870399355888367,
                -0.24488508701324463,
                0.6501411199569702,
                0.5775473117828369
            ],
            "segmentation_id": 3,
            "visibility": -1
        },
        {
            "bounding_box_minx_maxx_miny_maxy": [
                -1,
                -1,
                -1,
                -1
            ],
            "class": "2",
            "local_cuboid": null,
            "local_to_world_matrix": [
                [
                    0.15675806999206543,
                    -0.7842284440994263,
                    0.6003438234329224,
                    0.0
                ],
                [
                    0.20116117596626282,
                    0.6204691529273987,
                    0.7579922676086426,
                    0.0
                ],
                [
                    -0.9669338464736938,
                    0.0019444525241851807,
                    0.2550198435783386,
                    0.0
                ],
                [
                    0.4652461111545563,
                    0.4804508686065674,
                    -0.4019482731819153,
                    1.0
                ]
            ],
            "location": [
                -0.4804508686065674,
                -0.4019482731819153,
                -0.4652461111545563
            ],
            "location_world": [
                0.4652461111545563,
                0.4804508686065674,
                -0.4019482731819153
            ],
            "name": "google_2_of_Jenga_Classic_Game_3",
            "projected_cuboid": [
                [
                    -1167.4978733062744,
                    1372.9876279830933
                ],
                [
                    -1205.6998014450073,
                    1080.7719230651855
                ],
                [
                    -348.26916456222534,
                    685.5239272117615
                ],
                [
                    -301.91415548324585,
                    784.9507331848145
                ],
                [
                    -1493.862509727478,
                    1625.6117820739746
                ],
                [
                    -1504.6684741973877,
                    1290.692687034607
                ],
                [
                    -443.95512342453003,
                    758.1794261932373
                ],
                [
                    -399.9350070953369,
                    863.0740642547607
                ],
                [
                    -645.4718112945557,
                    929.4121265411377
                ]
            ],
            "provenance": "nvisii",
            "quaternion_xyzw": [
                -0.12176039814949036,
                0.04132167994976044,
                0.32585012912750244,
                0.9366369247436523
            ],
            "quaternion_xyzw_world": [
                0.2651740312576294,
                -0.5497024655342102,
                -0.3456127345561981,
                0.7127845287322998
            ],
            "segmentation_id": 4,
            "visibility": -1
        },
        {
            "bounding_box_minx_maxx_miny_maxy": [
                -1,
                -1,
                -1,
                -1
            ],
            "class": "2",
            "local_cuboid": null,
            "local_to_world_matrix": [
                [
                    -0.44288480281829834,
                    0.6313923597335815,
                    0.6365507245063782,
                    0.0
                ],
                [
                    -0.6392593383789062,
                    -0.720189094543457,
                    0.2695835828781128,
                    0.0
                ],
                [
                    0.628649890422821,
                    -0.2875264883041382,
                    0.7225841879844666,
                    0.0
                ],
                [
                    0.1597745716571808,
                    0.006152952555567026,
                    -0.14702646434307098,
                    1.0
                ]
            ],
            "location": [
                -0.006152952555567026,
                -0.14702646434307098,
                -0.1597745716571808
            ],
            "location_world": [
                0.1597745716571808,
                0.006152952555567026,
                -0.14702646434307098
            ],
            "name": "google_2_of_Jenga_Classic_Game_4",
            "projected_cuboid": [
                [
                    288.4959578514099,
                    117.05464124679565
                ],
                [
                    418.20842027664185,
                    47.09950089454651
                ],
                [
                    246.53348326683044,
                    828.4860253334045
                ],
                [
                    30.87921440601349,
                    725.2137660980225
                ],
                [
                    362.5302314758301,
                    207.16404914855957
                ],
                [
                    490.63849449157715,
                    159.09485518932343
                ],
                [
                    447.37303256988525,
                    895.6696391105652
                ],
                [
                    215.53194522857666,
                    792.3076748847961
                ],
                [
                    335.94250679016113,
                    349.57781434059143
                ]
            ],
            "provenance": "nvisii",
            "quaternion_xyzw": [
                0.4265190064907074,
                0.7952398657798767,
                0.4281235337257385,
                -0.048840105533599854
            ],
            "quaternion_xyzw_world": [
                0.37239766120910645,
                -0.005281290039420128,
                0.8493612408638,
                0.3740021288394928
            ],
            "segmentation_id": 5,
            "visibility": -1
        },
        {
            "bounding_box_minx_maxx_miny_maxy": [
                -1,
                -1,
                -1,
                -1
            ],
            "class": "2",
            "local_cuboid": null,
            "local_to_world_matrix": [
                [
                    -0.3428913354873657,
                    -0.39407575130462646,
                    -0.8527191877365112,
                    0.0
                ],
                [
                    -0.8510541915893555,
                    -0.2539505958557129,
                    0.45958250761032104,
                    0.0
                ],
                [
                    -0.39765870571136475,
                    0.8832970261573792,
                    -0.24830245971679688,
                    0.0
                ],
                [
                    1.6742714643478394,
                    0.48068252205848694,
                    0.17424657940864563,
                    1.0
                ]
            ],
            "location": [
                -0.48068252205848694,
                0.17424657940864563,
                -1.6742714643478394
            ],
            "location_world": [
                1.6742714643478394,
                0.48068252205848694,
                0.17424657940864563
            ],
            "name": "google_2_of_Jenga_Classic_Game_5",
            "projected_cuboid": [
                [
                    -30.243366956710815,
                    231.41035437583923
                ],
                [
                    -35.01346707344055,
                    215.0004804134369
                ],
                [
                    81.19924366474152,
                    190.56159257888794
                ],
                [
                    80.72079718112946,
                    206.88313245773315
                ],
                [
                    -37.19934821128845,
                    206.4681500196457
                ],
                [
                    -42.21087694168091,
                    189.1801953315735
                ],
                [
                    72.6049393415451,
                    166.9570803642273
                ],
                [
                    72.49228656291962,
                    184.00654196739197
                ],
                [
                    22.315770387649536,
                    198.47245514392853
                ]
            ],
            "provenance": "nvisii",
            "quaternion_xyzw": [
                -0.36634498834609985,
                0.40860986709594727,
                0.3687819838523865,
                -0.750219464302063
            ],
            "quaternion_xyzw_world": [
                -0.538368284702301,
                0.5781961679458618,
                0.5806331634521484,
                0.1967586725950241
            ],
            "segmentation_id": 6,
            "visibility": -1
        },
        {
            "bounding_box_minx_maxx_miny_maxy": [
                -1,
                -1,
                -1,
                -1
            ],
            "class": "2",
            "local_cuboid": null,
            "local_to_world_matrix": [
                [
                    0.7706392407417297,
                    -0.23528209328651428,
                    -0.5922479629516602,
                    0.0
                ],
                [
                    -0.1313689649105072,
                    -0.9680410623550415,
                    0.2136344164609909,
                    0.0
                ],
                [
                    -0.6235843896865845,
                    -0.08683209121227264,
                    -0.7769192457199097,
                    0.0
                ],
                [
                    1.9565762281417847,
                    0.4756070673465729,
                    -0.01252035517245531,
                    1.0
                ]
            ],
            "location": [
                -0.4756070673465729,
                -0.01252035517245531,
                -1.9565762281417847
            ],
            "location_world": [
                1.9565762281417847,
                0.4756070673465729,
                -0.01252035517245531
            ],
            "name": "google_2_of_Jenga_Classic_Game_6",
            "projected_cuboid": [
                [
                    89.35019373893738,
                    340.6263291835785
                ],
                [
                    115.77880382537842,
                    335.13396978378296
                ],
                [
                    120.39157748222351,
                    258.18121433258057
                ],
                [
                    96.35329246520996,
                    263.59984278678894
                ],
                [
                    77.36504077911377,
                    327.6579976081848
                ],
                [
                    104.64134812355042,
                    321.8908905982971
                ],
                [
                    110.4564219713211,
                    243.75827610492706
                ],
                [
                    85.71870625019073,
                    249.43023920059204
                ],
                [
                    100.21518170833588,
                    290.76093435287476
                ]
            ],
            "provenance": "nvisii",
            "quaternion_xyzw": [
                0.3154613673686981,
                0.2978121042251587,
                -0.5419105291366577,
                0.7198092341423035
            ],
            "quaternion_xyzw_world": [
                0.9374966025352478,
                -0.0977739691734314,
                -0.324223130941391,
                0.08012469112873077
            ],
            "segmentation_id": 7,
            "visibility": -1
        },
        {
            "bounding_box_minx_maxx_miny_maxy": [
                -1,
                -1,
                -1,
                -1
            ],
            "class": "2",
            "local_cuboid": null,
            "local_to_world_matrix": [
                [
                    0.8169007301330566,
                    -0.5449578166007996,
                    0.18892908096313477,
                    0.0
                ],
                [
                    -0.24348227679729462,
                    -0.6227655410766602,
                    -0.7435591220855713,
                    0.0
                ],
                [
                    0.5228667259216309,
                    0.5614131689071655,
                    -0.6414252519607544,
                    0.0
                ],
                [
                    1.7344157695770264,
                    -0.07733755558729172,
                    0.4348825216293335,
                    1.0
                ]
            ],
            "location": [
                0.07733755558729172,
                0.4348825216293335,
                -1.7344157695770264
            ],
            "location_world": [
                1.7344157695770264,
                -0.07733755558729172,
                0.4348825216293335
            ],
            "name": "google_2_of_Jenga_Classic_Game_7",
            "projected_cuboid": [
                [
                    221.3868498802185,
                    160.42353212833405
                ],
                [
                    237.70342767238617,
                    179.3082058429718
                ],
                [
                    292.98698902130127,
                    108.77685248851776
                ],
                [
                    274.62834119796753,
                    89.08505737781525
                ],
                [
                    206.48722350597382,
                    162.15142607688904
                ],
                [
                    223.2077568769455,
                    181.71507120132446
                ],
                [
                    279.28850054740906,
                    108.71449112892151
                ],
                [
                    260.40342450141907,
                    88.28246593475342
                ],
                [
                    248.43724071979523,
                    136.26621663570404
                ]
            ],
            "provenance": "nvisii",
            "quaternion_xyzw": [
                0.8383590579032898,
                0.24204854667186737,
                -0.41101545095443726,
                0.26388078927993774
            ],
            "quaternion_xyzw_world": [
                0.8776519298553467,
                -0.22458793222904205,
                0.20275571942329407,
                -0.37172260880470276
            ],
            "segmentation_id": 8,
            "visibility": -1
        },
        {
            "bounding_box_minx_maxx_miny_maxy": [
                -1,
                -1,
                -1,
                -1
            ],
            "class": "2",
            "local_cuboid": null,
            "local_to_world_matrix": [
                [
                    0.5577914118766785,
                    -0.6274850368499756,
                    0.5432597994804382,
                    0.0
                ],
                [
                    0.7506877183914185,
                    0.6606119275093079,
                    -0.007736712694168091,
                    0.0
                ],
                [
                    -0.35402923822402954,
                    0.41213393211364746,
                    0.8395289778709412,
                    0.0
                ],
                [
                    1.1703847646713257,
                    -0.21181948482990265,
                    0.3534592092037201,
                    1.0
                ]
            ],
            "location": [
                0.21181948482990265,
                0.3534592092037201,
                -1.1703847646713257
            ],
            "location_world": [
                1.1703847646713257,
                -0.21181948482990265,
                0.3534592092037201
            ],
            "name": "google_2_of_Jenga_Classic_Game_8",
            "projected_cuboid": [
                [
                    332.2544991970062,
                    -104.1872501373291
                ],
                [
                    297.55932092666626,
                    -83.80138874053955
                ],
                [
                    352.90029644966125,
                    65.31517207622528
                ],
                [
                    387.52657175064087,
                    54.88930642604828
                ],
                [
                    306.34093284606934,
                    -94.04075145721436
                ],
                [
                    271.7534005641937,
                    -73.41906428337097
                ],
                [
                    331.4194679260254,
                    80.34805953502655
                ],
                [
                    366.1908209323883,
                    70.36469876766205
                ],
                [
                    331.8140506744385,
                    -6.85545802116394
                ]
            ],
            "provenance": "nvisii",
            "quaternion_xyzw": [
                -0.5659488439559937,
                0.051838621497154236,
                0.42845094203948975,
                0.702455997467041
            ],
            "quaternion_xyzw_world": [
                -0.12005260586738586,
                -0.25655969977378845,
                -0.39405763149261475,
                0.8743472099304199
            ],
            "segmentation_id": 9,
            "visibility": -1
        },
        {
            "bounding_box_minx_maxx_miny_maxy": [
                -1,
                -1,
                -1,
                -1
            ],
            "class": "2",
            "local_cuboid": null,
            "local_to_world_matrix": [
                [
                    0.6091181039810181,
                    0.6821929216384888,
                    -0.404460072517395,
                    0.0
                ],
                [
                    0.023606836795806885,
                    -0.5253567695617676,
                    -0.8505545854568481,
                    0.0
                ],
                [
                    -0.792728066444397,
                    0.508540153503418,
                    -0.3361088037490845,
                    0.0
                ],
                [
                    0.799082338809967,
                    -0.03349761292338371,
                    -0.10517817735671997,
                    1.0
                ]
            ],
            "location": [
                0.03349761292338371,
                -0.10517817735671997,
                -0.799082338809967
            ],
            "location_world": [
                0.799082338809967,
                -0.03349761292338371,
                -0.10517817735671997
            ],
            "name": "google_2_of_Jenga_Classic_Game_9",
            "projected_cuboid": [
                [
                    82.24458992481232,
                    437.40314245224
                ],
                [
                    127.99382209777832,
                    509.9271535873413
                ],
                [
                    271.0667848587036,
                    364.9890422821045
                ],
                [
                    238.5503053665161,
                    312.5409185886383
                ],
                [
                    127.25916504859924,
                    418.5044765472412
                ],
                [
                    176.88104510307312,
                    497.4980652332306
                ],
                [
                    314.2259418964386,
                    347.2940921783447
                ],
                [
                    279.8020541667938,
                    291.54449701309204
                ],
                [
                    213.9795571565628,
                    386.23306155204773
                ]
            ],
            "provenance": "nvisii",
            "quaternion_xyzw": [
                0.3064447343349457,
                0.09862849116325378,
                -0.9117943048477173,
                0.25494149327278137
            ],
            "quaternion_xyzw_world": [
                0.7859045267105103,
                0.224518284201622,
                -0.3808313012123108,
                -0.4323345422744751
            ],
            "segmentation_id": 10,
            "visibility": -1
        },
        {
            "bounding_box_minx_maxx_miny_maxy": [
                -1,
                -1,
                -1,
                -1
            ],
            "class": "2",
            "local_cuboid": null,
            "local_to_world_matrix": [
                [
                    0.2958906888961792,
                    -0.0991029441356659,
                    -0.9500669836997986,
                    0.0
                ],
                [
                    -0.6096217632293701,
                    -0.7853083610534668,
                    -0.1079450249671936,
                    0.0
                ],
                [
                    -0.7353978753089905,
                    0.611121416091919,
                    -0.2927807569503784,
                    0.0
                ],
                [
                    1.9584110975265503,
                    -0.8076285123825073,
                    -0.4891395568847656,
                    1.0
                ]
            ],
            "location": [
                0.8076285123825073,
                -0.4891395568847656,
                -1.9584110975265503
            ],
            "location_world": [
                1.9584110975265503,
                -0.8076285123825073,
                -0.4891395568847656
            ],
            "name": "google_2_of_Jenga_Classic_Game_10",
            "projected_cuboid": [
                [
                    453.2759189605713,
                    455.8883309364319
                ],
                [
                    482.4656844139099,
                    465.19672870635986
                ],
                [
                    512.1943950653076,
                    414.8755669593811
                ],
                [
                    485.37951707839966,
                    407.86686539649963
                ],
                [
                    453.2908499240875,
                    432.88689851760864
                ],
                [
                    482.88047313690186,
                    441.62869453430176
                ],
                [
                    512.924075126648,
                    393.33146810531616
                ],
                [
                    485.7727289199829,
                    386.8020474910736
                ],
                [
                    484.22771692276,
                    423.42713475227356
                ]
            ],
            "provenance": "nvisii",
            "quaternion_xyzw": [
                0.34338393807411194,
                -0.1199522316455841,
                -0.6603484153747559,
                0.6569923162460327
            ],
            "quaternion_xyzw_world": [
                0.7703862190246582,
                -0.22999006509780884,
                -0.5469545125961304,
                -0.233346089720726
            ],
            "segmentation_id": 11,
            "visibility": -1
        },
        {
            "bounding_box_minx_maxx_miny_maxy": [
                -1,
                -1,
                -1,
                -1
            ],
            "class": "2",
            "local_cuboid": null,
            "local_to_world_matrix": [
                [
                    0.4343337416648865,
                    -0.3943275213241577,
                    0.809851884841919,
                    0.0
                ],
                [
                    -0.4011666774749756,
                    -0.8896753787994385,
                    -0.21804387867450714,
                    0.0
                ],
                [
                    0.8064858913421631,
                    -0.2301817387342453,
                    -0.5446071624755859,
                    0.0
                ],
                [
                    1.4106104373931885,
                    0.26029694080352783,
                    -0.19789396226406097,
                    1.0
                ]
            ],
            "location": [
                -0.26029694080352783,
                -0.19789396226406097,
                -1.4106104373931885
            ],
            "location_world": [
                1.4106104373931885,
                0.26029694080352783,
                -0.19789396226406097
            ],
            "name": "google_2_of_Jenga_Classic_Game_11",
            "projected_cuboid": [
                [
                    172.73351550102234,
                    363.44820261001587
                ],
                [
                    198.68317246437073,
                    372.5317716598511
                ],
                [
                    161.35063767433167,
                    324.93698596954346
                ],
                [
                    132.0449560880661,
                    315.48815965652466
                ],
                [
                    159.71870720386505,
                    389.2357349395752
                ],
                [
                    185.94640493392944,
                    399.05422925949097
                ],
                [
                    145.50495147705078,
                    354.81366515159607
                ],
                [
                    115.86791276931763,
                    344.4177508354187
                ],
                [
                    160.47190129756927,
                    359.5598340034485
                ]
            ],
            "provenance": "nvisii",
            "quaternion_xyzw": [
                0.7776338458061218,
                0.5463777780532837,
                -0.06563243269920349,
                0.30405500531196594
            ],
            "quaternion_xyzw_world": [
                0.8468495011329651,
                -0.2348393052816391,
                0.47716206312179565,
                0.0035832407884299755
            ],
            "segmentation_id": 12,
            "visibility": -1
        },
        {
            "bounding_box_minx_maxx_miny_maxy": [
                -1,
                -1,
                -1,
                -1
            ],
            "class": "2",
            "local_cuboid": null,
            "local_to_world_matrix": [
                [
                    0.6369113922119141,
                    0.5635132193565369,
                    0.5261147618293762,
                    0.0
                ],
                [
                    -0.394378125667572,
                    -0.3482280969619751,
                    0.8504133820533752,
                    0.0
                ],
                [
                    0.6624271273612976,
                    -0.749126136302948,
                    0.0004469156265258789,
                    0.0
                ],
                [
                    0.5490589737892151,
                    -0.3414810597896576,
                    0.4321577250957489,
                    1.0
                ]
            ],
            "location": [
                0.3414810597896576,
                0.4321577250957489,
                -0.5490589737892151
            ],
            "location_world": [
                0.5490589737892151,
                -0.3414810597896576,
                0.4321577250957489
            ],
            "name": "google_2_of_Jenga_Classic_Game_12",
            "projected_cuboid": [
                [
                    652.7436971664429,
                    -70.96439599990845
                ],
                [
                    694.2313313484192,
                    -142.90305972099304
                ],
                [
                    611.5230321884155,
                    -279.1200876235962
                ],
                [
                    561.1100792884827,
                    -175.94462633132935
                ],
                [
                    716.8587446212769,
                    -58.80904197692871
                ],
                [
                    764.3676400184631,
                    -135.32781600952148
                ],
                [
                    700.2193927764893,
                    -282.14699029922485
                ],
                [
                    639.657199382782,
                    -169.19556260108948
                ],
                [
                    671.3900566101074,
                    -153.90750765800476
                ]
            ],
            "provenance": "nvisii",
            "quaternion_xyzw": [
                0.24924913048744202,
                0.8769768476486206,
                0.11255285143852234,
                0.3951180577278137
            ],
            "quaternion_xyzw_world": [
                0.704395592212677,
                0.06002843752503395,
                0.421830415725708,
                0.5676993131637573
            ],
            "segmentation_id": 13,
            "visibility": -1
        },
        {
            "bounding_box_minx_maxx_miny_maxy": [
                -1,
                -1,
                -1,
                -1
            ],
            "class": "2",
            "local_cuboid": null,
            "local_to_world_matrix": [
                [
                    0.04535335302352905,
                    0.6523643732070923,
