{
    "camera_data": {
        "camera_look_at": {
            "at": [
                1.0,
                0.0,
                0.0
            ],
            "eye": [
                0.0,
                0.0,
                0.0
            ],
            "up": [
                0.0,
                0.0,
                1.0
            ]
        },
        "camera_view_matrix": [
            [
                0.0,
                0.0,
                -1.0,
                0.0
            ],
            [
                -1.0,
                0.0,
                0.0,
                0.0
            ],
            [
                0.0,
                1.0,
                0.0,
                0.0
            ],
            [
                0.0,
                0.0,
                0.0,
                1.0
            ]
        ],
        "height": 500,
        "intrinsics": {
            "cx": 250.0,
            "cy": 250.0,
            "fx": 603.5535278320312,
            "fy": 603.5535278320312
        },
        "location_world": [
            0.0,
            0.0,
            0.0
        ],
        "quaternion_world_xyzw": [
            0.5,
            -0.5,
            -0.5,
            0.5
        ],
        "width": 500
    },
    "objects": [
        {
            "bounding_box_minx_maxx_miny_maxy": [
                -1,
                -1,
                -1,
                -1
            ],
            "class": "50",
            "local_cuboid": null,
            "local_to_world_matrix": [
                [
                    0.8892603516578674,
                    0.3450811207294464,
                    -0.30022501945495605,
                    0.0
                ],
                [
                    -0.45683082938194275,
                    0.7028301954269409,
                    -0.5452845692634583,
                    0.0
                ],
                [
                    0.022839799523353577,
                    0.622052013874054,
                    0.7826427221298218,
                    0.0
                ],
                [
                    1.685482144355774,
                    0.5468378663063049,
                    -0.45008084177970886,
                    1.0
                ]
            ],
            "location": [
                -0.5468378663063049,
                -0.45008084177970886,
                -1.685482144355774
            ],
            "location_world": [
                1.685482144355774,
                0.5468378663063049,
                -0.45008084177970886
            ],
            "name": "google_50_BLOCKS_0",
            "projected_cuboid": [
                [
                    48.93723130226135,
                    371.2086081504822
                ],
                [
                    7.357746362686157,
                    402.1873474121094
                ],
                [
                    29.951706528663635,
                    431.2524199485779
                ],
                [
                    70.78395783901215,
                    399.1987109184265
                ],
                [
                    55.647507309913635,
                    354.4963300228119
                ],
                [
                    5.5749863386154175,
                    391.28047227859497
                ],
                [
                    32.95163810253143,
                    426.48351192474365
                ],
                [
                    81.93463087081909,
                    388.1346583366394
                ],
                [
                    41.85827076435089,
                    395.6863284111023
                ]
            ],
            "provenance": "nvisii",
            "quaternion_xyzw": [
                -0.5529564619064331,
                0.4534964859485626,
                0.6832872629165649,
                0.147304505109787
            ],
            "quaternion_xyzw_world": [
                -0.31772133708000183,
                0.0879305824637413,
                0.21826140582561493,
                0.9185223579406738
            ],
            "segmentation_id": 1,
            "visibility": -1
        },
        {
            "bounding_box_minx_maxx_miny_maxy": [
                -1,
                -1,
                -1,
                -1
            ],
            "class": "2",
            "local_cuboid": null,
            "local_to_world_matrix": [
                [
                    -0.744011640548706,
                    0.04910154640674591,
                    0.6663601398468018,
                    0.0
                ],
                [
                    0.44228214025497437,
                    0.7837269306182861,
                    0.43607181310653687,
                    0.0
                ],
                [
                    -0.5008325576782227,
                    0.6191616654396057,
                    -0.6048188209533691,
                    0.0
                ],
                [
                    1.9404648542404175,
                    -0.7843220829963684,
                    -0.6185157895088196,
                    1.0
                ]
            ],
            "location": [
                0.7843220829963684,
                -0.6185157895088196,
                -1.9404648542404175
            ],
            "location_world": [
                1.9404648542404175,
                -0.7843220829963684,
                -0.6185157895088196
            ],
            "name": "google_2_of_Jenga_Classic_Game_1",
            "projected_cuboid": [
                [
                    469.3629741668701,
                    522.1413969993591
                ],
                [
                    442.3748850822449,
                    503.9823055267334
                ],
                [
                    484.35524106025696,
                    429.47515845298767
                ],
                [
                    510.08546352386475,
                    444.76014375686646
                ],
                [
                    463.524729013443,
                    530.870258808136
                ],
                [
                    437.51487135887146,
                    513.1127834320068
                ],
                [
                    478.61364483833313,
                    440.13309478759766
                ],
                [
                    503.4599304199219,
                    455.16228675842285
                ],
                [
                    474.2884337902069,
                    478.4765839576721
                ]
            ],
            "provenance": "nvisii",
            "quaternion_xyzw": [
                -0.05914837121963501,
                0.4960697293281555,
                -0.5276983976364136,
                -0.6869866847991943
            ],
            "quaternion_xyzw_world": [
                0.13881655037403107,
                0.8849515914916992,
                0.298104852437973,
                -0.3297334909439087
            ],
            "segmentation_id": 2,
            "visibility": -1
        },
        {
            "bounding_box_minx_maxx_miny_maxy": [
                -1,
                -1,
                -1,
                -1
            ],
            "class": "50",
            "local_cuboid": null,
            "local_to_world_matrix": [
                [
                    0.45418232679367065,
                    0.30638444423675537,
                    -0.8365685939788818,
                    0.0
                ],
                [
                    -0.15821319818496704,
                    0.9518184661865234,
                    0.26269781589508057,
                    0.0
                ],
                [
                    0.8767479658126831,
                    0.013043493032455444,
                    0.4807732105255127,
                    0.0
                ],
                [
                    1.560356616973877,
                    -0.27684563398361206,
                    -0.33320996165275574,
                    1.0
                ]
            ],
            "location": [
                0.27684563398361206,
                -0.33320996165275574,
                -1.560356616973877
            ],
            "location_world": [
                1.560356616973877,
                -0.27684563398361206,
                -0.33320996165275574
            ],
            "name": "google_50_BLOCKS_2",
            "projected_cuboid": [
                [
                    350.0017523765564,
                    404.5308232307434
                ],
                [
                    302.74325609207153,
                    393.1865096092224
                ],
                [
                    306.414932012558,
                    421.3922917842865
                ],
                [
                    356.39405250549316,
                    433.0076575279236
                ],
                [
                    401.6091823577881,
                    307.12971091270447
                ],
                [
                    350.23269057273865,
                    293.17572712898254
                ],
                [
                    357.44455456733704,
                    317.8822100162506
                ],
                [
                    412.0493531227112,
                    332.36050605773926
                ],
                [
                    353.397399187088,
                    364.99881744384766
                ]
            ],
            "provenance": "nvisii",
            "quaternion_xyzw": [
                -0.5717660784721375,
                0.7819575071334839,
                0.20429062843322754,
                0.14103668928146362
            ],
            "quaternion_xyzw_world": [
                0.07346875965595245,
                0.5041981339454651,
                0.13672269880771637,
                0.8495254516601562
            ],
            "segmentation_id": 3,
            "visibility": -1
        },
        {
            "bounding_box_minx_maxx_miny_maxy": [
                -1,
                -1,
                -1,
                -1
            ],
            "class": "Cube",
            "local_cuboid": null,
            "local_to_world_matrix": [
                [
                    -0.7489521503448486,
                    -0.5413397550582886,
                    -0.3821280598640442,
                    0.0
                ],
                [
                    -0.39470767974853516,
                    -0.0987391471862793,
                    0.9134858846664429,
                    0.0
                ],
                [
                    -0.5322372317314148,
                    0.8349860906600952,
                    -0.13972008228302002,
                    0.0
                ],
                [
                    0.5917652249336243,
                    -0.45579805970191956,
                    2.26926326751709,
                    1.0
                ]
            ],
            "location": [
                0.45579805970191956,
                2.26926326751709,
                -0.5917652249336243
            ],
            "location_world": [
                0.5917652249336243,
                -0.45579805970191956,
                2.26926326751709
            ],
            "name": "google_Cube_3",
            "projected_cuboid": [
                [
                    371.864378452301,
                    -2.5003552436828613
                ],
                [
                    380.63210248947144,
                    -55.50006031990051
                ],
                [
                    414.5314395427704,
                    -49.39258098602295
                ],
                [
                    405.1041007041931,
                    1.289278268814087
                ],
                [
                    340.7326936721802,
                    -5.593031644821167
                ],
                [
                    348.0536639690399,
                    -55.64051866531372
                ],
                [
                    381.3595175743103,
                    -49.86467957496643
                ],
                [
                    373.37595224380493,
                    -1.8887817859649658
                ],
                [
                    376.77234411239624,
                    -26.98257565498352
                ]
            ],
            "provenance": "nvisii",
            "quaternion_xyzw": [
                -0.15460973978042603,
                0.45823270082473755,
                0.13911467790603638,
                -0.8641561269760132
            ],
            "quaternion_xyzw_world": [
                -0.34982389211654663,
                0.6689419150352478,
                0.6534468531608582,
                -0.05609947443008423
            ],
            "segmentation_id": 4,
            "visibility": -1
        },
        {
            "bounding_box_minx_maxx_miny_maxy": [
                -1,
                -1,
                -1,
                -1
            ],
            "class": "Cube",
            "local_cuboid": null,
            "local_to_world_matrix": [
                [
                    -0.04741072654724121,
                    0.6887152791023254,
                    -0.7234801054000854,
                    0.0
                ],
                [
                    -0.39618736505508423,
                    0.6519202589988708,
                    0.6465567350387573,
                    0.0
                ],
                [
                    0.9169448614120483,
                    0.3172873258590698,
                    0.2419523000717163,
                    0.0
                ],
                [
                    0.8893143534660339,
                    1.8791424036026,
                    1.8151336908340454,
                    1.0
                ]
            ],
            "location": [
                -1.8791424036026,
                1.8151336908340454,
                -0.8893143534660339
            ],
            "location_world": [
                0.8893143534660339,
                1.8791424036026,
                1.8151336908340454
            ],
            "name": "google_Cube_4",
            "projected_cuboid": [
                [
                    -4.6891868114471436,
                    41.533902287483215
                ],
                [
                    -34.90716218948364,
                    12.633129954338074
                ],
                [
                    -39.423346519470215,
                    7.9954564571380615
                ],
                [
                    -7.343083620071411,
                    38.68524730205536
                ],
                [
                    20.766422152519226,
                    16.136392951011658
                ],
                [
                    -8.749634027481079,
                    -13.29416036605835
                ],
                [
                    -11.703640222549438,
                    -19.452393054962158
                ],
                [
                    19.589662551879883,
                    11.830374598503113
                ],
                [
                    -8.058726787567139,
                    12.237653136253357
                ]
            ],
            "provenance": "nvisii",
            "quaternion_xyzw": [
                -0.38133740425109863,
                0.9016952514648438,
                0.17692776024341583,
                -0.10111452639102936
            ],
            "quaternion_xyzw_world": [
                0.12115774303674698,
                0.6036096811294556,
                0.39920005202293396,
                0.679422914981842
            ],
            "segmentation_id": 5,
            "visibility": -1
        },
        {
            "bounding_box_minx_maxx_miny_maxy": [
                -1,
                -1,
                -1,
                -1
            ],
            "class": "2",
            "local_cuboid": null,
            "local_to_world_matrix": [
                [
                    0.2225918173789978,
                    -0.00862210988998413,
                    0.9748736619949341,
                    0.0
                ],
                [
                    -0.691386878490448,
                    0.7036048769950867,
                    0.16408655047416687,
                    0.0
                ],
                [
                    -0.6873406171798706,
                    -0.7105391025543213,
                    0.15065550804138184,
                    0.0
                ],
                [
                    1.962752103805542,
                    -0.3487064838409424,
                    0.6959204077720642,
                    1.0
                ]
            ],
            "location": [
                0.3487064838409424,
                0.6959204077720642,
                -1.962752103805542
            ],
            "location_world": [
                1.962752103805542,
                -0.3487064838409424,
                0.6959204077720642
            ],
            "name": "google_2_of_Jenga_Classic_Game_5",
            "projected_cuboid": [
                [
                    446.6022253036499,
                    -8.66997241973877
                ],
                [
                    432.6033592224121,
                    -22.142350673675537
                ],
                [
                    349.2371141910553,
                    19.661590456962585
                ],
                [
                    364.26377296447754,
                    30.56223690509796
                ],
                [
                    448.3087658882141,
                    14.822989702224731
                ],
                [
                    434.2251121997833,
                    2.0089149475097656
                ],
                [
                    349.92918372154236,
                    41.67509078979492
                ],
                [
                    365.0684952735901,
                    52.0242303609848
                ],
                [
                    396.64578437805176,
                    17.34618842601776
                ]
            ],
            "provenance": "nvisii",
            "quaternion_xyzw": [
                0.19823910295963287,
                0.3420978784561157,
                0.6153519153594971,
                0.6819180846214294
            ],
            "quaternion_xyzw_world": [
                0.3034515976905823,
                -0.5767056345939636,
                0.23688539862632751,
                0.7205644249916077
            ],
            "segmentation_id": 6,
            "visibility": -1
        },
        {
            "bounding_box_minx_maxx_miny_maxy": [
                -1,
                -1,
                -1,
                -1
            ],
            "class": "2",
            "local_cuboid": null,
            "local_to_world_matrix": [
                [
                    0.12117183208465576,
                    -0.9687330722808838,
                    -0.21650409698486328,
                    0.0
                ],
                [
                    0.29529717564582825,
                    0.24341559410095215,
                    -0.9238770008087158,
                    0.0
                ],
                [
                    0.947690486907959,
                    0.048014938831329346,
                    0.3155590295791626,
                    0.0
                ],
                [
                    0.7312514185905457,
                    0.15502603352069855,
                    -0.5836746096611023,
                    1.0
                ]
            ],
            "location": [
                -0.15502603352069855,
                -0.5836746096611023,
                -0.7312514185905457
            ],
            "location_world": [
                0.7312514185905457,
                0.15502603352069855,
                -0.5836746096611023
            ],
            "name": "google_2_of_Jenga_Classic_Game_6",
            "projected_cuboid": [
                [
                    177.25349962711334,
                    528.1344652175903
                ],
                [
                    166.9236272573471,
                    567.2918558120728
                ],
                [
                    147.50829339027405,
                    758.9640617370605
                ],
                [
                    161.12112998962402,
                    711.4309072494507
                ],
                [
                    130.00018894672394,
                    520.4138159751892
                ],
                [
                    120.73306739330292,
                    560.1291656494141
                ],
                [
                    83.76260101795197,
                    751.5977025032043
                ],
                [
                    95.33156454563141,
                    703.170895576477
                ],
                [
                    137.53458857536316,
                    623.0710744857788
                ]
            ],
            "provenance": "nvisii",
            "quaternion_xyzw": [
                -0.9798341989517212,
                0.11734634637832642,
                0.04316723346710205,
                0.15585708618164062
            ],
            "quaternion_xyzw_world": [
                -0.3748990297317505,
                0.44907814264297485,
                -0.48758888244628906,
                0.6481024622917175
            ],
            "segmentation_id": 7,
            "visibility": -1
        },
        {
            "bounding_box_minx_maxx_miny_maxy": [
                -1,
                -1,
                -1,
                -1
            ],
            "class": "50",
            "local_cuboid": null,
            "local_to_world_matrix": [
                [
                    0.857815682888031,
                    0.4922504425048828,
                    -0.14778967201709747,
                    0.0
                ],
                [
                    -0.47625911235809326,
                    0.6532255411148071,
                    -0.588620126247406,
                    0.0
                ],
                [
                    -0.19320856034755707,
                    0.5753137469291687,
                    0.7947858572006226,
                    0.0
                ],
                [
                    1.0954054594039917,
                    0.44660428166389465,
                    -0.2503136992454529,
                    1.0
                ]
            ],
            "location": [
                -0.44660428166389465,
                -0.2503136992454529,
                -1.0954054594039917
            ],
            "location_world": [
                1.0954054594039917,
                0.44660428166389465,
                -0.2503136992454529
            ],
            "name": "google_50_BLOCKS_7",
            "projected_cuboid": [
                [
                    -13.422578573226929,
                    319.89049911499023
                ],
                [
                    -77.11911201477051,
                    367.51148104667664
                ],
                [
                    -39.7087037563324,
                    409.1654419898987
                ],
                [
                    20.898103713989258,
                    360.0786328315735
                ],
                [
                    13.05001974105835,
                    309.00630354881287
                ],
                [
                    -70.49992680549622,
                    372.16904759407043
                ],
                [
                    -20.667970180511475,
                    427.71732807159424
                ],
                [
                    57.509392499923706,
                    361.9818687438965
                ],
                [
                    -16.454994678497314,
                    365.0197982788086
                ]
            ],
            "provenance": "nvisii",
            "quaternion_xyzw": [
                -0.4751739799976349,
                0.42143261432647705,
                0.7540025115013123,
                0.16758425533771515
            ],
            "quaternion_xyzw_world": [
                -0.3200798034667969,
                -0.01249011792242527,
                0.26633843779563904,
                0.9090966582298279
            ],
            "segmentation_id": 8,
            "visibility": -1
        },
        {
            "bounding_box_minx_maxx_miny_maxy": [
                -1,
                -1,
                -1,
                -1
            ],
            "class": "Cube",
            "local_cuboid": null,
            "local_to_world_matrix": [
                [
                    -0.008085250854492188,
                    0.9999632835388184,
                    -0.0028427839279174805,
                    0.0
                ],
                [
                    0.837577223777771,
                    0.008325159549713135,
                    0.5462554693222046,
                    0.0
                ],
                [
                    0.5462591052055359,
                    0.00203549861907959,
                    -0.8376138210296631,
                    0.0
                ],
                [
                    3.4604146480560303,
                    0.6869525909423828,
                    1.8193106651306152,
                    1.0
                ]
            ],
            "location": [
                -0.6869525909423828,
                1.8193106651306152,
                -3.4604146480560303
            ],
            "location_world": [
                3.4604146480560303,
                0.6869525909423828,
                1.8193106651306152
            ],
            "name": "google_Cube_8",
            "projected_cuboid": [
                [
                    22.84310758113861,
                    12.888312339782715
                ],
                [
                    32.1020632982254,
                    6.335601210594177
                ],
                [
                    26.048600673675537,
                    -26.482969522476196
                ],
                [
                    16.245752573013306,
                    -21.21409773826599
                ],
                [
                    54.41094934940338,
                    12.898832559585571
                ],
                [
                    62.345072627067566,
                    6.348311901092529
                ],
                [
                    57.14273452758789,
                    -26.456236839294434
                ],
                [
                    48.742085695266724,
                    -21.188437938690186
                ],
                [
                    40.12580215930939,
                    -6.936371326446533
                ]
            ],
            "provenance": "nvisii",
            "quaternion_xyzw": [
                -0.0031753480434417725,
                0.8792721033096313,
                -0.47630050778388977,
                -0.002877563238143921
            ],
            "quaternion_xyzw_world": [
                0.6747598648071289,
                0.6808127760887146,
                0.20133692026138306,
                0.20163469016551971
            ],
            "segmentation_id": 9,
            "visibility": -1
        },
        {
            "bounding_box_minx_maxx_miny_maxy": [
                -1,
                -1,
                -1,
                -1
            ],
            "class": "50",
            "local_cuboid": null,
            "local_to_world_matrix": [
                [
                    0.6743265986442566,
                    0.6724109053611755,
                    0.3052002191543579,
                    0.0
                ],
                [
                    0.6879790425300598,
                    -0.4219285249710083,
                    -0.59047532081604,
                    0.0
                ],
                [
                    -0.2682693600654602,
                    0.6081446409225464,
                    -0.7471222877502441,
                    0.0
                ],
                [
                    1.4865086078643799,
                    -0.6322164535522461,
                    0.4440353512763977,
                    1.0
                ]
            ],
            "location": [
                0.6322164535522461,
                0.4440353512763977,
                -1.4865086078643799
            ],
            "location_world": [
                1.4865086078643799,
                -0.6322164535522461,
                0.4440353512763977
            ],
            "name": "google_50_BLOCKS_9",
            "projected_cuboid": [
                [
                    413.92314434051514,
                    68.75661015510559
                ],
                [
                    426.6558885574341,
                    111.92961037158966
                ],
                [
                    447.983980178833,
                    84.31419730186462
                ],
                [
                    436.8705153465271,
                    40.181294083595276
                ],
                [
                    556.6713213920593,
                    85.89266240596771
                ],
                [
                    561.2684488296509,
                    135.28990745544434
                ],
                [
                    583.3897590637207,
                    102.51045227050781
                ],
                [
                    580.5843472480774,
                    51.724523305892944
                ],
                [
                    495.496928691864,
                    85.00424027442932
                ]
            ],
            "provenance": "nvisii",
            "quaternion_xyzw": [
                0.4030492901802063,
                0.45101723074913025,
                -0.7954802513122559,
                0.036684855818748474
            ],
            "quaternion_xyzw_world": [
                0.8431158661842346,
                0.40338167548179626,
                0.01095071155577898,
                -0.3554137647151947
            ],
            "segmentation_id": 10,
            "visibility": -1
        },
        {
            "bounding_box_minx_maxx_miny_maxy": [
                -1,
                -1,
                -1,
                -1
            ],
            "class": "50",
            "local_cuboid": null,
            "local_to_world_matrix": [
                [
                    0.7684214115142822,
                    -0.1413530856370926,
                    -0.6241376996040344,
                    0.0
                ],
                [
                    0.5088756680488586,
                    0.7263549566268921,
                    0.4620108902454376,
                    0.0
                ],
                [
                    0.3880388140678406,
                    -0.6726275086402893,
                    0.6300777792930603,
                    0.0
                ],
                [
                    0.4853981137275696,
                    -0.2407338172197342,
                    0.39843663573265076,
                    1.0
                ]
            ],
            "location": [
                0.2407338172197342,
                0.39843663573265076,
                -0.4853981137275696
            ],
            "location_world": [
                0.4853981137275696,
                -0.2407338172197342,
                0.39843663573265076
            ],
            "name": "google_50_BLOCKS_10",
            "projected_cuboid": [
                [
                    627.5405883789062,
                    -60.87657809257507
                ],
                [
                    496.4514672756195,
                    -85.96083521842957
                ],
                [
                    444.4301128387451,
                    -44.06669735908508
                ],
                [
                    578.522801399231,
                    -11.823475360870361
                ],
                [
                    832.9346179962158,
                    -678.2588362693787
                ],
                [
                    582.741916179657,
                    -612.388014793396
                ],
                [
                    503.47793102264404,
                    -599.319338798523
                ],
                [
                    769.2005634307861,
                    -671.1377501487732
                ],
                [
                    580.3076028823853,
                    -265.8720016479492
                ]
            ],
            "provenance": "nvisii",
            "quaternion_xyzw": [
                -0.5165706872940063,
                0.6535855531692505,
                0.046360477805137634,
                0.5512089133262634
            ],
            "quaternion_xyzw_world": [
                0.32093170285224915,
                0.2862934470176697,
                -0.18391674757003784,
                0.8838628530502319
            ],
            "segmentation_id": 11,
            "visibility": -1
        },
        {
            "bounding_box_minx_maxx_miny_maxy": [
                -1,
                -1,
                -1,
                -1
            ],
            "class": "Cube",
            "local_cuboid": null,
            "local_to_world_matrix": [
                [
                    0.7254894971847534,
                    -0.5019302368164062,
                    0.47088342905044556,
                    0.0
                ],
                [
                    0.2583044767379761,
                    0.8327549695968628,
                    0.4896918535232544,
                    0.0
                ],
                [
                    -0.6379216313362122,
                    -0.23363502323627472,
                    0.7338057160377502,
                    0.0
                ],
                [
                    2.3877031803131104,
                    2.323009729385376,
                    1.674849510192871,
                    1.0
                ]
            ],
            "location": [
                -2.323009729385376,
                1.674849510192871,
                -2.3877031803131104
            ],
            "location_world": [
                2.3877031803131104,
                2.323009729385376,
                1.674849510192871
            ],
            "name": "google_Cube_11",
            "projected_cuboid": [
                [
                    20.691826939582825,
                    -8.444428443908691
                ],
                [
                    -2.2386014461517334,
                    -20.27726173400879
                ],
                [
                    -1.2424588203430176,
                    10.528400540351868
                ],
                [
                    20.959123969078064,
                    22.38193154335022
                ],
                [
                    -4.880249500274658,
                    -3.1750500202178955
                ],
                [
                    -28.349608182907104,
                    -15.542298555374146
                ],
                [
                    -26.450634002685547,
                    16.267523169517517
                ],
                [
                    -3.7437081336975098,
                    28.651997447013855
                ],
                [
                    -2.984285354614258,
                    3.9665549993515015
                ]
            ],
            "provenance": "nvisii",
            "quaternion_xyzw": [
                -0.305907279253006,
                0.2957364618778229,
                0.40196382999420166,
                0.8107934594154358
            ],
            "quaternion_xyzw_world": [
                0.19932937622070312,
                -0.3055567741394043,
                -0.20950019359588623,
                0.9072005152702332
            ],
            "segmentation_id": 12,
            "visibility": -1
        },
        {
            "bounding_box_minx_maxx_miny_maxy": [
                -1,
                -1,
                -1,
                -1
            ],
            "class": "2",
            "local_cuboid": null,
            "local_to_world_matrix": [
                [
                    0.14445865154266357,
                    0.5206578969955444,
                    0.8414552211761475,
                    0.0
                ],
                [
                    -0.09273187816143036,
                    -0.8395092487335205,
                    0.5353736877441406,
                    0.0
                ],
                [
                    0.9851560592651367,
                    -0.15536907315254211,
                    -0.07299268245697021,
                    0.0
                ],
                [
                    1.312846064567566,
                    -0.13392002880573273,
                    0.6404422521591187,
                    1.0
                ]
            ],
            "location": [
                0.13392002880573273,
                0.6404422521591187,
                -1.312846064567566
            ],
            "location_world": [
                1.312846064567566,
                -0.13392002880573273,
                0.6404422521591187
            ],
            "name": "google_2_of_Jenga_Classic_Game_12",
            "projected_cuboid": [
                [
                    296.21827602386475,
                    13.981834053993225
                ],
                [
                    323.1440782546997,
                    -4.198610782623291
                ],
                [
                    318.3191418647766,
                    -69.62922215461731
                ],
                [
                    285.56299209594727,
                    -47.105371952056885
                ],
                [
                    312.05272674560547,
                    37.35777735710144
                ],
                [
                    339.24928307533264,
                    19.16217803955078
                ],
                [
                    337.9383087158203,
                    -41.68236255645752
                ],
                [
                    304.7802448272705,
                    -19.129663705825806
                ],
                [
                    314.88028168678284,
                    -10.917603969573975
                ]
            ],
            "provenance": "nvisii",
            "quaternion_xyzw": [
                0.48195552825927734,
                0.871950089931488,
                0.0056594908237457275,
                0.08596470952033997
            ],
            "quaternion_xyzw_world": [
                0.7171053886413574,
                0.1491851955652237,
                0.6368001699447632,
                0.2408093810081482
            ],
            "segmentation_id": 13,
            "visibility": -1
        },
        {
            "bounding_box_minx_maxx_miny_maxy": [
                -1,
                -1,
                -1,
                -1
            ],
            "class": "2",
            "local_cuboid": null,
            "local_to_world_matrix": [
                [
                    -0.17044389247894287,
                    0.9832844734191895,
                    0.06403537094593048,
                    0.0
                ],
                [
                    0.8758406639099121,
                    0.12140119075775146,
