{
    "camera_data": {
        "camera_look_at": {
            "at": [
                1.0,
                0.0,
                0.0
            ],
            "eye": [
                0.0,
                0.0,
                0.0
            ],
            "up": [
                0.0,
                0.0,
                1.0
            ]
        },
        "camera_view_matrix": [
            [
                0.0,
                0.0,
                -1.0,
                0.0
            ],
            [
                -1.0,
                0.0,
                0.0,
                0.0
            ],
            [
                0.0,
                1.0,
                0.0,
                0.0
            ],
            [
                0.0,
                0.0,
                0.0,
                1.0
            ]
        ],
        "height": 500,
        "intrinsics": {
            "cx": 250.0,
            "cy": 250.0,
            "fx": 603.5535278320312,
            "fy": 603.5535278320312
        },
        "location_world": [
            0.0,
            0.0,
            0.0
        ],
        "quaternion_world_xyzw": [
            0.5,
            -0.5,
            -0.5,
            0.5
        ],
        "width": 500
    },
    "objects": [
        {
            "bounding_box_minx_maxx_miny_maxy": [
                -1,
                -1,
                -1,
                -1
            ],
            "class": "50",
            "local_cuboid": null,
            "local_to_world_matrix": [
                [
                    0.5125259160995483,
                    0.7876094579696655,
                    -0.3420358896255493,
                    0.0
                ],
                [
                    -0.37870097160339355,
                    -0.15016603469848633,
                    -0.9132555723190308,
                    0.0
                ],
                [
                    -0.7706508636474609,
                    0.5975965261459351,
                    0.22130447626113892,
                    0.0
                ],
                [
                    1.5662773847579956,
                    -0.11597876995801926,
                    0.6300922632217407,
                    1.0
                ]
            ],
            "location": [
                0.11597876995801926,
                0.6300922632217407,
                -1.5662773847579956
            ],
            "location_world": [
                1.5662773847579956,
                -0.11597876995801926,
                0.6300922632217407
            ],
            "name": "google_50_BLOCKS_0",
            "projected_cuboid": [
                [
                    211.83720231056213,
                    1.0239481925964355
                ],
                [
                    219.04143691062927,
                    44.23290491104126
                ],
                [
                    245.13140320777893,
                    64.05408680438995
                ],
                [
                    237.43505775928497,
                    22.379517555236816
                ],
                [
                    326.255738735199,
                    -82.82944560050964
                ],
                [
                    339.07073736190796,
                    -37.240684032440186
                ],
                [
                    361.38132214546204,
                    -10.125339031219482
                ],
                [
                    348.4717905521393,
                    -54.127037525177
                ],
                [
                    282.86805748939514,
                    -4.271775484085083
                ]
            ],
            "provenance": "nvisii",
            "quaternion_xyzw": [
                -0.29790741205215454,
                0.16101472079753876,
                0.9316002130508423,
                -0.13208507001399994
            ],
            "quaternion_xyzw_world": [
                -0.600288987159729,
                -0.17029651999473572,
                0.4633963108062744,
                0.6292186379432678
            ],
            "segmentation_id": 1,
            "visibility": -1
        },
        {
            "bounding_box_minx_maxx_miny_maxy": [
                -1,
                -1,
                -1,
                -1
            ],
            "class": "50",
            "local_cuboid": null,
            "local_to_world_matrix": [
                [
                    -0.9881184101104736,
                    0.061842575669288635,
                    -0.140703484416008,
                    0.0
                ],
                [
                    -0.01630229316651821,
                    -0.9524835348129272,
                    -0.3041533827781677,
                    0.0
                ],
                [
                    -0.1528273969888687,
                    -0.29824578762054443,
                    0.9421747326850891,
                    0.0
                ],
                [
                    0.9252485036849976,
                    -0.19260434806346893,
                    -0.014786111190915108,
                    1.0
                ]
            ],
            "location": [
                0.19260434806346893,
                -0.014786111190915108,
                -0.9252485036849976
            ],
            "location_world": [
                0.9252485036849976,
                -0.19260434806346893,
                -0.014786111190915108
            ],
            "name": "google_50_BLOCKS_1",
            "projected_cuboid": [
                [
                    369.7121739387512,
                    178.91184985637665
                ],
                [
                    484.91090536117554,
                    215.3419703245163
                ],
                [
                    453.00549268722534,
                    300.15626549720764
                ],
                [
                    340.5013382434845,
                    264.27721977233887
                ],
                [
                    343.16855669021606,
                    174.09957945346832
                ],
                [
                    420.90854048728943,
                    198.691725730896
                ],
                [
                    400.1857340335846,
                    256.6491365432739
                ],
                [
                    323.68236780166626,
                    232.30881989002228
                ],
                [
                    387.9912197589874,
                    225.54129362106323
                ]
            ],
            "provenance": "nvisii",
            "quaternion_xyzw": [
                0.5218915939331055,
                0.38886430859565735,
                0.6162027716636658,
                -0.4435175955295563
            ],
            "quaternion_xyzw_world": [
                -0.07448221743106842,
                -0.1528562307357788,
                0.9852381348609924,
                0.019828930497169495
            ],
            "segmentation_id": 2,
            "visibility": -1
        },
        {
            "bounding_box_minx_maxx_miny_maxy": [
                -1,
                -1,
                -1,
                -1
            ],
            "class": "50",
            "local_cuboid": null,
            "local_to_world_matrix": [
                [
                    0.7989460229873657,
                    -0.44456231594085693,
                    -0.4050304591655731,
                    0.0
                ],
                [
                    -0.10229183733463287,
                    -0.764115571975708,
                    0.6369180679321289,
                    0.0
                ],
                [
                    -0.5926396250724792,
                    -0.467431902885437,
                    -0.655962347984314,
                    0.0
                ],
                [
                    1.5796457529067993,
                    -0.5926094651222229,
                    0.5594375729560852,
                    1.0
                ]
            ],
            "location": [
                0.5926094651222229,
                0.5594375729560852,
                -1.5796457529067993
            ],
            "location_world": [
                1.5796457529067993,
                -0.5926094651222229,
                0.5594375729560852
            ],
            "name": "google_50_BLOCKS_2",
            "projected_cuboid": [
                [
                    492.3399090766907,
                    116.26376211643219
                ],
                [
                    535.3885889053345,
                    80.99962770938873
                ],
                [
                    506.2844753265381,
                    61.92474067211151
                ],
                [
                    465.11852741241455,
                    96.01740539073944
                ],
                [
                    473.0726480484009,
                    25.652781128883362
                ],
                [
                    524.8785018920898,
                    -17.949819564819336
                ],
                [
                    490.4707074165344,
                    -36.282479763031006
                ],
                [
                    441.36980175971985,
                    5.532428622245789
                ],
                [
                    491.4758801460266,
                    45.75169086456299
                ]
            ],
            "provenance": "nvisii",
            "quaternion_xyzw": [
                0.23184309899806976,
                0.3872067928314209,
                -0.357477068901062,
                0.8176368474960327
            ],
            "quaternion_xyzw_world": [
                0.8970819115638733,
                -0.15239804983139038,
                -0.2780320346355438,
                0.3077617287635803
            ],
            "segmentation_id": 3,
            "visibility": -1
        },
        {
            "bounding_box_minx_maxx_miny_maxy": [
                -1,
                -1,
                -1,
                -1
            ],
            "class": "2",
            "local_cuboid": null,
            "local_to_world_matrix": [
                [
                    0.5966928005218506,
                    -0.33007776737213135,
                    0.7314413785934448,
                    0.0
                ],
                [
                    0.7359175682067871,
                    -0.13836240768432617,
                    -0.6627832651138306,
                    0.0
                ],
                [
                    0.31997382640838623,
                    0.9337584972381592,
                    0.16035008430480957,
                    0.0
                ],
                [
                    1.268113613128662,
                    -0.6357309818267822,
                    0.3508349061012268,
                    1.0
                ]
            ],
            "location": [
                0.6357309818267822,
                0.3508349061012268,
                -1.268113613128662
            ],
            "location_world": [
                1.268113613128662,
                -0.6357309818267822,
                0.3508349061012268
            ],
            "name": "google_2_of_Jenga_Classic_Game_3",
            "projected_cuboid": [
                [
                    414.9942398071289,
                    47.39907383918762
                ],
                [
                    412.73367404937744,
                    80.1406055688858
                ],
                [
                    548.690915107727,
                    89.51063454151154
                ],
                [
                    557.8211545944214,
                    54.80337142944336
                ],
                [
                    408.9118242263794,
                    66.7489618062973
                ],
                [
                    406.84956312179565,
                    99.7379869222641
                ],
                [
                    547.3926067352295,
                    110.88964343070984
                ],
                [
                    556.8105578422546,
                    75.93084871768951
                ],
                [
                    479.21985387802124,
                    78.19797098636627
                ]
            ],
            "provenance": "nvisii",
            "quaternion_xyzw": [
                -0.7604003548622131,
                -0.28596895933151245,
                0.5031728744506836,
                0.2946696877479553
            ],
            "quaternion_xyzw_world": [
                -0.6274362802505493,
                -0.16170556843280792,
                -0.41893306374549866,
                0.6361370086669922
            ],
            "segmentation_id": 4,
            "visibility": -1
        },
        {
            "bounding_box_minx_maxx_miny_maxy": [
                -1,
                -1,
                -1,
                -1
            ],
            "class": "50",
            "local_cuboid": null,
            "local_to_world_matrix": [
                [
                    -0.4328411817550659,
                    0.9007719159126282,
                    0.03548331558704376,
                    0.0
                ],
                [
                    0.8394926190376282,
                    0.4171125292778015,
                    -0.3482377529144287,
                    0.0
                ],
                [
                    -0.3284832835197449,
                    -0.12094354629516602,
                    -0.9367349147796631,
                    0.0
                ],
                [
                    1.4073021411895752,
                    -0.63775634765625,
                    0.06216216832399368,
                    1.0
                ]
            ],
            "location": [
                0.63775634765625,
                0.06216216832399368,
                -1.4073021411895752
            ],
            "location_world": [
                1.4073021411895752,
                -0.63775634765625,
                0.06216216832399368
            ],
            "name": "google_50_BLOCKS_4",
            "projected_cuboid": [
                [
                    505.048930644989,
                    254.82797622680664
                ],
                [
                    454.861044883728,
                    277.03431248664856
                ],
                [
                    443.7181353569031,
                    231.4227670431137
                ],
                [
                    491.3938343524933,
                    205.4462730884552
                ],
                [
                    616.183876991272,
                    259.7852647304535
                ],
                [
                    562.0898604393005,
                    279.3237864971161
                ],
                [
                    549.5380163192749,
                    238.20193111896515
                ],
                [
                    601.170539855957,
                    215.61983227729797
                ],
                [
                    529.798150062561,
                    245.57889997959137
                ]
            ],
            "provenance": "nvisii",
            "quaternion_xyzw": [
                -0.1724693775177002,
                0.5531842112541199,
                -0.8027286529541016,
                -0.14095547795295715
            ],
            "quaternion_xyzw_world": [
                0.5212439894676208,
                0.8346688747406006,
                -0.14052917063236237,
                -0.10901526361703873
            ],
            "segmentation_id": 5,
            "visibility": -1
        },
        {
            "bounding_box_minx_maxx_miny_maxy": [
                -1,
                -1,
                -1,
                -1
            ],
            "class": "50",
            "local_cuboid": null,
            "local_to_world_matrix": [
                [
                    -0.27471446990966797,
                    -0.9598308801651001,
                    -0.05707324296236038,
                    0.0
                ],
                [
                    -0.9319404363632202,
                    0.28040260076522827,
                    -0.22991694509983063,
                    0.0
                ],
                [
                    0.23668482899665833,
                    -0.00997258722782135,
                    -0.9715359210968018,
                    0.0
                ],
                [
                    1.004596471786499,
                    0.25810784101486206,
                    0.07955463975667953,
                    1.0
                ]
            ],
            "location": [
                -0.25810784101486206,
                0.07955463975667953,
                -1.004596471786499
            ],
            "location_world": [
                1.004596471786499,
                0.25810784101486206,
                0.07955463975667953
            ],
            "name": "google_50_BLOCKS_5",
            "projected_cuboid": [
                [
                    212.11674809455872,
                    262.28952407836914
                ],
                [
                    179.40856516361237,
                    286.3110899925232
                ],
                [
                    176.5761822462082,
                    214.3043875694275
                ],
                [
                    210.49758791923523,
                    199.24645125865936
                ],
                [
                    35.675495862960815,
                    250.5590319633484
                ],
                [
                    -17.623096704483032,
                    270.679235458374
                ],
                [
                    -25.409579277038574,
                    205.40308952331543
                ],
                [
                    30.0787091255188,
                    192.73880124092102
                ],
                [
                    97.12125360965729,
                    234.74863171577454
                ]
            ],
            "provenance": "nvisii",
            "quaternion_xyzw": [
                -0.7788505554199219,
                0.1083250492811203,
                -0.09138041734695435,
                -0.6109888553619385
            ],
            "quaternion_xyzw_world": [
                -0.5950669646263123,
                0.7947724461555481,
                -0.07545855641365051,
                0.09240319579839706
            ],
            "segmentation_id": 6,
            "visibility": -1
        },
        {
            "bounding_box_minx_maxx_miny_maxy": [
                -1,
                -1,
                -1,
                -1
            ],
            "class": "50",
            "local_cuboid": null,
            "local_to_world_matrix": [
                [
                    -0.09256851673126221,
                    -0.6590845584869385,
                    -0.746350109577179,
                    0.0
                ],
                [
                    0.9957062005996704,
                    -0.06163227558135986,
                    -0.06906971335411072,
                    0.0
                ],
                [
                    -0.00047647953033447266,
                    -0.7495391368865967,
                    0.6619598865509033,
                    0.0
                ],
                [
                    1.337310791015625,
                    0.2901403307914734,
                    -0.3717399835586548,
                    1.0
                ]
            ],
            "location": [
                -0.2901403307914734,
                -0.3717399835586548,
                -1.337310791015625
            ],
            "location_world": [
                1.337310791015625,
                0.2901403307914734,
                -0.3717399835586548
            ],
            "name": "google_50_BLOCKS_6",
            "projected_cuboid": [
                [
                    204.35114204883575,
                    456.0893774032593
                ],
                [
                    213.0104899406433,
                    438.95772099494934
                ],
                [
                    177.13269591331482,
                    470.6375002861023
                ],
                [
                    164.29519653320312,
                    491.4580285549164
                ],
                [
                    95.08426487445831,
                    325.7301449775696
                ],
                [
                    114.67938125133514,
                    322.27909564971924
                ],
                [
                    79.63331043720245,
                    353.2319664955139
                ],
                [
                    56.0622364282608,
                    360.19521951675415
                ],
                [
                    137.8340721130371,
                    401.23140811920166
                ]
            ],
            "provenance": "nvisii",
            "quaternion_xyzw": [
                -0.6572058200836182,
                0.26046550273895264,
                -0.32033637166023254,
                0.6305733919143677
            ],
            "quaternion_xyzw_world": [
                0.2770847678184509,
                0.30371713638305664,
                -0.6738250255584717,
                0.6139541864395142
            ],
            "segmentation_id": 7,
            "visibility": -1
        },
        {
            "bounding_box_minx_maxx_miny_maxy": [
                -1,
                -1,
                -1,
                -1
            ],
            "class": "2",
            "local_cuboid": null,
            "local_to_world_matrix": [
                [
                    0.03671467304229736,
                    -0.7433956265449524,
                    0.6678434610366821,
                    0.0
                ],
                [
                    0.2899702191352844,
                    0.6474666595458984,
                    0.7047724723815918,
                    0.0
                ],
                [
                    -0.9563311338424683,
                    0.16777923703193665,
                    0.23933416604995728,
                    0.0
                ],
                [
                    1.9855701923370361,
                    0.7094777822494507,
                    0.07128975540399551,
                    1.0
                ]
            ],
            "location": [
                -0.7094777822494507,
                0.07128975540399551,
                -1.9855701923370361
            ],
            "location_world": [
                1.9855701923370361,
                0.7094777822494507,
                0.07128975540399551
            ],
            "name": "google_2_of_Jenga_Classic_Game_7",
            "projected_cuboid": [
                [
                    0.15832483768463135,
                    200.96221566200256
                ],
                [
                    -15.470147132873535,
                    180.77707290649414
                ],
                [
                    36.41737997531891,
                    211.55402064323425
                ],
                [
                    50.478413701057434,
                    229.2654514312744
                ],
                [
                    -21.181702613830566,
                    219.66546773910522
                ],
                [
                    -36.532193422317505,
                    199.17957484722137
                ],
                [
                    18.377721309661865,
                    227.4261713027954
                ],
                [
                    32.235413789749146,
                    245.36068737506866
                ],
                [
                    10.010600090026855,
                    215.27278423309326
                ]
            ],
            "provenance": "nvisii",
            "quaternion_xyzw": [
                -0.14343291521072388,
                -0.03551638126373291,
                0.35642772912979126,
                0.9225642681121826
            ],
            "quaternion_xyzw_world": [
                0.1935935914516449,
                -0.5855377316474915,
                -0.3725428879261017,
                0.6934542655944824
            ],
            "segmentation_id": 8,
            "visibility": -1
        },
        {
            "bounding_box_minx_maxx_miny_maxy": [
                -1,
                -1,
                -1,
                -1
            ],
            "class": "50",
            "local_cuboid": null,
            "local_to_world_matrix": [
                [
                    0.5401232242584229,
                    0.273733913898468,
                    0.7958246469497681,
                    0.0
                ],
                [
                    -0.6127527356147766,
                    0.7761170268058777,
                    0.14891785383224487,
                    0.0
                ],
                [
                    -0.5768892765045166,
                    -0.5680776238441467,
                    0.586929976940155,
                    0.0
                ],
                [
                    1.0747298002243042,
                    -0.32799428701400757,
                    0.1379651427268982,
                    1.0
                ]
            ],
            "location": [
                0.32799428701400757,
                0.1379651427268982,
                -1.0747298002243042
            ],
            "location_world": [
                1.0747298002243042,
                -0.32799428701400757,
                0.1379651427268982
            ],
            "name": "google_50_BLOCKS_8",
            "projected_cuboid": [
                [
                    458.80913734436035,
                    75.09289681911469
                ],
                [
                    411.98408603668213,
                    47.992631793022156
                ],
                [
                    369.1325783729553,
                    94.2293256521225
                ],
                [
                    416.65560007095337,
                    116.50228500366211
                ],
                [
                    561.9142651557922,
                    218.20029616355896
                ],
                [
                    515.352189540863,
                    199.83665645122528
                ],
                [
                    456.61789178848267,
                    245.21669745445251
                ],
                [
                    505.4147243499756,
                    258.4659159183502
                ],
                [
                    457.82798528671265,
                    151.2661576271057
                ]
            ],
            "provenance": "nvisii",
            "quaternion_xyzw": [
                0.0107145756483078,
                0.45982682704925537,
                0.6522471904754639,
                0.6025100350379944
            ],
            "quaternion_xyzw_world": [
                0.21040211617946625,
                -0.40282249450683594,
                0.26013925671577454,
                0.8519347310066223
            ],
            "segmentation_id": 9,
            "visibility": -1
        },
        {
            "bounding_box_minx_maxx_miny_maxy": [
                -1,
                -1,
                -1,
                -1
            ],
            "class": "50",
            "local_cuboid": null,
            "local_to_world_matrix": [
                [
                    0.752951443195343,
                    -0.6578159332275391,
                    0.018503814935684204,
                    0.0
                ],
                [
                    0.3875557482242584,
                    0.420529842376709,
                    -0.8203384280204773,
                    0.0
                ],
                [
                    0.5318502187728882,
                    0.6248462796211243,
                    0.571578860282898,
                    0.0
                ],
                [
                    0.9742016196250916,
                    -0.593814492225647,
                    -0.28989148139953613,
                    1.0
                ]
            ],
            "location": [
                0.593814492225647,
                -0.28989148139953613,
                -0.9742016196250916
            ],
            "location_world": [
                0.9742016196250916,
                -0.593814492225647,
                -0.28989148139953613
            ],
            "name": "google_50_BLOCKS_9",
            "projected_cuboid": [
                [
                    606.2610149383545,
                    336.8656635284424
                ],
                [
                    558.3860874176025,
                    393.2396471500397
                ],
                [
                    611.0219359397888,
                    434.20499563217163
                ],
                [
                    664.2616987228394,
                    376.90871953964233
                ],
                [
                    553.6565184593201,
                    368.1447505950928
                ],
                [
                    495.16522884368896,
                    438.89087438583374
                ],
                [
                    559.7522258758545,
                    495.5776631832123
                ],
                [
                    626.979410648346,
                    423.6600399017334
                ],
                [
                    586.1350297927856,
                    405.5459499359131
                ]
            ],
            "provenance": "nvisii",
            "quaternion_xyzw": [
                -0.8674682378768921,
                0.11586189270019531,
                0.3970744013786316,
                0.2764177918434143
            ],
            "quaternion_xyzw_world": [
                -0.43613147735595703,
                0.15491896867752075,
                -0.31547486782073975,
                0.8284111618995667
            ],
            "segmentation_id": 10,
            "visibility": -1
        },
        {
            "bounding_box_minx_maxx_miny_maxy": [
                -1,
                -1,
                -1,
                -1
            ],
            "class": "50",
            "local_cuboid": null,
            "local_to_world_matrix": [
                [
                    0.028591811656951904,
                    0.04587489366531372,
                    -0.9985378980636597,
                    0.0
                ],
                [
                    0.3956412971019745,
                    0.9168484210968018,
                    0.053450554609298706,
                    0.0
                ],
                [
                    0.9179599285125732,
                    -0.39659109711647034,
                    0.008064329624176025,
                    0.0
                ],
                [
                    1.753919005393982,
                    0.6030924916267395,
                    -0.2661181092262268,
                    1.0
                ]
            ],
            "location": [
                -0.6030924916267395,
                -0.2661181092262268,
                -1.753919005393982
            ],
            "location_world": [
                1.753919005393982,
                0.6030924916267395,
                -0.2661181092262268
            ],
            "name": "google_50_BLOCKS_10",
            "projected_cuboid": [
                [
                    84.95432138442993,
                    397.2100019454956
                ],
                [
                    47.23091423511505,
                    390.2149200439453
                ],
                [
                    20.92115581035614,
                    398.4745144844055
                ],
                [
                    59.97863411903381,
                    406.15570545196533
                ],
                [
                    89.44043517112732,
                    280.3226113319397
                ],
                [
                    51.374927163124084,
                    276.88342332839966
                ],
                [
                    25.151193141937256,
                    278.7207365036011
                ],
                [
                    64.58176672458649,
                    282.42456912994385
                ],
                [
                    55.49907684326172,
                    338.8497233390808
                ]
            ],
            "provenance": "nvisii",
            "quaternion_xyzw": [
                -0.6742838025093079,
                0.7101559042930603,
                -0.13644081354141235,
                0.14967942237854004
            ],
            "quaternion_xyzw_world": [
                0.16099615395069122,
                0.6856005191802979,
                -0.12512408196926117,
                0.6988391280174255
            ],
            "segmentation_id": 11,
            "visibility": -1
        },
        {
            "bounding_box_minx_maxx_miny_maxy": [
                -1,
                -1,
                -1,
                -1
            ],
            "class": "50",
            "local_cuboid": null,
            "local_to_world_matrix": [
                [
                    0.022837460041046143,
                    0.9837023019790649,
                    0.1783488392829895,
                    0.0
                ],
                [
                    0.46379807591438293,
                    -0.16846132278442383,
                    0.8697770833969116,
                    0.0
                ],
                [
                    0.8856465220451355,
                    0.06285431981086731,
                    -0.460086464881897,
                    0.0
                ],
                [
                    1.42841374874115,
                    -0.36996814608573914,
                    0.0779072716832161,
                    1.0
                ]
            ],
            "location": [
                0.36996814608573914,
                0.0779072716832161,
                -1.42841374874115
            ],
            "location_world": [
                1.42841374874115,
                -0.36996814608573914,
                0.0779072716832161
            ],
            "name": "google_50_BLOCKS_11",
            "projected_cuboid": [
                [
                    320.86846232414246,
                    251.7310082912445
                ],
                [
                    327.2916376590729,
                    202.65059173107147
                ],
                [
                    335.3121280670166,
                    178.55486273765564
                ],
                [
                    328.8276791572571,
                    229.9041450023651
                ],
                [
                    463.1548821926117,
                    277.46737003326416
                ],
                [
                    463.41896057128906,
                    227.01063752174377
                ],
                [
                    480.62366247177124,
                    204.4161707162857
                ],
                [
                    481.1789393424988,
                    257.32508301734924
                ],
                [
                    399.71059560775757,
                    228.3802330493927
                ]
            ],
            "provenance": "nvisii",
            "quaternion_xyzw": [
                0.08967608213424683,
                0.9668409824371338,
                -0.2388925552368164,
                -0.010347336530685425
            ],
            "quaternion_xyzw_world": [
                0.642531156539917,
                0.5632023811340332,
                0.4139859080314636,
                0.31396248936653137
            ],
            "segmentation_id": 12,
            "visibility": -1
        },
        {
            "bounding_box_minx_maxx_miny_maxy": [
                -1,
                -1,
                -1,
                -1
            ],
            "class": "50",
            "local_cuboid": null,
            "local_to_world_matrix": [
                [
                    -0.588608980178833,
                    0.7777047753334045,
                    -0.22071418166160583,
                    0.0
                ],
                [
                    0.24860411882400513,
                    -0.08565807342529297,
                    -0.9648101925849915,
                    0.0
                ],
                [
                    -0.7692434787750244,
                    -0.6227664351463318,
                    -0.14292144775390625,
                    0.0
                ],
                [
                    1.1800886392593384,
                    0.3053293228149414,
                    -0.3158879280090332,
                    1.0
                ]
            ],
            "location": [
                -0.3053293228149414,
                -0.3158879280090332,
                -1.1800886392593384
            ],
            "location_world": [
                1.1800886392593384,
                0.3053293228149414,
                -0.3158879280090332
            ],
            "name": "google_50_BLOCKS_12",
            "projected_cuboid": [
                [
                    13.442367315292358,
                    436.8664026260376
                ],
                [
                    29.44524586200714,
                    514.4646763801575
                ],
                [
                    8.597046136856079,
                    485.1760268211365
                ],
                [
                    -6.834477186203003,
                    412.81408071517944
                ],
                [
                    196.69511914253235,
                    363.6395335197449
                ],
                [
                    204.4835239648819,
                    430.07829785346985
                ],
                [
                    175.56102573871613,
                    411.0049307346344
                ],
                [
                    167.46652126312256,
                    348.4802842140198
                ],
                [
                    106.2861680984497,
                    422.05578088760376
                ]
            ],
            "provenance": "nvisii",
            "quaternion_xyzw": [
                -0.3232112228870392,
                0.10446426272392273,
                -0.9369843006134033,
                0.0817442387342453
            ],
            "quaternion_xyzw_world": [
                0.3999907970428467,
                0.6414577960968018,
                -0.6187377572059631,
                -0.21378228068351746
            ],
            "segmentation_id": 13,
            "visibility": -1
        },
        {
            "bounding_box_minx_maxx_miny_maxy": [
                -1,
                -1,
                -1,
                -1
            ],
            "class": "2",
            "local_cuboid": null,
            "local_to_world_matrix": [
                [
                    -0.8338663578033447,
                    0.47177010774612427,
                    0.2865307033061981,
                    0.0
                ],
                [
                    -0.42223048210144043,
                    -0.2108457088470459,
