{
    "camera_data": {
        "camera_look_at": {
            "at": [
                1.0,
                0.0,
                0.0
            ],
            "eye": [
                0.0,
                0.0,
                0.0
            ],
            "up": [
                0.0,
                0.0,
                1.0
            ]
        },
        "camera_view_matrix": [
            [
                0.0,
                0.0,
                -1.0,
                0.0
            ],
            [
                -1.0,
                0.0,
                0.0,
                0.0
            ],
            [
                0.0,
                1.0,
                0.0,
                0.0
            ],
            [
                0.0,
                0.0,
                0.0,
                1.0
            ]
        ],
        "height": 500,
        "intrinsics": {
            "cx": 250.0,
            "cy": 250.0,
            "fx": 603.5535278320312,
            "fy": 603.5535278320312
        },
        "location_world": [
            0.0,
            0.0,
            0.0
        ],
        "quaternion_world_xyzw": [
            0.5,
            -0.5,
            -0.5,
            0.5
        ],
        "width": 500
    },
    "objects": [
        {
            "bounding_box_minx_maxx_miny_maxy": [
                -1,
                -1,
                -1,
                -1
            ],
            "class": "2",
            "local_cuboid": null,
            "local_to_world_matrix": [
                [
                    -0.28569161891937256,
                    -0.10410720109939575,
                    -0.9526503086090088,
                    0.0
                ],
                [
                    0.46798551082611084,
                    -0.8826462030410767,
                    -0.04388768970966339,
                    0.0
                ],
                [
                    -0.8362836837768555,
                    -0.4583647847175598,
                    0.3008847236633301,
                    0.0
                ],
                [
                    1.553704023361206,
                    -0.46007663011550903,
                    0.4997585415840149,
                    1.0
                ]
            ],
            "location": [
                0.46007663011550903,
                0.4997585415840149,
                -1.553704023361206
            ],
            "location_world": [
                1.553704023361206,
                -0.46007663011550903,
                0.4997585415840149
            ],
            "name": "google_2_of_Jenga_Classic_Game_0",
            "projected_cuboid": [
                [
                    514.7536993026733,
                    -10.584026575088501
                ],
                [
                    540.946900844574,
                    -1.0736286640167236
                ],
                [
                    443.72400641441345,
                    72.14227318763733
                ],
                [
                    419.2097783088684,
                    66.05763733386993
                ],
                [
                    506.3568353652954,
                    -40.93566536903381
                ],
                [
                    532.3572158813477,
                    -30.690401792526245
                ],
                [
                    437.8410577774048,
                    46.04952037334442
                ],
                [
                    413.53392601013184,
                    39.38637673854828
                ],
                [
                    472.18286991119385,
                    20.762383937835693
                ]
            ],
            "provenance": "nvisii",
            "quaternion_xyzw": [
                0.2791556119918823,
                -0.06269294023513794,
                0.6663452982902527,
                -0.6885679960250854
            ],
            "quaternion_xyzw_world": [
                -0.5692253112792969,
                -0.15981295704841614,
                0.7856879830360413,
                -0.18203559517860413
            ],
            "segmentation_id": 1,
            "visibility": -1
        },
        {
            "bounding_box_minx_maxx_miny_maxy": [
                -1,
                -1,
                -1,
                -1
            ],
            "class": "2",
            "local_cuboid": null,
            "local_to_world_matrix": [
                [
                    0.14372706413269043,
                    0.965325117111206,
                    0.21792158484458923,
                    0.0
                ],
                [
                    0.789169192314148,
                    0.021068990230560303,
                    -0.6138143539428711,
                    0.0
                ],
                [
                    -0.5971218347549438,
                    0.26019877195358276,
                    -0.7587766647338867,
                    0.0
                ],
                [
                    1.5254175662994385,
                    -0.31124117970466614,
                    -0.479970782995224,
                    1.0
                ]
            ],
            "location": [
                0.31124117970466614,
                -0.479970782995224,
                -1.5254175662994385
            ],
            "location_world": [
                1.5254175662994385,
                -0.31124117970466614,
                -0.479970782995224
            ],
            "name": "google_2_of_Jenga_Classic_Game_1",
            "projected_cuboid": [
                [
                    340.33793210983276,
                    554.2501211166382
                ],
                [
                    335.23455262184143,
                    562.1696710586548
                ],
                [
                    355.05443811416626,
                    441.85447692871094
                ],
                [
                    360.4453504085541,
                    429.50427532196045
                ],
                [
                    376.15078687667847,
                    564.7879838943481
                ],
                [
                    369.27440762519836,
                    572.263240814209
                ],
                [
                    385.41609048843384,
                    449.9360918998718
                ],
                [
                    392.2092020511627,
                    437.85402178764343
                ],
                [
                    364.6770417690277,
                    497.9276955127716
                ]
            ],
            "provenance": "nvisii",
            "quaternion_xyzw": [
                0.11332184076309204,
                0.43427783250808716,
                -0.8911034464836121,
                -0.0670490562915802
            ],
            "quaternion_xyzw_world": [
                0.6858270168304443,
                0.6395542621612549,
                -0.13822737336158752,
                -0.3185982406139374
            ],
            "segmentation_id": 2,
            "visibility": -1
        },
        {
            "bounding_box_minx_maxx_miny_maxy": [
                -1,
                -1,
                -1,
                -1
            ],
            "class": "2",
            "local_cuboid": null,
            "local_to_world_matrix": [
                [
                    -0.16485190391540527,
                    0.3796064853668213,
                    0.9103420972824097,
                    0.0
                ],
                [
                    0.11027520895004272,
                    0.9242767095565796,
                    -0.3654475808143616,
                    0.0
                ],
                [
                    -0.9801342487335205,
                    0.040143415331840515,
                    -0.19422996044158936,
                    0.0
                ],
                [
                    0.9739009141921997,
                    0.5534377694129944,
                    -0.486381858587265,
                    1.0
                ]
            ],
            "location": [
                -0.5534377694129944,
                -0.486381858587265,
                -0.9739009141921997
            ],
            "location_world": [
                0.9739009141921997,
                0.5534377694129944,
                -0.486381858587265
            ],
            "name": "google_2_of_Jenga_Classic_Game_2",
            "projected_cuboid": [
                [
                    -232.77190327644348,
                    688.7928247451782
                ],
                [
                    -294.9053645133972,
                    709.9934816360474
                ],
                [
                    -127.1355152130127,
                    539.2864346504211
                ],
                [
                    -81.856369972229,
                    522.7392911911011
                ],
                [
                    -197.45054841041565,
                    743.3831691741943
                ],
                [
                    -258.89837741851807,
                    763.4617686271667
                ],
                [
                    -103.8084626197815,
                    579.4684886932373
                ],
                [
                    -58.91013145446777,
                    563.5253190994263
                ],
                [
                    -156.3132405281067,
                    623.977541923523
                ]
            ],
            "provenance": "nvisii",
            "quaternion_xyzw": [
                0.03777182102203369,
                -0.09222877025604248,
                0.8254072666168213,
                0.5556707382202148
            ],
            "quaternion_xyzw_world": [
                -0.16209669411182404,
                -0.7555392980575562,
                0.10763972997665405,
                0.62553870677948
            ],
            "segmentation_id": 3,
            "visibility": -1
        },
        {
            "bounding_box_minx_maxx_miny_maxy": [
                -1,
                -1,
                -1,
                -1
            ],
            "class": "2",
            "local_cuboid": null,
            "local_to_world_matrix": [
                [
                    -0.5932841300964355,
                    -0.8001533150672913,
                    0.08813932538032532,
                    0.0
                ],
                [
                    -0.08970016241073608,
                    -0.04309689998626709,
                    -0.9950358867645264,
                    0.0
                ],
                [
                    0.7999798059463501,
                    -0.5982451438903809,
                    -0.04620516300201416,
                    0.0
                ],
                [
                    0.5273551940917969,
                    0.574698269367218,
                    -0.06756550818681717,
                    1.0
                ]
            ],
            "location": [
                -0.574698269367218,
                -0.06756550818681717,
                -0.5273551940917969
            ],
            "location_world": [
                0.5273551940917969,
                0.574698269367218,
                -0.06756550818681717
            ],
            "name": "google_2_of_Jenga_Classic_Game_3",
            "projected_cuboid": [
                [
                    -51.379233598709106,
                    278.935045003891
                ],
                [
                    -51.49689316749573,
                    348.33428263664246
                ],
                [
                    -403.2086730003357,
                    377.9878318309784
                ],
                [
                    -397.79043197631836,
                    276.2083411216736
                ],
                [
                    -81.81700110435486,
                    282.5409770011902
                ],
                [
                    -82.22287893295288,
                    347.81455993652344
                ],
                [
                    -416.96697473526,
                    374.70877170562744
                ],
                [
                    -411.8179678916931,
                    281.56378865242004
                ],
                [
                    -206.5863311290741,
                    319.5949196815491
                ]
            ],
            "provenance": "nvisii",
            "quaternion_xyzw": [
                -0.9480465054512024,
                -0.03460702300071716,
                -0.31420642137527466,
                -0.03583827614784241
            ],
            "quaternion_xyzw_world": [
                -0.35214269161224365,
                0.6317421197891235,
                -0.6305108666419983,
                0.28169742226600647
            ],
            "segmentation_id": 4,
            "visibility": -1
        },
        {
            "bounding_box_minx_maxx_miny_maxy": [
                -1,
                -1,
                -1,
                -1
            ],
            "class": "2",
            "local_cuboid": null,
            "local_to_world_matrix": [
                [
                    0.36200082302093506,
                    0.6825171709060669,
                    0.6349217891693115,
                    0.0
                ],
                [
                    -0.9194954633712769,
                    0.37341225147247314,
                    0.1228463351726532,
                    0.0
                ],
                [
                    -0.15324284136295319,
                    -0.6282782554626465,
                    0.762747049331665,
                    0.0
                ],
                [
                    0.6946746110916138,
                    -0.18582500517368317,
                    -0.5946150422096252,
                    1.0
                ]
            ],
            "location": [
                0.18582500517368317,
                -0.5946150422096252,
                -0.6946746110916138
            ],
            "location_world": [
                0.6946746110916138,
                -0.18582500517368317,
                -0.5946150422096252
            ],
            "name": "google_2_of_Jenga_Classic_Game_4",
            "projected_cuboid": [
                [
                    557.5268268585205,
                    552.1706342697144
                ],
                [
                    565.276026725769,
                    579.6734094619751
                ],
                [
                    378.93760204315186,
                    758.3078742027283
                ],
                [
                    390.998899936676,
                    713.904619216919
                ],
                [
                    618.727445602417,
                    609.784722328186
                ],
                [
                    634.8088979721069,
                    646.0981369018555
                ],
                [
                    435.325562953949,
                    828.0494213104248
                ],
                [
                    441.7788088321686,
                    774.3546366691589
                ],
                [
                    499.21783804893494,
                    683.8076114654541
                ]
            ],
            "provenance": "nvisii",
            "quaternion_xyzw": [
                0.10172710567712784,
                0.6426742076873779,
                0.6543916463851929,
                0.38521814346313477
            ],
            "quaternion_xyzw_world": [
                0.23761390149593353,
                -0.2493313103914261,
                0.5067874193191528,
                0.790278434753418
            ],
            "segmentation_id": 5,
            "visibility": -1
        },
        {
            "bounding_box_minx_maxx_miny_maxy": [
                -1,
                -1,
                -1,
                -1
            ],
            "class": "2",
            "local_cuboid": null,
            "local_to_world_matrix": [
                [
                    0.013856589794158936,
                    -0.9776830673217773,
                    -0.20962771773338318,
                    0.0
                ],
                [
                    0.18367251753807068,
                    0.20856928825378418,
                    -0.9606056213378906,
                    0.0
                ],
                [
                    0.9828897714614868,
                    -0.02519211173057556,
                    0.18246352672576904,
                    0.0
                ],
                [
                    1.3961812257766724,
                    0.41103607416152954,
                    -0.04059508442878723,
                    1.0
                ]
            ],
            "location": [
                -0.41103607416152954,
                -0.04059508442878723,
                -1.3961812257766724
            ],
            "location_world": [
                1.3961812257766724,
                0.41103607416152954,
                -0.04059508442878723
            ],
            "name": "google_2_of_Jenga_Classic_Game_5",
            "projected_cuboid": [
                [
                    121.68863415718079,
                    233.7862253189087
                ],
                [
                    116.58141016960144,
                    262.87543773651123
                ],
                [
                    86.1460417509079,
                    288.41111063957214
                ],
                [
                    91.96913242340088,
                    253.5942792892456
                ],
                [
                    93.81347894668579,
                    227.81680524349213
                ],
                [
                    88.95865082740784,
                    256.9795846939087
                ],
                [
                    52.848637104034424,
                    281.3290059566498
                ],
                [
                    58.30425024032593,
                    246.40560150146484
                ],
                [
                    90.3165191411972,
                    255.45266270637512
                ]
            ],
            "provenance": "nvisii",
            "quaternion_xyzw": [
                -0.9900982975959778,
                0.10559481382369995,
                -0.002862215042114258,
                0.09244942665100098
            ],
            "quaternion_xyzw_world": [
                -0.3945959210395813,
                0.5030529499053955,
                -0.48990756273269653,
                0.5926401615142822
            ],
            "segmentation_id": 6,
            "visibility": -1
        },
        {
            "bounding_box_minx_maxx_miny_maxy": [
                -1,
                -1,
                -1,
                -1
            ],
            "class": "2",
            "local_cuboid": null,
            "local_to_world_matrix": [
                [
                    -0.5269205570220947,
                    0.5399320125579834,
                    0.656374990940094,
                    0.0
                ],
                [
                    0.6488323211669922,
                    -0.2432856559753418,
                    0.7209914922714233,
                    0.0
                ],
                [
                    0.548973023891449,
                    0.8057825565338135,
                    -0.22213315963745117,
                    0.0
                ],
                [
                    1.769281029701233,
                    0.5147979259490967,
                    -0.229877769947052,
                    1.0
                ]
            ],
            "location": [
                -0.5147979259490967,
                -0.229877769947052,
                -1.769281029701233
            ],
            "location_world": [
                1.769281029701233,
                0.5147979259490967,
                -0.229877769947052
            ],
            "name": "google_2_of_Jenga_Classic_Game_6",
            "projected_cuboid": [
                [
                    -0.7735192775726318,
                    346.0288345813751
                ],
                [
                    12.725591659545898,
                    324.3347406387329
                ],
                [
                    71.29314541816711,
                    308.99500846862793
                ],
                [
                    58.40066075325012,
                    332.222044467926
                ],
                [
                    18.015459179878235,
                    360.20445823669434
                ],
                [
                    30.710414052009583,
                    338.5736644268036
                ],
                [
                    89.52522277832031,
                    324.84111189842224
                ],
                [
                    77.50345766544342,
                    348.01292419433594
                ],
                [
                    43.59465837478638,
                    335.618257522583
                ]
            ],
            "provenance": "nvisii",
            "quaternion_xyzw": [
                0.2683512270450592,
                0.8381372690200806,
                -0.2597919702529907,
                -0.3975193500518799
            ],
            "quaternion_xyzw_world": [
                0.4843805730342865,
                0.6135486960411072,
                0.6221079230308533,
                -0.043762631714344025
            ],
            "segmentation_id": 7,
            "visibility": -1
        },
        {
            "bounding_box_minx_maxx_miny_maxy": [
                -1,
                -1,
                -1,
                -1
            ],
            "class": "2",
            "local_cuboid": null,
            "local_to_world_matrix": [
                [
                    0.9490059018135071,
                    0.0587315708398819,
                    -0.30973929166793823,
                    0.0
                ],
                [
                    0.23807944357395172,
                    0.5105172991752625,
                    0.8262509107589722,
                    0.0
                ],
                [
                    0.20665431022644043,
                    -0.8578594923019409,
                    0.4705011248588562,
                    0.0
                ],
                [
                    1.8856319189071655,
                    -0.03963287174701691,
                    -0.13632240891456604,
                    1.0
                ]
            ],
            "location": [
                0.03963287174701691,
                -0.13632240891456604,
                -1.8856319189071655
            ],
            "location_world": [
                1.8856319189071655,
                -0.03963287174701691,
                -0.13632240891456604
            ],
            "name": "google_2_of_Jenga_Classic_Game_7",
            "projected_cuboid": [
                [
                    344.65163946151733,
                    264.0725076198578
                ],
                [
                    330.64568042755127,
                    242.80741810798645
                ],
                [
                    254.9276351928711,
                    285.49230098724365
                ],
                [
                    268.5798406600952,
                    307.8770041465759
                ],
                [
                    349.85703229904175,
                    256.8594217300415
                ],
                [
                    335.25002002716064,
                    234.84012484550476
                ],
                [
                    256.6310167312622,
                    278.9859175682068
                ],
                [
                    270.85787057876587,
                    302.21113562583923
                ],
                [
                    301.9636869430542,
                    271.3051736354828
                ]
            ],
            "provenance": "nvisii",
            "quaternion_xyzw": [
                -0.2835807204246521,
                0.7231246829032898,
                0.08035336434841156,
                0.6246729493141174
            ],
            "quaternion_xyzw_world": [
                0.4919317662715912,
                0.15083952248096466,
                -0.052387844771146774,
                0.8558658361434937
            ],
            "segmentation_id": 8,
            "visibility": -1
        },
        {
            "bounding_box_minx_maxx_miny_maxy": [
                -1,
                -1,
                -1,
                -1
            ],
            "class": "2",
            "local_cuboid": null,
            "local_to_world_matrix": [
                [
                    -0.8590927124023438,
                    -0.0695071816444397,
                    -0.5070784091949463,
                    0.0
                ],
                [
                    -0.5106085538864136,
                    0.04826474189758301,
                    0.8584575653076172,
                    0.0
                ],
                [
                    -0.035194963216781616,
                    0.9964132308959961,
                    -0.07695496082305908,
                    0.0
                ],
                [
                    0.9389175772666931,
                    0.01659298688173294,
                    0.6209847927093506,
                    1.0
                ]
            ],
            "location": [
                -0.01659298688173294,
                0.6209847927093506,
                -0.9389175772666931
            ],
            "location_world": [
                0.9389175772666931,
                0.01659298688173294,
                0.6209847927093506
            ],
            "name": "google_2_of_Jenga_Classic_Game_8",
            "projected_cuboid": [
                [
                    50.51599442958832,
                    -107.15144872665405
                ],
                [
                    37.84988820552826,
                    -174.8863160610199
                ],
                [
                    239.1444444656372,
                    -185.2981448173523
                ],
                [
                    242.3040270805359,
                    -117.83033609390259
                ],
                [
                    60.89067459106445,
                    -107.08916187286377
                ],
                [
                    49.61210489273071,
                    -169.9429154396057
                ],
                [
                    236.43891513347626,
                    -179.66637015342712
                ],
                [
                    239.50046300888062,
                    -117.04090237617493
                ],
                [
                    145.2164500951767,
                    -144.08713579177856
                ]
            ],
            "provenance": "nvisii",
            "quaternion_xyzw": [
                -0.209675133228302,
                0.6621471643447876,
                0.16373008489608765,
                -0.7005640268325806
            ],
            "quaternion_xyzw_world": [
                -0.2059110403060913,
                0.7043281197547913,
                0.6583830714225769,
                0.16749419271945953
            ],
            "segmentation_id": 9,
            "visibility": -1
        },
        {
            "bounding_box_minx_maxx_miny_maxy": [
                -1,
                -1,
                -1,
                -1
            ],
            "class": "2",
            "local_cuboid": null,
            "local_to_world_matrix": [
                [
                    0.8613706827163696,
                    0.5043797492980957,
                    0.06034667789936066,
                    0.0
                ],
                [
                    -0.4798196256160736,
                    0.8468655347824097,
                    -0.22932930290699005,
                    0.0
                ],
                [
                    -0.16677457094192505,
                    0.1685820072889328,
                    0.9714763760566711,
                    0.0
                ],
                [
                    1.9023189544677734,
                    -0.029068129137158394,
                    0.5049207806587219,
                    1.0
                ]
            ],
            "location": [
                0.029068129137158394,
                0.5049207806587219,
                -1.9023189544677734
            ],
            "location_world": [
                1.9023189544677734,
                -0.029068129137158394,
                0.5049207806587219
            ],
            "name": "google_2_of_Jenga_Classic_Game_9",
            "projected_cuboid": [
                [
                    248.6467957496643,
                    -3.323763608932495
                ],
                [
                    225.5048006772995,
                    -2.561241388320923
                ],
                [
                    241.63901805877686,
                    93.24675798416138
                ],
                [
                    263.8707458972931,
                    90.51930904388428
                ],
                [
                    261.64916157722473,
                    -11.117935180664062
                ],
                [
                    237.92599141597748,
                    -10.502070188522339
                ],
                [
                    254.3260157108307,
                    89.0379399061203
                ],
                [
                    277.08545327186584,
                    86.30265295505524
                ],
                [
                    251.44124031066895,
                    42.12243854999542
                ]
            ],
            "provenance": "nvisii",
            "quaternion_xyzw": [
                -0.37355557084083557,
                0.5263733863830566,
                0.6892901659011841,
                0.3290385901927948
            ],
            "quaternion_xyzw_world": [
                -0.10371685773134232,
                -0.059199877083301544,
                0.2565346956253052,
                0.9591288566589355
            ],
            "segmentation_id": 10,
            "visibility": -1
        },
        {
            "bounding_box_minx_maxx_miny_maxy": [
                -1,
                -1,
                -1,
                -1
            ],
            "class": "2",
            "local_cuboid": null,
            "local_to_world_matrix": [
                [
                    0.019711315631866455,
                    -0.3778979182243347,
                    -0.925637423992157,
                    0.0
                ],
                [
                    -0.7044697403907776,
                    -0.662207841873169,
                    0.255349338054657,
                    0.0
                ],
                [
                    -0.7094603180885315,
                    0.6470502614974976,
                    -0.27927064895629883,
                    0.0
                ],
                [
                    1.7485857009887695,
                    -0.6889469027519226,
                    -0.5065816640853882,
                    1.0
                ]
            ],
            "location": [
                0.6889469027519226,
                -0.5065816640853882,
                -1.7485857009887695
            ],
            "location_world": [
                1.7485857009887695,
                -0.6889469027519226,
                -0.5065816640853882
            ],
            "name": "google_2_of_Jenga_Classic_Game_10",
            "projected_cuboid": [
                [
                    436.9383454322815,
                    493.9863085746765
                ],
                [
                    466.6047990322113,
                    494.9781000614166
                ],
                [
                    506.83730840682983,
                    436.8254542350769
                ],
                [
                    479.2812168598175,
                    437.89348006248474
                ],
                [
                    425.66561698913574,
                    466.16268157958984
                ],
                [
                    454.9188017845154,
                    466.05998277664185
                ],
                [
                    496.59717082977295,
                    411.3427400588989
                ],
                [
                    469.35969591140747,
                    413.26451301574707
                ],
                [
                    468.09327602386475,
                    450.8283734321594
                ]
            ],
            "provenance": "nvisii",
            "quaternion_xyzw": [
                0.3213597238063812,
                -0.20493361353874207,
                -0.5187034606933594,
                0.7652952671051025
            ],
            "quaternion_xyzw_world": [
                0.7002124190330505,
                -0.3864426016807556,
                -0.5837863087654114,
                -0.13985073566436768
            ],
            "segmentation_id": 11,
            "visibility": -1
        },
        {
            "bounding_box_minx_maxx_miny_maxy": [
                -1,
                -1,
                -1,
                -1
            ],
            "class": "2",
            "local_cuboid": null,
            "local_to_world_matrix": [
                [
                    -0.4090285301208496,
                    0.33897241950035095,
                    0.8472268581390381,
                    0.0
                ],
                [
                    0.7137781381607056,
                    0.6972911953926086,
                    0.06561782956123352,
                    0.0
                ],
                [
                    -0.5685211420059204,
                    0.6315716505050659,
                    -0.5271631479263306,
                    0.0
                ],
                [
                    1.341538667678833,
                    0.3520561456680298,
                    -0.5167204737663269,
                    1.0
                ]
            ],
            "location": [
                -0.3520561456680298,
                -0.5167204737663269,
                -1.341538667678833
            ],
            "location_world": [
                1.341538667678833,
                0.3520561456680298,
                -0.5167204737663269
            ],
            "name": "google_2_of_Jenga_Classic_Game_11",
            "projected_cuboid": [
                [
                    -28.17589044570923,
                    592.1217203140259
                ],
                [
                    -43.956458568573,
                    571.9749927520752
                ],
                [
                    74.19687509536743,
                    463.96830677986145
                ],
                [
                    93.45205128192902,
                    476.50638222694397
                ],
                [
                    -6.552010774612427,
                    617.3481941223145
                ],
                [
                    -22.982478141784668,
                    596.4889526367188
                ],
                [
                    89.91391956806183,
                    488.0601763725281
                ],
                [
                    109.41462218761444,
                    501.38723850250244
                ],
                [
                    36.93541884422302,
                    534.7452163696289
                ]
            ],
            "provenance": "nvisii",
            "quaternion_xyzw": [
                0.08198866248130798,
                0.4571840763092041,
                -0.6785786151885986,
                -0.5690268874168396
            ],
            "quaternion_xyzw_world": [
                0.32436221837997437,
                0.8114004731178284,
                0.21481052041053772,
                -0.43620505928993225
            ],
            "segmentation_id": 12,
            "visibility": -1
        },
        {
            "bounding_box_minx_maxx_miny_maxy": [
                -1,
                -1,
                -1,
                -1
            ],
            "class": "2",
            "local_cuboid": null,
            "local_to_world_matrix": [
                [
                    0.18612897396087646,
                    0.8748643398284912,
                    0.4471782445907593,
                    0.0
                ],
                [
                    -0.2802708148956299,
                    -0.3889451026916504,
                    0.8775932788848877,
                    0.0
                ],
                [
                    0.9417028427124023,
                    -0.28867658972740173,
                    0.17280501127243042,
                    0.0
                ],
                [
                    0.48245081305503845,
                    -0.504132866859436,
                    0.5355942845344543,
                    1.0
                ]
            ],
            "location": [
                0.504132866859436,
                0.5355942845344543,
                -0.48245081305503845
            ],
            "location_world": [
                0.48245081305503845,
                -0.504132866859436,
                0.5355942845344543
            ],
            "name": "google_2_of_Jenga_Classic_Game_12",
            "projected_cuboid": [
                [
                    667.7002906799316,
                    -190.30460715293884
                ],
                [
                    707.1496248245239,
                    -263.53442668914795
                ],
                [
                    863.7613654136658,
                    -495.3343868255615
                ],
                [
                    795.2914237976074,
                    -371.01346254348755
                ],
                [
                    730.4121255874634,
                    -170.84813117980957
                ],
                [
                    772.6560831069946,
                    -244.9105679988861
                ],
                [
                    973.1249213218689,
                    -472.9992747306824
                ],
                [
                    897.275447845459,
                    -346.01521492004395
                ],
                [
                    781.8131446838379,
                    -295.9250211715698
                ]
            ],
            "provenance": "nvisii",
            "quaternion_xyzw": [
                0.2175116091966629,
                0.9610099792480469,
                0.11786451935768127,
                0.12351733446121216
            ],
            "quaternion_xyzw_world": [
                0.5920872092247009,
                0.2510582506656647,
                0.5864343643188477,
                0.4924401044845581
            ],
            "segmentation_id": 13,
            "visibility": -1
        },
        {
            "bounding_box_minx_maxx_miny_maxy": [
                -1,
                -1,
                -1,
                -1
            ],
            "class": "2",
            "local_cuboid": null,
            "local_to_world_matrix": [
                [
                    -0.4579960107803345,
                    -0.5292770266532898,
