{
    "camera_data": {
        "camera_look_at": {
            "at": [
                1.0,
                0.0,
                0.0
            ],
            "eye": [
                0.0,
                0.0,
                0.0
            ],
            "up": [
                0.0,
                0.0,
                1.0
            ]
        },
        "camera_view_matrix": [
            [
                0.0,
                0.0,
                -1.0,
                0.0
            ],
            [
                -1.0,
                0.0,
                0.0,
                0.0
            ],
            [
                0.0,
                1.0,
                0.0,
                0.0
            ],
            [
                0.0,
                0.0,
                0.0,
                1.0
            ]
        ],
        "height": 500,
        "intrinsics": {
            "cx": 250.0,
            "cy": 250.0,
            "fx": 603.5535278320312,
            "fy": 603.5535278320312
        },
        "location_world": [
            0.0,
            0.0,
            0.0
        ],
        "quaternion_world_xyzw": [
            0.5,
            -0.5,
            -0.5,
            0.5
        ],
        "width": 500
    },
    "objects": [
        {
            "bounding_box_minx_maxx_miny_maxy": [
                -1,
                -1,
                -1,
                -1
            ],
            "class": "Cube",
            "local_cuboid": null,
            "local_to_world_matrix": [
                [
                    0.010526955127716064,
                    0.053963106125593185,
                    0.9984874129295349,
                    0.0
                ],
                [
                    -0.17361202836036682,
                    -0.983278751373291,
                    0.05497152730822563,
                    0.0
                ],
                [
                    0.9847578406333923,
                    -0.17392811179161072,
                    -0.0009822845458984375,
                    0.0
                ],
                [
                    3.2515883445739746,
                    -1.7112922668457031,
                    -9.3328218460083,
                    1.0
                ]
            ],
            "location": [
                1.7112922668457031,
                -9.3328218460083,
                -3.2515883445739746
            ],
            "location_world": [
                3.2515883445739746,
                -1.7112922668457031,
                -9.3328218460083
            ],
            "name": "google_Cube_0",
            "projected_cuboid": [
                [
                    316.37218594551086,
                    -207.5684666633606
                ],
                [
                    1997.8115558624268,
                    -520.5679535865784
                ],
                [
                    -588.2828831672668,
                    694.581925868988
                ],
                [
                    404.14196252822876,
                    792.0829057693481
                ],
                [
                    379.99653816223145,
                    935.7460737228394
                ],
                [
                    2143.7389850616455,
                    1181.6142797470093
                ],
                [
                    -625.6480813026428,
                    -261.1011266708374
                ],
                [
                    330.11212944984436,
                    -525.052547454834
                ],
                [
                    -5548.616886138916,
                    -540.8616662025452
                ]
            ],
            "provenance": "nvisii",
            "quaternion_xyzw": [
                0.6848035454750061,
                0.7234798669815063,
                0.05965256690979004,
                0.06373882293701172
            ],
            "quaternion_xyzw_world": [
                0.7061848044395447,
                -0.042357511818408966,
                0.702098548412323,
                0.08103390038013458
            ],
            "segmentation_id": 1,
            "visibility": -1
        },
        {
            "bounding_box_minx_maxx_miny_maxy": [
                -1,
                -1,
                -1,
                -1
            ],
            "class": "Cube",
            "local_cuboid": null,
            "local_to_world_matrix": [
                [
                    0.0735788345336914,
                    0.9949434995651245,
                    -0.06836682558059692,
                    0.0
                ],
                [
                    -0.11571276187896729,
                    0.07660651206970215,
                    0.9903243780136108,
                    0.0
                ],
                [
                    0.9905539155006409,
                    -0.06495615839958191,
                    0.12076401710510254,
                    0.0
                ],
                [
                    17.623050689697266,
                    2.958247661590576,
                    -1.5897010564804077,
                    1.0
                ]
            ],
            "location": [
                -2.958247661590576,
                -1.5897010564804077,
                -17.623050689697266
            ],
            "location_world": [
                17.623050689697266,
                2.958247661590576,
                -1.5897010564804077
            ],
            "name": "google_Cube_1",
            "projected_cuboid": [
                [
                    -168.9305603504181,
                    257.0229470729828
                ],
                [
                    -328.1763792037964,
                    -746.587872505188
                ],
                [
                    1217.854619026184,
                    1563.3808374404907
                ],
                [
                    1452.628254890442,
                    -28.046607971191406
                ],
                [
                    725.5399227142334,
                    193.0454671382904
                ],
                [
                    742.4055337905884,
                    -966.4589166641235
                ],
                [
                    -213.21699023246765,
                    1445.4076290130615
                ],
                [
                    -495.5071210861206,
                    146.4727818965912
                ],
                [
                    -82.7079713344574,
                    -2056.675910949707
                ]
            ],
            "provenance": "nvisii",
            "quaternion_xyzw": [
                -0.036353424191474915,
                0.9969731569290161,
                0.05929875373840332,
                0.0347389280796051
            ],
            "quaternion_xyzw_world": [
                0.4680299758911133,
                0.4696444571018219,
                0.4925897717475891,
                0.5636821389198303
            ],
            "segmentation_id": 2,
            "visibility": -1
        },
        {
            "bounding_box_minx_maxx_miny_maxy": [
                -1,
                -1,
                -1,
                -1
            ],
            "class": "Cube",
            "local_cuboid": null,
            "local_to_world_matrix": [
                [
                    -0.0576479434967041,
                    0.9881856441497803,
                    -0.14200663566589355,
                    0.0
                ],
                [
                    -0.06420505046844482,
                    0.13827896118164062,
                    0.9883099794387817,
                    0.0
                ],
                [
                    0.9962702989578247,
                    0.06609150767326355,
                    0.05547499656677246,
                    0.0
                ],
                [
                    -29.734872817993164,
                    5.708088397979736,
                    -1.209824800491333,
                    1.0
                ]
            ],
            "location": [
                -5.708088397979736,
                -1.209824800491333,
                29.734872817993164
            ],
            "location_world": [
                -29.734872817993164,
                5.708088397979736,
                -1.209824800491333
            ],
            "name": "google_Cube_2",
            "projected_cuboid": [
                [
                    -1777.2014141082764,
                    507.5531005859375
                ],
                [
                    -3737.6723289489746,
                    -4815.090179443359
                ],
                [
                    694.7288513183594,
                    834.2567682266235
                ],
                [
                    628.0240416526794,
                    155.1375687122345
                ],
                [
                    1313.1064176559448,
                    71.89527153968811
                ],
                [
                    1221.8632698059082,
                    -3576.963424682617
                ],
                [
                    6.7548006772994995,
                    978.1586527824402
                ],
                [
                    -122.67953157424927,
                    259.9639296531677
                ],
                [
                    477.3160219192505,
                    1102.2921800613403
                ]
            ],
            "provenance": "nvisii",
            "quaternion_xyzw": [
                -0.07031115889549255,
                0.9965898990631104,
                0.030022382736206055,
                -0.031040698289871216
            ],
            "quaternion_xyzw_world": [
                0.43260782957077026,
                0.533959686756134,
                0.4936709403991699,
                0.5329414010047913
            ],
            "segmentation_id": 3,
            "visibility": -1
        },
        {
            "bounding_box_minx_maxx_miny_maxy": [
                -1,
                -1,
                -1,
                -1
            ],
            "class": "2",
            "local_cuboid": null,
            "local_to_world_matrix": [
                [
                    0.8403385281562805,
                    0.5060789585113525,
                    0.194204181432724,
                    0.0
                ],
                [
                    -0.18408778309822083,
                    0.6034166812896729,
                    -0.775886595249176,
                    0.0
                ],
                [
                    -0.5098458528518677,
                    0.6162567734718323,
                    0.600237250328064,
                    0.0
                ],
                [
                    3.7392449378967285,
                    -1.0778727531433105,
                    -1.7797367572784424,
                    1.0
                ]
            ],
            "location": [
                1.0778727531433105,
                -1.7797367572784424,
                -3.7392449378967285
            ],
            "location_world": [
                3.7392449378967285,
                -1.0778727531433105,
                -1.7797367572784424
            ],
            "name": "google_2_of_Jenga_Classic_Game_3",
            "projected_cuboid": [
                [
                    400.15727281570435,
                    509.9503993988037
                ],
                [
                    392.2976851463318,
                    522.0038890838623
                ],
                [
                    415.5278205871582,
                    539.3528342247009
                ],
                [
                    422.98221588134766,
                    527.7026891708374
                ],
                [
                    409.70858931541443,
                    517.3779726028442
                ],
                [
                    401.74400806427,
                    529.6892523765564
                ],
                [
                    425.01020431518555,
                    547.0396280288696
                ],
                [
                    432.55800008773804,
                    535.1494550704956
                ],
                [
                    412.697434425354,
                    528.6647081375122
                ]
            ],
            "provenance": "nvisii",
            "quaternion_xyzw": [
                -0.4358789026737213,
                0.23470538854599,
                0.8354357481002808,
                0.23868410289287567
            ],
            "quaternion_xyzw_world": [
                -0.3989625871181488,
                -0.20176775753498077,
                0.1977890431880951,
                0.8723520636558533
            ],
            "segmentation_id": 4,
            "visibility": -1
        },
        {
            "bounding_box_minx_maxx_miny_maxy": [
                -1,
                -1,
                -1,
                -1
            ],
            "class": "Cube",
            "local_cuboid": null,
            "local_to_world_matrix": [
                [
                    0.013077795505523682,
                    -0.1499570608139038,
                    -0.9886060357093811,
                    0.0
                ],
                [
                    0.06332962214946747,
                    0.9868298172950745,
                    -0.14884987473487854,
                    0.0
                ],
                [
                    0.9979069828987122,
                    -0.06066141650080681,
                    0.022402286529541016,
                    0.0
                ],
                [
                    18.54849624633789,
                    -0.8060861825942993,
                    -37.68232345581055,
                    1.0
                ]
            ],
            "location": [
                0.8060861825942993,
                -37.68232345581055,
                -18.54849624633789
            ],
            "location_world": [
                18.54849624633789,
                -0.8060861825942993,
                -37.68232345581055
            ],
            "name": "google_Cube_4",
            "projected_cuboid": [
                [
                    365.38657546043396,
                    999.9767541885376
                ],
                [
                    -435.1663589477539,
                    1056.2002658843994
                ],
                [
                    2507.5693130493164,
                    -2285.6132984161377
                ],
                [
                    110.50723493099213,
                    -1472.8758335113525
                ],
                [
                    233.87113213539124,
                    132.74143636226654
                ],
                [
                    -569.5743560791016,
                    264.1729414463043
                ],
                [
                    2744.06099319458,
                    156.8910777568817
                ],
                [
                    397.96942472457886,
                    454.95134592056274
                ],
                [
                    -1054.7159910202026,
                    1503.3107995986938
                ]
            ],
            "provenance": "nvisii",
            "quaternion_xyzw": [
                -0.757745623588562,
                0.6517477035522461,
                -0.015699060633778572,
                0.028285186737775803
            ],
            "quaternion_xyzw_world": [
                -0.031006868928670883,
                0.6984536051750183,
                -0.0749911293387413,
                0.7110397219657898
            ],
            "segmentation_id": 5,
            "visibility": -1
        },
        {
            "bounding_box_minx_maxx_miny_maxy": [
                -1,
                -1,
                -1,
                -1
            ],
            "class": "2",
            "local_cuboid": null,
            "local_to_world_matrix": [
                [
                    -0.9317357540130615,
                    -0.2872157096862793,
                    -0.22220653295516968,
                    0.0
                ],
                [
                    -0.19835449755191803,
                    -0.11002469062805176,
                    0.9739353060722351,
                    0.0
                ],
                [
                    -0.30417776107788086,
                    0.9515259861946106,
                    0.04554343223571777,
                    0.0
                ],
                [
                    9.405884742736816,
                    -0.41069087386131287,
                    -11.549983978271484,
                    1.0
                ]
            ],
            "location": [
                0.41069087386131287,
                -11.549983978271484,
                -9.405884742736816
            ],
            "location_world": [
                9.405884742736816,
                -0.41069087386131287,
                -11.549983978271484
            ],
            "name": "google_2_of_Jenga_Classic_Game_5",
            "projected_cuboid": [
                [
                    259.05945897102356,
                    1002.8657913208008
                ],
                [
                    259.6805691719055,
                    998.8723397254944
                ],
                [
                    277.50927209854126,
                    992.6220774650574
                ],
                [
                    276.8622040748596,
                    996.5886473655701
                ],
                [
                    257.5276494026184,
                    995.8248734474182
                ],
                [
                    258.1411302089691,
                    991.8503761291504
                ],
                [
                    275.84540843963623,
                    985.714852809906
                ],
                [
                    275.2063572406769,
                    989.6628260612488
                ],
                [
                    267.51768589019775,
                    994.2234754562378
                ]
            ],
            "provenance": "nvisii",
            "quaternion_xyzw": [
                -0.047703832387924194,
                0.5879076719284058,
                0.10371438413858414,
                -0.8008321523666382
            ],
            "quaternion_xyzw_world": [
                -0.18217135965824127,
                0.6663646697998047,
                0.722375214099884,
                -0.03075314126908779
            ],
            "segmentation_id": 6,
            "visibility": -1
        },
        {
            "bounding_box_minx_maxx_miny_maxy": [
                -1,
                -1,
                -1,
                -1
            ],
            "class": "Cube",
            "local_cuboid": null,
            "local_to_world_matrix": [
                [
                    -0.040798068046569824,
                    0.9920234084129333,
                    -0.11926943063735962,
                    0.0
                ],
                [
                    0.036744892597198486,
                    0.12077760696411133,
                    0.9919992685317993,
                    0.0
                ],
                [
                    0.9984915852546692,
                    0.036089032888412476,
                    -0.041379332542419434,
                    0.0
                ],
                [
                    31.07853889465332,
                    2.138275146484375,
                    1.1759425401687622,
                    1.0
                ]
            ],
            "location": [
                -2.138275146484375,
                1.1759425401687622,
                -31.07853889465332
            ],
            "location_world": [
                31.07853889465332,
                2.138275146484375,
                1.1759425401687622
            ],
            "name": "google_Cube_6",
            "projected_cuboid": [
                [
                    -157.88647532463074,
                    316.68245792388916
                ],
                [
                    -228.0195951461792,
                    -411.4070534706116
                ],
                [
                    2408.021926879883,
                    3554.8582077026367
                ],
                [
                    1681.7348003387451,
                    118.12561750411987
                ],
                [
                    583.7665796279907,
                    226.64722800254822
                ],
                [
                    485.4845404624939,
                    -463.34248781204224
                ],
                [
                    -1460.7317447662354,
                    5121.589660644531
                ],
                [
                    -1520.1988220214844,
                    512.8224492073059
                ],
                [
                    103.90780866146088,
                    -648.8177180290222
                ]
            ],
            "provenance": "nvisii",
            "quaternion_xyzw": [
                -0.0601433664560318,
                0.9978119134902954,
                -0.019573897123336792,
                -0.01926390826702118
            ],
            "quaternion_xyzw_world": [
                0.4689892530441284,
                0.5483965277671814,
                0.468679279088974,
                0.5095587372779846
            ],
            "segmentation_id": 7,
            "visibility": -1
        },
        {
            "bounding_box_minx_maxx_miny_maxy": [
                -1,
                -1,
                -1,
                -1
            ],
            "class": "Cube",
            "local_cuboid": null,
            "local_to_world_matrix": [
                [
                    0.05873382091522217,
                    0.9982725977897644,
                    0.001489102840423584,
                    0.0
                ],
                [
                    0.07401186227798462,
                    -0.005842089653015137,
                    0.9972402453422546,
                    0.0
                ],
                [
                    0.9955263137817383,
                    -0.05846148729324341,
                    -0.07422709465026855,
                    0.0
                ],
                [
                    42.18094253540039,
                    13.329466819763184,
                    -33.49112319946289,
                    1.0
                ]
            ],
            "location": [
                -13.329466819763184,
                -33.49112319946289,
                -42.18094253540039
            ],
            "location_world": [
                42.18094253540039,
                13.329466819763184,
                -33.49112319946289
            ],
            "name": "google_Cube_7",
            "projected_cuboid": [
                [
                    -134.28479433059692,
                    498.40110540390015
                ],
                [
                    -102.99187898635864,
                    -108.77835750579834
                ],
                [
                    -14954.658508300781,
                    -15547.139167785645
                ],
                [
                    8575.551986694336,
                    -3722.3761081695557
                ],
                [
                    518.2002782821655,
                    515.8268213272095
                ],
                [
                    501.2460947036743,
                    -129.73082065582275
                ],
                [
                    -6069.411277770996,
                    12802.305221557617
                ],
                [
                    -1653.2866954803467,
                    -1544.3458557128906
                ],
                [
                    77.83380150794983,
                    58.66551399230957
                ]
            ],
            "provenance": "nvisii",
            "quaternion_xyzw": [
                0.0018348395824432373,
                0.9988792538642883,
                -0.03710132837295532,
                0.029331713914871216
            ],
            "quaternion_xyzw_world": [
                0.533573567867279,
                0.5024070143699646,
                0.4671405553817749,
                0.4946373999118805
            ],
            "segmentation_id": 8,
            "visibility": -1
        },
        {
            "bounding_box_minx_maxx_miny_maxy": [
                -1,
                -1,
                -1,
                -1
            ],
            "class": "2",
            "local_cuboid": null,
            "local_to_world_matrix": [
                [
                    -0.17220115661621094,
                    0.9684879183769226,
                    0.1799386739730835,
                    0.0
                ],
                [
                    -0.831217348575592,
                    -0.24088585376739502,
                    0.5010506510734558,
                    0.0
                ],
                [
                    0.5286061763763428,
                    -0.06328664720058441,
                    0.8465047478675842,
                    0.0
                ],
                [
                    11.285762786865234,
                    -0.3042823374271393,
                    -17.927974700927734,
                    1.0
                ]
            ],
            "location": [
                0.3042823374271393,
                -17.927974700927734,
                -11.285762786865234
            ],
            "location_world": [
                11.285762786865234,
                -0.3042823374271393,
                -17.927974700927734
            ],
            "name": "google_2_of_Jenga_Classic_Game_8",
            "projected_cuboid": [
                [
                    264.4413411617279,
                    1181.2248229980469
                ],
                [
                    265.6072974205017,
                    1184.7186088562012
                ],
                [
                    264.8293077945709,
                    1210.827112197876
                ],
                [
                    263.6522948741913,
                    1207.1237564086914
                ],
                [
                    268.44027638435364,
                    1180.869221687317
                ],
                [
                    269.62944865226746,
                    1184.356927871704
                ],
                [
                    268.9075767993927,
                    1210.4287147521973
                ],
                [
                    267.7066922187805,
                    1206.7322731018066
                ],
                [
                    266.65371656417847,
                    1195.6911087036133
                ]
            ],
            "provenance": "nvisii",
            "quaternion_xyzw": [
                0.12151914089918137,
                0.8657575845718384,
                0.48446646332740784,
                -0.031450629234313965
            ],
            "quaternion_xyzw_world": [
                0.23567979037761688,
                0.14561130106449127,
                0.7515969276428223,
                0.5986271500587463
            ],
            "segmentation_id": 9,
            "visibility": -1
        },
        {
            "bounding_box_minx_maxx_miny_maxy": [
                -1,
                -1,
                -1,
                -1
            ],
            "class": "2",
            "local_cuboid": null,
            "local_to_world_matrix": [
                [
                    -0.08308923244476318,
                    0.9951914548873901,
                    -0.051867663860321045,
                    0.0
                ],
                [
                    -0.6385836601257324,
                    -0.01321399211883545,
                    0.7694389820098877,
                    0.0
                ],
                [
                    0.7650536894798279,
                    0.09705391526222229,
                    0.6366108655929565,
                    0.0
                ],
                [
                    4.469374656677246,
                    -0.9142333269119263,
                    -2.1227478981018066,
                    1.0
                ]
            ],
            "location": [
                0.9142333269119263,
                -2.1227478981018066,
                -4.469374656677246
            ],
            "location_world": [
                4.469374656677246,
                -0.9142333269119263,
                -2.1227478981018066
            ],
            "name": "google_2_of_Jenga_Classic_Game_9",
            "projected_cuboid": [
                [
                    358.2700192928314,
                    502.2636651992798
                ],
                [
                    359.6665561199188,
                    496.7709183692932
                ],
                [
                    369.04165148735046,
                    534.4759225845337
                ],
                [
                    367.4631714820862,
                    539.7893190383911
                ],
                [
                    368.15205216407776,
                    501.3907551765442
                ],
                [
                    369.66073513031006,
                    495.8956241607666
                ],
                [
                    379.5244097709656,
                    533.5010290145874
                ],
                [
                    377.8225779533386,
                    538.818359375
                ],
                [
                    368.583083152771,
                    517.4206495285034
                ]
            ],
            "provenance": "nvisii",
            "quaternion_xyzw": [
                -0.010287106037139893,
                0.939372718334198,
                0.33937394618988037,
                -0.047942399978637695
            ],
            "quaternion_xyzw_world": [
                0.27088460326194763,
                0.3291141092777252,
                0.6582009792327881,
                0.6205456852912903
            ],
            "segmentation_id": 10,
            "visibility": -1
        },
        {
            "bounding_box_minx_maxx_miny_maxy": [
                -1,
                -1,
                -1,
                -1
            ],
            "class": "Cube",
            "local_cuboid": null,
            "local_to_world_matrix": [
                [
                    0.013976097106933594,
                    0.9986920356750488,
                    -0.04918098449707031,
                    0.0
                ],
                [
                    -0.04206487536430359,
                    0.04972946643829346,
                    0.9978765249252319,
                    0.0
                ],
                [
                    0.9990171194076538,
                    -0.011877566576004028,
                    0.04270493984222412,
                    0.0
                ],
                [
                    2.7190067768096924,
                    4.219018936157227,
                    -0.22304219007492065,
                    1.0
                ]
            ],
            "location": [
                -4.219018936157227,
                -0.22304219007492065,
                -2.7190067768096924
            ],
            "location_world": [
                2.7190067768096924,
                4.219018936157227,
                -0.22304219007492065
            ],
            "name": "google_Cube_10",
            "projected_cuboid": [
                [
                    -353.7676930427551,
                    277.3036062717438
                ],
                [
                    -466.29977226257324,
                    -943.4736967086792
                ],
                [
                    960.3778719902039,
                    1359.1524362564087
                ],
                [
                    960.0927829742432,
                    163.1019115447998
                ],
                [
                    788.0702614784241,
                    221.00815176963806
                ],
                [
                    772.6439237594604,
                    -1040.3797626495361
                ],
                [
                    -216.55789017677307,
                    1386.3943815231323
                ],
                [
                    -320.29521465301514,
                    227.6717871427536
                ],
                [
                    -5495.268821716309,
                    -41282.371520996094
                ]
            ],
            "provenance": "nvisii",
            "quaternion_xyzw": [
                -0.024741262197494507,
                0.9994481205940247,
                0.0212041437625885,
                0.006466999650001526
            ],
            "quaternion_xyzw_world": [
                0.4799848198890686,
                0.4982590973377228,
                0.4947219789028168,
                0.5259302258491516
            ],
            "segmentation_id": 11,
            "visibility": -1
        },
        {
            "bounding_box_minx_maxx_miny_maxy": [
                -1,
                -1,
                -1,
                -1
            ],
            "class": "Cube",
            "local_cuboid": null,
            "local_to_world_matrix": [
                [
                    0.9994920492172241,
                    0.029403263702988625,
                    0.012291506864130497,
                    0.0
                ],
                [
                    -0.01207519881427288,
                    -0.007522940635681152,
                    0.9998987317085266,
                    0.0
                ],
                [
                    0.029492758214473724,
                    -0.999539315700531,
                    -0.00716400146484375,
                    0.0
                ],
                [
                    -38.208065032958984,
                    -22.064443588256836,
                    -26.509965896606445,
                    1.0
                ]
            ],
            "location": [
                22.064443588256836,
                -26.509965896606445,
                38.208065032958984
            ],
            "location_world": [
                -38.208065032958984,
                -22.064443588256836,
                -26.509965896606445
            ],
            "name": "google_Cube_11",
            "projected_cuboid": [
                [
                    3460.6142044067383,
                    1529.9478769302368
                ],
                [
                    3819.8397159576416,
                    -3347.4762439727783
                ],
                [
                    -1648.3688354492188,
                    -4559.983730316162
                ],
                [
                    -1470.1471328735352,
                    1854.0077209472656
                ],
                [
                    -261.7316246032715,
                    45.59582471847534
                ],
                [
                    -259.8670721054077,
                    735.026478767395
                ],
                [
                    420.7780063152313,
                    724.0394353866577
                ],
                [
                    428.1441569328308,
                    57.14529752731323
                ],
                [
                    -98.95247220993042,
                    586.2507820129395
                ]
            ],
            "provenance": "nvisii",
            "quaternion_xyzw": [
                0.006904688663780689,
                0.7174250483512878,
                0.0017113983631134033,
                0.6965993046760559
            ],
            "quaternion_xyzw_world": [
                0.7096088528633118,
                0.006104794796556234,
                0.014720878563821316,
                0.7044155597686768
            ],
            "segmentation_id": 12,
            "visibility": -1
        },
        {
            "bounding_box_minx_maxx_miny_maxy": [
                -1,
                -1,
                -1,
                -1
            ],
            "class": "Cube",
            "local_cuboid": null,
            "local_to_world_matrix": [
                [
                    0.999599039554596,
                    0.022755607962608337,
                    0.016852103173732758,
                    0.0
                ],
                [
                    -0.02018977701663971,
                    0.15547728538513184,
                    0.9876332879066467,
                    0.0
                ],
                [
                    0.019854068756103516,
                    -0.987577497959137,
                    0.1558743715286255,
                    0.0
                ],
                [
                    34.05018997192383,
                    7.1096601486206055,
                    1.0076377391815186,
                    1.0
                ]
            ],
            "location": [
                -7.1096601486206055,
                1.0076377391815186,
                -34.05018997192383
            ],
            "location_world": [
                34.05018997192383,
                7.1096601486206055,
                1.0076377391815186
            ],
            "name": "google_Cube_12",
            "projected_cuboid": [
                [
                    543.9192056655884,
                    194.7101354598999
                ],
                [
                    438.0626976490021,
                    -524.4534015655518
                ],
                [
                    -292.69111156463623,
                    -427.35689878463745
                ],
                [
                    -166.54527187347412,
                    306.6340684890747
                ],
                [
                    -1520.188570022583,
                    497.3878860473633
                ],
                [
                    -754.2734146118164,
                    3991.232395172119
                ],
                [
                    2504.340410232544,
                    3100.620746612549
                ],
                [
                    2218.1355953216553,
                    -88.88885378837585
                ],
                [
                    -16.247153282165527,
                    -635.618269443512
                ]
            ],
            "provenance": "nvisii",
            "quaternion_xyzw": [
                -0.04864507168531418,
                0.7124329805374146,
                0.06178280711174011,
                0.6973205208778381
            ],
            "quaternion_xyzw_world": [
                0.6496628522872925,
                0.000987370265647769,
                0.014125085435807705,
                0.760090708732605
            ],
            "segmentation_id": 13,
            "visibility": -1
        },
        {
            "bounding_box_minx_maxx_miny_maxy": [
                -1,
                -1,
                -1,
                -1
            ],
            "class": "Cube",
            "local_cuboid": null,
            "local_to_world_matrix": [
                [
                    -0.10738372802734375,
                    0.963100790977478,
                    -0.24679026007652283,
                    0.0
                ],
                [
                    -0.1670505702495575,
