{
    "camera_data": {
        "camera_look_at": {
            "at": [
                1.0,
                0.0,
                0.0
            ],
            "eye": [
                0.0,
                0.0,
                0.0
            ],
            "up": [
                0.0,
                0.0,
                1.0
            ]
        },
        "camera_view_matrix": [
            [
                0.0,
                0.0,
                -1.0,
                0.0
            ],
            [
                -1.0,
                0.0,
                0.0,
                0.0
            ],
            [
                0.0,
                1.0,
                0.0,
                0.0
            ],
            [
                0.0,
                0.0,
                0.0,
                1.0
            ]
        ],
        "height": 500,
        "intrinsics": {
            "cx": 250.0,
            "cy": 250.0,
            "fx": 603.5535278320312,
            "fy": 603.5535278320312
        },
        "location_world": [
            0.0,
            0.0,
            0.0
        ],
        "quaternion_world_xyzw": [
            0.5,
            -0.5,
            -0.5,
            0.5
        ],
        "width": 500
    },
    "objects": [
        {
            "bounding_box_minx_maxx_miny_maxy": [
                -1,
                -1,
                -1,
                -1
            ],
            "class": "2",
            "local_cuboid": null,
            "local_to_world_matrix": [
                [
                    0.6444375514984131,
                    -0.19211460649967194,
                    -0.7401298880577087,
                    0.0
                ],
                [
                    -0.33581864833831787,
                    0.7984771728515625,
                    -0.4996599555015564,
                    0.0
                ],
                [
                    0.6869687438011169,
                    0.5705490708351135,
                    0.45005297660827637,
                    0.0
                ],
                [
                    1.6298859119415283,
                    -0.43751105666160583,
                    0.48763155937194824,
                    1.0
                ]
            ],
            "location": [
                0.43751105666160583,
                0.48763155937194824,
                -1.6298859119415283
            ],
            "location_world": [
                1.6298859119415283,
                -0.43751105666160583,
                0.48763155937194824
            ],
            "name": "google_2_of_Jenga_Classic_Game_0",
            "projected_cuboid": [
                [
                    350.7452607154846,
                    52.803441882133484
                ],
                [
                    330.20222187042236,
                    63.59310448169708
                ],
                [
                    401.2994170188904,
                    89.14759755134583
                ],
                [
                    423.10407757759094,
                    76.62695646286011
                ],
                [
                    348.53267669677734,
                    27.923375368118286
                ],
                [
                    327.3714482784271,
                    38.62544894218445
                ],
                [
                    400.3842771053314,
                    61.84642016887665
                ],
                [
                    422.8897988796234,
                    49.410805106163025
                ],
                [
                    373.55750799179077,
                    56.95924162864685
                ]
            ],
            "provenance": "nvisii",
            "quaternion_xyzw": [
                -0.771158754825592,
                0.49879711866378784,
                0.3938834071159363,
                0.03703337162733078
            ],
            "quaternion_xyzw_world": [
                -0.31460586190223694,
                0.4195195436477661,
                0.04224420711398125,
                0.8504363298416138
            ],
            "segmentation_id": 1,
            "visibility": -1
        },
        {
            "bounding_box_minx_maxx_miny_maxy": [
                -1,
                -1,
                -1,
                -1
            ],
            "class": "2",
            "local_cuboid": null,
            "local_to_world_matrix": [
                [
                    -0.49646127223968506,
                    -0.522674024105072,
                    0.6930641531944275,
                    0.0
                ],
                [
                    -0.03517727553844452,
                    0.80986487865448,
                    0.5855607986450195,
                    0.0
                ],
                [
                    -0.8673457503318787,
                    0.2663281559944153,
                    -0.4204528331756592,
                    0.0
                ],
                [
                    1.8834282159805298,
                    -0.23372669517993927,
                    -0.375325471162796,
                    1.0
                ]
            ],
            "location": [
                0.23372669517993927,
                -0.375325471162796,
                -1.8834282159805298
            ],
            "location_world": [
                1.8834282159805298,
                -0.23372669517993927,
                -0.375325471162796
            ],
            "name": "google_2_of_Jenga_Classic_Game_1",
            "projected_cuboid": [
                [
                    328.9104104042053,
                    435.5442225933075
                ],
                [
                    303.4050464630127,
                    417.34015941619873
                ],
                [
                    321.3513493537903,
                    354.77468371391296
                ],
                [
                    343.36400032043457,
                    370.6058859825134
                ],
                [
                    311.9669258594513,
                    451.1283040046692
                ],
                [
                    287.03710436820984,
                    433.3849251270294
                ],
                [
                    306.79455399513245,
                    369.97032165527344
                ],
                [
                    328.37724685668945,
                    385.4523003101349
                ],
                [
                    316.9412314891815,
                    400.0553488731384
                ]
            ],
            "provenance": "nvisii",
            "quaternion_xyzw": [
                -0.13206768035888672,
                0.2211000621318817,
                -0.4356348216533661,
                -0.8624935150146484
            ],
            "quaternion_xyzw_world": [
                -0.16891317069530487,
                0.8256480693817139,
                0.25794553756713867,
                -0.47248032689094543
            ],
            "segmentation_id": 2,
            "visibility": -1
        },
        {
            "bounding_box_minx_maxx_miny_maxy": [
                -1,
                -1,
                -1,
                -1
            ],
            "class": "2",
            "local_cuboid": null,
            "local_to_world_matrix": [
                [
                    0.41417282819747925,
                    -0.7205117344856262,
                    0.556168794631958,
                    0.0
                ],
                [
                    -0.4786248803138733,
                    0.3473356366157532,
                    0.806397020816803,
                    0.0
                ],
                [
                    -0.7741957902908325,
                    -0.6001840233802795,
                    -0.20099782943725586,
                    0.0
                ],
                [
                    1.1455036401748657,
                    0.46516260504722595,
                    -0.39738065004348755,
                    1.0
                ]
            ],
            "location": [
                -0.46516260504722595,
                -0.39738065004348755,
                -1.1455036401748657
            ],
            "location_world": [
                1.1455036401748657,
                0.46516260504722595,
                -0.39738065004348755
            ],
            "name": "google_2_of_Jenga_Classic_Game_2",
            "projected_cuboid": [
                [
                    94.193235039711,
                    545.6405878067017
                ],
                [
                    67.98017024993896,
                    513.8018727302551
                ],
                [
                    11.352509260177612,
                    430.5078983306885
                ],
                [
                    34.486815333366394,
                    459.10322666168213
                ],
                [
                    51.52171850204468,
                    584.7853422164917
                ],
                [
                    22.38510549068451,
                    553.5603165626526
                ],
                [
                    -26.61314606666565,
                    459.704726934433
                ],
                [
                    -1.486271619796753,
                    488.0863130092621
                ],
                [
                    29.31275963783264,
                    499.4876980781555
                ]
            ],
            "provenance": "nvisii",
            "quaternion_xyzw": [
                0.1870286911725998,
                0.27914583683013916,
                0.24863982200622559,
                0.9084471464157104
            ],
            "quaternion_xyzw_world": [
                0.5629909038543701,
                -0.5324848890304565,
                -0.09681638330221176,
                0.6246020197868347
            ],
            "segmentation_id": 3,
            "visibility": -1
        },
        {
            "bounding_box_minx_maxx_miny_maxy": [
                -1,
                -1,
                -1,
                -1
            ],
            "class": "2",
            "local_cuboid": null,
            "local_to_world_matrix": [
                [
                    -0.3667372465133667,
                    0.1203332245349884,
                    0.922509491443634,
                    0.0
                ],
                [
                    -0.687436580657959,
                    0.6330803632736206,
                    -0.35586535930633545,
                    0.0
                ],
                [
                    -0.6268450617790222,
                    -0.7646758556365967,
                    -0.14945268630981445,
                    0.0
                ],
                [
                    0.4897158443927765,
                    0.5523001551628113,
                    -0.24139699339866638,
                    1.0
                ]
            ],
            "location": [
                -0.5523001551628113,
                -0.24139699339866638,
                -0.4897158443927765
            ],
            "location_world": [
                0.4897158443927765,
                0.5523001551628113,
                -0.24139699339866638
            ],
            "name": "google_2_of_Jenga_Classic_Game_3",
            "projected_cuboid": [
                [
                    -326.7427682876587,
                    689.034104347229
                ],
                [
                    -576.5606164932251,
                    854.7912836074829
                ],
                [
                    -539.5112037658691,
                    547.6012825965881
                ],
                [
                    -384.66084003448486,
                    477.3845970630646
                ],
                [
                    -262.7241611480713,
                    778.2042622566223
                ],
                [
                    -475.07554292678833,
                    945.2640414237976
                ],
                [
                    -479.38650846481323,
                    621.9155788421631
                ],
                [
                    -339.48248624801636,
                    547.4189519882202
                ],
                [
                    -417.8217649459839,
                    648.9859819412231
                ]
            ],
            "provenance": "nvisii",
            "quaternion_xyzw": [
                0.39009201526641846,
                0.1854877471923828,
                0.7250937223434448,
                0.5363409519195557
            ],
            "quaternion_xyzw_world": [
                0.19341348111629486,
                -0.7330194711685181,
                0.3821662664413452,
                0.5284152030944824
            ],
            "segmentation_id": 4,
            "visibility": -1
        },
        {
            "bounding_box_minx_maxx_miny_maxy": [
                -1,
                -1,
                -1,
                -1
            ],
            "class": "2",
            "local_cuboid": null,
            "local_to_world_matrix": [
                [
                    0.6368654370307922,
                    -0.5930837392807007,
                    0.49259933829307556,
                    0.0
                ],
                [
                    0.6016944646835327,
                    0.7818325757980347,
                    0.1634061187505722,
                    0.0
                ],
                [
                    -0.48204371333122253,
                    0.1923265904188156,
                    0.8547773361206055,
                    0.0
                ],
                [
                    0.3640094995498657,
                    -0.1092052310705185,
                    -0.3788753151893616,
                    1.0
                ]
            ],
            "location": [
                0.1092052310705185,
                -0.3788753151893616,
                -0.3640094995498657
            ],
            "location_world": [
                0.3640094995498657,
                -0.1092052310705185,
                -0.3788753151893616
            ],
            "name": "google_2_of_Jenga_Classic_Game_4",
            "projected_cuboid": [
                [
                    546.3545918464661,
                    565.9500360488892
                ],
                [
                    345.76302766799927,
                    476.8736958503723
                ],
                [
                    395.0338363647461,
                    763.363242149353
                ],
                [
                    524.8492360115051,
                    857.974648475647
                ],
                [
                    469.03449296951294,
                    793.7377095222473
                ],
                [
                    240.9229576587677,
                    632.843017578125
                ],
                [
                    337.51529455184937,
                    898.5568284988403
                ],
                [
                    478.81466150283813,
                    1030.245304107666
                ],
                [
                    416.7935252189636,
                    772.294819355011
                ]
            ],
            "provenance": "nvisii",
            "quaternion_xyzw": [
                -0.4867324233055115,
                0.14855866134166718,
                0.4258972406387329,
                0.7480864524841309
            ],
            "quaternion_xyzw_world": [
                -0.007992280647158623,
                -0.26934632658958435,
                -0.3301815092563629,
                0.9046373963356018
            ],
            "segmentation_id": 5,
            "visibility": -1
        },
        {
            "bounding_box_minx_maxx_miny_maxy": [
                -1,
                -1,
                -1,
                -1
            ],
            "class": "2",
            "local_cuboid": null,
            "local_to_world_matrix": [
                [
                    -0.053589820861816406,
                    -0.17788562178611755,
                    0.9825910925865173,
                    0.0
                ],
                [
                    0.9810068607330322,
                    0.17432737350463867,
                    0.08506307005882263,
                    0.0
                ],
                [
                    -0.18642419576644897,
                    0.9684869050979614,
                    0.16516470909118652,
                    0.0
                ],
                [
                    1.5254015922546387,
                    0.4975382089614868,
                    0.07626515626907349,
                    1.0
                ]
            ],
            "location": [
                -0.4975382089614868,
                0.07626515626907349,
                -1.5254015922546387
            ],
            "location_world": [
                1.5254015922546387,
                0.4975382089614868,
                0.07626515626907349
            ],
            "name": "google_2_of_Jenga_Classic_Game_5",
            "projected_cuboid": [
                [
                    -73.9174485206604,
                    182.49237537384033
                ],
                [
                    -62.03359365463257,
                    183.3246350288391
                ],
                [
                    57.948365807533264,
                    204.25474643707275
                ],
                [
                    53.20817232131958,
                    204.6230584383011
                ],
                [
                    -78.87706160545349,
                    215.37071466445923
                ],
                [
                    -66.75511598587036,
                    214.40231800079346
                ],
                [
                    53.06744575500488,
                    234.19737815856934
                ],
                [
                    48.06867241859436,
                    236.2336665391922
                ],
                [
                    -7.426261901855469,
                    209.5658928155899
                ]
            ],
            "provenance": "nvisii",
            "quaternion_xyzw": [
                -0.4760248363018036,
                -0.424485981464386,
                0.4804881811141968,
                0.6019495725631714
            ],
            "quaternion_xyzw_world": [
                -0.3895247280597687,
                -0.5154494643211365,
                -0.5109860897064209,
                0.5669882893562317
            ],
            "segmentation_id": 6,
            "visibility": -1
        },
        {
            "bounding_box_minx_maxx_miny_maxy": [
                -1,
                -1,
                -1,
                -1
            ],
            "class": "2",
            "local_cuboid": null,
            "local_to_world_matrix": [
                [
                    -0.02337026596069336,
                    -0.7208895087242126,
                    -0.6926558017730713,
                    0.0
                ],
                [
                    -0.9997158646583557,
                    0.02010190486907959,
                    0.01280924677848816,
                    0.0
                ],
                [
                    0.004689663648605347,
                    0.692758321762085,
                    -0.7211544513702393,
                    0.0
                ],
                [
                    1.9051390886306763,
                    0.4977530837059021,
                    -0.11075399816036224,
                    1.0
                ]
            ],
            "location": [
                -0.4977530837059021,
                -0.11075399816036224,
                -1.9051390886306763
            ],
            "location_world": [
                1.9051390886306763,
                0.4977530837059021,
                -0.11075399816036224
            ],
            "name": "google_2_of_Jenga_Classic_Game_6",
            "projected_cuboid": [
                [
                    42.13421046733856,
                    358.21908712387085
                ],
                [
                    32.16792643070221,
                    362.7711832523346
                ],
                [
                    97.59750962257385,
                    294.5758104324341
                ],
                [
                    104.73322868347168,
                    292.9780185222626
                ],
                [
                    24.726063013076782,
                    341.2015438079834
                ],
                [
                    13.981848955154419,
                    344.9789881706238
                ],
                [
                    79.3333351612091,
                    276.8380045890808
                ],
                [
                    87.2536450624466,
                    276.0102450847626
                ],
                [
                    60.324206948280334,
                    318.42461228370667
                ]
            ],
            "provenance": "nvisii",
            "quaternion_xyzw": [
                -0.6543641686439514,
                0.27230924367904663,
                0.25573986768722534,
                -0.6574589610099792
            ],
            "quaternion_xyzw_world": [
                -0.6476268768310547,
                0.664196252822876,
                0.2655719518661499,
                0.26247718930244446
            ],
            "segmentation_id": 7,
            "visibility": -1
        },
        {
            "bounding_box_minx_maxx_miny_maxy": [
                -1,
                -1,
                -1,
                -1
            ],
            "class": "2",
            "local_cuboid": null,
            "local_to_world_matrix": [
                [
                    0.182134747505188,
                    -0.7393553256988525,
                    0.6482134461402893,
                    0.0
                ],
                [
                    0.9506106376647949,
                    -0.03610110282897949,
                    -0.30827927589416504,
                    0.0
                ],
                [
                    0.25132912397384644,
                    0.6723469495773315,
                    0.6962637305259705,
                    0.0
                ],
                [
                    1.8802285194396973,
                    -0.06777852028608322,
                    0.16248105466365814,
                    1.0
                ]
            ],
            "location": [
                0.06777852028608322,
                0.16248105466365814,
                -1.8802285194396973
            ],
            "location_world": [
                1.8802285194396973,
                -0.06777852028608322,
                0.16248105466365814
            ],
            "name": "google_2_of_Jenga_Classic_Game_7",
            "projected_cuboid": [
                [
                    218.26422214508057,
                    122.90734052658081
                ],
                [
                    220.4567939043045,
                    135.8574479818344
                ],
                [
                    280.82674741744995,
                    195.19276916980743
                ],
                [
                    281.1702787876129,
                    184.3062937259674
                ],
                [
                    199.55848157405853,
                    138.13957571983337
                ],
                [
                    202.52272486686707,
                    150.56785941123962
                ],
                [
                    262.65788078308105,
                    210.91328561306
                ],
                [
                    262.20840215682983,
                    200.62991976737976
                ],
                [
                    240.41755497455597,
                    166.8240875005722
                ]
            ],
            "provenance": "nvisii",
            "quaternion_xyzw": [
                -0.7581167221069336,
                -0.22566267848014832,
                0.2817777693271637,
                0.5430808067321777
            ],
            "quaternion_xyzw_world": [
                -0.36123818159103394,
                -0.14620225131511688,
                -0.6225411891937256,
                0.678656280040741
            ],
            "segmentation_id": 8,
            "visibility": -1
        },
        {
            "bounding_box_minx_maxx_miny_maxy": [
                -1,
                -1,
                -1,
                -1
            ],
            "class": "2",
            "local_cuboid": null,
            "local_to_world_matrix": [
                [
                    -0.20551860332489014,
                    0.5525723695755005,
                    -0.8077288269996643,
                    0.0
                ],
                [
                    -0.9747954607009888,
                    -0.18879413604736328,
                    0.11887186765670776,
                    0.0
                ],
                [
                    -0.08680909872055054,
                    0.8118008375167847,
                    0.5774457454681396,
                    0.0
                ],
                [
                    1.053052306175232,
                    -0.09965313971042633,
                    0.48476871848106384,
                    1.0
                ]
            ],
            "location": [
                0.09965313971042633,
                0.48476871848106384,
                -1.053052306175232
            ],
            "location_world": [
                1.053052306175232,
                -0.09965313971042633,
                0.48476871848106384
            ],
            "name": "google_2_of_Jenga_Classic_Game_8",
            "projected_cuboid": [
                [
                    154.84783053398132,
                    -100.8131206035614
                ],
                [
                    156.67672455310822,
                    -136.51514053344727
                ],
                [
                    301.60635709762573,
                    -25.338023900985718
                ],
                [
                    288.8370752334595,
                    1.1052638292312622
                ],
                [
                    180.70876598358154,
                    -131.24078512191772
                ],
                [
                    184.6478432416916,
                    -168.87882351875305
                ],
                [
                    326.5785872936249,
                    -58.66420269012451
                ],
                [
                    312.13247776031494,
                    -30.121415853500366
                ],
                [
                    239.0320748090744,
                    -80.15131950378418
                ]
            ],
            "provenance": "nvisii",
            "quaternion_xyzw": [
                -0.2458387017250061,
                0.6294114589691162,
                0.6165447235107422,
                -0.4040756821632385
            ],
            "quaternion_xyzw_world": [
                -0.3185238242149353,
                0.3313905596733093,
                0.7020965814590454,
                0.543859601020813
            ],
            "segmentation_id": 9,
            "visibility": -1
        },
        {
            "bounding_box_minx_maxx_miny_maxy": [
                -1,
                -1,
                -1,
                -1
            ],
            "class": "2",
            "local_cuboid": null,
            "local_to_world_matrix": [
                [
                    0.13331520557403564,
                    -0.2709429860115051,
                    -0.9533190131187439,
                    0.0
                ],
                [
                    0.3626033663749695,
                    0.9085472226142883,
                    -0.2075107842683792,
                    0.0
                ],
                [
                    0.9223589301109314,
                    -0.3180122673511505,
                    0.21936798095703125,
                    0.0
                ],
                [
                    1.52029550075531,
                    -0.32762691378593445,
                    -0.12935695052146912,
                    1.0
                ]
            ],
            "location": [
                0.32762691378593445,
                -0.12935695052146912,
                -1.52029550075531
            ],
            "location_world": [
                1.52029550075531,
                -0.32762691378593445,
                -0.12935695052146912
            ],
            "name": "google_2_of_Jenga_Classic_Game_9",
            "projected_cuboid": [
                [
                    409.2566967010498,
                    281.9116413593292
                ],
                [
                    380.98567724227905,
                    287.2137725353241
                ],
                [
                    367.50316619873047,
                    318.81970167160034
                ],
                [
                    400.54434537887573,
                    313.21245431900024
                ],
                [
                    402.91157364845276,
                    256.4448118209839
                ],
                [
                    374.58327412605286,
                    262.2111439704895
                ],
                [
                    359.8809540271759,
                    289.63249921798706
                ],
                [
                    392.99818873405457,
                    283.390074968338
                ],
                [
                    386.4284157752991,
                    285.4813039302826
                ]
            ],
            "provenance": "nvisii",
            "quaternion_xyzw": [
                -0.7747278213500977,
                0.6008130311965942,
                -0.05960061028599739,
                0.1877986639738083
            ],
            "quaternion_xyzw_world": [
                0.03674224764108658,
                0.6236714124679565,
                -0.2106570303440094,
                0.7518694400787354
            ],
            "segmentation_id": 10,
            "visibility": -1
        },
        {
            "bounding_box_minx_maxx_miny_maxy": [
                -1,
                -1,
                -1,
                -1
            ],
            "class": "2",
            "local_cuboid": null,
            "local_to_world_matrix": [
                [
                    -0.09535729885101318,
                    0.9627878665924072,
                    0.2528765797615051,
                    0.0
                ],
                [
                    0.42752376198768616,
                    0.2690228223800659,
                    -0.8630470037460327,
                    0.0
                ],
                [
                    -0.8989607691764832,
                    0.025812864303588867,
                    -0.4372680187225342,
                    0.0
                ],
                [
                    1.965001106262207,
                    -0.7689788341522217,
                    -0.4780932366847992,
                    1.0
                ]
            ],
            "location": [
                0.7689788341522217,
                -0.4780932366847992,
                -1.965001106262207
            ],
            "location_world": [
                1.965001106262207,
                -0.7689788341522217,
                -0.4780932366847992
            ],
            "name": "google_2_of_Jenga_Classic_Game_10",
            "projected_cuboid": [
                [
                    513.9074325561523,
                    450.8926272392273
                ],
                [
                    500.37145614624023,
                    472.28917479515076
                ],
                [
                    469.4545865058899,
                    403.8506746292114
                ],
                [
                    480.58706521987915,
                    384.07403230667114
                ],
                [
                    539.8863554000854,
                    457.12965726852417
                ],
                [
                    525.8656144142151,
                    478.30232977867126
                ],
                [
                    491.69638752937317,
                    409.3281924724579
                ],
                [
                    503.1975507736206,
                    389.72920179367065
                ],
                [
                    501.87456607818604,
                    428.3751845359802
                ]
            ],
            "provenance": "nvisii",
            "quaternion_xyzw": [
                -0.018016964197158813,
                0.22404244542121887,
                -0.9649864435195923,
                -0.13520899415016174
            ],
            "quaternion_xyzw_world": [
                0.5179014801979065,
                0.671127438545227,
                -0.31187599897384644,
                -0.42906802892684937
            ],
            "segmentation_id": 11,
            "visibility": -1
        },
        {
            "bounding_box_minx_maxx_miny_maxy": [
                -1,
                -1,
                -1,
                -1
            ],
            "class": "2",
            "local_cuboid": null,
            "local_to_world_matrix": [
                [
                    -0.1718428134918213,
                    0.873760461807251,
                    0.45498648285865784,
                    0.0
                ],
                [
                    0.9589623212814331,
                    0.042636096477508545,
                    0.2803095579147339,
                    0.0
                ],
                [
                    0.22552457451820374,
                    0.48448407649993896,
                    -0.8452301025390625,
                    0.0
                ],
                [
                    1.3630810976028442,
                    0.3061646521091461,
                    -0.3358744978904724,
                    1.0
                ]
            ],
            "location": [
                -0.3061646521091461,
                -0.3358744978904724,
                -1.3630810976028442
            ],
            "location_world": [
                1.3630810976028442,
                0.3061646521091461,
                -0.3358744978904724
            ],
            "name": "google_2_of_Jenga_Classic_Game_11",
            "projected_cuboid": [
                [
                    40.1778370141983,
                    501.9083619117737
                ],
                [
                    50.308212637901306,
                    478.1956076622009
                ],
                [
                    102.04090178012848,
                    382.2745084762573
                ],
                [
                    94.58692371845245,
                    401.2715220451355
                ],
                [
                    72.03397154808044,
                    514.9873495101929
                ],
                [
                    80.32393455505371,
                    490.774929523468
                ],
                [
                    132.96139240264893,
                    396.3634669780731
                ],
                [
                    127.46685743331909,
                    416.02495312690735
                ],
                [
                    87.04569935798645,
                    448.594331741333
                ]
            ],
            "provenance": "nvisii",
            "quaternion_xyzw": [
                0.1336548924446106,
                0.7712967395782471,
                -0.584791898727417,
                -0.2127348780632019
            ],
            "quaternion_xyzw_world": [
                0.6385043263435364,
                0.7175843119621277,
                0.2664473056793213,
                -0.079942487180233
            ],
            "segmentation_id": 12,
            "visibility": -1
        },
        {
            "bounding_box_minx_maxx_miny_maxy": [
                -1,
                -1,
                -1,
                -1
            ],
            "class": "2",
            "local_cuboid": null,
            "local_to_world_matrix": [
                [
                    -0.4788799285888672,
                    -0.835283637046814,
                    -0.27013930678367615,
                    0.0
                ],
                [
                    0.2043360471725464,
                    0.1932099461555481,
                    -0.9596440196037292,
                    0.0
                ],
                [
                    0.8537685871124268,
                    -0.5147534012794495,
                    0.07815420627593994,
                    0.0
                ],
                [
                    0.5160573124885559,
                    -0.4216248393058777,
                    0.4852641224861145,
                    1.0
                ]
            ],
            "location": [
                0.4216248393058777,
                0.4852641224861145,
                -0.5160573124885559
            ],
            "location_world": [
                0.5160573124885559,
                -0.4216248393058777,
                0.4852641224861145
            ],
            "name": "google_2_of_Jenga_Classic_Game_12",
            "projected_cuboid": [
                [
                    751.4370083808899,
                    -190.0223195552826
                ],
                [
                    726.9420623779297,
                    -115.2084469795227
                ],
                [
                    782.6802134513855,
                    -268.03338527679443
                ],
                [
                    821.6473460197449,
                    -386.4341378211975
                ],
                [
                    675.7473945617676,
                    -185.17395853996277
                ],
                [
                    654.0663242340088,
                    -114.02982473373413
                ],
                [
                    672.4966764450073,
                    -255.69301843643188
                ],
                [
                    705.0549387931824,
                    -365.19086360931396
                ],
                [
                    717.9528474807739,
                    -217.8778052330017
                ]
            ],
            "provenance": "nvisii",
            "quaternion_xyzw": [
                -0.9550780057907104,
                0.12128573656082153,
                -0.260092169046402,
                0.07394430041313171
            ],
            "quaternion_xyzw_world": [
                -0.2498779445886612,
                0.6312558054924011,
                -0.5839143991470337,
                0.44510793685913086
            ],
            "segmentation_id": 13,
            "visibility": -1
        },
        {
            "bounding_box_minx_maxx_miny_maxy": [
                -1,
                -1,
                -1,
                -1
            ],
            "class": "2",
            "local_cuboid": null,
            "local_to_world_matrix": [
                [
                    -0.2876622676849365,
                    -0.31351613998413086,
                    0.9049630165100098,
