{
    "camera_data": {
        "camera_look_at": {
            "at": [
                1.0,
                0.0,
                0.0
            ],
            "eye": [
                0.0,
                0.0,
                0.0
            ],
            "up": [
                0.0,
                0.0,
                1.0
            ]
        },
        "camera_view_matrix": [
            [
                0.0,
                0.0,
                -1.0,
                0.0
            ],
            [
                -1.0,
                0.0,
                0.0,
                0.0
            ],
            [
                0.0,
                1.0,
                0.0,
                0.0
            ],
            [
                0.0,
                0.0,
                0.0,
                1.0
            ]
        ],
        "height": 500,
        "intrinsics": {
            "cx": 250.0,
            "cy": 250.0,
            "fx": 603.5535278320312,
            "fy": 603.5535278320312
        },
        "location_world": [
            0.0,
            0.0,
            0.0
        ],
        "quaternion_world_xyzw": [
            0.5,
            -0.5,
            -0.5,
            0.5
        ],
        "width": 500
    },
    "objects": [
        {
            "bounding_box_minx_maxx_miny_maxy": [
                -1,
                -1,
                -1,
                -1
            ],
            "class": "2",
            "local_cuboid": null,
            "local_to_world_matrix": [
                [
                    -0.20417237281799316,
                    -0.8449981212615967,
                    -0.4942588806152344,
                    0.0
                ],
                [
                    0.9600565433502197,
                    -0.2715165615081787,
                    0.06760412454605103,
                    0.0
                ],
                [
                    -0.19132481515407562,
                    -0.46071356534957886,
                    0.8666820526123047,
                    0.0
                ],
                [
                    0.63014155626297,
                    0.1447550356388092,
                    0.17889469861984253,
                    1.0
                ]
            ],
            "location": [
                -0.1447550356388092,
                0.17889469861984253,
                -0.63014155626297
            ],
            "location_world": [
                0.63014155626297,
                0.1447550356388092,
                0.17889469861984253
            ],
            "name": "google_2_of_Jenga_Classic_Game_0",
            "projected_cuboid": [
                [
                    263.38884234428406,
                    -220.4383909702301
                ],
                [
                    284.4070494174957,
                    -163.25944662094116
                ],
                [
                    158.922478556633,
                    102.19545662403107
                ],
                [
                    122.43153154850006,
                    87.51596510410309
                ],
                [
                    188.72663378715515,
                    -249.8907446861267
                ],
                [
                    218.9192920923233,
                    -190.3570294380188
                ],
                [
                    101.80507600307465,
                    71.02951407432556
                ],
                [
                    58.54998528957367,
                    52.518218755722046
                ],
                [
                    172.32926189899445,
                    -56.18339776992798
                ]
            ],
            "provenance": "nvisii",
            "quaternion_xyzw": [
                -0.6296961903572083,
                0.08843249082565308,
                -0.26397091150283813,
                0.725246012210846
            ],
            "quaternion_xyzw_world": [
                0.22397659718990326,
                0.12842679023742676,
                -0.7652403116226196,
                0.5897018909454346
            ],
            "segmentation_id": 1,
            "visibility": -1
        },
        {
            "bounding_box_minx_maxx_miny_maxy": [
                -1,
                -1,
                -1,
                -1
            ],
            "class": "50",
            "local_cuboid": null,
            "local_to_world_matrix": [
                [
                    -0.8136705160140991,
                    0.5036746859550476,
                    -0.2902635633945465,
                    0.0
                ],
                [
                    -0.5645087361335754,
                    -0.5653514862060547,
                    0.6014219522476196,
                    0.0
                ],
                [
                    0.138820081949234,
                    0.6532152891159058,
                    0.7443378567695618,
                    0.0
                ],
                [
                    1.7475613355636597,
                    -0.76080322265625,
                    -0.6264163851737976,
                    1.0
                ]
            ],
            "location": [
                0.76080322265625,
                -0.6264163851737976,
                -1.7475613355636597
            ],
            "location_world": [
                1.7475613355636597,
                -0.76080322265625,
                -0.6264163851737976
            ],
            "name": "google_50_BLOCKS_1",
            "projected_cuboid": [
                [
                    452.97950506210327,
                    482.5970530509949
                ],
                [
                    495.2036738395691,
                    461.13425493240356
                ],
                [
                    525.5343914031982,
                    495.0248599052429
                ],
                [
                    481.39455914497375,
                    514.9880647659302
                ],
                [
                    478.3303439617157,
                    416.05091094970703
                ],
                [
                    515.1240825653076,
                    394.9776589870453
                ],
                [
                    540.8755540847778,
                    423.0183959007263
                ],
                [
                    502.69150733947754,
                    443.06302070617676
                ],
                [
                    499.32795763015747,
                    451.180636882782
                ]
            ],
            "provenance": "nvisii",
            "quaternion_xyzw": [
                0.09182010591030121,
                0.7489854693412781,
                0.4368732273578644,
                -0.4896242022514343
            ],
            "quaternion_xyzw_world": [
                -0.04284593090415001,
                0.3549581468105316,
                0.8836514949798584,
                0.30220720171928406
            ],
            "segmentation_id": 2,
            "visibility": -1
        },
        {
            "bounding_box_minx_maxx_miny_maxy": [
                -1,
                -1,
                -1,
                -1
            ],
            "class": "2",
            "local_cuboid": null,
            "local_to_world_matrix": [
                [
                    -0.18371796607971191,
                    -0.4125482439994812,
                    0.8922172784805298,
                    0.0
                ],
                [
                    0.2019718885421753,
                    -0.9041430950164795,
                    -0.37647414207458496,
                    0.0
                ],
                [
                    0.9620057344436646,
                    0.11103774607181549,
                    0.24943047761917114,
                    0.0
                ],
                [
                    1.6416856050491333,
                    0.39291664958000183,
                    0.6985260248184204,
                    1.0
                ]
            ],
            "location": [
                -0.39291664958000183,
                0.6985260248184204,
                -1.6416856050491333
            ],
            "location_world": [
                1.6416856050491333,
                0.39291664958000183,
                0.6985260248184204
            ],
            "name": "google_2_of_Jenga_Classic_Game_2",
            "projected_cuboid": [
                [
                    108.4294319152832,
                    -10.317593812942505
                ],
                [
                    133.63368809223175,
                    1.9621104001998901
                ],
                [
                    125.64608454704285,
                    -13.695478439331055
                ],
                [
                    96.00213170051575,
                    -28.261661529541016
                ],
                [
                    99.27435219287872,
                    13.75521719455719
                ],
                [
                    124.37067925930023,
                    25.731295347213745
                ],
                [
                    114.88251388072968,
                    14.240369200706482
                ],
                [
                    85.38852632045746,
                    0.09331107139587402
                ],
                [
                    111.43018305301666,
                    1.102060079574585
                ]
            ],
            "provenance": "nvisii",
            "quaternion_xyzw": [
                0.8293111324310303,
                0.5415217876434326,
                0.02190983295440674,
                -0.13607747852802277
            ],
            "quaternion_xyzw_world": [
                0.6064228415489197,
                -0.08681086450815201,
                0.764410138130188,
                -0.20097853243350983
            ],
            "segmentation_id": 3,
            "visibility": -1
        },
        {
            "bounding_box_minx_maxx_miny_maxy": [
                -1,
                -1,
                -1,
                -1
            ],
            "class": "50",
            "local_cuboid": null,
            "local_to_world_matrix": [
                [
                    0.5240100622177124,
                    0.8483182191848755,
                    0.07596004009246826,
                    0.0
                ],
                [
                    0.8295526504516602,
                    -0.48813164234161377,
                    -0.2712387144565582,
                    0.0
                ],
                [
                    -0.19301819801330566,
                    0.20514468848705292,
                    -0.9595105648040771,
                    0.0
                ],
                [
                    0.27938053011894226,
                    0.27921000123023987,
                    -0.16129706799983978,
                    1.0
                ]
            ],
            "location": [
                -0.27921000123023987,
                -0.16129706799983978,
                -0.27938053011894226
            ],
            "location_world": [
                0.27938053011894226,
                0.27921000123023987,
                -0.16129706799983978
            ],
            "name": "google_50_BLOCKS_3",
            "projected_cuboid": [
                [
                    -762.1638774871826,
                    735.5542182922363
                ],
                [
                    -360.3690266609192,
                    650.861382484436
                ],
                [
                    -298.761248588562,
                    483.476459980011
                ],
                [
                    -649.2283940315247,
                    497.4859058856964
                ],
                [
                    -824.6169090270996,
                    1755.9577226638794
                ],
                [
                    -57.6515793800354,
                    1053.981065750122
                ],
                [
                    24.2873877286911,
                    725.5517244338989
                ],
                [
                    -534.0560674667358,
                    992.9748177528381
                ],
                [
                    -401.0348320007324,
                    730.9611439704895
                ]
            ],
            "provenance": "nvisii",
            "quaternion_xyzw": [
                0.2397407591342926,
                0.5882306694984436,
                -0.7603577375411987,
                0.13551892340183258
            ],
            "quaternion_xyzw_world": [
                0.8619240522384644,
                0.486664354801178,
                -0.03395257517695427,
                -0.1381744146347046
            ],
            "segmentation_id": 4,
            "visibility": -1
        },
        {
            "bounding_box_minx_maxx_miny_maxy": [
                -1,
                -1,
                -1,
                -1
            ],
            "class": "50",
            "local_cuboid": null,
            "local_to_world_matrix": [
                [
                    -0.9356547594070435,
                    0.3444449007511139,
                    0.07686391472816467,
                    0.0
                ],
                [
                    -0.31594547629356384,
                    -0.914574146270752,
                    0.2524533271789551,
                    0.0
                ],
                [
                    0.15725401043891907,
                    0.21192432940006256,
                    0.9645513296127319,
                    0.0
                ],
                [
                    1.630793809890747,
                    0.5373835563659668,
                    -0.8006388545036316,
                    1.0
                ]
            ],
            "location": [
                -0.5373835563659668,
                -0.8006388545036316,
                -1.630793809890747
            ],
            "location_world": [
                1.630793809890747,
                0.5373835563659668,
                -0.8006388545036316
            ],
            "name": "google_50_BLOCKS_4",
            "projected_cuboid": [
                [
                    -26.15496516227722,
                    530.2378535270691
                ],
                [
                    20.38535475730896,
                    523.845911026001
                ],
                [
                    27.428731322288513,
                    571.8159675598145
                ],
                [
                    -19.874244928359985,
                    576.7943263053894
                ],
                [
                    64.130499958992,
                    488.4495735168457
                ],
                [
                    104.34755682945251,
                    482.1690320968628
                ],
                [
                    110.89210212230682,
                    520.728588104248
                ],
                [
                    70.12492418289185,
                    526.0915756225586
                ],
                [
                    47.9985773563385,
                    525.092601776123
                ]
            ],
            "provenance": "nvisii",
            "quaternion_xyzw": [
                0.3742845952510834,
                0.6622220873832703,
                0.4834091067314148,
                -0.4332304298877716
            ],
            "quaternion_xyzw_world": [
                0.05993353947997093,
                0.11887939274311066,
                0.97657310962677,
                0.16905809938907623
            ],
            "segmentation_id": 5,
            "visibility": -1
        },
        {
            "bounding_box_minx_maxx_miny_maxy": [
                -1,
                -1,
                -1,
                -1
            ],
            "class": "2",
            "local_cuboid": null,
            "local_to_world_matrix": [
                [
                    0.02712082862854004,
                    0.7889658808708191,
                    -0.6138381958007812,
                    0.0
                ],
                [
                    0.027094602584838867,
                    -0.6144187450408936,
                    -0.7885148525238037,
                    0.0
                ],
                [
                    -0.9992649555206299,
                    0.004753530025482178,
                    -0.03804028034210205,
                    0.0
                ],
                [
                    1.6947932243347168,
                    -0.6503074765205383,
                    0.5299199223518372,
                    1.0
                ]
            ],
            "location": [
                0.6503074765205383,
                0.5299199223518372,
                -1.6947932243347168
            ],
            "location_world": [
                1.6947932243347168,
                -0.6503074765205383,
                0.5299199223518372
            ],
            "name": "google_2_of_Jenga_Classic_Game_5",
            "projected_cuboid": [
                [
                    504.63902950286865,
                    22.866055369377136
                ],
                [
                    526.5089869499207,
                    51.83485150337219
                ],
                [
                    479.4434607028961,
                    81.96720480918884
                ],
                [
                    461.276650428772,
                    58.028459548950195
                ],
                [
                    531.8465232849121,
                    1.6534924507141113
                ],
                [
                    553.7055730819702,
                    30.70102632045746
                ],
                [
                    501.8969178199768,
                    64.5110160112381
                ],
                [
                    483.7374687194824,
                    40.518373250961304
                ],
                [
                    503.1387209892273,
                    45.65151035785675
                ]
            ],
            "provenance": "nvisii",
            "quaternion_xyzw": [
                0.00842691957950592,
                0.017220258712768555,
                -0.9456143379211426,
                0.32472458481788635
            ],
            "quaternion_xyzw_world": [
                0.6479930281639099,
                0.31484153866767883,
                -0.6223458647727966,
                -0.306048184633255
            ],
            "segmentation_id": 6,
            "visibility": -1
        },
        {
            "bounding_box_minx_maxx_miny_maxy": [
                -1,
                -1,
                -1,
                -1
            ],
            "class": "50",
            "local_cuboid": null,
            "local_to_world_matrix": [
                [
                    0.5774210095405579,
                    0.8143808841705322,
                    -0.05804041028022766,
                    0.0
                ],
                [
                    -0.19422921538352966,
                    0.20606660842895508,
                    0.9590680599212646,
                    0.0
                ],
                [
                    0.7930068969726562,
                    -0.5425128936767578,
                    0.2771638035774231,
                    0.0
                ],
                [
                    1.4902065992355347,
                    -0.6048339009284973,
                    -0.7307841181755066,
                    1.0
                ]
            ],
            "location": [
                0.6048339009284973,
                -0.7307841181755066,
                -1.4902065992355347
            ],
            "location_world": [
                1.4902065992355347,
                -0.6048339009284973,
                -0.7307841181755066
            ],
            "name": "google_50_BLOCKS_6",
            "projected_cuboid": [
                [
                    440.47683477401733,
                    527.7832746505737
                ],
                [
                    432.81862139701843,
                    481.77820444107056
                ],
                [
                    420.03995180130005,
                    506.3667297363281
                ],
                [
                    428.34147810935974,
                    554.4477701187134
                ],
                [
                    584.1777920722961,
                    557.7337741851807
                ],
                [
                    578.233003616333,
                    505.8407783508301
                ],
                [
                    572.8269219398499,
                    535.6441736221313
                ],
                [
                    579.2529582977295,
                    590.1802182197571
                ],
                [
                    499.71747398376465,
                    531.3018560409546
                ]
            ],
            "provenance": "nvisii",
            "quaternion_xyzw": [
                -0.06992484629154205,
                0.9442532062530518,
                0.12480577826499939,
                0.2965131402015686
            ],
            "quaternion_xyzw_world": [
                0.5230178236961365,
                0.29642951488494873,
                0.35131046175956726,
                0.7177484631538391
            ],
            "segmentation_id": 7,
            "visibility": -1
        },
        {
            "bounding_box_minx_maxx_miny_maxy": [
                -1,
                -1,
                -1,
                -1
            ],
            "class": "2",
            "local_cuboid": null,
            "local_to_world_matrix": [
                [
                    -0.7361714839935303,
                    -0.6765840649604797,
                    0.016906842589378357,
                    0.0
                ],
                [
                    -0.6484416127204895,
                    0.6979552507400513,
                    -0.3039439022541046,
                    0.0
                ],
                [
                    0.19384336471557617,
                    -0.23471787571907043,
                    -0.9525400400161743,
                    0.0
                ],
                [
                    1.3448821306228638,
                    -0.6486130356788635,
                    0.1545208990573883,
                    1.0
                ]
            ],
            "location": [
                0.6486130356788635,
                0.1545208990573883,
                -1.3448821306228638
            ],
            "location_world": [
                1.3448821306228638,
                -0.6486130356788635,
                0.1545208990573883
            ],
            "name": "google_2_of_Jenga_Classic_Game_7",
            "projected_cuboid": [
                [
                    583.4221839904785,
                    297.51551151275635
                ],
                [
                    570.5506801605225,
                    310.9652101993561
                ],
                [
                    552.5220036506653,
                    183.31502377986908
                ],
                [
                    566.6710138320923,
                    174.50161278247833
                ],
                [
                    548.045814037323,
                    296.1749732494354
                ],
                [
                    534.3266725540161,
                    309.015691280365
                ],
                [
                    515.552282333374,
                    186.78875267505646
                ],
                [
                    530.5594205856323,
                    178.20489406585693
                ],
                [
                    550.1458048820496,
                    243.226557970047
                ]
            ],
            "provenance": "nvisii",
            "quaternion_xyzw": [
                -0.7372875213623047,
                0.23093044757843018,
                -0.3292098045349121,
                -0.542862057685852
            ],
            "quaternion_xyzw_world": [
                -0.36000463366508484,
                0.9201449155807495,
                -0.14635242521762848,
                0.04807300493121147
            ],
            "segmentation_id": 8,
            "visibility": -1
        },
        {
            "bounding_box_minx_maxx_miny_maxy": [
                -1,
                -1,
                -1,
                -1
            ],
            "class": "2",
            "local_cuboid": null,
            "local_to_world_matrix": [
                [
                    0.7005792856216431,
                    0.008624546229839325,
                    -0.7135224342346191,
                    0.0
                ],
                [
                    0.18524491786956787,
                    -0.9678435325622559,
                    0.17018602788448334,
                    0.0
                ],
                [
                    -0.689110279083252,
                    -0.2514052093029022,
                    -0.679648756980896,
                    0.0
                ],
                [
                    0.7240885496139526,
                    -0.4515813887119293,
                    0.603530764579773,
                    1.0
                ]
            ],
            "location": [
                0.4515813887119293,
                0.603530764579773,
                -0.7240885496139526
            ],
            "location_world": [
                0.7240885496139526,
                -0.4515813887119293,
                0.603530764579773
            ],
            "name": "google_2_of_Jenga_Classic_Game_8",
            "projected_cuboid": [
                [
                    788.1376147270203,
                    -161.21965646743774
                ],
                [
                    861.4163994789124,
                    -165.23411870002747
                ],
                [
                    641.0242319107056,
                    -212.94620633125305
                ],
                [
                    582.939863204956,
                    -211.0212743282318
                ],
                [
                    850.0093221664429,
                    -277.5675654411316
                ],
                [
                    929.4159412384033,
                    -278.4048914909363
                ],
                [
                    672.2930669784546,
                    -297.5150942802429
                ],
                [
                    610.2572679519653,
                    -297.35666513442993
                ],
                [
                    722.7053642272949,
                    -238.20319771766663
                ]
            ],
            "provenance": "nvisii",
            "quaternion_xyzw": [
                0.18171347677707672,
                0.3498929738998413,
                -0.6179702281951904,
                0.68019700050354
            ],
            "quaternion_xyzw_world": [
                0.9148868322372437,
                0.052976351231336594,
                -0.3832803964614868,
                0.11520311236381531
            ],
            "segmentation_id": 9,
            "visibility": -1
        },
        {
            "bounding_box_minx_maxx_miny_maxy": [
                -1,
                -1,
                -1,
                -1
            ],
            "class": "50",
            "local_cuboid": null,
            "local_to_world_matrix": [
                [
                    -0.8696796894073486,
                    -0.22810037434101105,
                    -0.4377530813217163,
                    0.0
                ],
                [
                    0.4889398217201233,
                    -0.2762812376022339,
                    -0.827409565448761,
                    0.0
                ],
                [
                    0.0677894800901413,
                    -0.9336161017417908,
                    0.35180342197418213,
                    0.0
                ],
                [
                    1.6979267597198486,
                    0.23339466750621796,
                    -0.5162076354026794,
                    1.0
                ]
            ],
            "location": [
                -0.23339466750621796,
                -0.5162076354026794,
                -1.6979267597198486
            ],
            "location_world": [
                1.6979267597198486,
                0.23339466750621796,
                -0.5162076354026794
            ],
            "name": "google_50_BLOCKS_9",
            "projected_cuboid": [
                [
                    206.34664595127106,
                    447.25877046585083
                ],
                [
                    223.66100549697876,
                    484.3498468399048
                ],
                [
                    184.08256769180298,
                    500.3288984298706
                ],
                [
                    164.80758786201477,
                    463.8102054595947
                ],
                [
                    186.90446019172668,
                    362.288236618042
                ],
                [
                    202.1254450082779,
                    396.52639627456665
                ],
                [
                    168.94619166851044,
                    409.5388650894165
                ],
                [
                    152.35856175422668,
                    375.67079067230225
                ],
                [
                    185.59530377388,
                    426.3301193714142
                ]
            ],
            "provenance": "nvisii",
            "quaternion_xyzw": [
                0.7285772562026978,
                -0.055406540632247925,
                0.6187729835510254,
                -0.2884880304336548
            ],
            "quaternion_xyzw_world": [
                -0.11704511195421219,
                -0.5571343898773193,
                0.7902158498764038,
                -0.22684946656227112
            ],
            "segmentation_id": 10,
            "visibility": -1
        },
        {
            "bounding_box_minx_maxx_miny_maxy": [
                -1,
                -1,
                -1,
                -1
            ],
            "class": "50",
            "local_cuboid": null,
            "local_to_world_matrix": [
                [
                    0.3820217251777649,
                    0.9103493690490723,
                    0.15913350880146027,
                    0.0
                ],
                [
                    -0.6538628339767456,
                    0.14456593990325928,
                    0.7426736354827881,
                    0.0
                ],
                [
                    0.6530871391296387,
                    -0.3877689838409424,
                    0.6504709720611572,
                    0.0
                ],
                [
                    1.012334942817688,
                    0.08814041316509247,
                    0.17105558514595032,
                    1.0
                ]
            ],
            "location": [
                -0.08814041316509247,
                0.17105558514595032,
                -1.012334942817688
            ],
            "location_world": [
                1.012334942817688,
                0.08814041316509247,
                0.17105558514595032
            ],
            "name": "google_50_BLOCKS_10",
            "projected_cuboid": [
                [
                    151.0237753391266,
                    140.6203955411911
                ],
                [
                    130.92738389968872,
                    71.88746333122253
                ],
                [
                    97.52945601940155,
                    101.47939622402191
                ],
                [
                    121.74078822135925,
                    172.10739850997925
                ],
                [
                    322.1067786216736,
                    158.76424312591553
                ],
                [
                    316.05902314186096,
                    82.17447996139526
                ],
                [
                    292.5109267234802,
                    117.08255112171173
                ],
                [
                    301.2663722038269,
                    195.88728249073029
                ],
                [
                    211.5207016468048,
                    130.55609166622162
                ]
            ],
            "provenance": "nvisii",
            "quaternion_xyzw": [
                0.0040058717131614685,
                0.9091355800628662,
                0.35867416858673096,
                0.2116820514202118
            ],
            "quaternion_xyzw_world": [
                0.38307467103004456,
                0.1673867553472519,
                0.5300667881965637,
                0.7377429604530334
            ],
            "segmentation_id": 11,
            "visibility": -1
        },
        {
            "bounding_box_minx_maxx_miny_maxy": [
                -1,
                -1,
                -1,
                -1
            ],
            "class": "50",
            "local_cuboid": null,
            "local_to_world_matrix": [
                [
                    0.7482976913452148,
                    -0.32848846912384033,
                    0.576321005821228,
                    0.0
                ],
                [
                    0.6625393629074097,
                    0.41336750984191895,
                    -0.6246349811553955,
                    0.0
                ],
                [
                    -0.033046990633010864,
                    0.8492482900619507,
                    0.5269585251808167,
                    0.0
                ],
                [
                    0.9383223652839661,
                    -0.4918096363544464,
                    0.35473939776420593,
                    1.0
                ]
            ],
            "location": [
                0.4918096363544464,
                0.35473939776420593,
                -0.9383223652839661
            ],
            "location_world": [
                0.9383223652839661,
                -0.4918096363544464,
                0.35473939776420593
            ],
            "name": "google_50_BLOCKS_11",
            "projected_cuboid": [
                [
                    537.8235578536987,
                    -81.93671703338623
                ],
                [
                    480.24553060531616,
                    -3.8566291332244873
                ],
                [
                    530.0848484039307,
                    28.36267650127411
                ],
                [
                    592.1695232391357,
                    -46.39241099357605
                ],
                [
                    545.905590057373,
                    -34.97958183288574
                ],
                [
                    469.37984228134155,
                    62.204182147979736
                ],
                [
                    534.8038673400879,
                    104.18570041656494
                ],
                [
                    619.3209886550903,
                    12.835800647735596
                ],
                [
                    536.447286605835,
                    2.888917922973633
                ]
            ],
            "provenance": "nvisii",
            "quaternion_xyzw": [
                -0.6928340792655945,
                -0.05879959464073181,
                0.5764532685279846,
                0.4292145371437073
            ],
            "quaternion_xyzw_world": [
                -0.449436217546463,
                -0.18581664562225342,
                -0.30219748616218567,
                0.8198511600494385
            ],
            "segmentation_id": 12,
            "visibility": -1
        },
        {
            "bounding_box_minx_maxx_miny_maxy": [
                -1,
                -1,
                -1,
                -1
            ],
            "class": "2",
            "local_cuboid": null,
            "local_to_world_matrix": [
                [
                    -0.5733611583709717,
                    -0.46216243505477905,
                    0.6765079498291016,
                    0.0
                ],
                [
                    -0.7897148728370667,
                    0.5316466093063354,
                    -0.3061082065105438,
                    0.0
                ],
                [
                    -0.21819141507148743,
                    -0.7097588777542114,
                    -0.6698020696640015,
                    0.0
                ],
                [
                    1.6759517192840576,
                    -0.13677480816841125,
                    -0.45836547017097473,
                    1.0
                ]
            ],
            "location": [
                0.13677480816841125,
                -0.45836547017097473,
                -1.6759517192840576
            ],
            "location_world": [
                1.6759517192840576,
                -0.13677480816841125,
                -0.45836547017097473
            ],
            "name": "google_2_of_Jenga_Classic_Game_12",
            "projected_cuboid": [
                [
                    393.09144020080566,
                    478.48671674728394
                ],
                [
                    381.8129897117615,
                    498.3004629611969
                ],
                [
                    299.3892729282379,
                    415.6422019004822
                ],
                [
                    313.5000467300415,
                    399.8449444770813
                ],
                [
                    376.021146774292,
                    491.5999174118042
                ],
                [
                    364.35049772262573,
                    511.40010356903076
                ],
                [
                    284.8338186740875,
                    430.4856061935425
                ],
                [
                    299.1364896297455,
                    414.52938318252563
                ],
                [
                    338.26661109924316,
                    454.1775584220886
                ]
            ],
            "provenance": "nvisii",
            "quaternion_xyzw": [
                -0.6225109100341797,
                -0.058176204562187195,
                -0.5153002142906189,
                -0.5861411094665527
            ],
            "quaternion_xyzw_world": [
                -0.37576401233673096,
                0.8328880071640015,
                -0.30492308735847473,
                -0.26855331659317017
            ],
            "segmentation_id": 13,
            "visibility": -1
        },
        {
            "bounding_box_minx_maxx_miny_maxy": [
                -1,
                -1,
                -1,
                -1
            ],
            "class": "50",
            "local_cuboid": null,
            "local_to_world_matrix": [
                [
                    0.33107972145080566,
                    -0.13973060250282288,
                    -0.9331996440887451,
                    0.0
                ],
                [
                    0.289724737405777,
