{
    "camera_data": {
        "camera_look_at": {
            "at": [
                1.0,
                0.0,
                0.0
            ],
            "eye": [
                0.0,
                0.0,
                0.0
            ],
            "up": [
                0.0,
                0.0,
                1.0
            ]
        },
        "camera_view_matrix": [
            [
                0.0,
                0.0,
                -1.0,
                0.0
            ],
            [
                -1.0,
                0.0,
                0.0,
                0.0
            ],
            [
                0.0,
                1.0,
                0.0,
                0.0
            ],
            [
                0.0,
                0.0,
                0.0,
                1.0
            ]
        ],
        "height": 500,
        "intrinsics": {
            "cx": 250.0,
            "cy": 250.0,
            "fx": 603.5535278320312,
            "fy": 603.5535278320312
        },
        "location_world": [
            0.0,
            0.0,
            0.0
        ],
        "quaternion_world_xyzw": [
            0.5,
            -0.5,
            -0.5,
            0.5
        ],
        "width": 500
    },
    "objects": [
        {
            "bounding_box_minx_maxx_miny_maxy": [
                -1,
                -1,
                -1,
                -1
            ],
            "class": "2",
            "local_cuboid": null,
            "local_to_world_matrix": [
                [
                    -0.8146562576293945,
                    -0.5798611640930176,
                    0.009820468723773956,
                    0.0
                ],
                [
                    -0.5460686683654785,
                    0.7612580060958862,
                    -0.34970739483833313,
                    0.0
                ],
                [
                    0.19530582427978516,
                    -0.2902539074420929,
                    -0.9368076324462891,
                    0.0
                ],
                [
                    0.6974900960922241,
                    0.3042106032371521,
                    0.38729655742645264,
                    1.0
                ]
            ],
            "location": [
                -0.3042106032371521,
                0.38729655742645264,
                -0.6974900960922241
            ],
            "location_world": [
                0.6974900960922241,
                0.3042106032371521,
                0.38729655742645264
            ],
            "name": "google_2_of_Jenga_Classic_Game_0",
            "projected_cuboid": [
                [
                    116.89957976341248,
                    145.70865035057068
                ],
                [
                    52.65319347381592,
                    164.31543231010437
                ],
                [
                    -44.537484645843506,
                    -100.41213035583496
                ],
                [
                    31.5420925617218,
                    -102.83052921295166
                ],
                [
                    93.36814284324646,
                    154.5630693435669
                ],
                [
                    33.10762345790863,
                    172.13860154151917
                ],
                [
                    -56.8215548992157,
                    -67.88024306297302
                ],
                [
                    13.514906167984009,
                    -72.08502292633057
                ],
                [
                    32.36541152000427,
                    41.77449643611908
                ]
            ],
            "provenance": "nvisii",
            "quaternion_xyzw": [
                -0.7288474440574646,
                0.257748544216156,
                -0.3789922595024109,
                -0.5086373686790466
            ],
            "quaternion_xyzw_world": [
                -0.30037200450897217,
                0.9371128082275391,
                -0.17072686553001404,
                0.04948319494724274
            ],
            "segmentation_id": 1,
            "visibility": -1
        },
        {
            "bounding_box_minx_maxx_miny_maxy": [
                -1,
                -1,
                -1,
                -1
            ],
            "class": "50",
            "local_cuboid": null,
            "local_to_world_matrix": [
                [
                    -0.7674382925033569,
                    -0.026989884674549103,
                    0.6405544281005859,
                    0.0
                ],
                [
                    -0.2030312716960907,
                    -0.9374600648880005,
                    -0.2827486991882324,
                    0.0
                ],
                [
                    0.6081255674362183,
                    -0.34704476594924927,
                    0.7139630317687988,
                    0.0
                ],
                [
                    1.7294427156448364,
                    -0.34879443049430847,
                    -0.7473860383033752,
                    1.0
                ]
            ],
            "location": [
                0.34879443049430847,
                -0.7473860383033752,
                -1.7294427156448364
            ],
            "location_world": [
                1.7294427156448364,
                -0.34879443049430847,
                -0.7473860383033752
            ],
            "name": "google_50_BLOCKS_1",
            "projected_cuboid": [
                [
                    366.76090955734253,
                    442.4145221710205
                ],
                [
                    419.09465193748474,
                    461.0323905944824
                ],
                [
                    411.6232991218567,
                    500.2182126045227
                ],
                [
                    357.2385311126709,
                    480.0989031791687
                ],
                [
                    347.41827845573425,
                    486.0588312149048
                ],
                [
                    392.0036554336548,
                    502.70116329193115
                ],
                [
                    384.650319814682,
                    537.6201272010803
                ],
                [
                    338.58686685562134,
                    519.832193851471
                ],
                [
                    376.15251541137695,
                    492.39569902420044
                ]
            ],
            "provenance": "nvisii",
            "quaternion_xyzw": [
                0.6924348473548889,
                0.5697339177131653,
                0.40237829089164734,
                -0.18446922302246094
            ],
            "quaternion_xyzw_world": [
                0.33766061067581177,
                -0.17030499875545502,
                0.9245081543922424,
                0.047604069113731384
            ],
            "segmentation_id": 2,
            "visibility": -1
        },
        {
            "bounding_box_minx_maxx_miny_maxy": [
                -1,
                -1,
                -1,
                -1
            ],
            "class": "2",
            "local_cuboid": null,
            "local_to_world_matrix": [
                [
                    0.36882323026657104,
                    0.5241767764091492,
                    -0.7675989270210266,
                    0.0
                ],
                [
                    0.9159590601921082,
                    -0.34540677070617676,
                    0.20423784852027893,
                    0.0
                ],
                [
                    -0.15807712078094482,
                    -0.7784168720245361,
                    -0.6075184345245361,
                    0.0
                ],
                [
                    1.0107810497283936,
                    0.6145629286766052,
                    0.6642662882804871,
                    1.0
                ]
            ],
            "location": [
                -0.6145629286766052,
                0.6642662882804871,
                -1.0107810497283936
            ],
            "location_world": [
                1.0107810497283936,
                0.6145629286766052,
                0.6642662882804871
            ],
            "name": "google_2_of_Jenga_Classic_Game_2",
            "projected_cuboid": [
                [
                    -21.115154027938843,
                    -37.46253252029419
                ],
                [
                    16.782179474830627,
                    -25.84490180015564
                ],
                [
                    -102.07900404930115,
                    -114.53855037689209
                ],
                [
                    -147.52033352851868,
                    -132.56525993347168
                ],
                [
                    -2.3856163024902344,
                    -86.74225211143494
                ],
                [
                    35.161808133125305,
                    -70.92782855033875
                ],
                [
                    -87.86123991012573,
                    -160.10355949401855
                ],
                [
                    -133.53493809700012,
                    -182.35844373703003
                ],
                [
                    -56.08341097831726,
                    -101.7141044139862
                ]
            ],
            "provenance": "nvisii",
            "quaternion_xyzw": [
                -0.16845490038394928,
                0.6265655755996704,
                -0.6078684329986572,
                0.4577494263648987
            ],
            "quaternion_xyzw_world": [
                0.7618642449378967,
                0.47256970405578613,
                -0.3037536144256592,
                0.32245072722435
            ],
            "segmentation_id": 3,
            "visibility": -1
        },
        {
            "bounding_box_minx_maxx_miny_maxy": [
                -1,
                -1,
                -1,
                -1
            ],
            "class": "50",
            "local_cuboid": null,
            "local_to_world_matrix": [
                [
                    0.7985872626304626,
                    0.5604014992713928,
                    0.21956424415111542,
                    0.0
                ],
                [
                    0.4065636694431305,
                    -0.771254301071167,
                    0.48976796865463257,
                    0.0
                ],
                [
                    0.44380658864974976,
                    -0.3018556237220764,
                    -0.8437528610229492,
                    0.0
                ],
                [
                    0.273730605840683,
                    0.29323312640190125,
                    -0.16842986643314362,
                    1.0
                ]
            ],
            "location": [
                -0.29323312640190125,
                -0.16842986643314362,
                -0.273730605840683
            ],
            "location_world": [
                0.273730605840683,
                0.29323312640190125,
                -0.16842986643314362
            ],
            "name": "google_50_BLOCKS_3",
            "projected_cuboid": [
                [
                    -325.90335607528687,
                    607.8437566757202
                ],
                [
                    -119.40017342567444,
                    477.65302658081055
                ],
                [
                    -205.2542269229889,
                    376.39862298965454
                ],
                [
                    -451.17759704589844,
                    507.562518119812
                ],
                [
                    -612.0156645774841,
                    1591.4121866226196
                ],
                [
                    -46.39044404029846,
                    1008.4476470947266
                ],
                [
                    -261.01160049438477,
                    890.3400301933289
                ],
                [
                    -1222.7485179901123,
                    1684.497594833374
                ],
                [
                    -308.3376884460449,
                    684.313178062439
                ]
            ],
            "provenance": "nvisii",
            "quaternion_xyzw": [
                0.3137025237083435,
                0.7896163463592529,
                -0.39586201310157776,
                0.34841060638427734
            ],
            "quaternion_xyzw_world": [
                0.923795759677887,
                0.2616826295852661,
                0.17952314019203186,
                0.2142312228679657
            ],
            "segmentation_id": 4,
            "visibility": -1
        },
        {
            "bounding_box_minx_maxx_miny_maxy": [
                -1,
                -1,
                -1,
                -1
            ],
            "class": "50",
            "local_cuboid": null,
            "local_to_world_matrix": [
                [
                    -0.31953203678131104,
                    0.08918647468090057,
                    0.9433689713478088,
                    0.0
                ],
                [
                    0.18004368245601654,
                    -0.9717105627059937,
                    0.15284918248653412,
                    0.0
                ],
                [
                    0.9303136467933655,
                    0.21868784725666046,
                    0.29443520307540894,
                    0.0
                ],
                [
                    1.7225184440612793,
                    -0.23637598752975464,
                    -0.3449418246746063,
                    1.0
                ]
            ],
            "location": [
                0.23637598752975464,
                -0.3449418246746063,
                -1.7225184440612793
            ],
            "location_world": [
                1.7225184440612793,
                -0.23637598752975464,
                -0.3449418246746063
            ],
            "name": "google_50_BLOCKS_4",
            "projected_cuboid": [
                [
                    293.2760417461395,
                    303.4929931163788
                ],
                [
                    340.71066975593567,
                    295.14166712760925
                ],
                [
                    354.9603223800659,
                    309.61018800735474
                ],
                [
                    304.8000633716583,
                    318.7115788459778
                ],
                [
                    300.89014768600464,
                    408.6189866065979
                ],
                [
                    345.37404775619507,
                    399.3101716041565
                ],
                [
                    358.98756980895996,
                    418.8383221626282
                ],
                [
                    312.1158182621002,
                    428.9799630641937
                ],
                [
                    326.475590467453,
                    361.76902055740356
                ]
            ],
            "provenance": "nvisii",
            "quaternion_xyzw": [
                0.6496687531471252,
                0.7369445562362671,
                0.038806021213531494,
                -0.18258492648601532
            ],
            "quaternion_xyzw_world": [
                0.5826112031936646,
                0.11552736908197403,
                0.8040021657943726,
                -0.028251543641090393
            ],
            "segmentation_id": 5,
            "visibility": -1
        },
        {
            "bounding_box_minx_maxx_miny_maxy": [
                -1,
                -1,
                -1,
                -1
            ],
            "class": "2",
            "local_cuboid": null,
            "local_to_world_matrix": [
                [
                    -0.8419796228408813,
                    0.3669300079345703,
                    -0.39551669359207153,
                    0.0
                ],
                [
                    0.2576220631599426,
                    0.9175676703453064,
                    0.3028208613395691,
                    0.0
                ],
                [
                    0.4740273952484131,
                    0.15307508409023285,
                    -0.8671026229858398,
                    0.0
                ],
                [
                    1.542001724243164,
                    -0.5271192789077759,
                    0.49895498156547546,
                    1.0
                ]
            ],
            "location": [
                0.5271192789077759,
                0.49895498156547546,
                -1.542001724243164
            ],
            "location_world": [
                1.542001724243164,
                -0.5271192789077759,
                0.49895498156547546
            ],
            "name": "google_2_of_Jenga_Classic_Game_5",
            "projected_cuboid": [
                [
                    436.89122796058655,
                    169.857457280159
                ],
                [
                    406.23795986175537,
                    161.60166263580322
                ],
                [
                    438.2314682006836,
                    52.95535922050476
                ],
                [
                    472.1828103065491,
                    60.39650738239288
                ],
                [
                    439.8609697818756,
                    161.92448139190674
                ],
                [
                    410.35088896751404,
                    154.08670902252197
                ],
                [
                    441.3636326789856,
                    49.33410882949829
                ],
                [
                    473.9169478416443,
                    56.40898644924164
                ],
                [
                    439.0925168991089,
                    110.53621768951416
                ]
            ],
            "provenance": "nvisii",
            "quaternion_xyzw": [
                -0.448407381772995,
                0.7320823669433594,
                -0.38408398628234863,
                -0.3398027718067169
            ],
            "quaternion_xyzw_world": [
                0.16397809982299805,
                0.95218825340271,
                0.11969690769910812,
                0.2283015102148056
            ],
            "segmentation_id": 6,
            "visibility": -1
        },
        {
            "bounding_box_minx_maxx_miny_maxy": [
                -1,
                -1,
                -1,
                -1
            ],
            "class": "50",
            "local_cuboid": null,
            "local_to_world_matrix": [
                [
                    0.014161825180053711,
                    0.952782154083252,
                    -0.3033241331577301,
                    0.0
                ],
                [
                    -0.10593292117118835,
                    0.30307698249816895,
                    0.9470599889755249,
                    0.0
                ],
                [
                    0.9942724704742432,
                    0.018719881772994995,
                    0.10522317886352539,
                    0.0
                ],
                [
                    1.2903025150299072,
                    -0.5036795139312744,
                    -0.28260403871536255,
                    1.0
                ]
            ],
            "location": [
                0.5036795139312744,
                -0.28260403871536255,
                -1.2903025150299072
            ],
            "location_world": [
                1.2903025150299072,
                -0.5036795139312744,
                -0.28260403871536255
            ],
            "name": "google_50_BLOCKS_6",
            "projected_cuboid": [
                [
                    401.4955759048462,
                    418.4306859970093
                ],
                [
                    384.0242028236389,
                    360.4535758495331
                ],
                [
                    396.4616358280182,
                    375.3666877746582
                ],
                [
                    415.2618646621704,
                    438.06713819503784
                ],
                [
                    547.6192831993103,
                    372.68805503845215
                ],
                [
                    531.7111015319824,
                    313.99160623550415
                ],
                [
                    556.8813681602478,
                    324.97310638427734
                ],
                [
                    573.8388895988464,
                    388.519287109375
                ],
                [
                    475.4216969013214,
                    373.9674985408783
                ]
            ],
            "provenance": "nvisii",
            "quaternion_xyzw": [
                -0.1536475419998169,
                0.9866756200790405,
                0.053501904010772705,
                -0.0011548995971679688
            ],
            "quaternion_xyzw_world": [
                0.3891856074333191,
                0.543988049030304,
                0.44384241104125977,
                0.5963350534439087
            ],
            "segmentation_id": 7,
            "visibility": -1
        },
        {
            "bounding_box_minx_maxx_miny_maxy": [
                -1,
                -1,
                -1,
                -1
            ],
            "class": "2",
            "local_cuboid": null,
            "local_to_world_matrix": [
                [
                    0.5270829796791077,
                    -0.32455337047576904,
                    0.7853971123695374,
                    0.0
                ],
                [
                    0.6935166120529175,
                    -0.3698537349700928,
                    -0.618257999420166,
                    0.0
                ],
                [
                    0.4911397099494934,
                    0.8705592155456543,
                    0.030139505863189697,
                    0.0
                ],
                [
                    1.3359185457229614,
                    -0.29973554611206055,
                    0.2806328237056732,
                    1.0
                ]
            ],
            "location": [
                0.29973554611206055,
                0.2806328237056732,
                -1.3359185457229614
            ],
            "location_world": [
                1.3359185457229614,
                -0.29973554611206055,
                0.2806328237056732
            ],
            "name": "google_2_of_Jenga_Classic_Game_7",
            "projected_cuboid": [
                [
                    267.48597621917725,
                    107.807457447052
                ],
                [
                    279.1406512260437,
                    133.8532269001007
                ],
                [
                    392.8941488265991,
                    125.664621591568
                ],
                [
                    384.9982023239136,
                    96.44265472888947
                ],
                [
                    257.1830749511719,
                    129.83423471450806
                ],
                [
                    269.5689797401428,
                    155.74094653129578
                ],
                [
                    385.81931591033936,
                    149.63477849960327
                ],
                [
                    377.34586000442505,
                    120.55949866771698
                ],
                [
                    323.9944577217102,
                    127.78149545192719
                ]
            ],
            "provenance": "nvisii",
            "quaternion_xyzw": [
                -0.7800562381744385,
                -0.3702459931373596,
                0.4479299485683441,
                0.23192435503005981
            ],
            "quaternion_xyzw_world": [
                -0.6831539273262024,
                -0.13502201437950134,
                -0.4671483337879181,
                0.5448322892189026
            ],
            "segmentation_id": 8,
            "visibility": -1
        },
        {
            "bounding_box_minx_maxx_miny_maxy": [
                -1,
                -1,
                -1,
                -1
            ],
            "class": "2",
            "local_cuboid": null,
            "local_to_world_matrix": [
                [
                    -0.11075925827026367,
                    0.9442899227142334,
                    0.3099176585674286,
                    0.0
                ],
                [
                    0.042546629905700684,
                    -0.30704522132873535,
                    0.9507433772087097,
                    0.0
                ],
                [
                    0.9929361343383789,
                    0.11848956346511841,
                    -0.006168365478515625,
                    0.0
                ],
                [
                    1.3487675189971924,
                    -0.7245671153068542,
                    0.47474566102027893,
                    1.0
                ]
            ],
            "location": [
                0.7245671153068542,
                0.47474566102027893,
                -1.3487675189971924
            ],
            "location_world": [
                1.3487675189971924,
                -0.7245671153068542,
                0.47474566102027893
            ],
            "name": "google_2_of_Jenga_Classic_Game_8",
            "projected_cuboid": [
                [
                    486.5044951438904,
                    85.49582958221436
                ],
                [
                    495.5485761165619,
                    56.24471604824066
                ],
                [
                    563.9686584472656,
                    13.692885637283325
                ],
                [
                    553.1538724899292,
                    49.14906620979309
                ],
                [
                    512.6371383666992,
                    95.36151587963104
                ],
                [
                    521.5761661529541,
                    66.24424457550049
                ],
                [
                    595.1263904571533,
                    26.107311248779297
                ],
                [
                    584.4643115997314,
                    61.36719882488251
                ],
                [
                    535.7670187950134,
                    58.56172740459442
                ]
            ],
            "provenance": "nvisii",
            "quaternion_xyzw": [
                0.1564471572637558,
                0.9858967661857605,
                -0.012352943420410156,
                -0.05813206732273102
            ],
            "quaternion_xyzw_world": [
                0.5482823848724365,
                0.44996729493141174,
                0.5940614938735962,
                0.37948229908943176
            ],
            "segmentation_id": 9,
            "visibility": -1
        },
        {
            "bounding_box_minx_maxx_miny_maxy": [
                -1,
                -1,
                -1,
                -1
            ],
            "class": "50",
            "local_cuboid": null,
            "local_to_world_matrix": [
                [
                    0.7195956110954285,
                    -0.5468565225601196,
                    0.42793703079223633,
                    0.0
                ],
                [
                    0.2806400656700134,
                    0.7927358150482178,
                    0.5411202907562256,
                    0.0
                ],
                [
                    -0.6351561546325684,
                    -0.2692915201187134,
                    0.7239190340042114,
                    0.0
                ],
                [
                    1.6308789253234863,
                    -0.42365607619285583,
                    -0.40421879291534424,
                    1.0
                ]
            ],
            "location": [
                0.42365607619285583,
                -0.40421879291534424,
                -1.6308789253234863
            ],
            "location_world": [
                1.6308789253234863,
                -0.42365607619285583,
                -0.40421879291534424
            ],
            "name": "google_50_BLOCKS_9",
            "projected_cuboid": [
                [
                    470.03552317619324,
                    353.91542315483093
                ],
                [
                    423.87837171554565,
                    323.51839542388916
                ],
                [
                    406.9185256958008,
                    347.76344895362854
                ],
                [
                    450.8114457130432,
                    377.50422954559326
                ],
                [
                    426.7754256725311,
                    437.8204345703125
                ],
                [
                    373.7068474292755,
                    399.7019827365875
                ],
                [
                    356.20951652526855,
                    424.50976371765137
                ],
                [
                    406.2805771827698,
                    461.50845289230347
                ],
                [
                    415.7046675682068,
                    387.6112103462219
                ]
            ],
            "provenance": "nvisii",
            "quaternion_xyzw": [
                -0.304376482963562,
                0.2996279299259186,
                0.3698578476905823,
                0.8250958919525146
            ],
            "quaternion_xyzw_world": [
                0.22524476051330566,
                -0.29547467827796936,
                -0.2299932837486267,
                0.89947909116745
            ],
            "segmentation_id": 10,
            "visibility": -1
        },
        {
            "bounding_box_minx_maxx_miny_maxy": [
                -1,
                -1,
                -1,
                -1
            ],
            "class": "50",
            "local_cuboid": null,
            "local_to_world_matrix": [
                [
                    0.703871488571167,
                    0.6222186088562012,
                    -0.3426498770713806,
                    0.0
                ],
                [
                    -0.5148591995239258,
                    0.11456501483917236,
                    -0.8495850563049316,
                    0.0
                ],
                [
                    -0.4893719553947449,
                    0.774415135383606,
                    0.40099406242370605,
                    0.0
                ],
                [
                    1.2015315294265747,
                    0.057395659387111664,
                    0.4005736708641052,
                    1.0
                ]
            ],
            "location": [
                -0.057395659387111664,
                0.4005736708641052,
                -1.2015315294265747
            ],
            "location_world": [
                1.2015315294265747,
                0.057395659387111664,
                0.4005736708641052
            ],
            "name": "google_50_BLOCKS_10",
            "projected_cuboid": [
                [
                    136.91270351409912,
                    44.7283536195755
                ],
                [
                    121.84754014015198,
                    92.87773072719574
                ],
                [
                    167.32177138328552,
                    120.23462355136871
                ],
                [
                    179.28263545036316,
                    72.487011551857
                ],
                [
                    236.28821969032288,
                    -73.23300838470459
                ],
                [
                    224.98157620429993,
                    -21.844953298568726
                ],
                [
                    276.04854106903076,
                    18.08658242225647
                ],
                [
                    283.35779905319214,
                    -33.500999212265015
                ],
                [
                    198.43748211860657,
                    32.94755518436432
                ]
            ],
            "provenance": "nvisii",
            "quaternion_xyzw": [
                -0.4295329749584198,
                0.2661116123199463,
                0.860403299331665,
                -0.06627267599105835
            ],
            "quaternion_xyzw_world": [
                -0.545048713684082,
                -0.0492430105805397,
                0.38162729144096375,
                0.74488765001297
            ],
            "segmentation_id": 11,
            "visibility": -1
        },
        {
            "bounding_box_minx_maxx_miny_maxy": [
                -1,
                -1,
                -1,
                -1
            ],
            "class": "50",
            "local_cuboid": null,
            "local_to_world_matrix": [
                [
                    0.7440270185470581,
                    0.005907092243432999,
                    -0.6681234836578369,
                    0.0
                ],
                [
                    -0.0368378609418869,
                    -0.9980777502059937,
                    -0.04984723776578903,
                    0.0
                ],
                [
                    -0.6671333312988281,
                    0.06169993430376053,
                    -0.7423794269561768,
                    0.0
                ],
                [
                    0.6134909987449646,
                    -0.4842204451560974,
                    0.24111853539943695,
                    1.0
                ]
            ],
            "location": [
                0.4842204451560974,
                0.24111853539943695,
                -0.6134909987449646
            ],
            "location_world": [
                0.6134909987449646,
                -0.4842204451560974,
                0.24111853539943695
            ],
            "name": "google_50_BLOCKS_11",
            "projected_cuboid": [
                [
                    611.3369464874268,
                    210.87515354156494
                ],
                [
                    745.6706762313843,
                    217.12473034858704
                ],
                [
                    702.0143270492554,
                    153.72681617736816
                ],
                [
                    581.2314748764038,
                    148.54875206947327
                ],
                [
                    847.6915955543518,
                    -164.25800323486328
                ],
                [
                    1073.0397701263428,
                    -158.90762209892273
                ],
                [
                    954.7592997550964,
                    -199.41073656082153
                ],
                [
                    765.0813460350037,
                    -203.49499583244324
                ],
                [
                    753.8142204284668,
                    40.657803416252136
                ]
            ],
            "provenance": "nvisii",
            "quaternion_xyzw": [
                0.3069230616092682,
                0.268759548664093,
                -0.6562941074371338,
                0.6347005367279053
            ],
            "quaternion_xyzw_world": [
                0.9333386421203613,
                -0.008284980431199074,
                -0.3576560318470001,
                -0.029878536239266396
            ],
            "segmentation_id": 12,
            "visibility": -1
        },
        {
            "bounding_box_minx_maxx_miny_maxy": [
                -1,
                -1,
                -1,
                -1
            ],
            "class": "2",
            "local_cuboid": null,
            "local_to_world_matrix": [
                [
                    -0.42174720764160156,
                    0.06618241220712662,
                    -0.9042949080467224,
                    0.0
                ],
                [
                    0.06735732406377792,
                    -0.9922899007797241,
                    -0.10403675585985184,
                    0.0
                ],
                [
                    -0.9042081236839294,
                    -0.10478808730840683,
                    0.41403764486312866,
                    0.0
                ],
                [
                    1.1842209100723267,
                    0.29829633235931396,
                    -0.11943844705820084,
                    1.0
                ]
            ],
            "location": [
                -0.29829633235931396,
                -0.11943844705820084,
                -1.1842209100723267
            ],
            "location_world": [
                1.1842209100723267,
                0.29829633235931396,
                -0.11943844705820084
            ],
            "name": "google_2_of_Jenga_Classic_Game_12",
            "projected_cuboid": [
                [
                    40.76465964317322,
                    269.93903517723083
                ],
                [
                    97.87489473819733,
                    275.66397190093994
                ],
                [
                    116.41938984394073,
                    332.2371542453766
                ],
                [
                    72.34998047351837,
                    328.08664441108704
                ],
                [
                    51.59284174442291,
                    223.12548756599426
                ],
                [
                    106.61529004573822,
                    228.93105447292328
                ],
                [
                    122.72940576076508,
                    294.1947281360626
                ],
                [
                    79.91379499435425,
                    289.97889161109924
                ],
                [
                    87.64947950839996,
                    283.81359577178955
                ]
            ],
            "provenance": "nvisii",
            "quaternion_xyzw": [
                0.18278829753398895,
                0.12035110592842102,
                0.7201435565948486,
                -0.658405065536499
            ],
            "quaternion_xyzw_world": [
                -0.5377046465873718,
                -0.06208786368370056,
                0.8408440351486206,
                -0.0003493261756375432
            ],
            "segmentation_id": 13,
            "visibility": -1
        },
        {
            "bounding_box_minx_maxx_miny_maxy": [
                -1,
                -1,
                -1,
                -1
            ],
            "class": "50",
            "local_cuboid": null,
            "local_to_world_matrix": [
                [
                    0.6843947172164917,
                    0.42709416151046753,
                    -0.5909267663955688,
                    0.0
                ],
