{
    "camera_data": {
        "camera_look_at": {
            "at": [
                1.0,
                0.0,
                0.0
            ],
            "eye": [
                0.0,
                0.0,
                0.0
            ],
            "up": [
                0.0,
                0.0,
                1.0
            ]
        },
        "camera_view_matrix": [
            [
                0.0,
                0.0,
                -1.0,
                0.0
            ],
            [
                -1.0,
                0.0,
                0.0,
                0.0
            ],
            [
                0.0,
                1.0,
                0.0,
                0.0
            ],
            [
                0.0,
                0.0,
                0.0,
                1.0
            ]
        ],
        "height": 500,
        "intrinsics": {
            "cx": 250.0,
            "cy": 250.0,
            "fx": 603.5535278320312,
            "fy": 603.5535278320312
        },
        "location_world": [
            0.0,
            0.0,
            0.0
        ],
        "quaternion_world_xyzw": [
            0.5,
            -0.5,
            -0.5,
            0.5
        ],
        "width": 500
    },
    "objects": [
        {
            "bounding_box_minx_maxx_miny_maxy": [
                -1,
                -1,
                -1,
                -1
            ],
            "class": "2",
            "local_cuboid": null,
            "local_to_world_matrix": [
                [
                    0.2806105613708496,
                    0.22755296528339386,
                    -0.932457685470581,
                    0.0
                ],
                [
                    0.21763022243976593,
                    -0.9612727165222168,
                    -0.16909195482730865,
                    0.0
                ],
                [
                    -0.9348233938217163,
                    -0.1554819792509079,
                    -0.3192657232284546,
                    0.0
                ],
                [
                    0.42521730065345764,
                    -0.05879129096865654,
                    -0.3542129695415497,
                    1.0
                ]
            ],
            "location": [
                0.05879129096865654,
                -0.3542129695415497,
                -0.42521730065345764
            ],
            "location_world": [
                0.42521730065345764,
                -0.05879129096865654,
                -0.3542129695415497
            ],
            "name": "google_2_of_Jenga_Classic_Game_0",
            "projected_cuboid": [
                [
                    464.03712034225464,
                    2119.5125579833984
                ],
                [
                    725.383996963501,
                    1970.2237844467163
                ],
                [
                    372.4462687969208,
                    789.3975377082825
                ],
                [
                    263.00832629203796,
                    792.4290299415588
                ],
                [
                    582.1114182472229,
                    2096.6734886169434
                ],
                [
                    867.5199747085571,
                    1928.1847476959229
                ],
                [
                    404.4429063796997,
                    712.7271890640259
                ],
                [
                    290.4745042324066,
                    712.4451398849487
                ],
                [
                    420.34128308296204,
                    1088.0260467529297
                ]
            ],
            "provenance": "nvisii",
            "quaternion_xyzw": [
                0.04097430408000946,
                0.17581069469451904,
                -0.7634572982788086,
                0.6201165914535522
            ],
            "quaternion_xyzw_world": [
                0.8001794815063477,
                0.13908854126930237,
                -0.583394467830658,
                -0.004252160899341106
            ],
            "segmentation_id": 1,
            "visibility": -1
        },
        {
            "bounding_box_minx_maxx_miny_maxy": [
                -1,
                -1,
                -1,
                -1
            ],
            "class": "Cube",
            "local_cuboid": null,
            "local_to_world_matrix": [
                [
                    0.5109478235244751,
                    -0.13861122727394104,
                    0.8483627438545227,
                    0.0
                ],
                [
                    0.48710623383522034,
                    0.8598572015762329,
                    -0.15288271009922028,
                    0.0
                ],
                [
                    -0.708279550075531,
                    0.49135786294937134,
                    0.5068604946136475,
                    0.0
                ],
                [
                    2.157226800918579,
                    1.8891910314559937,
                    -0.027936138212680817,
                    1.0
                ]
            ],
            "location": [
                -1.8891910314559937,
                -0.027936138212680817,
                -2.157226800918579
            ],
            "location_world": [
                2.157226800918579,
                1.8891910314559937,
                -0.027936138212680817
            ],
            "name": "google_Cube_1",
            "projected_cuboid": [
                [
                    105.91617226600647,
                    90.32219648361206
                ],
                [
                    70.92985510826111,
                    103.57914865016937
                ],
                [
                    102.20946371555328,
                    133.84154438972473
                ],
                [
                    136.4644169807434,
                    122.43390083312988
                ],
                [
                    92.62067079544067,
                    126.70990824699402
                ],
                [
                    56.70878291130066,
                    139.07772302627563
                ],
                [
                    89.98875319957733,
                    168.59689354896545
                ],
                [
                    125.16488134860992,
                    158.07463228702545
                ],
                [
                    97.73758053779602,
                    130.51557540893555
                ]
            ],
            "provenance": "nvisii",
            "quaternion_xyzw": [
                -0.38184240460395813,
                0.007525674998760223,
                0.6562299132347107,
                0.650770366191864
            ],
            "quaternion_xyzw_world": [
                -0.18988816440105438,
                -0.4588161110877991,
                -0.18442854285240173,
                0.8481841683387756
            ],
            "segmentation_id": 2,
            "visibility": -1
        },
        {
            "bounding_box_minx_maxx_miny_maxy": [
                -1,
                -1,
                -1,
                -1
            ],
            "class": "Cube",
            "local_cuboid": null,
            "local_to_world_matrix": [
                [
                    -0.48312222957611084,
                    0.5249781608581543,
                    -0.7007073163986206,
                    0.0
                ],
                [
                    -0.567497968673706,
                    -0.797191858291626,
                    -0.20598816871643066,
                    0.0
                ],
                [
                    -0.66673743724823,
                    0.2981325387954712,
                    0.6830651760101318,
                    0.0
                ],
                [
                    0.6239001154899597,
                    -0.710313081741333,
                    0.11983130127191544,
                    1.0
                ]
            ],
            "location": [
                0.710313081741333,
                0.11983130127191544,
                -0.6239001154899597
            ],
            "location_world": [
                0.6239001154899597,
                -0.710313081741333,
                0.11983130127191544
            ],
            "name": "google_Cube_2",
            "projected_cuboid": [
                [
                    -55.605918169021606,
                    62.997400760650635
                ],
                [
                    -36.052435636520386,
                    64.15396928787231
                ],
                [
                    -13.456523418426514,
                    96.83988988399506
                ],
                [
                    -32.99742937088013,
                    94.63581442832947
                ],
                [
                    -27.937114238739014,
                    43.187215924263
                ],
                [
                    -7.997989654541016,
                    43.616220355033875
                ],
                [
                    12.843802571296692,
                    76.1779248714447
                ],
                [
                    -7.011353969573975,
                    74.70659911632538
                ],
                [
                    -20.780593156814575,
                    69.70332562923431
                ]
            ],
            "provenance": "nvisii",
            "quaternion_xyzw": [
                0.05973376706242561,
                0.4038107395172119,
                0.7742260098457336,
                -0.48367631435394287
            ],
            "quaternion_xyzw_world": [
                -0.39717891812324524,
                0.026763638481497765,
                0.8607234358787537,
                0.3173133432865143
            ],
            "segmentation_id": 3,
            "visibility": -1
        },
        {
            "bounding_box_minx_maxx_miny_maxy": [
                -1,
                -1,
                -1,
                -1
            ],
            "class": "Cube",
            "local_cuboid": null,
            "local_to_world_matrix": [
                [
                    -0.5645112991333008,
                    0.8235031366348267,
                    0.05629897117614746,
                    0.0
                ],
                [
                    -0.22845733165740967,
                    -0.2214205265045166,
                    0.948040246963501,
                    0.0
                ],
                [
                    0.7931798100471497,
                    0.5223175287246704,
                    0.3131296634674072,
                    0.0
                ],
                [
                    1.3453630208969116,
                    0.1877707988023758,
                    1.335426926612854,
                    1.0
                ]
            ],
            "location": [
                -0.1877707988023758,
                1.335426926612854,
                -1.3453630208969116
            ],
            "location_world": [
                1.3453630208969116,
                0.1877707988023758,
                1.335426926612854
            ],
            "name": "google_Cube_3",
            "projected_cuboid": [
                [
                    23.399516940116882,
                    393.24355125427246
                ],
                [
                    28.04514765739441,
                    362.6320958137512
                ],
                [
                    36.315903067588806,
                    379.169762134552
                ],
                [
                    31.3434898853302,
                    410.983145236969
                ],
                [
                    57.334378361701965,
                    390.69777727127075
                ],
                [
                    62.26210296154022,
                    361.00444197654724
                ],
                [
                    71.82472944259644,
                    376.93125009536743
                ],
                [
                    66.55123829841614,
                    407.7545404434204
                ],
                [
                    47.298118472099304,
                    385.1931691169739
                ]
            ],
            "provenance": "nvisii",
            "quaternion_xyzw": [
                0.07354673743247986,
                0.9440237283706665,
                0.1434251368045807,
                -0.28781819343566895
            ],
            "quaternion_xyzw_world": [
                0.293163537979126,
                0.5074350237846375,
                0.724406898021698,
                0.3630419671535492
            ],
            "segmentation_id": 4,
            "visibility": -1
        },
        {
            "bounding_box_minx_maxx_miny_maxy": [
                -1,
                -1,
                -1,
                -1
            ],
            "class": "Cube",
            "local_cuboid": null,
            "local_to_world_matrix": [
                [
                    0.44541871547698975,
                    0.5240141749382019,
                    0.7259554266929626,
                    0.0
                ],
                [
                    0.7529364228248596,
                    -0.6579654216766357,
                    0.012963980436325073,
                    0.0
                ],
                [
                    0.4844469428062439,
                    0.5408239364624023,
                    -0.6876194477081299,
                    0.0
                ],
                [
                    3.2949934005737305,
                    -1.5616267919540405,
                    -0.4260983169078827,
                    1.0
                ]
            ],
            "location": [
                1.5616267919540405,
                -0.4260983169078827,
                -3.2949934005737305
            ],
            "location_world": [
                3.2949934005737305,
                -1.5616267919540405,
                -0.4260983169078827
            ],
            "name": "google_Cube_4",
            "projected_cuboid": [
                [
                    335.9166085720062,
                    390.2719020843506
                ],
                [
                    352.49635577201843,
                    384.61410999298096
                ],
                [
                    371.7171549797058,
                    366.73587560653687
                ],
                [
                    355.47974705696106,
                    371.82387709617615
                ],
                [
                    354.72315549850464,
                    416.8280363082886
                ],
                [
                    370.95731496810913,
                    410.0217819213867
                ],
                [
                    391.0936415195465,
                    392.3708200454712
                ],
                [
                    375.25674700737,
                    398.63303303718567
                ],
                [
                    363.37804794311523,
                    391.3165330886841
                ]
            ],
            "provenance": "nvisii",
            "quaternion_xyzw": [
                0.48669004440307617,
                0.710884153842926,
                -0.506607174873352,
                -0.03355160355567932
            ],
            "quaternion_xyzw_world": [
                0.8353148698806763,
                0.3821764290332794,
                0.36225929856300354,
                -0.15798231959342957
            ],
            "segmentation_id": 5,
            "visibility": -1
        },
        {
            "bounding_box_minx_maxx_miny_maxy": [
                -1,
                -1,
                -1,
                -1
            ],
            "class": "2",
            "local_cuboid": null,
            "local_to_world_matrix": [
                [
                    -0.47212064266204834,
                    0.20404858887195587,
                    0.8575937151908875,
                    0.0
                ],
                [
                    0.43592625856399536,
                    -0.791527509689331,
                    0.4283143877983093,
                    0.0
                ],
                [
                    0.7662056088447571,
                    0.5760634541511536,
                    0.28474581241607666,
                    0.0
                ],
                [
                    1.1767840385437012,
                    -0.06461036950349808,
                    0.6433223485946655,
                    1.0
                ]
            ],
            "location": [
                0.06461036950349808,
                0.6433223485946655,
                -1.1767840385437012
            ],
            "location_world": [
                1.1767840385437012,
                -0.06461036950349808,
                0.6433223485946655
            ],
            "name": "google_2_of_Jenga_Classic_Game_5",
            "projected_cuboid": [
                [
                    185.75403094291687,
                    -78.5243809223175
                ],
                [
                    216.24833345413208,
                    -85.47648787498474
                ],
                [
                    296.1457371711731,
                    -106.62469267845154
                ],
                [
                    262.24374771118164,
                    -98.99041056632996
                ],
                [
                    194.39765810966492,
                    -40.640562772750854
                ],
                [
                    223.88064861297607,
                    -48.38252067565918
                ],
                [
                    302.73374915122986,
                    -62.04232573509216
                ],
                [
                    270.110547542572,
                    -53.2553493976593
                ],
                [
                    240.8454865217209,
                    -70.76215744018555
                ]
            ],
            "provenance": "nvisii",
            "quaternion_xyzw": [
                0.5324103236198425,
                0.7743656635284424,
                -0.04880775511264801,
                -0.33840078115463257
            ],
            "quaternion_xyzw_world": [
                0.5085914731025696,
                0.314581960439682,
                0.7981845140457153,
                -0.07262658327817917
            ],
            "segmentation_id": 6,
            "visibility": -1
        },
        {
            "bounding_box_minx_maxx_miny_maxy": [
                -1,
                -1,
                -1,
                -1
            ],
            "class": "Cube",
            "local_cuboid": null,
            "local_to_world_matrix": [
                [
                    0.40767794847488403,
                    0.3848625123500824,
                    0.8280576467514038,
                    0.0
                ],
                [
                    0.8966188430786133,
                    0.0029274821281433105,
                    -0.4427933394908905,
                    0.0
                ],
                [
                    -0.17283865809440613,
                    0.9229692220687866,
                    -0.3438814878463745,
                    0.0
                ],
                [
                    3.563749313354492,
                    -0.2826394736766815,
                    -0.6187899112701416,
                    1.0
                ]
            ],
            "location": [
                0.2826394736766815,
                -0.6187899112701416,
                -3.563749313354492
            ],
            "location_world": [
                3.563749313354492,
                -0.2826394736766815,
                -0.6187899112701416
            ],
            "name": "google_Cube_6",
            "projected_cuboid": [
                [
                    320.9662735462189,
                    174.91739988327026
                ],
                [
                    317.6700472831726,
                    191.78086519241333
                ],
                [
                    344.92093324661255,
                    181.91272020339966
                ],
                [
                    349.4655191898346,
                    164.73886370658875
                ],
                [
                    335.05892753601074,
                    200.22910833358765
                ],
                [
                    331.0433328151703,
                    216.27846360206604
                ],
                [
                    358.74301195144653,
                    205.98913729190826
                ],
                [
                    364.0490174293518,
                    189.59492444992065
                ],
                [
                    340.178906917572,
                    190.71993231773376
                ]
            ],
            "provenance": "nvisii",
            "quaternion_xyzw": [
                -0.47039666771888733,
                -0.4385289251804352,
                0.7071942090988159,
                0.293761283159256
            ],
            "quaternion_xyzw_world": [
                -0.66117924451828,
                -0.4845438599586487,
                -0.24774636328220367,
                0.5164116024971008
            ],
            "segmentation_id": 7,
            "visibility": -1
        },
        {
            "bounding_box_minx_maxx_miny_maxy": [
                -1,
                -1,
                -1,
                -1
            ],
            "class": "2",
            "local_cuboid": null,
            "local_to_world_matrix": [
                [
                    -0.5636427402496338,
                    -0.2355690896511078,
                    -0.7917159199714661,
                    0.0
                ],
                [
                    0.39594247937202454,
                    0.7641336917877197,
                    -0.5092437863349915,
                    0.0
                ],
                [
                    0.7249389290809631,
                    -0.600505530834198,
                    -0.33742666244506836,
                    0.0
                ],
                [
                    0.20963890850543976,
                    0.45411577820777893,
                    -0.16975659132003784,
                    1.0
                ]
            ],
            "location": [
                -0.45411577820777893,
                -0.16975659132003784,
                -0.20963890850543976
            ],
            "location_world": [
                0.20963890850543976,
                0.45411577820777893,
                -0.16975659132003784
            ],
            "name": "google_2_of_Jenga_Classic_Game_7",
            "projected_cuboid": [
                [
                    -124.23497438430786,
                    688.7499094009399
                ],
                [
                    -187.78949975967407,
                    715.8829569816589
                ],
                [
                    -1160.5898141860962,
                    907.7529311180115
                ],
                [
                    -1208.7312936782837,
                    884.5404982566833
                ],
                [
                    -111.5296483039856,
                    554.7531247138977
                ],
                [
                    -169.86820101737976,
                    588.9970064163208
                ],
                [
                    -953.4003734588623,
                    638.4626030921936
                ],
                [
                    -959.3976736068726,
                    578.202486038208
                ],
                [
                    -450.8747458457947,
                    668.9398288726807
                ]
            ],
            "provenance": "nvisii",
            "quaternion_xyzw": [
                -0.7857722043991089,
                0.4950065612792969,
                -0.37038353085517883,
                0.018617302179336548
            ],
            "quaternion_xyzw_world": [
                0.04911760613322258,
                0.816272497177124,
                -0.3398832082748413,
                0.4645062983036041
            ],
            "segmentation_id": 8,
            "visibility": -1
        },
        {
            "bounding_box_minx_maxx_miny_maxy": [
                -1,
                -1,
                -1,
                -1
            ],
            "class": "2",
            "local_cuboid": null,
            "local_to_world_matrix": [
                [
                    0.5719936490058899,
                    -0.25228849053382874,
                    -0.780495822429657,
                    0.0
                ],
                [
                    0.736517071723938,
                    -0.2608746290206909,
                    0.6240888237953186,
                    0.0
                ],
                [
                    -0.3610619902610779,
                    -0.9318234324455261,
                    0.03659617900848389,
                    0.0
                ],
                [
                    0.25284069776535034,
                    0.32705193758010864,
                    -0.0927320048213005,
                    1.0
                ]
            ],
            "location": [
                -0.32705193758010864,
                -0.0927320048213005,
                -0.25284069776535034
            ],
            "location_world": [
                0.25284069776535034,
                0.32705193758010864,
                -0.0927320048213005
            ],
            "name": "google_2_of_Jenga_Classic_Game_8",
            "projected_cuboid": [
                [
                    6.750807166099548,
                    855.1890254020691
                ],
                [
                    148.159921169281,
                    509.6982717514038
                ],
                [
                    -352.8398275375366,
                    441.37823581695557
                ],
                [
                    -560.7463717460632,
                    620.3073263168335
                ],
                [
                    -238.63309621810913,
                    750.0091195106506
                ],
                [
                    41.61517322063446,
                    346.468448638916
                ],
                [
                    -502.890408039093,
                    332.22514390945435
                ],
                [
                    -804.7623634338379,
                    517.6095962524414
                ],
                [
                    -326.10148191452026,
                    513.6356949806213
                ]
            ],
            "provenance": "nvisii",
            "quaternion_xyzw": [
                -0.2584267854690552,
                0.5026774406433105,
                -0.34809648990631104,
                0.74790358543396
            ],
            "quaternion_xyzw_world": [
                0.6701253652572632,
                0.18064852058887482,
                -0.4258747398853302,
                0.5804556608200073
            ],
            "segmentation_id": 9,
            "visibility": -1
        },
        {
            "bounding_box_minx_maxx_miny_maxy": [
                -1,
                -1,
                -1,
                -1
            ],
            "class": "Cube",
            "local_cuboid": null,
            "local_to_world_matrix": [
                [
                    -0.46565961837768555,
                    0.7937616109848022,
                    0.3912845849990845,
                    0.0
                ],
                [
                    0.2572707235813141,
                    -0.30162906646728516,
                    0.9180586338043213,
                    0.0
                ],
                [
                    0.8467425107955933,
                    0.5281689167022705,
                    -0.06375503540039062,
                    0.0
                ],
                [
                    1.7309738397598267,
                    -0.12536779046058655,
                    0.9956557154655457,
                    1.0
                ]
            ],
            "location": [
                0.12536779046058655,
                0.9956557154655457,
                -1.7309738397598267
            ],
            "location_world": [
                1.7309738397598267,
                -0.12536779046058655,
                0.9956557154655457
            ],
            "name": "google_Cube_9",
            "projected_cuboid": [
                [
                    8.947476744651794,
                    587.7264738082886
                ],
                [
                    27.8179794549942,
                    538.1672382354736
                ],
                [
                    38.62689435482025,
                    555.171012878418
                ],
                [
                    18.64078640937805,
                    608.647346496582
                ],
                [
                    53.94226312637329,
                    593.7297344207764
                ],
                [
                    71.29299640655518,
                    545.7775592803955
                ],
                [
                    84.63354408740997,
                    562.6637935638428
                ],
                [
                    66.36705994606018,
                    614.2716407775879
                ],
                [
                    46.60479724407196,
                    575.2567052841187
                ]
            ],
            "provenance": "nvisii",
            "quaternion_xyzw": [
                0.18365883827209473,
                0.9432076215744019,
                -0.08508886396884918,
                -0.26341721415519714
            ],
            "quaternion_xyzw_world": [
                0.4742690622806549,
                0.5540274381637573,
                0.6525974273681641,
                0.2055213749408722
            ],
            "segmentation_id": 10,
            "visibility": -1
        },
        {
            "bounding_box_minx_maxx_miny_maxy": [
                -1,
                -1,
                -1,
                -1
            ],
            "class": "Cube",
            "local_cuboid": null,
            "local_to_world_matrix": [
                [
                    -0.47824835777282715,
                    0.29340094327926636,
                    -0.8277647495269775,
                    0.0
                ],
                [
                    -0.8619325757026672,
                    0.02389758825302124,
                    0.5064595937728882,
                    0.0
                ],
                [
                    0.1683773696422577,
                    0.955690860748291,
                    0.24146270751953125,
                    0.0
                ],
                [
                    -1.4089314937591553,
                    -0.26242807507514954,
                    1.3570400476455688,
                    1.0
                ]
            ],
            "location": [
                0.26242807507514954,
                1.3570400476455688,
                1.4089314937591553
            ],
            "location_world": [
                -1.4089314937591553,
                -0.26242807507514954,
                1.3570400476455688
            ],
            "name": "google_Cube_10",
            "projected_cuboid": [
                [
                    1020.6847190856934,
                    -940.4739141464233
                ],
                [
                    1636.6326808929443,
                    -2202.770233154297
                ],
                [
                    2550.4863262176514,
                    -2504.1842460632324
                ],
                [
                    1424.7651100158691,
                    -971.7636108398438
                ],
                [
                    940.7360553741455,
                    -911.357045173645
                ],
                [
                    1319.6219205856323,
                    -1763.5645866394043
                ],
                [
                    1874.167799949646,
                    -1905.1868915557861
                ],
                [
                    1251.9891262054443,
                    -933.725118637085
                ],
                [
                    1375.64218044281,
                    -1341.6907787322998
                ]
            ],
            "provenance": "nvisii",
            "quaternion_xyzw": [
                -0.30352798104286194,
                0.7014695405960083,
                0.393244206905365,
                -0.5110482573509216
            ],
            "quaternion_xyzw_world": [
                -0.2531754672527313,
                0.5614007711410522,
                0.6511170268058777,
                0.4435967206954956
            ],
            "segmentation_id": 11,
            "visibility": -1
        },
        {
            "bounding_box_minx_maxx_miny_maxy": [
                -1,
                -1,
                -1,
                -1
            ],
            "class": "2",
            "local_cuboid": null,
            "local_to_world_matrix": [
                [
                    -0.6652179956436157,
                    -0.0056063830852508545,
                    -0.7466281056404114,
                    0.0
                ],
                [
                    -0.6639599800109863,
                    -0.4529610872268677,
                    0.5949651002883911,
                    0.0
                ],
                [
                    -0.34152907133102417,
                    0.8915126323699951,
                    0.2975955009460449,
                    0.0
                ],
                [
                    1.710134744644165,
                    -0.342629998922348,
                    -0.5070306658744812,
                    1.0
                ]
            ],
            "location": [
                0.342629998922348,
                -0.5070306658744812,
                -1.710134744644165
            ],
            "location_world": [
                1.710134744644165,
                -0.342629998922348,
                -0.5070306658744812
            ],
            "name": "google_2_of_Jenga_Classic_Game_11",
            "projected_cuboid": [
                [
                    273.69797229766846,
                    427.7026653289795
                ],
                [
                    289.3860340118408,
                    414.61998224258423
                ],
                [
                    381.9289207458496,
                    436.3861680030823
                ],
                [
                    364.12447690963745,
                    447.9937553405762
                ],
                [
                    272.7905511856079,
                    400.74604749679565
                ],
                [
                    287.9352271556854,
                    387.1506452560425
                ],
                [
                    377.7201771736145,
                    409.8523259162903
                ],
                [
                    360.5789542198181,
                    421.95773124694824
                ],
                [
                    327.21543312072754,
                    418.5190498828888
                ]
            ],
            "provenance": "nvisii",
            "quaternion_xyzw": [
                -0.13144604861736298,
                0.5585314631462097,
                0.4303944706916809,
                -0.6967962980270386
            ],
            "quaternion_xyzw_world": [
                -0.35005268454551697,
                0.4781896770000458,
                0.7771381139755249,
                0.21178783476352692
            ],
            "segmentation_id": 12,
            "visibility": -1
        },
        {
            "bounding_box_minx_maxx_miny_maxy": [
                -1,
                -1,
                -1,
                -1
            ],
            "class": "2",
            "local_cuboid": null,
            "local_to_world_matrix": [
                [
                    0.8026049733161926,
                    0.5883308053016663,
                    -0.09844855219125748,
                    0.0
                ],
                [
                    -0.5907701849937439,
                    0.7611386775970459,
                    -0.267691045999527,
                    0.0
                ],
                [
                    -0.08255789428949356,
                    0.27301064133644104,
                    0.9584619998931885,
                    0.0
                ],
                [
                    0.4596793055534363,
                    0.3780043125152588,
                    -0.13321854174137115,
                    1.0
                ]
            ],
            "location": [
                -0.3780043125152588,
                -0.13321854174137115,
                -0.4596793055534363
            ],
            "location_world": [
                0.4596793055534363,
                0.3780043125152588,
                -0.13321854174137115
            ],
            "name": "google_2_of_Jenga_Classic_Game_12",
            "projected_cuboid": [
                [
                    -300.35364627838135,
                    60.929372906684875
                ],
                [
                    -450.12933015823364,
                    70.44994831085205
                ],
                [
                    -310.7324242591858,
                    442.0281648635864
                ],
                [
                    -181.42127990722656,
                    397.0502018928528
                ],
                [
                    -316.28865003585815,
                    22.085219621658325
                ],
                [
                    -493.1851625442505,
                    28.083398938179016
                ],
                [
                    -329.3164372444153,
                    460.562527179718
                ],
                [
                    -179.88377809524536,
                    407.25648403167725
                ],
                [
                    -313.39406967163086,
                    240.86284637451172
                ]
            ],
            "provenance": "nvisii",
            "quaternion_xyzw": [
                -0.38626495003700256,
                0.5563456416130066,
                0.6961644291877747,
                0.2379790097475052
            ],
            "quaternion_xyzw_world": [
                -0.14405235648155212,
                0.004233547020703554,
                0.31413307785987854,
                0.9383770227432251
            ],
            "segmentation_id": 13,
            "visibility": -1
        },
        {
            "bounding_box_minx_maxx_miny_maxy": [
                -1,
                -1,
                -1,
                -1
            ],
            "class": "2",
            "local_cuboid": null,
            "local_to_world_matrix": [
                [
                    0.4562944173812866,
                    0.4894009828567505,
                    -0.7431567907333374,
                    0.0
                ],
                [
                    0.8702398538589478,
