{
    "camera_data": {
        "camera_look_at": {
            "at": [
                1.0,
                0.0,
                0.0
            ],
            "eye": [
                0.0,
                0.0,
                0.0
            ],
            "up": [
                0.0,
                0.0,
                1.0
            ]
        },
        "camera_view_matrix": [
            [
                0.0,
                0.0,
                -1.0,
                0.0
            ],
            [
                -1.0,
                0.0,
                0.0,
                0.0
            ],
            [
                0.0,
                1.0,
                0.0,
                0.0
            ],
            [
                0.0,
                0.0,
                0.0,
                1.0
            ]
        ],
        "height": 500,
        "intrinsics": {
            "cx": 250.0,
            "cy": 250.0,
            "fx": 603.5535278320312,
            "fy": 603.5535278320312
        },
        "location_world": [
            0.0,
            0.0,
            0.0
        ],
        "quaternion_world_xyzw": [
            0.5,
            -0.5,
            -0.5,
            0.5
        ],
        "width": 500
    },
    "objects": [
        {
            "bounding_box_minx_maxx_miny_maxy": [
                -1,
                -1,
                -1,
                -1
            ],
            "class": "50",
            "local_cuboid": null,
            "local_to_world_matrix": [
                [
                    -0.42915594577789307,
                    0.7107222080230713,
                    0.5574038624763489,
                    0.0
                ],
                [
                    -0.848534345626831,
                    -0.5287290811538696,
                    0.020857319235801697,
                    0.0
                ],
                [
                    0.3095393776893616,
                    -0.4640253186225891,
                    0.829979419708252,
                    0.0
                ],
                [
                    1.9108349084854126,
                    -0.037505123764276505,
                    0.6305062770843506,
                    1.0
                ]
            ],
            "location": [
                0.037505123764276505,
                0.6305062770843506,
                -1.9108349084854126
            ],
            "location_world": [
                1.9108349084854126,
                -0.037505123764276505,
                0.6305062770843506
            ],
            "name": "google_50_BLOCKS_0",
            "projected_cuboid": [
                [
                    226.23901069164276,
                    -6.393641233444214
                ],
                [
                    250.41157007217407,
                    -25.002628564834595
                ],
                [
                    232.94538259506226,
                    0.9413659572601318
                ],
                [
                    209.47811007499695,
                    18.19053292274475
                ],
                [
                    301.2539744377136,
                    69.8682963848114
                ],
                [
                    328.28807830810547,
                    57.534247636795044
                ],
                [
                    313.59219551086426,
                    82.8876942396164
                ],
                [
                    286.99544072151184,
                    93.8941240310669
                ],
                [
                    269.85371112823486,
                    38.18379342556
                ]
            ],
            "provenance": "nvisii",
            "quaternion_xyzw": [
                0.38011834025382996,
                0.7143386602401733,
                0.5874362587928772,
                0.012203395366668701
            ],
            "quaternion_xyzw_world": [
                0.2596120536327362,
                -0.13270966708660126,
                0.8348449468612671,
                0.46693000197410583
            ],
            "segmentation_id": 1,
            "visibility": -1
        },
        {
            "bounding_box_minx_maxx_miny_maxy": [
                -1,
                -1,
                -1,
                -1
            ],
            "class": "50",
            "local_cuboid": null,
            "local_to_world_matrix": [
                [
                    0.7505199313163757,
                    0.3341834545135498,
                    -0.5701239109039307,
                    0.0
                ],
                [
                    -0.17125266790390015,
                    -0.7348935604095459,
                    -0.6562042832374573,
                    0.0
                ],
                [
                    -0.6382730007171631,
                    0.5901296734809875,
                    -0.49432241916656494,
                    0.0
                ],
                [
                    1.1091270446777344,
                    -0.610734760761261,
                    -0.00495850620791316,
                    1.0
                ]
            ],
            "location": [
                0.610734760761261,
                -0.00495850620791316,
                -1.1091270446777344
            ],
            "location_world": [
                1.1091270446777344,
                -0.610734760761261,
                -0.00495850620791316
            ],
            "name": "google_50_BLOCKS_1",
            "projected_cuboid": [
                [
                    470.4894423484802,
                    307.8334629535675
                ],
                [
                    531.1146974563599,
                    358.9678406715393
                ],
                [
                    547.0015406608582,
                    325.8991837501526
                ],
                [
                    489.4684851169586,
                    278.2989740371704
                ],
                [
                    612.8785014152527,
                    191.22636318206787
                ],
                [
                    695.6334114074707,
                    254.3923258781433
                ],
                [
                    703.8695812225342,
                    219.8176383972168
                ],
                [
                    626.816987991333,
                    162.0384156703949
                ],
                [
                    575.1456618309021,
                    268.36395263671875
                ]
            ],
            "provenance": "nvisii",
            "quaternion_xyzw": [
                0.41344526410102844,
                0.09963205456733704,
                -0.810657262802124,
                0.4024566113948822
            ],
            "quaternion_xyzw_world": [
                0.8630955815315247,
                0.04719372093677521,
                -0.3500182628631592,
                -0.3610069453716278
            ],
            "segmentation_id": 2,
            "visibility": -1
        },
        {
            "bounding_box_minx_maxx_miny_maxy": [
                -1,
                -1,
                -1,
                -1
            ],
            "class": "50",
            "local_cuboid": null,
            "local_to_world_matrix": [
                [
                    0.20604217052459717,
                    -0.7001932263374329,
                    0.6835759878158569,
                    0.0
                ],
                [
                    -0.205943301320076,
                    -0.7139477729797363,
                    -0.6692280769348145,
                    0.0
                ],
                [
                    0.9566264152526855,
                    -0.0028886497020721436,
                    -0.29130351543426514,
                    0.0
                ],
                [
                    1.6491330862045288,
                    -0.44779568910598755,
                    0.5291398167610168,
                    1.0
                ]
            ],
            "location": [
                0.44779568910598755,
                0.5291398167610168,
                -1.6491330862045288
            ],
            "location_world": [
                1.6491330862045288,
                -0.44779568910598755,
                0.5291398167610168
            ],
            "name": "google_50_BLOCKS_2",
            "projected_cuboid": [
                [
                    424.04985427856445,
                    27.12656557559967
                ],
                [
                    462.4239206314087,
                    56.56100809574127
                ],
                [
                    475.75700283050537,
                    32.67890214920044
                ],
                [
                    434.7606301307678,
                    1.8362551927566528
                ],
                [
                    344.6591794490814,
                    102.39331424236298
                ],
                [
                    383.28295946121216,
                    134.42398607730865
                ],
                [
                    391.9876217842102,
                    114.60152268409729
                ],
                [
                    350.6927490234375,
                    80.85547387599945
                ],
                [
                    409.00373458862305,
                    68.1765228509903
                ]
            ],
            "provenance": "nvisii",
            "quaternion_xyzw": [
                0.9118727445602417,
                0.3831465542316437,
                -0.05569681525230408,
                0.1363256871700287
            ],
            "quaternion_xyzw_world": [
                0.7435209155082703,
                -0.3046775460243225,
                0.5514984130859375,
                -0.2240486592054367
            ],
            "segmentation_id": 3,
            "visibility": -1
        },
        {
            "bounding_box_minx_maxx_miny_maxy": [
                -1,
                -1,
                -1,
                -1
            ],
            "class": "2",
            "local_cuboid": null,
            "local_to_world_matrix": [
                [
                    0.756000280380249,
                    0.18139344453811646,
                    -0.6289355754852295,
                    0.0
                ],
                [
                    -0.6508934497833252,
                    0.3100355267524719,
                    -0.6929759979248047,
                    0.0
                ],
                [
                    0.06929105520248413,
                    0.9332600831985474,
                    0.3524547815322876,
                    0.0
                ],
                [
                    1.2986407279968262,
                    -0.5231167674064636,
                    0.3731350898742676,
                    1.0
                ]
            ],
            "location": [
                0.5231167674064636,
                0.3731350898742676,
                -1.2986407279968262
            ],
            "location_world": [
                1.2986407279968262,
                -0.5231167674064636,
                0.3731350898742676
            ],
            "name": "google_2_of_Jenga_Classic_Game_3",
            "projected_cuboid": [
                [
                    362.47551441192627,
                    39.235979318618774
                ],
                [
                    355.19543290138245,
                    57.198360562324524
                ],
                [
                    483.29809308052063,
                    101.96004807949066
                ],
                [
                    485.4944944381714,
                    81.9152444601059
                ],
                [
                    374.13057684898376,
                    6.943315267562866
                ],
                [
                    367.0141100883484,
                    24.348020553588867
                ],
                [
                    501.46400928497314,
                    70.72457671165466
                ],
                [
                    502.9911994934082,
                    51.08188092708588
                ],
                [
                    428.3898174762726,
                    54.1691929101944
                ]
            ],
            "provenance": "nvisii",
            "quaternion_xyzw": [
                -0.6286640167236328,
                0.37339943647384644,
                0.6717660427093506,
                -0.11867974698543549
            ],
            "quaternion_xyzw_world": [
                -0.5228551626205444,
                0.22448855638504028,
                0.26759061217308044,
                0.7775748372077942
            ],
            "segmentation_id": 4,
            "visibility": -1
        },
        {
            "bounding_box_minx_maxx_miny_maxy": [
                -1,
                -1,
                -1,
                -1
            ],
            "class": "50",
            "local_cuboid": null,
            "local_to_world_matrix": [
                [
                    0.3814551830291748,
                    -0.7431930899620056,
                    0.549687385559082,
                    0.0
                ],
                [
                    0.06903296709060669,
                    -0.570087194442749,
                    -0.8186792135238647,
                    0.0
                ],
                [
                    0.9218062162399292,
                    0.35023602843284607,
                    -0.16615808010101318,
                    0.0
                ],
                [
                    1.2574158906936646,
                    -0.5541489124298096,
                    -0.12736405432224274,
                    1.0
                ]
            ],
            "location": [
                0.5541489124298096,
                -0.12736405432224274,
                -1.2574158906936646
            ],
            "location_world": [
                1.2574158906936646,
                -0.5541489124298096,
                -0.12736405432224274
            ],
            "name": "google_50_BLOCKS_4",
            "projected_cuboid": [
                [
                    507.3133707046509,
                    245.1472282409668
                ],
                [
                    540.5873656272888,
                    295.5658733844757
                ],
                [
                    580.4166197776794,
                    290.72219133377075
                ],
                [
                    544.8783040046692,
                    236.37457191944122
                ],
                [
                    410.40676832199097,
                    336.387574672699
                ],
                [
                    447.917103767395,
                    391.37426018714905
                ],
                [
                    484.36522483825684,
                    394.153892993927
                ],
                [
                    443.9377784729004,
                    334.45996046066284
                ],
                [
                    496.8370795249939,
                    313.17204236984253
                ]
            ],
            "provenance": "nvisii",
            "quaternion_xyzw": [
                0.9332307577133179,
                0.2999725341796875,
                -0.1960102915763855,
                0.02601844072341919
            ],
            "quaternion_xyzw_world": [
                0.727616012096405,
                -0.23163320124149323,
                0.5055872797966003,
                -0.40162503719329834
            ],
            "segmentation_id": 5,
            "visibility": -1
        },
        {
            "bounding_box_minx_maxx_miny_maxy": [
                -1,
                -1,
                -1,
                -1
            ],
            "class": "50",
            "local_cuboid": null,
            "local_to_world_matrix": [
                [
                    0.21293556690216064,
                    -0.26370230317115784,
                    0.9408079385757446,
                    0.0
                ],
                [
                    -0.9528361558914185,
                    0.15706300735473633,
                    0.25968170166015625,
                    0.0
                ],
                [
                    -0.21624481678009033,
                    -0.9517312049865723,
                    -0.21782076358795166,
                    0.0
                ],
                [
                    0.7294988632202148,
                    0.15801195800304413,
                    0.1624516099691391,
                    1.0
                ]
            ],
            "location": [
                -0.15801195800304413,
                0.1624516099691391,
                -0.7294988632202148
            ],
            "location_world": [
                0.7294988632202148,
                0.15801195800304413,
                0.1624516099691391
            ],
            "name": "google_50_BLOCKS_5",
            "projected_cuboid": [
                [
                    254.1210651397705,
                    36.85422241687775
                ],
                [
                    234.41269993782043,
                    -41.18698835372925
                ],
                [
                    143.8668966293335,
                    -52.04811692237854
                ],
                [
                    178.07595431804657,
                    25.569379329681396
                ],
                [
                    177.68846452236176,
                    289.1370356082916
                ],
                [
                    137.68400251865387,
                    259.9480152130127
                ],
                [
                    39.8222953081131,
                    236.17912828922272
                ],
                [
                    96.47208452224731,
                    268.79897713661194
                ],
                [
                    161.24337911605835,
                    123.24222922325134
                ]
            ],
            "provenance": "nvisii",
            "quaternion_xyzw": [
                0.4437836706638336,
                0.44151291251182556,
                0.41619130969047546,
                0.6594749689102173
            ],
            "quaternion_xyzw_world": [
                0.5642901062965393,
                -0.5389685034751892,
                0.3210064768791199,
                0.5366977453231812
            ],
            "segmentation_id": 6,
            "visibility": -1
        },
        {
            "bounding_box_minx_maxx_miny_maxy": [
                -1,
                -1,
                -1,
                -1
            ],
            "class": "50",
            "local_cuboid": null,
            "local_to_world_matrix": [
                [
                    -0.5035296678543091,
                    -0.2951914966106415,
                    0.8119851350784302,
                    0.0
                ],
                [
                    0.7131459712982178,
                    -0.6725496053695679,
                    0.19773665070533752,
                    0.0
                ],
                [
                    0.48773014545440674,
                    0.6786302328109741,
                    0.5491633415222168,
                    0.0
                ],
                [
                    1.3989107608795166,
                    -0.07071829587221146,
                    -0.267355740070343,
                    1.0
                ]
            ],
            "location": [
                0.07071829587221146,
                -0.267355740070343,
                -1.3989107608795166
            ],
            "location_world": [
                1.3989107608795166,
                -0.07071829587221146,
                -0.267355740070343
            ],
            "name": "google_50_BLOCKS_6",
            "projected_cuboid": [
                [
                    249.74335730075836,
                    285.1896286010742
                ],
                [
                    291.6392385959625,
                    270.288348197937
                ],
                [
                    326.5436887741089,
                    298.0029284954071
                ],
                [
                    285.7421040534973,
                    315.838485956192
                ],
                [
                    207.25056529045105,
                    397.93065190315247
                ],
                [
                    247.21528589725494,
                    377.3404359817505
                ],
                [
                    276.5069603919983,
                    405.579149723053
                ],
                [
                    237.1656894683838,
                    428.98935079574585
                ],
                [
                    264.20122385025024,
                    350.2250015735626
                ]
            ],
            "provenance": "nvisii",
            "quaternion_xyzw": [
                0.6295206546783447,
                0.5895496606826782,
                -0.06953728199005127,
                -0.5012978315353394
            ],
            "quaternion_xyzw_world": [
                0.39365488290786743,
                0.26543205976486206,
                0.8254154324531555,
                -0.3054030239582062
            ],
            "segmentation_id": 7,
            "visibility": -1
        },
        {
            "bounding_box_minx_maxx_miny_maxy": [
                -1,
                -1,
                -1,
                -1
            ],
            "class": "2",
            "local_cuboid": null,
            "local_to_world_matrix": [
                [
                    0.4794642925262451,
                    -0.6883364319801331,
                    0.5443409085273743,
                    0.0
                ],
                [
                    0.6683582663536072,
                    0.6883951425552368,
                    0.28179675340652466,
                    0.0
                ],
                [
                    -0.5686926245689392,
                    0.22870324552059174,
                    0.7901161909103394,
                    0.0
                ],
                [
                    1.9328558444976807,
                    0.49537041783332825,
                    -0.6997323632240295,
                    1.0
                ]
            ],
            "location": [
                -0.49537041783332825,
                -0.6997323632240295,
                -1.9328558444976807
            ],
            "location_world": [
                1.9328558444976807,
                0.49537041783332825,
                -0.6997323632240295
            ],
            "name": "google_2_of_Jenga_Classic_Game_7",
            "projected_cuboid": [
                [
                    76.23857259750366,
                    407.76902437210083
                ],
                [
                    62.30325996875763,
                    394.9427604675293
                ],
                [
                    98.41461479663849,
                    453.13501358032227
                ],
                [
                    112.20595240592957,
                    466.5610194206238
                ],
                [
                    53.35758626461029,
                    426.3112545013428
                ],
                [
                    39.8525595664978,
                    412.6225709915161
                ],
                [
                    78.58742773532867,
                    470.4359471797943
                ],
                [
                    92.06202626228333,
                    484.64903235435486
                ],
                [
                    77.47167348861694,
                    440.6670331954956
                ]
            ],
            "provenance": "nvisii",
            "quaternion_xyzw": [
                -0.4576699137687683,
                0.07868891954421997,
                0.3868331015110016,
                0.7966846227645874
            ],
            "quaternion_xyzw_world": [
                0.015435268171131611,
                -0.32357946038246155,
                -0.39441627264022827,
                0.8599383234977722
            ],
            "segmentation_id": 8,
            "visibility": -1
        },
        {
            "bounding_box_minx_maxx_miny_maxy": [
                -1,
                -1,
                -1,
                -1
            ],
            "class": "50",
            "local_cuboid": null,
            "local_to_world_matrix": [
                [
                    -0.7564148902893066,
                    -0.14464107155799866,
                    -0.6378993988037109,
                    0.0
                ],
                [
                    -0.6540114879608154,
                    0.15192729234695435,
                    0.7410715818405151,
                    0.0
                ],
                [
                    -0.010275036096572876,
                    0.9777510166168213,
                    -0.2095170021057129,
                    0.0
                ],
                [
                    1.2351988554000854,
                    -0.6930412650108337,
                    0.2146252542734146,
                    1.0
                ]
            ],
            "location": [
                0.6930412650108337,
                0.2146252542734146,
                -1.2351988554000854
            ],
            "location_world": [
                1.2351988554000854,
                -0.6930412650108337,
                0.2146252542734146
            ],
            "name": "google_50_BLOCKS_8",
            "projected_cuboid": [
                [
                    577.1611928939819,
                    237.2584193944931
                ],
                [
                    594.146728515625,
                    173.96649718284607
                ],
                [
                    655.7683944702148,
                    160.7643961906433
                ],
                [
                    633.6724758148193,
                    225.09212791919708
                ],
                [
                    493.04506182670593,
                    142.94078946113586
                ],
                [
                    500.4841089248657,
                    85.7258290052414
                ],
                [
                    549.6379137039185,
                    75.28801262378693
                ],
                [
                    538.8917326927185,
                    133.16062092781067
                ],
                [
                    562.4253749847412,
                    150.54026246070862
                ]
            ],
            "provenance": "nvisii",
            "quaternion_xyzw": [
                -0.3135659694671631,
                0.6297132968902588,
                0.17646703124046326,
                -0.6884743571281433
            ],
            "quaternion_xyzw_world": [
                -0.27439701557159424,
                0.7276433110237122,
                0.5905443429946899,
                0.2156359851360321
            ],
            "segmentation_id": 9,
            "visibility": -1
        },
        {
            "bounding_box_minx_maxx_miny_maxy": [
                -1,
                -1,
                -1,
                -1
            ],
            "class": "50",
            "local_cuboid": null,
            "local_to_world_matrix": [
                [
                    0.7612488269805908,
                    0.6390675902366638,
                    -0.10996770858764648,
                    0.0
                ],
                [
                    -0.11891400814056396,
                    0.3042823076248169,
                    0.9451305866241455,
                    0.0
                ],
                [
                    0.6374635100364685,
                    -0.7064027786254883,
                    0.3076286315917969,
                    0.0
                ],
                [
                    1.6947859525680542,
                    -0.06227708235383034,
                    -0.7697418332099915,
                    1.0
                ]
            ],
            "location": [
                0.06227708235383034,
                -0.7697418332099915,
                -1.6947859525680542
            ],
            "location_world": [
                1.6947859525680542,
                -0.06227708235383034,
                -0.7697418332099915
            ],
            "name": "google_50_BLOCKS_9",
            "projected_cuboid": [
                [
                    265.4038369655609,
                    510.40905714035034
                ],
                [
                    251.3684630393982,
                    468.76516938209534
                ],
                [
                    225.54217278957367,
                    488.50005865097046
                ],
                [
                    240.359365940094,
                    531.5536260604858
                ],
                [
                    351.704865694046,
                    539.042592048645
                ],
                [
                    336.2491726875305,
                    490.7480478286743
                ],
                [
                    309.7699284553528,
                    514.9290561676025
                ],
                [
                    326.2135982513428,
                    565.1265382766724
                ],
                [
                    285.28720140457153,
                    512.434720993042
                ]
            ],
            "provenance": "nvisii",
            "quaternion_xyzw": [
                -0.11539648473262787,
                0.8974493741989136,
                0.11882078647613525,
                0.4088396728038788
            ],
            "quaternion_xyzw_world": [
                0.5360358953475952,
                0.2425927072763443,
                0.24601702392101288,
                0.7702531814575195
            ],
            "segmentation_id": 10,
            "visibility": -1
        },
        {
            "bounding_box_minx_maxx_miny_maxy": [
                -1,
                -1,
                -1,
                -1
            ],
            "class": "50",
            "local_cuboid": null,
            "local_to_world_matrix": [
                [
                    0.38960397243499756,
                    -0.76921546459198,
                    0.5064746141433716,
                    0.0
                ],
                [
                    0.5215246677398682,
                    -0.2689969539642334,
                    -0.8097240328788757,
                    0.0
                ],
                [
                    0.7590922117233276,
                    0.5796107649803162,
                    0.29636234045028687,
                    0.0
                ],
                [
                    1.8113253116607666,
                    0.6988794207572937,
                    -0.7395151853561401,
                    1.0
                ]
            ],
            "location": [
                -0.6988794207572937,
                -0.7395151853561401,
                -1.8113253116607666
            ],
            "location_world": [
                1.8113253116607666,
                0.6988794207572937,
                -0.7395151853561401
            ],
            "name": "google_50_BLOCKS_10",
            "projected_cuboid": [
                [
                    47.77224361896515,
                    424.7608184814453
                ],
                [
                    67.30107963085175,
                    453.7506699562073
                ],
                [
                    79.46598529815674,
                    472.96738624572754
                ],
                [
                    59.55050885677338,
                    443.45152378082275
                ],
                [
                    -60.27930974960327,
                    499.13057684898376
                ],
                [
                    -34.88388657569885,
                    527.2374749183655
                ],
                [
                    -26.588886976242065,
                    551.4145493507385
                ],
                [
                    -52.86422371864319,
                    523.0040550231934
                ],
                [
                    12.059807777404785,
                    485.5872392654419
                ]
            ],
            "provenance": "nvisii",
            "quaternion_xyzw": [
                -0.9135140776634216,
                -0.21222209930419922,
                0.2652435302734375,
                0.22382992506027222
            ],
            "quaternion_xyzw_world": [
                -0.5835748910903931,
                0.10610925406217575,
                -0.5421612858772278,
                0.5951827168464661
            ],
            "segmentation_id": 11,
            "visibility": -1
        },
        {
            "bounding_box_minx_maxx_miny_maxy": [
                -1,
                -1,
                -1,
                -1
            ],
            "class": "50",
            "local_cuboid": null,
            "local_to_world_matrix": [
                [
                    0.8686226010322571,
                    -0.3627212941646576,
                    0.33753228187561035,
                    0.0
                ],
                [
                    -0.388564795255661,
                    -0.9213690757751465,
                    0.009824290871620178,
                    0.0
                ],
                [
                    0.3074283003807068,
                    -0.13968676328659058,
                    -0.9412627220153809,
                    0.0
                ],
                [
                    1.8306214809417725,
                    -0.7620031237602234,
                    0.32659563422203064,
                    1.0
                ]
            ],
            "location": [
                0.7620031237602234,
                0.32659563422203064,
                -1.8306214809417725
            ],
            "location_world": [
                1.8306214809417725,
                -0.7620031237602234,
                0.32659563422203064
            ],
            "name": "google_50_BLOCKS_11",
            "projected_cuboid": [
                [
                    478.52471470832825,
                    166.90903902053833
                ],
                [
                    525.8402824401855,
                    164.10517692565918
                ],
                [
                    525.8681774139404,
                    130.5105984210968
                ],
                [
                    477.7529835700989,
                    134.30872559547424
                ],
                [
                    474.3451774120331,
                    193.83321702480316
                ],
                [
                    530.215859413147,
                    191.42265617847443
                ],
                [
                    530.3391218185425,
                    152.09001302719116
                ],
                [
                    473.3501672744751,
                    155.8583378791809
                ],
                [
                    501.6288161277771,
                    160.30123829841614
                ]
            ],
            "provenance": "nvisii",
            "quaternion_xyzw": [
                0.6442680358886719,
                0.48850056529045105,
                -0.28285425901412964,
                0.5160225629806519
            ],
            "quaternion_xyzw_world": [
                0.9658227562904358,
                -0.19446790218353271,
                0.16694588959217072,
                0.03870043903589249
            ],
            "segmentation_id": 12,
            "visibility": -1
        },
        {
            "bounding_box_minx_maxx_miny_maxy": [
                -1,
                -1,
                -1,
                -1
            ],
            "class": "50",
            "local_cuboid": null,
            "local_to_world_matrix": [
                [
                    -0.25110840797424316,
                    0.5917878746986389,
                    -0.7659841775894165,
                    0.0
                ],
                [
                    -0.8861417174339294,
                    0.17787086963653564,
                    0.42791926860809326,
                    0.0
                ],
                [
                    0.3894836902618408,
                    0.7862246036529541,
                    0.4797430634498596,
                    0.0
                ],
                [
                    1.1949200630187988,
                    0.02948637120425701,
                    0.052058443427085876,
                    1.0
                ]
            ],
            "location": [
                -0.02948637120425701,
                0.052058443427085876,
                -1.1949200630187988
            ],
            "location_world": [
                1.1949200630187988,
                0.02948637120425701,
                0.052058443427085876
            ],
            "name": "google_50_BLOCKS_12",
            "projected_cuboid": [
                [
                    149.76626634597778,
                    279.86374497413635
                ],
                [
                    124.36877191066742,
                    249.85311925411224
                ],
                [
                    167.73587465286255,
                    279.3516218662262
                ],
                [
                    189.41248953342438,
                    307.28286504745483
                ],
                [
                    250.76612830162048,
                    155.75891733169556
                ],
                [
                    237.9690706729889,
                    114.75782096385956
                ],
                [
                    282.2025418281555,
                    137.05851137638092
                ],
                [
                    291.03153944015503,
                    177.20018327236176
                ],
                [
                    213.72058987617493,
                    210.90219914913177
                ]
            ],
            "provenance": "nvisii",
            "quaternion_xyzw": [
                -0.30404630303382874,
                0.776078462600708,
                0.43999576568603516,
                -0.3341585099697113
            ],
            "quaternion_xyzw_world": [
                -0.1510610580444336,
                0.48714375495910645,
                0.6230931878089905,
                0.5929809808731079
            ],
            "segmentation_id": 13,
            "visibility": -1
        },
        {
            "bounding_box_minx_maxx_miny_maxy": [
                -1,
                -1,
                -1,
                -1
            ],
            "class": "2",
            "local_cuboid": null,
            "local_to_world_matrix": [
                [
                    -0.5725953578948975,
                    0.8178960084915161,
                    -0.056396931409835815,
                    0.0
                ],
                [
                    0.06567326188087463,
                    0.11432838439941406,
