{
    "camera_data": {
        "camera_look_at": {
            "at": [
                1.0,
                0.0,
                0.0
            ],
            "eye": [
                0.0,
                0.0,
                0.0
            ],
            "up": [
                0.0,
                0.0,
                1.0
            ]
        },
        "camera_view_matrix": [
            [
                0.0,
                0.0,
                -1.0,
                0.0
            ],
            [
                -1.0,
                0.0,
                0.0,
                0.0
            ],
            [
                0.0,
                1.0,
                0.0,
                0.0
            ],
            [
                0.0,
                0.0,
                0.0,
                1.0
            ]
        ],
        "height": 500,
        "intrinsics": {
            "cx": 250.0,
            "cy": 250.0,
            "fx": 603.5535278320312,
            "fy": 603.5535278320312
        },
        "location_world": [
            0.0,
            0.0,
            0.0
        ],
        "quaternion_world_xyzw": [
            0.5,
            -0.5,
            -0.5,
            0.5
        ],
        "width": 500
    },
    "objects": [
        {
            "bounding_box_minx_maxx_miny_maxy": [
                -1,
                -1,
                -1,
                -1
            ],
            "class": "2",
            "local_cuboid": null,
            "local_to_world_matrix": [
                [
                    0.23069703578948975,
                    -0.28037503361701965,
                    -0.9317557215690613,
                    0.0
                ],
                [
                    -0.17943516373634338,
                    0.9289043545722961,
                    -0.3239440619945526,
                    0.0
                ],
                [
                    0.9563377499580383,
                    0.24192269146442413,
                    0.16398632526397705,
                    0.0
                ],
                [
                    1.4158873558044434,
                    0.562397301197052,
                    0.2168538123369217,
                    1.0
                ]
            ],
            "location": [
                -0.562397301197052,
                0.2168538123369217,
                -1.4158873558044434
            ],
            "location_world": [
                1.4158873558044434,
                0.562397301197052,
                0.2168538123369217
            ],
            "name": "google_2_of_Jenga_Classic_Game_0",
            "projected_cuboid": [
                [
                    44.54082250595093,
                    164.78309035301208
                ],
                [
                    14.80613648891449,
                    173.75193536281586
                ],
                [
                    -1.4558136463165283,
                    179.12143468856812
                ],
                [
                    34.24902260303497,
                    168.34691166877747
                ],
                [
                    34.45139527320862,
                    137.6745104789734
                ],
                [
                    4.303276538848877,
                    146.49587869644165
                ],
                [
                    -14.266997575759888,
                    146.49376273155212
                ],
                [
                    22.034496068954468,
                    135.9301060438156
                ],
                [
                    18.092259764671326,
                    156.55753016471863
                ]
            ],
            "provenance": "nvisii",
            "quaternion_xyzw": [
                -0.8001026511192322,
                0.5813816785812378,
                0.14767472445964813,
                -0.004827145487070084
            ],
            "quaternion_xyzw_world": [
                -0.18561139702796936,
                0.6193183660507202,
                -0.03310953825712204,
                0.7621659636497498
            ],
            "segmentation_id": 1,
            "visibility": -1
        },
        {
            "bounding_box_minx_maxx_miny_maxy": [
                -1,
                -1,
                -1,
                -1
            ],
            "class": "2",
            "local_cuboid": null,
            "local_to_world_matrix": [
                [
                    0.25860780477523804,
                    0.9454477429389954,
                    0.1981176733970642,
                    0.0
                ],
                [
                    0.9379934668540955,
                    -0.2947894334793091,
                    0.18239407241344452,
                    0.0
                ],
                [
                    0.2308470606803894,
                    0.13866452872753143,
                    -0.9630587100982666,
                    0.0
                ],
                [
                    1.4332151412963867,
                    -0.5630225539207458,
                    0.28890764713287354,
                    1.0
                ]
            ],
            "location": [
                0.5630225539207458,
                0.28890764713287354,
                -1.4332151412963867
            ],
            "location_world": [
                1.4332151412963867,
                -0.5630225539207458,
                0.28890764713287354
            ],
            "name": "google_2_of_Jenga_Classic_Game_1",
            "projected_cuboid": [
                [
                    443.9588487148285,
                    246.84016406536102
                ],
                [
                    443.7404274940491,
                    241.00619554519653
                ],
                [
                    469.0340757369995,
                    126.10885500907898
                ],
                [
                    470.6901013851166,
                    125.74046850204468
                ],
                [
                    477.7138829231262,
                    253.2975673675537
                ],
                [
                    475.74520111083984,
                    247.05153703689575
                ],
                [
                    502.8672218322754,
                    130.83025813102722
                ],
                [
                    506.48462772369385,
                    130.72673976421356
                ],
                [
                    473.3263850212097,
                    189.0057921409607
                ]
            ],
            "provenance": "nvisii",
            "quaternion_xyzw": [
                0.16047215461730957,
                0.7679012417793274,
                -0.6189116835594177,
                0.03904908150434494
            ],
            "quaternion_xyzw_world": [
                0.7931670546531677,
                0.5936458110809326,
                0.13520629703998566,
                0.013783209957182407
            ],
            "segmentation_id": 2,
            "visibility": -1
        },
        {
            "bounding_box_minx_maxx_miny_maxy": [
                -1,
                -1,
                -1,
                -1
            ],
            "class": "2",
            "local_cuboid": null,
            "local_to_world_matrix": [
                [
                    0.31659847497940063,
                    -0.2441500872373581,
                    0.9166002869606018,
                    0.0
                ],
                [
                    -0.470253586769104,
                    -0.8796002864837646,
                    -0.07186655700206757,
                    0.0
                ],
                [
                    0.8237881064414978,
                    -0.40828174352645874,
                    -0.39329254627227783,
                    0.0
                ],
                [
                    1.0333200693130493,
                    -0.32185593247413635,
                    -0.550555944442749,
                    1.0
                ]
            ],
            "location": [
                0.32185593247413635,
                -0.550555944442749,
                -1.0333200693130493
            ],
            "location_world": [
                1.0333200693130493,
                -0.32185593247413635,
                -0.550555944442749
            ],
            "name": "google_2_of_Jenga_Classic_Game_2",
            "projected_cuboid": [
                [
                    441.0855770111084,
                    539.3548011779785
                ],
                [
                    482.4678599834442,
                    551.3176321983337
                ],
                [
                    466.83305501937866,
                    554.4063448905945
                ],
                [
                    416.68930649757385,
                    539.627194404602
                ],
                [
                    435.73784828186035,
                    579.0547132492065
                ],
                [
                    477.7815341949463,
                    592.5277471542358
                ],
                [
                    460.6301188468933,
                    605.5999994277954
                ],
                [
                    409.51964259147644,
                    588.5129570960999
                ],
                [
                    449.56472516059875,
                    568.0944323539734
                ]
            ],
            "provenance": "nvisii",
            "quaternion_xyzw": [
                0.7314035892486572,
                0.6139566898345947,
                0.031338125467300415,
                0.295167475938797
            ],
            "quaternion_xyzw_world": [
                0.8045948147773743,
                -0.22197623550891876,
                0.5407654643058777,
                0.10452938079833984
            ],
            "segmentation_id": 3,
            "visibility": -1
        },
        {
            "bounding_box_minx_maxx_miny_maxy": [
                -1,
                -1,
                -1,
                -1
            ],
            "class": "2",
            "local_cuboid": null,
            "local_to_world_matrix": [
                [
                    -0.27192604541778564,
                    -0.7240966558456421,
                    -0.6338298916816711,
                    0.0
                ],
                [
                    0.6052603721618652,
                    -0.6407504081726074,
                    0.47233349084854126,
                    0.0
                ],
                [
                    -0.7481418251991272,
                    -0.2551923394203186,
                    0.6125036478042603,
                    0.0
                ],
                [
                    1.0562775135040283,
                    0.3959740698337555,
                    0.3009953200817108,
                    1.0
                ]
            ],
            "location": [
                -0.3959740698337555,
                0.3009953200817108,
                -1.0562775135040283
            ],
            "location_world": [
                1.0562775135040283,
                0.3959740698337555,
                0.3009953200817108
            ],
            "name": "google_2_of_Jenga_Classic_Game_3",
            "projected_cuboid": [
                [
                    9.046971797943115,
                    -77.5597095489502
                ],
                [
                    61.79274618625641,
                    -86.15845441818237
                ],
                [
                    58.188438415527344,
                    83.24237167835236
                ],
                [
                    16.56283438205719,
                    98.4867811203003
                ],
                [
                    -26.567578315734863,
                    -105.69381713867188
                ],
                [
                    26.96622908115387,
                    -112.43632435798645
                ],
                [
                    30.398741364479065,
                    58.894529938697815
                ],
                [
                    -11.73323392868042,
                    72.63007760047913
                ],
                [
                    21.363601088523865,
                    1.1532604694366455
                ]
            ],
            "provenance": "nvisii",
            "quaternion_xyzw": [
                0.35483142733573914,
                0.004875868558883667,
                0.37138646841049194,
                -0.8579877614974976
            ],
            "quaternion_xyzw_world": [
                -0.43483346700668335,
                0.06832285225391388,
                0.7945407629013062,
                -0.41827842593193054
            ],
            "segmentation_id": 4,
            "visibility": -1
        },
        {
            "bounding_box_minx_maxx_miny_maxy": [
                -1,
                -1,
                -1,
                -1
            ],
            "class": "2",
            "local_cuboid": null,
            "local_to_world_matrix": [
                [
                    -0.1143949031829834,
                    -0.6144593358039856,
                    0.7806112170219421,
                    0.0
                ],
                [
                    -0.9931380152702332,
                    0.08996224403381348,
                    -0.07472547888755798,
                    0.0
                ],
                [
                    -0.024309873580932617,
                    -0.7838027477264404,
                    -0.6205341815948486,
                    0.0
                ],
                [
                    1.2166329622268677,
                    0.5037506818771362,
                    -0.05451422929763794,
                    1.0
                ]
            ],
            "location": [
                -0.5037506818771362,
                -0.05451422929763794,
                -1.2166329622268677
            ],
            "location_world": [
                1.2166329622268677,
                0.5037506818771362,
                -0.05451422929763794
            ],
            "name": "google_2_of_Jenga_Classic_Game_4",
            "projected_cuboid": [
                [
                    130.55762648582458,
                    347.6927876472473
                ],
                [
                    118.00438165664673,
                    358.01029205322266
                ],
                [
                    0.7240027189254761,
                    263.8702988624573
                ],
                [
                    21.048501133918762,
                    259.90617275238037
                ],
                [
                    108.12301933765411,
                    376.5820860862732
                ],
                [
                    94.06137466430664,
                    388.8869881629944
                ],
                [
                    -22.17733860015869,
                    295.2814996242523
                ],
                [
                    -0.4776120185852051,
                    289.26026821136475
                ],
                [
                    56.3221275806427,
                    322.21871614456177
                ]
            ],
            "provenance": "nvisii",
            "quaternion_xyzw": [
                -0.6451501846313477,
                -0.26763102412223816,
                -0.3480575382709503,
                -0.6253086924552917
            ],
            "quaternion_xyzw_world": [
                -0.5950161814689636,
                0.6754426956176758,
                -0.3177650272846222,
                -0.2979235351085663
            ],
            "segmentation_id": 5,
            "visibility": -1
        },
        {
            "bounding_box_minx_maxx_miny_maxy": [
                -1,
                -1,
                -1,
                -1
            ],
            "class": "2",
            "local_cuboid": null,
            "local_to_world_matrix": [
                [
                    0.1258569359779358,
                    0.25509902834892273,
                    0.9586890339851379,
                    0.0
                ],
                [
                    -0.4010898172855377,
                    -0.870783805847168,
                    0.28436341881752014,
                    0.0
                ],
                [
                    0.9073516726493835,
                    -0.42030951380729675,
                    -0.007276654243469238,
                    0.0
                ],
                [
                    1.1312848329544067,
                    0.08790736645460129,
                    0.11956066638231277,
                    1.0
                ]
            ],
            "location": [
                -0.08790736645460129,
                0.11956066638231277,
                -1.1312848329544067
            ],
            "location_world": [
                1.1312848329544067,
                0.08790736645460129,
                0.11956066638231277
            ],
            "name": "google_2_of_Jenga_Classic_Game_5",
            "projected_cuboid": [
                [
                    244.89986896514893,
                    189.052015542984
                ],
                [
                    276.83138847351074,
                    177.09265649318695
                ],
                [
                    216.984823346138,
                    158.68350863456726
                ],
                [
                    179.47211861610413,
                    173.93210530281067
                ],
                [
                    253.48836183547974,
                    221.03413939476013
                ],
                [
                    285.8622372150421,
                    209.77646112442017
                ],
                [
                    227.63754427433014,
                    199.0107148885727
                ],
                [
                    189.48347866535187,
                    213.19709718227386
                ],
                [
                    237.32323944568634,
                    193.42297315597534
                ]
            ],
            "provenance": "nvisii",
            "quaternion_xyzw": [
                0.5847839713096619,
                0.7821147441864014,
                0.1258808970451355,
                0.17458003759384155
            ],
            "quaternion_xyzw_world": [
                0.707798957824707,
                -0.05156506225466728,
                0.659099817276001,
                0.24889585375785828
            ],
            "segmentation_id": 6,
            "visibility": -1
        },
        {
            "bounding_box_minx_maxx_miny_maxy": [
                -1,
                -1,
                -1,
                -1
            ],
            "class": "2",
            "local_cuboid": null,
            "local_to_world_matrix": [
                [
                    0.6494088172912598,
                    0.7214815020561218,
                    0.24027618765830994,
                    0.0
                ],
                [
                    0.6281656622886658,
                    -0.6870423555374146,
                    0.3652133345603943,
                    0.0
                ],
                [
                    0.4285745918750763,
                    -0.08623950183391571,
                    -0.8993812799453735,
                    0.0
                ],
                [
                    1.5722761154174805,
                    0.6293312907218933,
                    0.8002236485481262,
                    1.0
                ]
            ],
            "location": [
                -0.6293312907218933,
                0.8002236485481262,
                -1.5722761154174805
            ],
            "location_world": [
                1.5722761154174805,
                0.6293312907218933,
                0.8002236485481262
            ],
            "name": "google_2_of_Jenga_Classic_Game_6",
            "projected_cuboid": [
                [
                    14.625102281570435,
                    60.89414656162262
                ],
                [
                    41.77369177341461,
                    55.98898231983185
                ],
                [
                    16.36664569377899,
                    -56.57428503036499
                ],
                [
                    -13.802438974380493,
                    -55.077940225601196
                ],
                [
                    28.174832463264465,
                    61.95920705795288
                ],
                [
                    55.71916699409485,
                    56.87279999256134
                ],
                [
                    30.594468116760254,
                    -59.285759925842285
                ],
                [
                    -0.09489059448242188,
                    -57.83361196517944
                ],
                [
                    22.308513522148132,
                    3.0715614557266235
                ]
            ],
            "provenance": "nvisii",
            "quaternion_xyzw": [
                0.2923524081707001,
                0.7929800748825073,
                -0.48158425092697144,
                0.23192524909973145
            ],
            "quaternion_xyzw_world": [
                0.899420976638794,
                0.3751433491706848,
                0.18591149151325226,
                0.12548430263996124
            ],
            "segmentation_id": 7,
            "visibility": -1
        },
        {
            "bounding_box_minx_maxx_miny_maxy": [
                -1,
                -1,
                -1,
                -1
            ],
            "class": "2",
            "local_cuboid": null,
            "local_to_world_matrix": [
                [
                    0.1476367712020874,
                    -0.9510158896446228,
                    0.27161023020744324,
                    0.0
                ],
                [
                    -0.9030318856239319,
                    -0.017604589462280273,
                    0.429212749004364,
                    0.0
                ],
                [
                    -0.4034065306186676,
                    -0.3086403012275696,
                    -0.8613967895507812,
                    0.0
                ],
                [
                    0.259331613779068,
                    -0.05855082347989082,
                    0.5056992173194885,
                    1.0
                ]
            ],
            "location": [
                0.05855082347989082,
                0.5056992173194885,
                -0.259331613779068
            ],
            "location_world": [
                0.259331613779068,
                -0.05855082347989082,
                0.5056992173194885
            ],
            "name": "google_2_of_Jenga_Classic_Game_7",
            "projected_cuboid": [
                [
                    853.4941673278809,
                    -552.6626110076904
                ],
                [
                    1283.0218076705933,
                    -1313.2907152175903
                ],
                [
                    507.2762370109558,
                    -1170.8251237869263
                ],
                [
                    439.6398365497589,
                    -741.5158748626709
                ],
                [
                    633.4364414215088,
                    -532.045841217041
                ],
                [
                    942.2680735588074,
                    -1367.351770401001
                ],
                [
                    310.98079681396484,
                    -1187.610387802124
                ],
                [
                    291.9621467590332,
                    -736.7697954177856
                ],
                [
                    561.9803667068481,
                    -893.8450813293457
                ]
            ],
            "provenance": "nvisii",
            "quaternion_xyzw": [
                0.5287714004516602,
                0.13673904538154602,
                0.07612147927284241,
                0.834211528301239
            ],
            "quaternion_xyzw_world": [
                0.711800217628479,
                -0.6511826515197754,
                -0.04628978669643402,
                0.25915032625198364
            ],
            "segmentation_id": 8,
            "visibility": -1
        },
        {
            "bounding_box_minx_maxx_miny_maxy": [
                -1,
                -1,
                -1,
                -1
            ],
            "class": "2",
            "local_cuboid": null,
            "local_to_world_matrix": [
                [
                    -0.7176189422607422,
                    0.624616265296936,
                    -0.3080219626426697,
                    0.0
                ],
                [
                    0.6334619522094727,
                    0.4016326665878296,
                    -0.6613751649856567,
                    0.0
                ],
                [
                    -0.2893940210342407,
                    -0.6697355508804321,
                    -0.6838898658752441,
                    0.0
                ],
                [
                    1.2504374980926514,
                    0.09303001314401627,
                    -0.15765437483787537,
                    1.0
                ]
            ],
            "location": [
                -0.09303001314401627,
                -0.15765437483787537,
                -1.2504374980926514
            ],
            "location_world": [
                1.2504374980926514,
                0.09303001314401627,
                -0.15765437483787537
            ],
            "name": "google_2_of_Jenga_Classic_Game_8",
            "projected_cuboid": [
                [
                    301.58594250679016,
                    435.6098771095276
                ],
                [
                    281.6367447376251,
                    456.0314416885376
                ],
                [
                    184.9519908428192,
                    345.5444574356079
                ],
                [
                    199.1642564535141,
                    321.62314653396606
                ],
                [
                    324.55822825431824,
                    414.0474796295166
                ],
                [
                    304.5276403427124,
                    434.4668388366699
                ],
                [
                    210.55330336093903,
                    330.16735315322876
                ],
                [
                    225.21668672561646,
                    306.6706955432892
                ],
                [
                    252.4033784866333,
                    378.6420226097107
                ]
            ],
            "provenance": "nvisii",
            "quaternion_xyzw": [
                -0.43225133419036865,
                0.41044092178344727,
                -0.8024003505706787,
                -0.029165834188461304
            ],
            "quaternion_xyzw_world": [
                0.3757120668888092,
                0.8371292352676392,
                -0.3975224792957306,
                0.005563035141676664
            ],
            "segmentation_id": 9,
            "visibility": -1
        },
        {
            "bounding_box_minx_maxx_miny_maxy": [
                -1,
                -1,
                -1,
                -1
            ],
            "class": "2",
            "local_cuboid": null,
            "local_to_world_matrix": [
                [
                    0.20508992671966553,
                    -0.6195908784866333,
                    -0.7576577663421631,
                    0.0
                ],
                [
                    -0.2846486270427704,
                    0.702892541885376,
                    -0.6518567800521851,
                    0.0
                ],
                [
                    0.9364365339279175,
                    0.349355548620224,
                    -0.03220951557159424,
                    0.0
                ],
                [
                    1.0142278671264648,
                    0.4611889123916626,
                    0.2646116018295288,
                    1.0
                ]
            ],
            "location": [
                -0.4611889123916626,
                0.2646116018295288,
                -1.0142278671264648
            ],
            "location_world": [
                1.0142278671264648,
                0.4611889123916626,
                0.2646116018295288
            ],
            "name": "google_2_of_Jenga_Classic_Game_9",
            "projected_cuboid": [
                [
                    15.057310461997986,
                    133.30376148223877
                ],
                [
                    -17.24296808242798,
                    156.99492394924164
                ],
                [
                    -28.634577989578247,
                    126.19414925575256
                ],
                [
                    12.472167611122131,
                    96.95360064506531
                ],
                [
                    -10.723888874053955,
                    103.91442477703094
                ],
                [
                    -43.925195932388306,
                    127.35074758529663
                ],
                [
                    -62.843769788742065,
                    87.89220452308655
                ],
                [
                    -20.276248455047607,
                    59.091150760650635
                ],
                [
                    -18.58454942703247,
                    113.69259655475616
                ]
            ],
            "provenance": "nvisii",
            "quaternion_xyzw": [
                -0.8955283761024475,
                0.4077342450618744,
                0.15478166937828064,
                -0.08845563977956772
            ],
            "quaternion_xyzw_world": [
                -0.36551570892333984,
                0.6184682846069336,
                -0.12227840721607208,
                0.6847943067550659
            ],
            "segmentation_id": 10,
            "visibility": -1
        },
        {
            "bounding_box_minx_maxx_miny_maxy": [
                -1,
                -1,
                -1,
                -1
            ],
            "class": "2",
            "local_cuboid": null,
            "local_to_world_matrix": [
                [
                    -0.3136972188949585,
                    -0.34744828939437866,
                    -0.8836705684661865,
                    0.0
                ],
                [
                    0.7085124850273132,
                    0.5339236855506897,
                    -0.46144941449165344,
                    0.0
                ],
                [
                    0.6321424245834351,
                    -0.7708470821380615,
                    0.0786811113357544,
                    0.0
                ],
                [
                    0.9294689297676086,
                    0.6645386815071106,
                    -0.24263231456279755,
                    1.0
                ]
            ],
            "location": [
                -0.6645386815071106,
                -0.24263231456279755,
                -0.9294689297676086
            ],
            "location_world": [
                0.9294689297676086,
                0.6645386815071106,
                -0.24263231456279755
            ],
            "name": "google_2_of_Jenga_Classic_Game_10",
            "projected_cuboid": [
                [
                    22.99921214580536,
                    382.32624530792236
                ],
                [
                    10.9548419713974,
                    396.1118459701538
                ],
                [
                    -179.15967106819153,
                    439.24885988235474
                ],
                [
                    -177.4287223815918,
                    425.5029559135437
                ],
                [
                    13.03592324256897,
                    340.9711420536041
                ],
                [
                    1.7647147178649902,
                    356.60120844841003
                ],
                [
                    -185.2545440196991,
                    391.1319971084595
                ],
                [
                    -183.9703917503357,
                    374.60240721702576
                ],
                [
                    -76.02846622467041,
                    386.51353120803833
                ]
            ],
            "provenance": "nvisii",
            "quaternion_xyzw": [
                -0.7811914086341858,
                0.45366424322128296,
                -0.34708020091056824,
                0.25192081928253174
            ],
            "quaternion_xyzw_world": [
                0.135736882686615,
                0.665007472038269,
                -0.463264137506485,
                0.5698481202125549
            ],
            "segmentation_id": 11,
            "visibility": -1
        },
        {
            "bounding_box_minx_maxx_miny_maxy": [
                -1,
                -1,
                -1,
                -1
            ],
            "class": "2",
            "local_cuboid": null,
            "local_to_world_matrix": [
                [
                    0.871203601360321,
                    -0.21714672446250916,
                    -0.4402858316898346,
                    0.0
                ],
                [
                    -0.15588092803955078,
                    -0.9728031158447266,
                    0.17133618891239166,
                    0.0
                ],
                [
                    -0.4655162990093231,
                    -0.08063657581806183,
                    -0.8813586235046387,
                    0.0
                ],
                [
                    1.732832908630371,
                    -0.4704931676387787,
                    0.7728021740913391,
                    1.0
                ]
            ],
            "location": [
                0.4704931676387787,
                0.7728021740913391,
                -1.732832908630371
            ],
            "location_world": [
                1.732832908630371,
                -0.4704931676387787,
                0.7728021740913391
            ],
            "name": "google_2_of_Jenga_Classic_Game_11",
            "projected_cuboid": [
                [
                    420.07267475128174,
                    69.14632022380829
                ],
                [
                    451.9663453102112,
                    62.30643391609192
                ],
                [
                    428.2934367656708,
                    -11.451750993728638
                ],
                [
                    399.02034401893616,
                    -4.588901996612549
                ],
                [
                    420.9327697753906,
                    47.86446690559387
                ],
                [
                    454.2425870895386,
                    40.54243862628937
                ],
                [
                    429.42509055137634,
                    -34.46277976036072
                ],
                [
                    398.9633321762085,
                    -27.145683765411377
                ],
                [
                    424.8248338699341,
                    16.500264406204224
                ]
            ],
            "provenance": "nvisii",
            "quaternion_xyzw": [
                0.3808853030204773,
                0.34952589869499207,
                -0.5189011693000793,
                0.6808081865310669
            ],
            "quaternion_xyzw_world": [
                0.965060293674469,
                -0.09663324803113937,
                -0.23464910686016083,
                0.06527384370565414
            ],
            "segmentation_id": 12,
            "visibility": -1
        },
        {
            "bounding_box_minx_maxx_miny_maxy": [
                -1,
                -1,
                -1,
                -1
            ],
            "class": "2",
            "local_cuboid": null,
            "local_to_world_matrix": [
                [
                    -0.48536157608032227,
                    -0.6471678018569946,
                    -0.5878759622573853,
                    0.0
                ],
                [
                    0.6888184547424316,
                    -0.6971527338027954,
                    0.19876445829868317,
                    0.0
                ],
                [
                    -0.5384732484817505,
                    -0.30846720933914185,
                    0.7841521501541138,
                    0.0
                ],
                [
                    0.40888339281082153,
                    -0.23718872666358948,
                    0.19569799304008484,
                    1.0
                ]
            ],
            "location": [
                0.23718872666358948,
                0.19569799304008484,
                -0.40888339281082153
            ],
            "location_world": [
                0.40888339281082153,
                -0.23718872666358948,
                0.19569799304008484
            ],
            "name": "google_2_of_Jenga_Classic_Game_12",
            "projected_cuboid": [
                [
                    1209.6885442733765,
                    -916.9244766235352
                ],
                [
                    1132.1074962615967,
                    -696.1314678192139
                ],
                [
                    670.9731817245483,
                    -10.712146759033203
                ],
                [
                    640.3499841690063,
                    -24.670720100402832
                ],
                [
                    930.1111102104187,
                    -847.8573560714722
                ],
                [
                    916.675865650177,
                    -668.6609387397766
                ],
                [
                    568.2990550994873,
                    -50.108641386032104
                ],
                [
                    525.6454944610596,
                    -68.47134232521057
                ],
                [
                    765.7864093780518,
                    -317.00611114501953
                ]
            ],
            "provenance": "nvisii",
            "quaternion_xyzw": [
                0.4769512712955475,
                0.05727881193161011,
                0.4160952568054199,
                -0.7720760107040405
            ],
            "quaternion_xyzw_world": [
                -0.3269706070423126,
                -0.03184587135910988,
                0.8612006902694702,
                -0.3878266215324402
            ],
            "segmentation_id": 13,
            "visibility": -1
        },
        {
            "bounding_box_minx_maxx_miny_maxy": [
                -1,
                -1,
                -1,
                -1
            ],
            "class": "2",
            "local_cuboid": null,
            "local_to_world_matrix": [
                [
                    -0.915746808052063,
