{
    "camera_data": {
        "camera_look_at": {
            "at": [
                1.0,
                0.0,
                0.0
            ],
            "eye": [
                0.0,
                0.0,
                0.0
            ],
            "up": [
                0.0,
                0.0,
                1.0
            ]
        },
        "camera_view_matrix": [
            [
                0.0,
                0.0,
                -1.0,
                0.0
            ],
            [
                -1.0,
                0.0,
                0.0,
                0.0
            ],
            [
                0.0,
                1.0,
                0.0,
                0.0
            ],
            [
                0.0,
                0.0,
                0.0,
                1.0
            ]
        ],
        "height": 500,
        "intrinsics": {
            "cx": 250.0,
            "cy": 250.0,
            "fx": 603.5535278320312,
            "fy": 603.5535278320312
        },
        "location_world": [
            0.0,
            0.0,
            0.0
        ],
        "quaternion_world_xyzw": [
            0.5,
            -0.5,
            -0.5,
            0.5
        ],
        "width": 500
    },
    "objects": [
        {
            "bounding_box_minx_maxx_miny_maxy": [
                -1,
                -1,
                -1,
                -1
            ],
            "class": "50",
            "local_cuboid": null,
            "local_to_world_matrix": [
                [
                    -0.9652440547943115,
                    -0.25430023670196533,
                    0.06029418110847473,
                    0.0
                ],
                [
                    0.16373485326766968,
                    -0.40859317779541016,
                    0.8979101181030273,
                    0.0
                ],
                [
                    -0.20370295643806458,
                    0.8765746355056763,
                    0.43602991104125977,
                    0.0
                ],
                [
                    1.3756418228149414,
                    0.4351024627685547,
                    -0.5328448414802551,
                    1.0
                ]
            ],
            "location": [
                -0.4351024627685547,
                -0.5328448414802551,
                -1.3756418228149414
            ],
            "location_world": [
                1.3756418228149414,
                0.4351024627685547,
                -0.5328448414802551
            ],
            "name": "google_50_BLOCKS_0",
            "projected_cuboid": [
                [
                    -16.51209592819214,
                    528.170108795166
                ],
                [
                    19.009098410606384,
                    456.2720060348511
                ],
                [
                    71.39605283737183,
                    476.38148069381714
                ],
                [
                    37.597015500068665,
                    547.324538230896
                ],
                [
                    7.8907310962677,
                    473.58381748199463
                ],
                [
                    35.09436547756195,
                    418.60198974609375
                ],
                [
                    75.71132481098175,
                    434.82664227485657
                ],
                [
                    49.53932762145996,
                    489.2547130584717
                ],
                [
                    36.187559366226196,
                    474.8304486274719
                ]
            ],
            "provenance": "nvisii",
            "quaternion_xyzw": [
                0.19537603855133057,
                0.5999805927276611,
                0.11345992982387543,
                -0.7674492597579956
            ],
            "quaternion_xyzw_world": [
                -0.04277626425027847,
                0.5292969346046448,
                0.838132917881012,
                -0.12469236552715302
            ],
            "segmentation_id": 1,
            "visibility": -1
        },
        {
            "bounding_box_minx_maxx_miny_maxy": [
                -1,
                -1,
                -1,
                -1
            ],
            "class": "2",
            "local_cuboid": null,
            "local_to_world_matrix": [
                [
                    0.3428300619125366,
                    -0.9043525457382202,
                    0.2541928291320801,
                    0.0
                ],
                [
                    0.934203028678894,
                    0.35663217306137085,
                    0.008845008909702301,
                    0.0
                ],
                [
                    -0.09865234792232513,
                    0.23443537950515747,
                    0.9671131372451782,
                    0.0
                ],
                [
                    1.38931143283844,
                    -0.727415144443512,
                    -0.510767936706543,
                    1.0
                ]
            ],
            "location": [
                0.727415144443512,
                -0.510767936706543,
                -1.38931143283844
            ],
            "location_world": [
                1.38931143283844,
                -0.727415144443512,
                -0.510767936706543
            ],
            "name": "google_2_of_Jenga_Classic_Game_1",
            "projected_cuboid": [
                [
                    570.9472894668579,
                    348.8752841949463
                ],
                [
                    540.1765704154968,
                    343.0382013320923
                ],
                [
                    563.0358457565308,
                    459.39767360687256
                ],
                [
                    594.4787859916687,
                    471.84377908706665
                ],
                [
                    544.6537733078003,
                    360.1769208908081
                ],
                [
                    514.7788524627686,
                    353.5829186439514
                ],
                [
                    538.5920405387878,
                    471.95133566856384
                ],
                [
                    569.2285299301147,
                    485.39042472839355
                ],
                [
                    554.2952418327332,
                    412.218302488327
                ]
            ],
            "provenance": "nvisii",
            "quaternion_xyzw": [
                -0.6702341437339783,
                0.038210272789001465,
                0.2153223156929016,
                0.7091984748840332
            ],
            "quaternion_xyzw_world": [
                -0.06907384842634201,
                -0.10803818702697754,
                -0.5629500150680542,
                0.8164826035499573
            ],
            "segmentation_id": 2,
            "visibility": -1
        },
        {
            "bounding_box_minx_maxx_miny_maxy": [
                -1,
                -1,
                -1,
                -1
            ],
            "class": "50",
            "local_cuboid": null,
            "local_to_world_matrix": [
                [
                    -0.08329534530639648,
                    0.9037076830863953,
                    0.419969379901886,
                    0.0
                ],
                [
                    -0.4819783568382263,
                    0.33232855796813965,
                    -0.8107123970985413,
                    0.0
                ],
                [
                    -0.8722148537635803,
                    -0.2699447274208069,
                    0.4078861474990845,
                    0.0
                ],
                [
                    1.3889470100402832,
                    0.12087924778461456,
                    -0.0005935879307799041,
                    1.0
                ]
            ],
            "location": [
                -0.12087924778461456,
                -0.0005935879307799041,
                -1.3889470100402832
            ],
            "location_world": [
                1.3889470100402832,
                0.12087924778461456,
                -0.0005935879307799041
            ],
            "name": "google_50_BLOCKS_2",
            "projected_cuboid": [
                [
                    145.27782797813416,
                    168.14261674880981
                ],
                [
                    115.76104164123535,
                    221.03312611579895
                ],
                [
                    111.97488009929657,
                    243.45295131206512
                ],
                [
                    139.66065645217896,
                    193.06224584579468
                ],
                [
                    292.17010736465454,
                    237.13897168636322
                ],
                [
                    271.47120237350464,
                    292.6158010959625
                ],
                [
                    256.79266452789307,
                    309.5049262046814
                ],
                [
                    276.82235836982727,
                    256.92039728164673
                ],
                [
                    202.1932303905487,
                    240.29172956943512
                ]
            ],
            "provenance": "nvisii",
            "quaternion_xyzw": [
                0.09326019883155823,
                0.23493638634681702,
                0.9469206929206848,
                0.19861695170402527
            ],
            "quaternion_xyzw_world": [
                -0.21005356311798096,
                -0.5019307136535645,
                0.5382501482963562,
                0.6436069011688232
            ],
            "segmentation_id": 3,
            "visibility": -1
        },
        {
            "bounding_box_minx_maxx_miny_maxy": [
                -1,
                -1,
                -1,
                -1
            ],
            "class": "Cube",
            "local_cuboid": null,
            "local_to_world_matrix": [
                [
                    0.16758155822753906,
                    0.8960369825363159,
                    0.41113772988319397,
                    0.0
                ],
                [
                    -0.11551299691200256,
                    -0.3963162899017334,
                    0.9108184576034546,
                    0.0
                ],
                [
                    0.9790675640106201,
                    -0.20012816786766052,
                    0.03708851337432861,
                    0.0
                ],
                [
                    1.4051716327667236,
                    0.016144271939992905,
                    1.5451288223266602,
                    1.0
                ]
            ],
            "location": [
                -0.016144271939992905,
                1.5451288223266602,
                -1.4051716327667236
            ],
            "location_world": [
                1.4051716327667236,
                0.016144271939992905,
                1.5451288223266602
            ],
            "name": "google_Cube_3",
            "projected_cuboid": [
                [
                    -35.41707992553711,
                    300.4112243652344
                ],
                [
                    -23.04980158805847,
                    267.79401302337646
                ],
                [
                    -47.7767288684845,
                    270.3300416469574
                ],
                [
                    -60.72911620140076,
                    304.9483597278595
                ],
                [
                    -5.761444568634033,
                    315.84686040878296
                ],
                [
                    6.9388747215271,
                    283.00654888153076
                ],
                [
                    -16.164124011993408,
                    286.5290939807892
                ],
                [
                    -29.488712549209595,
                    321.39861583709717
                ],
                [
                    -26.166528463363647,
                    293.74125599861145
                ]
            ],
            "provenance": "nvisii",
            "quaternion_xyzw": [
                0.20749223232269287,
                0.9728723764419556,
                0.03921419382095337,
                0.09449073672294617
            ],
            "quaternion_xyzw_world": [
                0.6178206205368042,
                0.3158376216888428,
                0.562544047832489,
                0.4495425522327423
            ],
            "segmentation_id": 4,
            "visibility": -1
        },
        {
            "bounding_box_minx_maxx_miny_maxy": [
                -1,
                -1,
                -1,
                -1
            ],
            "class": "Cube",
            "local_cuboid": null,
            "local_to_world_matrix": [
                [
                    -0.6345882415771484,
                    0.2895614802837372,
                    0.7165555953979492,
                    0.0
                ],
                [
                    0.20299391448497772,
                    -0.8321576118469238,
                    0.5160497426986694,
                    0.0
                ],
                [
                    0.7457152605056763,
                    0.4729355275630951,
                    0.4692981243133545,
                    0.0
                ],
                [
                    2.3348474502563477,
                    -2.3281660079956055,
                    1.749393343925476,
                    1.0
                ]
            ],
            "location": [
                2.3281660079956055,
                1.749393343925476,
                -2.3348474502563477
            ],
            "location_world": [
                2.3348474502563477,
                -2.3281660079956055,
                1.749393343925476
            ],
            "name": "google_Cube_4",
            "projected_cuboid": [
                [
                    474.7387766838074,
                    -9.030073881149292
                ],
                [
                    497.7998733520508,
                    -22.10429310798645
                ],
                [
                    522.4772095680237,
                    -17.88845658302307
                ],
                [
                    498.7695813179016,
                    -4.251629114151001
                ],
                [
                    476.3277769088745,
                    20.46990394592285
                ],
                [
                    498.6569881439209,
                    7.508605718612671
                ],
                [
                    522.5713849067688,
                    12.710124254226685
                ],
                [
                    499.63679909706116,
                    26.221588253974915
                ],
                [
                    498.7109303474426,
                    1.865476369857788
                ]
            ],
            "provenance": "nvisii",
            "quaternion_xyzw": [
                0.4847947955131531,
                0.7986435890197754,
                0.08336140215396881,
                -0.34668898582458496
            ],
            "quaternion_xyzw_world": [
                0.42669400572776794,
                0.28858819603919983,
                0.8567444086074829,
                0.025260617956519127
            ],
            "segmentation_id": 5,
            "visibility": -1
        },
        {
            "bounding_box_minx_maxx_miny_maxy": [
                -1,
                -1,
                -1,
                -1
            ],
            "class": "2",
            "local_cuboid": null,
            "local_to_world_matrix": [
                [
                    0.9010220766067505,
                    -0.416008323431015,
                    0.12286702543497086,
                    0.0
                ],
                [
                    0.33493199944496155,
                    0.48722487688064575,
                    -0.8064941167831421,
                    0.0
                ],
                [
                    0.27564430236816406,
                    0.7678210735321045,
                    0.5783348083496094,
                    0.0
                ],
                [
                    1.0646398067474365,
                    0.4568027853965759,
                    0.5206879377365112,
                    1.0
                ]
            ],
            "location": [
                -0.4568027853965759,
                0.5206879377365112,
                -1.0646398067474365
            ],
            "location_world": [
                1.0646398067474365,
                0.4568027853965759,
                0.5206879377365112
            ],
            "name": "google_2_of_Jenga_Classic_Game_5",
            "projected_cuboid": [
                [
                    -83.25159549713135,
                    -126.94209814071655
                ],
                [
                    -96.14551067352295,
                    -83.61995220184326
                ],
                [
                    0.32338500022888184,
                    -16.22539758682251
                ],
                [
                    16.685381531715393,
                    -61.004310846328735
                ],
                [
                    -122.95624613761902,
                    -146.05990052223206
                ],
                [
                    -135.66645979881287,
                    -99.51648116111755
                ],
                [
                    -35.67501902580261,
                    -28.75688672065735
                ],
                [
                    -19.17022466659546,
                    -77.02097296714783
                ],
                [
                    -60.790807008743286,
                    -80.58902621269226
                ]
            ],
            "provenance": "nvisii",
            "quaternion_xyzw": [
                -0.7902763485908508,
                0.11526285856962204,
                0.5279303193092346,
                0.2889074981212616
            ],
            "quaternion_xyzw_world": [
                -0.4570181667804718,
                0.044350702315568924,
                -0.21799533069133759,
                0.861188530921936
            ],
            "segmentation_id": 6,
            "visibility": -1
        },
        {
            "bounding_box_minx_maxx_miny_maxy": [
                -1,
                -1,
                -1,
                -1
            ],
            "class": "2",
            "local_cuboid": null,
            "local_to_world_matrix": [
                [
                    -0.9875348806381226,
                    -0.15132424235343933,
                    -0.04331212863326073,
                    0.0
                ],
                [
                    -0.04911790043115616,
                    0.5577000975608826,
                    -0.8285880088806152,
                    0.0
                ],
                [
                    0.14954061806201935,
                    -0.8161320686340332,
                    -0.5581810474395752,
                    0.0
                ],
                [
                    1.1367850303649902,
                    0.4152892529964447,
                    -0.3683775067329407,
                    1.0
                ]
            ],
            "location": [
                -0.4152892529964447,
                -0.3683775067329407,
                -1.1367850303649902
            ],
            "location_world": [
                1.1367850303649902,
                0.4152892529964447,
                -0.3683775067329407
            ],
            "name": "google_2_of_Jenga_Classic_Game_6",
            "projected_cuboid": [
                [
                    172.22508788108826,
                    512.8890872001648
                ],
                [
                    146.99864387512207,
                    550.9048700332642
                ],
                [
                    11.58781349658966,
                    473.0956554412842
                ],
                [
                    38.32659125328064,
                    433.8635504245758
                ],
                [
                    171.2869256734848,
                    494.43474411964417
                ],
                [
                    147.671639919281,
                    529.9549102783203
                ],
                [
                    21.273717284202576,
                    456.5306007862091
                ],
                [
                    46.209916472435,
                    419.9516773223877
                ],
                [
                    95.76983749866486,
                    484.34409499168396
                ]
            ],
            "provenance": "nvisii",
            "quaternion_xyzw": [
                -0.7296322584152222,
                0.20592986047267914,
                -0.6180055141448975,
                -0.20808391273021698
            ],
            "quaternion_xyzw_world": [
                -0.05689040571451187,
                0.8808257579803467,
                -0.46681198477745056,
                0.05473634973168373
            ],
            "segmentation_id": 7,
            "visibility": -1
        },
        {
            "bounding_box_minx_maxx_miny_maxy": [
                -1,
                -1,
                -1,
                -1
            ],
            "class": "50",
            "local_cuboid": null,
            "local_to_world_matrix": [
                [
                    0.74300217628479,
                    -0.5237737894058228,
                    0.4166638255119324,
                    0.0
                ],
                [
                    -0.5285818576812744,
                    -0.07734262943267822,
                    0.8453516960144043,
                    0.0
                ],
                [
                    -0.4105471968650818,
                    -0.8483390808105469,
                    -0.33432304859161377,
                    0.0
                ],
                [
                    0.557467520236969,
                    0.1973361223936081,
                    -0.3568271994590759,
                    1.0
                ]
            ],
            "location": [
                -0.1973361223936081,
                -0.3568271994590759,
                -0.557467520236969
            ],
            "location_world": [
                0.557467520236969,
                0.1973361223936081,
                -0.3568271994590759
            ],
            "name": "google_50_BLOCKS_7",
            "projected_cuboid": [
                [
                    235.9205037355423,
                    586.8216753005981
                ],
                [
                    245.38642168045044,
                    506.6862106323242
                ],
                [
                    158.72129797935486,
                    454.5021057128906
                ],
                [
                    159.03586149215698,
                    535.1747274398804
                ],
                [
                    -41.89532995223999,
                    1013.6327743530273
                ],
                [
                    -87.97767758369446,
                    967.994749546051
                ],
                [
                    -194.77057456970215,
                    825.9276747703552
                ],
                [
                    -135.4181170463562,
                    890.7525539398193
                ],
                [
                    80.23272454738617,
                    673.2546091079712
                ]
            ],
            "provenance": "nvisii",
            "quaternion_xyzw": [
                0.2587831914424896,
                0.4772396385669708,
                0.10176166892051697,
                0.8336175084114075
            ],
            "quaternion_xyzw_world": [
                0.7339393496513367,
                -0.3584613800048828,
                0.0020835024770349264,
                0.576917827129364
            ],
            "segmentation_id": 8,
            "visibility": -1
        },
        {
            "bounding_box_minx_maxx_miny_maxy": [
                -1,
                -1,
                -1,
                -1
            ],
            "class": "Cube",
            "local_cuboid": null,
            "local_to_world_matrix": [
                [
                    -0.9637097120285034,
                    -0.2595589756965637,
                    0.062395937740802765,
                    0.0
                ],
                [
                    0.06703302264213562,
                    -0.009043574333190918,
                    0.9977099299430847,
                    0.0
                ],
                [
                    -0.2584002614021301,
                    0.9656850695610046,
                    0.026114165782928467,
                    0.0
                ],
                [
                    1.8913602828979492,
                    0.7908222079277039,
                    2.606943368911743,
                    1.0
                ]
            ],
            "location": [
                -0.7908222079277039,
                2.606943368911743,
                -1.8913602828979492
            ],
            "location_world": [
                1.8913602828979492,
                0.7908222079277039,
                2.606943368911743
            ],
            "name": "google_Cube_8",
            "projected_cuboid": [
                [
                    -48.5195517539978,
                    -12.25396990776062
                ],
                [
                    -47.03125357627869,
                    -46.415239572525024
                ],
                [
                    -9.060442447662354,
                    -41.098594665527344
                ],
                [
                    -10.379433631896973,
                    -7.42688775062561
                ],
                [
                    -41.24400019645691,
                    3.8707107305526733
                ],
                [
                    -39.8620069026947,
                    -28.529077768325806
                ],
                [
                    -3.988027572631836,
                    -23.74398708343506
                ],
                [
                    -5.218863487243652,
                    8.215054869651794
                ],
                [
                    -25.442570447921753,
                    -18.208354711532593
                ]
            ],
            "provenance": "nvisii",
            "quaternion_xyzw": [
                0.029363900423049927,
                0.6082250475883484,
                -0.01681889221072197,
                -0.7930430769920349
            ],
            "quaternion_xyzw_world": [
                -0.06931761652231216,
                0.6943615674972534,
                0.7069065570831299,
                -0.11550041288137436
            ],
            "segmentation_id": 9,
            "visibility": -1
        },
        {
            "bounding_box_minx_maxx_miny_maxy": [
                -1,
                -1,
                -1,
                -1
            ],
            "class": "50",
            "local_cuboid": null,
            "local_to_world_matrix": [
                [
                    0.14064711332321167,
                    0.20186665654182434,
                    -0.9692617058753967,
                    0.0
                ],
                [
                    -0.6326615810394287,
                    0.7713620662689209,
                    0.06884649395942688,
                    0.0
                ],
                [
                    0.7615495324134827,
                    0.6035315990447998,
                    0.236203134059906,
                    0.0
                ],
                [
                    1.243223786354065,
                    -0.17918550968170166,
                    0.01060931570827961,
                    1.0
                ]
            ],
            "location": [
                0.17918550968170166,
                0.01060931570827961,
                -1.243223786354065
            ],
            "location_world": [
                1.243223786354065,
                -0.17918550968170166,
                0.01060931570827961
            ],
            "name": "google_50_BLOCKS_9",
            "projected_cuboid": [
                [
                    307.16681480407715,
                    310.7486963272095
                ],
                [
                    259.1453194618225,
                    310.3998303413391
                ],
                [
                    292.7408516407013,
                    327.4640738964081
                ],
                [
                    341.47706627845764,
                    326.6354501247406
                ],
                [
                    341.43954515457153,
                    158.6306095123291
                ],
                [
                    294.0261662006378,
                    147.07595109939575
                ],
                [
                    331.56317472457886,
                    153.1321406364441
                ],
                [
                    379.3908953666687,
                    165.01376032829285
                ],
                [
                    318.28927993774414,
                    238.89026045799255
                ]
            ],
            "provenance": "nvisii",
            "quaternion_xyzw": [
                -0.6104990243911743,
                0.7127872109413147,
                0.3047419786453247,
                -0.16235016286373138
            ],
            "quaternion_xyzw_world": [
                -0.18240197002887726,
                0.5904472470283508,
                0.28469017148017883,
                0.732839047908783
            ],
            "segmentation_id": 10,
            "visibility": -1
        },
        {
            "bounding_box_minx_maxx_miny_maxy": [
                -1,
                -1,
                -1,
                -1
            ],
            "class": "50",
            "local_cuboid": null,
            "local_to_world_matrix": [
                [
                    -0.9370744228363037,
                    -0.00834963470697403,
                    -0.34903019666671753,
                    0.0
                ],
                [
                    0.22903171181678772,
                    0.7398374676704407,
                    -0.632601797580719,
                    0.0
                ],
                [
                    0.263507604598999,
                    -0.6727338433265686,
                    -0.6913704872131348,
                    0.0
                ],
                [
                    1.3363171815872192,
                    -0.66411954164505,
                    0.6855637431144714,
                    1.0
                ]
            ],
            "location": [
                0.66411954164505,
                0.6855637431144714,
                -1.3363171815872192
            ],
            "location_world": [
                1.3363171815872192,
                -0.66411954164505,
                0.6855637431144714
            ],
            "name": "google_50_BLOCKS_10",
            "projected_cuboid": [
                [
                    655.2147269248962,
                    -52.70296335220337
                ],
                [
                    590.411901473999,
                    1.5022903680801392
                ],
                [
                    560.9322190284729,
                    -43.487489223480225
                ],
                [
                    626.5172958374023,
                    -100.36775469779968
                ],
                [
                    564.885675907135,
                    -35.565584897994995
                ],
                [
                    515.9820318222046,
                    6.602182984352112
                ],
                [
                    491.5425777435303,
                    -28.42026948928833
                ],
                [
                    540.854811668396,
                    -72.20280170440674
                ],
                [
                    563.1496906280518,
                    -39.044082164764404
                ]
            ],
            "provenance": "nvisii",
            "quaternion_xyzw": [
                -0.690010666847229,
                0.3945111632347107,
                -0.5832547545433044,
                -0.16751140356063843
            ],
            "quaternion_xyzw_world": [
                0.060121919959783554,
                0.9176440238952637,
                -0.35562145709991455,
                0.1668778359889984
            ],
            "segmentation_id": 11,
            "visibility": -1
        },
        {
            "bounding_box_minx_maxx_miny_maxy": [
                -1,
                -1,
                -1,
                -1
            ],
            "class": "Cube",
            "local_cuboid": null,
            "local_to_world_matrix": [
                [
                    0.9539728164672852,
                    -0.19674775004386902,
                    0.22633212804794312,
                    0.0
                ],
                [
                    0.020949281752109528,
                    0.7965856790542603,
                    0.6041625738143921,
                    0.0
                ],
                [
                    -0.29916054010391235,
                    -0.5716131925582886,
                    0.7640427947044373,
                    0.0
                ],
                [
                    1.5625211000442505,
                    1.826405644416809,
                    0.9153401851654053,
                    1.0
                ]
            ],
            "location": [
                -1.826405644416809,
                0.9153401851654053,
                -1.5625211000442505
            ],
            "location_world": [
                1.5625211000442505,
                1.826405644416809,
                0.9153401851654053
            ],
            "name": "google_Cube_11",
            "projected_cuboid": [
                [
                    135.80867648124695,
                    315.1448369026184
                ],
                [
                    105.10477423667908,
                    291.65375232696533
                ],
                [
                    86.10895276069641,
                    319.9082911014557
                ],
                [
                    116.20855331420898,
                    342.9935574531555
                ],
                [
                    120.22018432617188,
                    328.75239849090576
                ],
                [
                    87.53608167171478,
                    303.7097156047821
                ],
                [
                    67.67827272415161,
                    333.52845907211304
                ],
                [
                    99.67850148677826,
                    358.1103980541229
                ],
                [
                    102.45175659656525,
                    324.1455554962158
                ]
            ],
            "provenance": "nvisii",
            "quaternion_xyzw": [
                -0.27084341645240784,
                0.526368260383606,
                0.35293418169021606,
                0.7245810627937317
            ],
            "quaternion_xyzw_world": [
                0.3135858476161957,
                -0.14015178382396698,
                -0.05806099250912666,
                0.9373635053634644
            ],
            "segmentation_id": 12,
            "visibility": -1
        },
        {
            "bounding_box_minx_maxx_miny_maxy": [
                -1,
                -1,
                -1,
                -1
            ],
            "class": "2",
            "local_cuboid": null,
            "local_to_world_matrix": [
                [
                    -0.7870439291000366,
                    0.3345191180706024,
                    -0.5183230042457581,
                    0.0
                ],
                [
                    0.3433295786380768,
                    0.935585618019104,
                    0.08248874545097351,
                    0.0
                ],
                [
                    0.5125295519828796,
                    -0.11303333938121796,
                    -0.8511972427368164,
                    0.0
                ],
                [
                    1.2887341976165771,
                    -0.20785020291805267,
                    0.7309292554855347,
                    1.0
                ]
            ],
            "location": [
                0.20785020291805267,
                0.7309292554855347,
                -1.2887341976165771
            ],
            "location_world": [
                1.2887341976165771,
                -0.20785020291805267,
                0.7309292554855347
            ],
            "name": "google_2_of_Jenga_Classic_Game_12",
            "projected_cuboid": [
                [
                    365.78303575515747,
                    51.38424038887024
                ],
                [
                    329.889714717865,
                    52.477121353149414
                ],
                [
                    323.62714409828186,
                    -88.72368931770325
                ],
                [
                    363.69675397872925,
                    -93.24082732200623
                ],
                [
                    371.78897857666016,
                    42.89825260639191
                ],
                [
                    337.2800648212433,
                    44.111236929893494
                ],
                [
                    332.1380913257599,
                    -91.4577841758728
                ],
                [
                    370.49078941345215,
                    -95.82081437110901
                ],
                [
                    349.32222962379456,
                    -18.50128173828125
                ]
            ],
            "provenance": "nvisii",
            "quaternion_xyzw": [
                -0.523335874080658,
                0.694538950920105,
                -0.4299711585044861,
                -0.24261081218719482
            ],
            "quaternion_xyzw_world": [
                0.17928172647953033,
                0.9452283978462219,
                -0.008078627288341522,
                0.272646427154541
            ],
            "segmentation_id": 13,
            "visibility": -1
        },
        {
            "bounding_box_minx_maxx_miny_maxy": [
                -1,
                -1,
                -1,
                -1
            ],
            "class": "2",
            "local_cuboid": null,
            "local_to_world_matrix": [
                [
                    0.2337954044342041,
                    -0.163321852684021,
                    -0.9584704637527466,
                    0.0
                ],
                [
                    0.8265039920806885,
