{
    "camera_data": {
        "camera_look_at": {
            "at": [
                1.0,
                0.0,
                0.0
            ],
            "eye": [
                0.0,
                0.0,
                0.0
            ],
            "up": [
                0.0,
                0.0,
                1.0
            ]
        },
        "camera_view_matrix": [
            [
                0.0,
                0.0,
                -1.0,
                0.0
            ],
            [
                -1.0,
                0.0,
                0.0,
                0.0
            ],
            [
                0.0,
                1.0,
                0.0,
                0.0
            ],
            [
                0.0,
                0.0,
                0.0,
                1.0
            ]
        ],
        "height": 500,
        "intrinsics": {
            "cx": 250.0,
            "cy": 250.0,
            "fx": 603.5535278320312,
            "fy": 603.5535278320312
        },
        "location_world": [
            0.0,
            0.0,
            0.0
        ],
        "quaternion_world_xyzw": [
            0.5,
            -0.5,
            -0.5,
            0.5
        ],
        "width": 500
    },
    "objects": [
        {
            "bounding_box_minx_maxx_miny_maxy": [
                -1,
                -1,
                -1,
                -1
            ],
            "class": "ASICS",
            "local_cuboid": null,
            "local_to_world_matrix": [
                [
                    0.13836419582366943,
                    0.9240779280662537,
                    0.35628002882003784,
                    0.0
                ],
                [
                    0.6158750653266907,
                    0.20144134759902954,
                    -0.7616556882858276,
                    0.0
                ],
                [
                    -0.7755987048149109,
                    0.3248099088668823,
                    -0.5412442684173584,
                    0.0
                ],
                [
                    1.0469691753387451,
                    -0.5463396906852722,
                    -0.45654478669166565,
                    1.0
                ]
            ],
            "location": [
                0.5463396906852722,
                -0.45654478669166565,
                -1.0469691753387451
            ],
            "location_world": [
                1.0469691753387451,
                -0.5463396906852722,
                -0.45654478669166565
            ],
            "name": "google_ASICS_GELBlur33_20_GS_BlackWhiteSafety_Orange_0",
            "projected_cuboid": [
                [
                    581.5317630767822,
                    515.1118040084839
                ],
                [
                    503.09455394744873,
                    586.4847898483276
                ],
                [
                    503.07202339172363,
                    535.5184674263
                ],
                [
                    575.38241147995,
                    461.536169052124
                ],
                [
                    649.3526697158813,
                    543.3946847915649
                ],
                [
                    559.6892237663269,
                    611.4610433578491
                ],
                [
                    555.8125972747803,
                    558.16650390625
                ],
                [
                    637.7451419830322,
                    486.8125915527344
                ],
                [
                    567.2765970230103,
                    538.9754176139832
                ]
            ],
            "provenance": "nvisii",
            "quaternion_xyzw": [
                0.12447801232337952,
                0.31097573041915894,
                -0.9302327632904053,
                -0.1498875916004181
            ],
            "quaternion_xyzw_world": [
                0.6078994870185852,
                0.6333090662956238,
                -0.17244574427604675,
                -0.44681134819984436
            ],
            "segmentation_id": 1,
            "visibility": -1
        },
        {
            "bounding_box_minx_maxx_miny_maxy": [
                -1,
                -1,
                -1,
                -1
            ],
            "class": "5",
            "local_cuboid": null,
            "local_to_world_matrix": [
                [
                    -0.9667544364929199,
                    -0.08244267851114273,
                    -0.24205195903778076,
                    0.0
                ],
                [
                    -0.07255681604146957,
                    -0.819250226020813,
                    0.5688274502754211,
                    0.0
                ],
                [
                    -0.24519675970077515,
                    0.5674789547920227,
                    0.7860319018363953,
                    0.0
                ],
                [
                    1.9074034690856934,
                    -0.18411436676979065,
                    -0.7912001609802246,
                    1.0
                ]
            ],
            "location": [
                0.18411436676979065,
                -0.7912001609802246,
                -1.9074034690856934
            ],
            "location_world": [
                1.9074034690856934,
                -0.18411436676979065,
                -0.7912001609802246
            ],
            "name": "google_5_HTP_1",
            "projected_cuboid": [
                [
                    287.0824337005615,
                    490.7761812210083
                ],
                [
                    301.128089427948,
                    481.57018423080444
                ],
                [
                    316.71932339668274,
                    501.30367279052734
                ],
                [
                    302.80452966690063,
                    510.36328077316284
                ],
                [
                    284.7056984901428,
                    480.25786876678467
                ],
                [
                    298.368901014328,
                    471.27848863601685
                ],
                [
                    313.57666850090027,
                    490.60332775115967
                ],
                [
                    300.03729462623596,
                    499.44353103637695
                ],
                [
                    300.57162046432495,
                    490.68814516067505
                ]
            ],
            "provenance": "nvisii",
            "quaternion_xyzw": [
                0.2590456008911133,
                0.5570430755615234,
                0.38533318042755127,
                -0.6885613203048706
            ],
            "quaternion_xyzw_world": [
                -0.12890292704105377,
                0.30061283707618713,
                0.9449915885925293,
                -0.002615331904962659
            ],
            "segmentation_id": 2,
            "visibility": -1
        },
        {
            "bounding_box_minx_maxx_miny_maxy": [
                -1,
                -1,
                -1,
                -1
            ],
            "class": "5",
            "local_cuboid": null,
            "local_to_world_matrix": [
                [
                    0.6836230754852295,
                    0.7297084927558899,
                    0.013599574565887451,
                    0.0
                ],
                [
                    -0.40198904275894165,
                    0.3920227885246277,
                    -0.8274798393249512,
                    0.0
                ],
                [
                    -0.6091504693031311,
                    0.5602174997329712,
                    0.5613306760787964,
                    0.0
                ],
                [
                    0.5304441452026367,
                    0.212009459733963,
                    0.29460886120796204,
                    1.0
                ]
            ],
            "location": [
                -0.212009459733963,
                0.29460886120796204,
                -0.5304441452026367
            ],
            "location_world": [
                0.5304441452026367,
                0.212009459733963,
                0.29460886120796204
            ],
            "name": "google_5_HTP_2",
            "projected_cuboid": [
                [
                    -73.68192076683044,
                    -188.0403459072113
                ],
                [
                    -113.46027255058289,
                    -152.96757221221924
                ],
                [
                    -21.093666553497314,
                    -56.51730298995972
                ],
                [
                    11.349678039550781,
                    -91.83618426322937
                ],
                [
                    -48.849672079086304,
                    -221.04325890541077
                ],
                [
                    -90.68408608436584,
                    -184.68129634857178
                ],
                [
                    5.910888314247131,
                    -77.83102989196777
                ],
                [
                    39.5175963640213,
                    -114.7424578666687
                ],
                [
                    -34.016162157058716,
                    -133.1166923046112
                ]
            ],
            "provenance": "nvisii",
            "quaternion_xyzw": [
                -0.3495071530342102,
                0.2706834673881531,
                0.8897104859352112,
                0.11397594213485718
            ],
            "quaternion_xyzw_world": [
                -0.4272790849208832,
                -0.19174790382385254,
                0.34845542907714844,
                0.8119385242462158
            ],
            "segmentation_id": 3,
            "visibility": -1
        },
        {
            "bounding_box_minx_maxx_miny_maxy": [
                -1,
                -1,
                -1,
                -1
            ],
            "class": "ASICS",
            "local_cuboid": null,
            "local_to_world_matrix": [
                [
                    -0.08927083015441895,
                    -0.9368284344673157,
                    0.33820629119873047,
                    0.0
                ],
                [
                    -0.9122688174247742,
                    -0.05937552452087402,
                    -0.40526583790779114,
                    0.0
                ],
                [
                    0.3997456431388855,
                    -0.34471336007118225,
                    -0.8493388891220093,
                    0.0
                ],
                [
                    1.3297168016433716,
                    0.45905300974845886,
                    0.7408295273780823,
                    1.0
                ]
            ],
            "location": [
                -0.45905300974845886,
                0.7408295273780823,
                -1.3297168016433716
            ],
            "location_world": [
                1.3297168016433716,
                0.45905300974845886,
                0.7408295273780823
            ],
            "name": "google_ASICS_GELAce_Pro_Pearl_WhitePink_3",
            "projected_cuboid": [
                [
                    101.27370059490204,
                    -31.235456466674805
                ],
                [
                    78.02388072013855,
                    -34.021198749542236
                ],
                [
                    47.01419174671173,
                    -104.16930913925171
                ],
                [
                    76.7485648393631,
                    -88.54004740715027
                ],
                [
                    63.012078404426575,
                    -15.350639820098877
                ],
                [
                    31.869128346443176,
                    -14.76624608039856
                ],
                [
                    -0.9487569332122803,
                    -83.50998163223267
                ],
                [
                    37.25089132785797,
                    -71.70939445495605
                ],
                [
                    55.978864431381226,
                    -54.39832806587219
                ]
            ],
            "provenance": "nvisii",
            "quaternion_xyzw": [
                -0.8279250860214233,
                -0.12005363404750824,
                -0.13104566931724548,
                -0.5319344401359558
            ],
            "quaternion_xyzw_world": [
                -0.6744337677955627,
                0.6854258179664612,
                -0.2735449969768524,
                0.022445673123002052
            ],
            "segmentation_id": 4,
            "visibility": -1
        },
        {
            "bounding_box_minx_maxx_miny_maxy": [
                -1,
                -1,
                -1,
                -1
            ],
            "class": "2",
            "local_cuboid": null,
            "local_to_world_matrix": [
                [
                    0.22083604335784912,
                    -0.573576033115387,
                    -0.788823127746582,
                    0.0
                ],
                [
                    0.4090866148471832,
                    0.7886804342269897,
                    -0.4589459002017975,
                    0.0
                ],
                [
                    0.8853697776794434,
                    -0.2213452160358429,
                    0.4088113307952881,
                    0.0
                ],
                [
                    1.434294581413269,
                    0.4951813220977783,
                    0.6621368527412415,
                    1.0
                ]
            ],
            "location": [
                -0.4951813220977783,
                0.6621368527412415,
                -1.434294581413269
            ],
            "location_world": [
                1.434294581413269,
                0.4951813220977783,
                0.6621368527412415
            ],
            "name": "google_2_of_Jenga_Classic_Game_4",
            "projected_cuboid": [
                [
                    115.77156186103821,
                    -25.861084461212158
                ],
                [
                    95.08544206619263,
                    -6.71011209487915
                ],
                [
                    40.926843881607056,
                    -2.8182566165924072
                ],
                [
                    64.05310332775116,
                    -25.348752737045288
                ],
                [
                    97.98549115657806,
                    -51.27552151679993
                ],
                [
                    77.44866609573364,
                    -31.412512063980103
                ],
                [
                    19.474968314170837,
                    -31.901299953460693
                ],
                [
                    42.36108064651489,
                    -55.42391538619995
                ],
                [
                    71.34146988391876,
                    -28.64798903465271
                ]
            ],
            "provenance": "nvisii",
            "quaternion_xyzw": [
                -0.8540918827056885,
                0.46174877882003784,
                -0.00014905259013175964,
                0.23940573632717133
            ],
            "quaternion_xyzw_world": [
                -0.07639414817094803,
                0.5382919907569885,
                -0.3159489333629608,
                0.7775486707687378
            ],
            "segmentation_id": 5,
            "visibility": -1
        },
        {
            "bounding_box_minx_maxx_miny_maxy": [
                -1,
                -1,
                -1,
                -1
            ],
            "class": "ASICS",
            "local_cuboid": null,
            "local_to_world_matrix": [
                [
                    -0.8876603841781616,
                    -0.04582100361585617,
                    0.45821425318717957,
                    0.0
                ],
                [
                    0.2313428819179535,
                    -0.9047319889068604,
                    0.35768890380859375,
                    0.0
                ],
                [
                    0.39817121624946594,
                    0.42351073026657104,
                    0.8136942982673645,
                    0.0
                ],
                [
                    1.6442667245864868,
                    0.11659172922372818,
                    -0.4137937128543854,
                    1.0
                ]
            ],
            "location": [
                -0.11659172922372818,
                -0.4137937128543854,
                -1.6442667245864868
            ],
            "location_world": [
                1.6442667245864868,
                0.11659172922372818,
                -0.4137937128543854
            ],
            "name": "google_ASICS_GELAce_Pro_Pearl_WhitePink_5",
            "projected_cuboid": [
                [
                    137.2862309217453,
                    374.2242753505707
                ],
                [
                    235.85109412670135,
                    332.0813775062561
                ],
                [
                    256.32816553115845,
                    374.98795986175537
                ],
                [
                    155.2894115447998,
                    420.4060435295105
                ],
                [
                    141.74433052539825,
                    384.4641447067261
                ],
                [
                    234.95657742023468,
                    344.15119886398315
                ],
                [
                    254.29579615592957,
                    385.1037621498108
                ],
                [
                    158.87492895126343,
                    428.3692240715027
                ],
                [
                    197.67189025878906,
                    379.8389136791229
                ]
            ],
            "provenance": "nvisii",
            "quaternion_xyzw": [
                0.5211294293403625,
                0.6538423299789429,
                0.22266514599323273,
                -0.5013329386711121
            ],
            "quaternion_xyzw_world": [
                0.2254868447780609,
                0.20569036900997162,
                0.9494849443435669,
                -0.07297743111848831
            ],
            "segmentation_id": 6,
            "visibility": -1
        },
        {
            "bounding_box_minx_maxx_miny_maxy": [
                -1,
                -1,
                -1,
                -1
            ],
            "class": "5",
            "local_cuboid": null,
            "local_to_world_matrix": [
                [
                    -0.11815905570983887,
                    -0.7524405121803284,
                    -0.6479751467704773,
                    0.0
                ],
                [
                    -0.7537532448768616,
                    -0.35684967041015625,
                    0.5518282055854797,
                    0.0
                ],
                [
                    -0.6464475989341736,
                    0.5536168217658997,
                    -0.5249893665313721,
                    0.0
                ],
                [
                    1.3652963638305664,
                    -0.7538292407989502,
                    -0.15749569237232208,
                    1.0
                ]
            ],
            "location": [
                0.7538292407989502,
                -0.15749569237232208,
                -1.3652963638305664
            ],
            "location_world": [
                1.3652963638305664,
                -0.7538292407989502,
                -0.15749569237232208
            ],
            "name": "google_5_HTP_6",
            "projected_cuboid": [
                [
                    575.9317874908447,
                    357.4586510658264
                ],
                [
                    594.7669148445129,
                    347.16135263442993
                ],
                [
                    602.1289825439453,
                    322.0393657684326
                ],
                [
                    583.8657021522522,
                    332.628071308136
                ],
                [
                    556.2688112258911,
                    341.342568397522
                ],
                [
                    574.4098424911499,
                    330.60145378112793
                ],
                [
                    582.6044082641602,
                    306.30141496658325
                ],
                [
                    564.9802088737488,
                    317.2908425331116
                ],
                [
                    579.2982578277588,
                    331.64918422698975
                ]
            ],
            "provenance": "nvisii",
            "quaternion_xyzw": [
                0.37221118807792664,
                -0.1955377757549286,
                -0.29248031973838806,
                0.8588824272155762
            ],
            "quaternion_xyzw_world": [
                0.6640180945396423,
                -0.5670755505561829,
                -0.4873446822166443,
                -0.0006734190974384546
            ],
            "segmentation_id": 7,
            "visibility": -1
        },
        {
            "bounding_box_minx_maxx_miny_maxy": [
                -1,
                -1,
                -1,
                -1
            ],
            "class": "ASICS",
            "local_cuboid": null,
            "local_to_world_matrix": [
                [
                    0.975735604763031,
                    -0.1697104573249817,
                    -0.13834156095981598,
                    0.0
                ],
                [
                    0.1680361032485962,
                    0.1753532886505127,
                    0.9700592756271362,
                    0.0
                ],
                [
                    -0.14037056267261505,
                    -0.9697678089141846,
                    0.19961589574813843,
                    0.0
                ],
                [
                    0.7388136386871338,
                    0.5913528203964233,
                    -0.48420488834381104,
                    1.0
                ]
            ],
            "location": [
                -0.5913528203964233,
                -0.48420488834381104,
                -0.7388136386871338
            ],
            "location_world": [
                0.7388136386871338,
                0.5913528203964233,
                -0.48420488834381104
            ],
            "name": "google_ASICS_GELAce_Pro_Pearl_WhitePink_7",
            "projected_cuboid": [
                [
                    -95.3107476234436,
                    739.216685295105
                ],
                [
                    -112.74269223213196,
                    495.7737326622009
                ],
                [
                    -200.39528608322144,
                    509.8763704299927
                ],
                [
                    -188.97083401679993,
                    748.2553720474243
                ],
                [
                    -167.14665293693542,
                    803.6114573478699
                ],
                [
                    -182.1100413799286,
                    519.5330381393433
                ],
                [
                    -280.59202432632446,
                    535.0462198257446
                ],
                [
                    -273.29397201538086,
                    812.2298121452332
                ],
                [
                    -185.71153283119202,
                    639.5996809005737
                ]
            ],
            "provenance": "nvisii",
            "quaternion_xyzw": [
                -0.1217380091547966,
                0.6442007422447205,
                0.012255430221557617,
                0.7550066709518433
            ],
            "quaternion_xyzw_world": [
                0.6326069831848145,
                -0.000661690894048661,
                -0.11014426499605179,
                0.7666004300117493
            ],
            "segmentation_id": 8,
            "visibility": -1
        },
        {
            "bounding_box_minx_maxx_miny_maxy": [
                -1,
                -1,
                -1,
                -1
            ],
            "class": "5",
            "local_cuboid": null,
            "local_to_world_matrix": [
                [
                    -0.624943733215332,
                    0.2899707555770874,
                    -0.7248190641403198,
                    0.0
                ],
                [
                    -0.7697056531906128,
                    -0.0738058090209961,
                    0.6341184973716736,
                    0.0
                ],
                [
                    0.13038012385368347,
                    0.9541855454444885,
                    0.26931631565093994,
                    0.0
                ],
                [
                    0.8024070858955383,
                    -0.6562513709068298,
                    0.015357324853539467,
                    1.0
                ]
            ],
            "location": [
                0.6562513709068298,
                0.015357324853539467,
                -0.8024070858955383
            ],
            "location_world": [
                0.8024070858955383,
                -0.6562513709068298,
                0.015357324853539467
            ],
            "name": "google_5_HTP_8",
            "projected_cuboid": [
                [
                    664.7697687149048,
                    247.50778079032898
                ],
                [
                    689.3418431282043,
                    221.52778506278992
                ],
                [
                    762.8011703491211,
                    239.9551123380661
                ],
                [
                    734.1935634613037,
                    265.38464426994324
                ],
                [
                    659.5134139060974,
                    220.293328166008
                ],
                [
                    682.8168034553528,
                    194.02062892913818
                ],
                [
                    753.1290054321289,
                    211.28341555595398
                ],
                [
                    726.118803024292,
                    237.08754777908325
                ],
                [
                    708.4357738494873,
                    229.60618138313293
                ]
            ],
            "provenance": "nvisii",
            "quaternion_xyzw": [
                -0.2270963490009308,
                0.7166711091995239,
                0.3624473214149475,
                -0.5508556365966797
            ],
            "quaternion_xyzw_world": [
                -0.2118641436100006,
                0.5660878419876099,
                0.701438844203949,
                0.3776795566082001
            ],
            "segmentation_id": 9,
            "visibility": -1
        },
        {
            "bounding_box_minx_maxx_miny_maxy": [
                -1,
                -1,
                -1,
                -1
            ],
            "class": "2",
            "local_cuboid": null,
            "local_to_world_matrix": [
                [
                    0.5960816144943237,
                    0.7637419700622559,
                    -0.24775990843772888,
                    0.0
                ],
                [
                    -0.7054227590560913,
                    0.3507622480392456,
                    -0.6159096360206604,
                    0.0
                ],
                [
                    -0.383491188287735,
                    0.5419078469276428,
                    0.747843861579895,
                    0.0
                ],
                [
                    0.3356587588787079,
                    -0.18297342956066132,
                    -0.29259172081947327,
                    1.0
                ]
            ],
            "location": [
                0.18297342956066132,
                -0.29259172081947327,
                -0.3356587588787079
            ],
            "location_world": [
                0.3356587588787079,
                -0.18297342956066132,
                -0.29259172081947327
            ],
            "name": "google_2_of_Jenga_Classic_Game_9",
            "projected_cuboid": [
                [
                    270.4698443412781,
                    376.1623501777649
                ],
                [
                    193.84635984897614,
                    555.1252365112305
                ],
                [
                    502.9754042625427,
                    851.6144752502441
                ],
                [
                    510.19322872161865,
                    678.7875294685364
                ],
                [
                    432.8119158744812,
                    350.65847635269165
                ],
                [
                    391.80004596710205,
                    570.1022148132324
                ],
                [
                    673.8801002502441,
                    910.0234508514404
                ],
                [
                    652.3197889328003,
                    703.2550573348999
                ],
                [
                    474.1329550743103,
                    645.684003829956
                ]
            ],
            "provenance": "nvisii",
            "quaternion_xyzw": [
                -0.34229975938796997,
                0.4371330142021179,
                0.8311351537704468,
                0.03098243474960327
            ],
            "quaternion_xyzw_world": [
                -0.3526597321033478,
                -0.04134240746498108,
                0.4474930167198181,
                0.8207752108573914
            ],
            "segmentation_id": 10,
            "visibility": -1
        },
        {
            "bounding_box_minx_maxx_miny_maxy": [
                -1,
                -1,
                -1,
                -1
            ],
            "class": "50",
            "local_cuboid": null,
            "local_to_world_matrix": [
                [
                    0.7874171733856201,
                    0.23826685547828674,
                    -0.568509578704834,
                    0.0
                ],
                [
                    -0.5823982954025269,
                    0.5897271037101746,
                    -0.5594947338104248,
                    0.0
                ],
                [
                    0.20195655524730682,
                    0.7716547250747681,
                    0.6031274199485779,
                    0.0
                ],
                [
                    1.729743242263794,
                    -0.6265309453010559,
                    -0.3134824335575104,
                    1.0
                ]
            ],
            "location": [
                0.6265309453010559,
                -0.3134824335575104,
                -1.729743242263794
            ],
            "location_world": [
                1.729743242263794,
                -0.6265309453010559,
                -0.3134824335575104
            ],
            "name": "google_50_BLOCKS_10",
            "projected_cuboid": [
                [
                    418.96846890449524,
                    345.9078371524811
                ],
                [
                    398.6307680606842,
                    376.9872784614563
                ],
                [
                    428.6317229270935,
                    400.5683362483978
                ],
                [
                    447.8723406791687,
                    368.0769205093384
                ],
                [
                    478.5137176513672,
                    288.35195302963257
                ],
                [
                    457.7726721763611,
                    321.86031341552734
                ],
                [
                    494.0609037876129,
                    348.9164113998413
                ],
                [
                    513.1942629814148,
                    313.5393261909485
                ],
                [
                    452.3349404335022,
                    347.2446799278259
                ]
            ],
            "provenance": "nvisii",
            "quaternion_xyzw": [
                -0.6170868277549744,
                0.4692358374595642,
                0.6316258907318115,
                0.008398063480854034
            ],
            "quaternion_xyzw_world": [
                -0.3855394423007965,
                0.22314932942390442,
                0.23768840730190277,
                0.8631733059883118
            ],
            "segmentation_id": 11,
            "visibility": -1
        },
        {
            "bounding_box_minx_maxx_miny_maxy": [
                -1,
                -1,
                -1,
                -1
            ],
            "class": "50",
            "local_cuboid": null,
            "local_to_world_matrix": [
                [
                    -0.98576819896698,
                    0.14922025799751282,
                    0.0774231031537056,
                    0.0
                ],
                [
                    0.14927271008491516,
                    0.9887827038764954,
                    -0.005141901783645153,
                    0.0
                ],
                [
                    -0.07732189446687698,
                    0.006488432176411152,
                    -0.9969850778579712,
                    0.0
                ],
                [
                    1.436651349067688,
                    0.650981068611145,
                    0.6663785576820374,
                    1.0
                ]
            ],
            "location": [
                -0.650981068611145,
                0.6663785576820374,
                -1.436651349067688
            ],
            "location_world": [
                1.436651349067688,
                0.650981068611145,
                0.6663785576820374
            ],
            "name": "google_50_BLOCKS_11",
            "projected_cuboid": [
                [
                    -44.79581117630005,
                    -27.160227298736572
                ],
                [
                    -108.68468880653381,
                    -22.01974391937256
                ],
                [
                    -105.93393445014954,
                    -72.48720526695251
                ],
                [
                    -42.433977127075195,
                    -78.47243547439575
                ],
                [
                    40.246590971946716,
                    44.317394495010376
                ],
                [
                    -10.910749435424805,
                    47.37579822540283
                ],
                [
                    -9.269505739212036,
                    7.449224591255188
                ],
                [
                    41.63698852062225,
                    3.863513469696045
                ],
                [
                    -24.669766426086426,
                    -7.553577423095703
                ]
            ],
            "provenance": "nvisii",
            "quaternion_xyzw": [
                -0.44119149446487427,
                0.516419529914856,
                -0.5549063086509705,
                -0.480353981256485
            ],
            "quaternion_xyzw_world": [
                0.07489017397165298,
                0.9964356422424316,
                0.00033783676917664707,
                -0.03882463276386261
            ],
            "segmentation_id": 12,
            "visibility": -1
        },
        {
            "bounding_box_minx_maxx_miny_maxy": [
                -1,
                -1,
                -1,
                -1
            ],
            "class": "ASICS",
            "local_cuboid": null,
            "local_to_world_matrix": [
                [
                    -0.9590917825698853,
                    0.22232632339000702,
                    0.17525407671928406,
                    0.0
                ],
                [
                    -0.18428663909435272,
                    -0.020386457443237305,
                    -0.9826610684394836,
                    0.0
                ],
                [
                    -0.21489861607551575,
                    -0.9747591614723206,
                    0.06052428483963013,
                    0.0
                ],
                [
                    1.5344778299331665,
                    0.05940316244959831,
                    -0.41754257678985596,
                    1.0
                ]
            ],
            "location": [
                -0.05940316244959831,
                -0.41754257678985596,
                -1.5344778299331665
            ],
            "location_world": [
                1.5344778299331665,
                0.05940316244959831,
                -0.41754257678985596
            ],
            "name": "google_ASICS_GELAce_Pro_Pearl_WhitePink_12",
            "projected_cuboid": [
                [
                    272.8695869445801,
                    354.94086146354675
                ],
                [
                    276.22491121292114,
                    479.33804988861084
                ],
                [
                    221.76626324653625,
                    478.1685769557953
                ],
                [
                    220.40234506130219,
                    356.17709159851074
                ],
                [
                    280.3392708301544,
                    355.2820682525635
                ],
                [
                    283.73414278030396,
                    471.474289894104
                ],
                [
                    232.66799747943878,
                    470.5256223678589
                ],
                [
                    231.02785646915436,
                    356.43476247787476
                ],
                [
                    252.26449966430664,
                    414.1830801963806
                ]
            ],
            "provenance": "nvisii",
            "quaternion_xyzw": [
                0.6215778589248657,
                0.07868707180023193,
                0.777799129486084,
                0.04977750778198242
            ],
            "quaternion_xyzw_world": [
                -0.013878361321985722,
                -0.6852337121963501,
                0.7141432762145996,
                0.1423429250717163
            ],
            "segmentation_id": 13,
            "visibility": -1
        },
        {
            "bounding_box_minx_maxx_miny_maxy": [
                -1,
                -1,
                -1,
                -1
            ],
            "class": "5",
            "local_cuboid": null,
            "local_to_world_matrix": [
                [
                    0.038720011711120605,
                    0.999117374420166,
