{
    "camera_data": {
        "camera_look_at": {
            "at": [
                1.0,
                0.0,
                0.0
            ],
            "eye": [
                0.0,
                0.0,
                0.0
            ],
            "up": [
                0.0,
                0.0,
                1.0
            ]
        },
        "camera_view_matrix": [
            [
                0.0,
                0.0,
                -1.0,
                0.0
            ],
            [
                -1.0,
                0.0,
                0.0,
                0.0
            ],
            [
                0.0,
                1.0,
                0.0,
                0.0
            ],
            [
                0.0,
                0.0,
                0.0,
                1.0
            ]
        ],
        "height": 500,
        "intrinsics": {
            "cx": 250.0,
            "cy": 250.0,
            "fx": 603.5535278320312,
            "fy": 603.5535278320312
        },
        "location_world": [
            0.0,
            0.0,
            0.0
        ],
        "quaternion_world_xyzw": [
            0.5,
            -0.5,
            -0.5,
            0.5
        ],
        "width": 500
    },
    "objects": [
        {
            "bounding_box_minx_maxx_miny_maxy": [
                -1,
                -1,
                -1,
                -1
            ],
            "class": "2",
            "local_cuboid": null,
            "local_to_world_matrix": [
                [
                    -0.06786835193634033,
                    -0.9557470083236694,
                    -0.28625425696372986,
                    0.0
                ],
                [
                    0.41550564765930176,
                    0.23377341032028198,
                    -0.8790364265441895,
                    0.0
                ],
                [
                    0.9070550203323364,
                    -0.1785990297794342,
                    0.3812525272369385,
                    0.0
                ],
                [
                    0.5776026248931885,
                    0.12716777622699738,
                    -0.5660220384597778,
                    1.0
                ]
            ],
            "location": [
                -0.12716777622699738,
                -0.5660220384597778,
                -0.5776026248931885
            ],
            "location_world": [
                0.5776026248931885,
                0.12716777622699738,
                -0.5660220384597778
            ],
            "name": "google_2_of_Jenga_Classic_Game_0",
            "projected_cuboid": [
                [
                    229.8584282398224,
                    564.7249221801758
                ],
                [
                    216.78748726844788,
                    604.0951013565063
                ],
                [
                    148.78924190998077,
                    875.8965730667114
                ],
                [
                    163.79325091838837,
                    834.9205255508423
                ],
                [
                    175.00880360603333,
                    546.2221503257751
                ],
                [
                    164.2494797706604,
                    586.1004590988159
                ],
                [
                    73.5754519701004,
                    847.492516040802
                ],
                [
                    83.74734222888947,
                    805.1352500915527
                ],
                [
                    164.07042741775513,
                    683.7572455406189
                ]
            ],
            "provenance": "nvisii",
            "quaternion_xyzw": [
                -0.9671915769577026,
                0.13441690802574158,
                -0.06370696425437927,
                0.20594629645347595
            ],
            "quaternion_xyzw_world": [
                -0.2815607190132141,
                0.47968459129333496,
                -0.5512139797210693,
                0.6219239234924316
            ],
            "segmentation_id": 1,
            "visibility": -1
        },
        {
            "bounding_box_minx_maxx_miny_maxy": [
                -1,
                -1,
                -1,
                -1
            ],
            "class": "Cube",
            "local_cuboid": null,
            "local_to_world_matrix": [
                [
                    0.4952371120452881,
                    -0.15768283605575562,
                    0.8543279767036438,
                    0.0
                ],
                [
                    0.5254420042037964,
                    0.8375005722045898,
                    -0.15001137554645538,
                    0.0
                ],
                [
                    -0.6918459534645081,
                    0.5231910347938538,
                    0.4976145625114441,
                    0.0
                ],
                [
                    3.1458253860473633,
                    2.4792797565460205,
                    -0.44743674993515015,
                    1.0
                ]
            ],
            "location": [
                -2.4792797565460205,
                -0.44743674993515015,
                -3.1458253860473633
            ],
            "location_world": [
                3.1458253860473633,
                2.4792797565460205,
                -0.44743674993515015
            ],
            "name": "google_Cube_1",
            "projected_cuboid": [
                [
                    -10.201781988143921,
                    277.6601314544678
                ],
                [
                    -26.938050985336304,
                    281.1097204685211
                ],
                [
                    -4.611611366271973,
                    293.37868094444275
                ],
                [
                    12.131422758102417,
                    290.3269827365875
                ],
                [
                    -20.863503217697144,
                    302.8511703014374
                ],
                [
                    -37.72452473640442,
                    305.7655096054077
                ],
                [
                    -14.56502079963684,
                    317.5404667854309
                ],
                [
                    2.3192018270492554,
                    315.00405073165894
                ],
                [
                    -12.419432401657104,
                    297.9294955730438
                ]
            ],
            "provenance": "nvisii",
            "quaternion_xyzw": [
                -0.3923799395561218,
                -0.010721363127231598,
                0.6488787531852722,
                0.6518276929855347
            ],
            "quaternion_xyzw_world": [
                -0.20007619261741638,
                -0.45952391624450684,
                -0.20302514731884003,
                0.8411825299263
            ],
            "segmentation_id": 2,
            "visibility": -1
        },
        {
            "bounding_box_minx_maxx_miny_maxy": [
                -1,
                -1,
                -1,
                -1
            ],
            "class": "Cube",
            "local_cuboid": null,
            "local_to_world_matrix": [
                [
                    0.8462857604026794,
                    -0.49995672702789307,
                    -0.18396642804145813,
                    0.0
                ],
                [
                    -0.5326348543167114,
                    -0.7875858545303345,
                    -0.30985236167907715,
                    0.0
                ],
                [
                    0.010023422539234161,
                    0.3602105975151062,
                    -0.9328171014785767,
                    0.0
                ],
                [
                    0.6371681690216064,
                    -0.7013955116271973,
                    0.0480407290160656,
                    1.0
                ]
            ],
            "location": [
                0.7013955116271973,
                0.0480407290160656,
                -0.6371681690216064
            ],
            "location_world": [
                0.6371681690216064,
                -0.7013955116271973,
                0.0480407290160656
            ],
            "name": "google_Cube_2",
            "projected_cuboid": [
                [
                    -26.25066041946411,
                    43.91974210739136
                ],
                [
                    -6.058216094970703,
                    48.67216944694519
                ],
                [
                    7.16748833656311,
                    13.888850808143616
                ],
                [
                    -13.456881046295166,
                    10.23787260055542
                ],
                [
                    -59.84681844711304,
                    26.013299822807312
                ],
                [
                    -39.70670700073242,
                    30.407771468162537
                ],
                [
                    -25.775909423828125,
                    -6.29916787147522
                ],
                [
                    -46.3944673538208,
                    -9.469091892242432
                ],
                [
                    -26.023566722869873,
                    19.893884658813477
                ]
            ],
            "provenance": "nvisii",
            "quaternion_xyzw": [
                0.6745058298110962,
                0.2237265557050705,
                -0.4471778869628906,
                0.543157696723938
            ],
            "quaternion_xyzw_world": [
                0.9442839622497559,
                -0.27337953448295593,
                -0.04605156183242798,
                -0.17739975452423096
            ],
            "segmentation_id": 3,
            "visibility": -1
        },
        {
            "bounding_box_minx_maxx_miny_maxy": [
                -1,
                -1,
                -1,
                -1
            ],
            "class": "Cube",
            "local_cuboid": null,
            "local_to_world_matrix": [
                [
                    0.8797739744186401,
                    0.35598060488700867,
                    0.3150804042816162,
                    0.0
                ],
                [
                    -0.24266555905342102,
                    -0.23364806175231934,
                    0.9415531754493713,
                    0.0
                ],
                [
                    0.4087924361228943,
                    -0.9048131108283997,
                    -0.11917328834533691,
                    0.0
                ],
                [
                    1.407874345779419,
                    0.26387345790863037,
                    1.0756038427352905,
                    1.0
                ]
            ],
            "location": [
                -0.26387345790863037,
                1.0756038427352905,
                -1.407874345779419
            ],
            "location_world": [
                1.407874345779419,
                0.26387345790863037,
                1.0756038427352905
            ],
            "name": "google_Cube_3",
            "projected_cuboid": [
                [
                    38.76699507236481,
                    462.95300126075745
                ],
                [
                    43.48368942737579,
                    435.8068108558655
                ],
                [
                    9.623676538467407,
                    436.02314591407776
                ],
                [
                    5.2403658628463745,
                    463.7548327445984
                ],
                [
                    40.34453630447388,
                    483.4778904914856
                ],
                [
                    45.31092941761017,
                    455.2902579307556
                ],
                [
                    9.81399416923523,
                    455.9662640094757
                ],
                [
                    5.213692784309387,
                    484.78540778160095
                ],
                [
                    24.88936483860016,
                    459.6041440963745
                ]
            ],
            "provenance": "nvisii",
            "quaternion_xyzw": [
                0.16677740216255188,
                0.8225458264350891,
                0.03753361105918884,
                0.5423974990844727
            ],
            "quaternion_xyzw_world": [
                0.7470935583114624,
                0.03791862726211548,
                0.2422296553850174,
                0.6178497672080994
            ],
            "segmentation_id": 4,
            "visibility": -1
        },
        {
            "bounding_box_minx_maxx_miny_maxy": [
                -1,
                -1,
                -1,
                -1
            ],
            "class": "Cube",
            "local_cuboid": null,
            "local_to_world_matrix": [
                [
                    -0.7417080402374268,
                    -0.3528498113155365,
                    0.570408821105957,
                    0.0
                ],
                [
                    0.6558326482772827,
                    -0.20332825183868408,
                    0.7270083427429199,
                    0.0
                ],
                [
                    -0.14054444432258606,
                    0.9133206605911255,
                    0.38222062587738037,
                    0.0
                ],
                [
                    3.1532320976257324,
                    -1.1097084283828735,
                    2.2036256790161133,
                    1.0
                ]
            ],
            "location": [
                1.1097084283828735,
                2.2036256790161133,
                -3.1532320976257324
            ],
            "location_world": [
                3.1532320976257324,
                -1.1097084283828735,
                2.2036256790161133
            ],
            "name": "google_Cube_4",
            "projected_cuboid": [
                [
                    474.9378561973572,
                    -35.206139087677
                ],
                [
                    473.66267442703247,
                    -48.149049282073975
                ],
                [
                    500.19586086273193,
                    -34.23455357551575
                ],
                [
                    502.38049030303955,
                    -20.905792713165283
                ],
                [
                    455.49672842025757,
                    -6.755590438842773
                ],
                [
                    454.8998773097992,
                    -20.147085189819336
                ],
                [
                    480.59484362602234,
                    -6.933748722076416
                ],
                [
                    482.0438325405121,
                    6.8025141954422
                ],
                [
                    477.87749767303467,
                    -20.514249801635742
                ]
            ],
            "provenance": "nvisii",
            "quaternion_xyzw": [
                0.3483162820339203,
                0.5553408861160278,
                -0.12317299097776413,
                -0.7450507879257202
            ],
            "quaternion_xyzw_world": [
                0.1408897191286087,
                0.537624180316925,
                0.762767493724823,
                -0.3305995762348175
            ],
            "segmentation_id": 5,
            "visibility": -1
        },
        {
            "bounding_box_minx_maxx_miny_maxy": [
                -1,
                -1,
                -1,
                -1
            ],
            "class": "2",
            "local_cuboid": null,
            "local_to_world_matrix": [
                [
                    0.5824098587036133,
                    -0.5980768203735352,
                    -0.5505480766296387,
                    0.0
                ],
                [
                    -0.06548488140106201,
                    0.6405477523803711,
                    -0.7651212215423584,
                    0.0
                ],
                [
                    0.8102535009384155,
                    0.48166680335998535,
                    0.333896279335022,
                    0.0
                ],
                [
                    0.9682290554046631,
                    -0.3464566469192505,
                    -0.018227381631731987,
                    1.0
                ]
            ],
            "location": [
                0.3464566469192505,
                -0.018227381631731987,
                -0.9682290554046631
            ],
            "location_world": [
                0.9682290554046631,
                -0.3464566469192505,
                -0.018227381631731987
            ],
            "name": "google_2_of_Jenga_Classic_Game_5",
            "projected_cuboid": [
                [
                    375.75164437294006,
                    205.8960497379303
                ],
                [
                    349.67315196990967,
                    237.52513527870178
                ],
                [
                    459.4496488571167,
                    294.0920889377594
                ],
                [
                    491.127073764801,
                    254.61706519126892
                ],
                [
                    356.5918803215027,
                    182.05910921096802
                ],
                [
                    329.4074237346649,
                    214.80882167816162
                ],
                [
                    439.44627046585083,
                    268.42889189720154
                ],
                [
                    472.77557849884033,
                    227.19040513038635
                ],
                [
                    403.37616205215454,
                    233.01663994789124
                ]
            ],
            "provenance": "nvisii",
            "quaternion_xyzw": [
                -0.8907092213630676,
                0.3343111574649811,
                0.2986600399017334,
                0.0753365084528923
            ],
            "quaternion_xyzw_world": [
                -0.3898608088493347,
                0.4255119264125824,
                -0.1665372997522354,
                0.7995084524154663
            ],
            "segmentation_id": 6,
            "visibility": -1
        },
        {
            "bounding_box_minx_maxx_miny_maxy": [
                -1,
                -1,
                -1,
                -1
            ],
            "class": "Cube",
            "local_cuboid": null,
            "local_to_world_matrix": [
                [
                    -0.5574085712432861,
                    -0.5511236190795898,
                    0.6209335923194885,
                    0.0
                ],
                [
                    0.7723270654678345,
                    -0.0697774887084961,
                    0.6313810348510742,
                    0.0
                ],
                [
                    -0.30464184284210205,
                    0.8315010070800781,
                    0.4645422101020813,
                    0.0
                ],
                [
                    3.3557605743408203,
                    0.08138099312782288,
                    2.1226887702941895,
                    1.0
                ]
            ],
            "location": [
                -0.08138099312782288,
                2.1226887702941895,
                -3.3557605743408203
            ],
            "location_world": [
                3.3557605743408203,
                0.08138099312782288,
                2.1226887702941895
            ],
            "name": "google_Cube_6",
            "projected_cuboid": [
                [
                    176.7684519290924,
                    -71.47416472434998
                ],
                [
                    181.85004591941833,
                    -78.31266522407532
                ],
                [
                    208.34866166114807,
                    -59.02525782585144
                ],
                [
                    204.4287472963333,
                    -51.51060223579407
                ],
                [
                    161.5721434354782,
                    -42.626380920410156
                ],
                [
                    167.0994758605957,
                    -50.389498472213745
                ],
                [
                    193.09133291244507,
                    -32.05162286758423
                ],
                [
                    188.67936730384827,
                    -23.6838161945343
                ],
                [
                    185.27257442474365,
                    -50.935298204422
                ]
            ],
            "provenance": "nvisii",
            "quaternion_xyzw": [
                0.39214178919792175,
                0.44034522771835327,
                -0.17474065721035004,
                -0.7885345220565796
            ],
            "quaternion_xyzw_world": [
                0.10934659838676453,
                0.5057392716407776,
                0.7231404185295105,
                -0.45753586292266846
            ],
            "segmentation_id": 7,
            "visibility": -1
        },
        {
            "bounding_box_minx_maxx_miny_maxy": [
                -1,
                -1,
                -1,
                -1
            ],
            "class": "2",
            "local_cuboid": null,
            "local_to_world_matrix": [
                [
                    -0.5097678899765015,
                    -0.3613394498825073,
                    0.7807499170303345,
                    0.0
                ],
                [
                    -0.6605119705200195,
                    -0.41710031032562256,
                    -0.6243005394935608,
                    0.0
                ],
                [
                    0.5512354373931885,
                    -0.8339430689811707,
                    -0.026044607162475586,
                    0.0
                ],
                [
                    0.1767818182706833,
                    0.44962936639785767,
                    -0.2244056612253189,
                    1.0
                ]
            ],
            "location": [
                -0.44962936639785767,
                -0.2244056612253189,
                -0.1767818182706833
            ],
            "location_world": [
                0.1767818182706833,
                0.44962936639785767,
                -0.2244056612253189
            ],
            "name": "google_2_of_Jenga_Classic_Game_7",
            "projected_cuboid": [
                [
                    -115.70733785629272,
                    555.3581118583679
                ],
                [
                    -112.73917555809021,
                    723.8900661468506
                ],
                [
                    -1707.4100971221924,
                    1280.5652618408203
                ],
                [
                    -1231.1606407165527,
                    796.8374490737915
                ],
                [
                    -122.18108773231506,
                    619.8794841766357
                ],
                [
                    -120.6684410572052,
                    778.779923915863
                ],
                [
                    -1343.5156345367432,
                    1255.3058862686157
                ],
                [
                    -1042.7368879318237,
                    864.3748164176941
                ],
                [
                    -518.9826488494873,
                    785.2569222450256
                ]
            ],
            "provenance": "nvisii",
            "quaternion_xyzw": [
                0.7963786125183105,
                0.3760303854942322,
                0.42181912064552307,
                0.2155245542526245
            ],
            "quaternion_xyzw_world": [
                0.4830572009086609,
                -0.5288459658622742,
                0.6893517971038818,
                0.10849776864051819
            ],
            "segmentation_id": 8,
            "visibility": -1
        },
        {
            "bounding_box_minx_maxx_miny_maxy": [
                -1,
                -1,
                -1,
                -1
            ],
            "class": "2",
            "local_cuboid": null,
            "local_to_world_matrix": [
                [
                    0.3004475235939026,
                    0.1743617057800293,
                    0.9377255439758301,
                    0.0
                ],
                [
                    -0.7972900867462158,
                    -0.49370479583740234,
                    0.3472520112991333,
                    0.0
                ],
                [
                    0.5235071182250977,
                    -0.8519703149795532,
                    -0.00931549072265625,
                    0.0
                ],
                [
                    0.2510869801044464,
                    0.41110482811927795,
                    -0.0012861198047176003,
                    1.0
                ]
            ],
            "location": [
                -0.41110482811927795,
                -0.0012861198047176003,
                -0.2510869801044464
            ],
            "location_world": [
                0.2510869801044464,
                0.41110482811927795,
                -0.0012861198047176003
            ],
            "name": "google_2_of_Jenga_Classic_Game_8",
            "projected_cuboid": [
                [
                    -5.068004131317139,
                    225.44407844543457
                ],
                [
                    15.833958983421326,
                    174.81771111488342
                ],
                [
                    -795.3674793243408,
                    117.51757562160492
                ],
                [
                    -642.9327726364136,
                    207.24815130233765
                ],
                [
                    0.23061037063598633,
                    328.9244472980499
                ],
                [
                    23.509442806243896,
                    294.3827509880066
                ],
                [
                    -875.4993677139282,
                    319.4050192832947
                ],
                [
                    -690.0601387023926,
                    367.12801456451416
                ],
                [
                    -278.23126316070557,
                    254.93139028549194
                ]
            ],
            "provenance": "nvisii",
            "quaternion_xyzw": [
                0.500473141670227,
                0.7150385975837708,
                0.27550068497657776,
                0.40292155742645264
            ],
            "quaternion_xyzw_world": [
                0.6714662909507751,
                -0.23192837834358215,
                0.5440454483032227,
                0.44649386405944824
            ],
            "segmentation_id": 9,
            "visibility": -1
        },
        {
            "bounding_box_minx_maxx_miny_maxy": [
                -1,
                -1,
                -1,
                -1
            ],
            "class": "Cube",
            "local_cuboid": null,
            "local_to_world_matrix": [
                [
                    0.0849374532699585,
                    0.9057167768478394,
                    0.41528618335723877,
                    0.0
                ],
                [
                    0.763127326965332,
                    -0.32711660861968994,
                    0.5573431253433228,
                    0.0
                ],
                [
                    0.6406420469284058,
                    0.26957693696022034,
                    -0.7189617156982422,
                    0.0
                ],
                [
                    1.7279548645019531,
                    -0.12221205234527588,
                    0.9837855100631714,
                    1.0
                ]
            ],
            "location": [
                0.12221205234527588,
                0.9837855100631714,
                -1.7279548645019531
            ],
            "location_world": [
                1.7279548645019531,
                -0.12221205234527588,
                0.9837855100631714
            ],
            "name": "google_Cube_9",
            "projected_cuboid": [
                [
                    -745.5660700798035,
                    388.34965229034424
                ],
                [
                    -511.92766427993774,
                    280.4698348045349
                ],
                [
                    -606.0830354690552,
                    160.56552529335022
                ],
                [
                    -921.9818115234375,
                    260.1313591003418
                ],
                [
                    -603.3311486244202,
                    469.1184163093567
                ],
                [
                    -391.8015956878662,
                    343.59103441238403
                ],
                [
                    -465.501606464386,
                    232.66081511974335
                ],
                [
                    -750.554084777832,
                    356.5640449523926
                ],
                [
                    -604.749858379364,
                    310.06935238838196
                ]
            ],
            "provenance": "nvisii",
            "quaternion_xyzw": [
                0.21070244908332825,
                0.880866289138794,
                -0.4206339418888092,
                -0.05240282416343689
            ],
            "quaternion_xyzw_world": [
                0.7298999428749084,
                0.5716003179550171,
                0.36166882514953613,
                0.09856355935335159
            ],
            "segmentation_id": 10,
            "visibility": -1
        },
        {
            "bounding_box_minx_maxx_miny_maxy": [
                -1,
                -1,
                -1,
                -1
            ],
            "class": "Cube",
            "local_cuboid": null,
            "local_to_world_matrix": [
                [
                    -0.4642602205276489,
                    0.625649631023407,
                    -0.6269170045852661,
                    0.0
                ],
                [
                    -0.8788935542106628,
                    -0.23785364627838135,
                    0.41348737478256226,
                    0.0
                ],
                [
                    0.10958370566368103,
                    0.7429590821266174,
                    0.6603054404258728,
                    0.0
                ],
                [
                    -0.6371886134147644,
                    0.17364448308944702,
                    0.6155850291252136,
                    1.0
                ]
            ],
            "location": [
                -0.17364448308944702,
                0.6155850291252136,
                0.6371886134147644
            ],
            "location_world": [
                -0.6371886134147644,
                0.17364448308944702,
                0.6155850291252136
            ],
            "name": "google_Cube_10",
            "projected_cuboid": [
                [
                    -168.2015359401703,
                    346.0542857646942
                ],
                [
                    -192.94941425323486,
                    327.80900597572327
                ],
                [
                    -148.22840690612793,
                    373.3331263065338
                ],
                [
                    -127.20668315887451,
                    387.70776987075806
                ],
                [
                    -113.19366097450256,
                    305.3615391254425
                ],
                [
                    -131.65336847305298,
                    284.24784541130066
                ],
                [
                    -88.42551708221436,
                    327.0174264907837
                ],
                [
                    -73.46329092979431,
                    344.7011411190033
                ],
                [
                    -129.39488887786865,
                    336.7939293384552
                ]
            ],
            "provenance": "nvisii",
            "quaternion_xyzw": [
                -0.13270899653434753,
                0.7329257726669312,
                0.5250186920166016,
                -0.4117808938026428
            ],
            "quaternion_xyzw_world": [
                -0.16829141974449158,
                0.3761984705924988,
                0.7685081958770752,
                0.4894362986087799
            ],
            "segmentation_id": 11,
            "visibility": -1
        },
        {
            "bounding_box_minx_maxx_miny_maxy": [
                -1,
                -1,
                -1,
                -1
            ],
            "class": "2",
            "local_cuboid": null,
            "local_to_world_matrix": [
                [
                    -0.4408884048461914,
                    -0.3373250663280487,
                    -0.8317626714706421,
                    0.0
                ],
                [
                    0.8947067260742188,
                    -0.09131240844726562,
                    -0.43722063302993774,
                    0.0
                ],
                [
                    0.07153525948524475,
                    -0.9369491934776306,
                    0.34206557273864746,
                    0.0
                ],
                [
                    1.823724627494812,
                    -0.5083156824111938,
                    -0.5570411682128906,
                    1.0
                ]
            ],
            "location": [
                0.5083156824111938,
                -0.5570411682128906,
                -1.823724627494812
            ],
            "location_world": [
                1.823724627494812,
                -0.5083156824111938,
                -0.5570411682128906
            ],
            "name": "google_2_of_Jenga_Classic_Game_11",
            "projected_cuboid": [
                [
                    516.9422626495361,
                    409.01124477386475
                ],
                [
                    508.6241364479065,
                    414.5175516605377
                ],
                [
                    421.98115587234497,
                    449.083536863327
                ],
                [
                    426.69644951820374,
                    444.98878717422485
                ],
                [
                    503.04853916168213,
                    384.2703104019165
                ],
                [
                    495.43511867523193,
                    390.6596601009369
                ],
                [
                    410.24938225746155,
                    424.3204593658447
                ],
                [
                    414.38227891921997,
                    419.26729679107666
                ],
                [
                    462.2952342033386,
                    416.85253381729126
                ]
            ],
            "provenance": "nvisii",
            "quaternion_xyzw": [
                0.6793528199195862,
                -0.2724837362766266,
                0.5070405006408691,
                -0.45512887835502625
            ],
            "quaternion_xyzw_world": [
                -0.2776501476764679,
                -0.5018740892410278,
                0.6845192313194275,
                -0.44996243715286255
            ],
            "segmentation_id": 12,
            "visibility": -1
        },
        {
            "bounding_box_minx_maxx_miny_maxy": [
                -1,
                -1,
                -1,
                -1
            ],
            "class": "2",
            "local_cuboid": null,
            "local_to_world_matrix": [
                [
                    -0.46000444889068604,
                    0.7539169788360596,
                    -0.4690476059913635,
                    0.0
                ],
                [
                    -0.16967305541038513,
                    0.4438846707344055,
                    0.8798736333847046,
                    0.0
                ],
                [
                    0.8715546727180481,
                    0.48433026671409607,
                    -0.07626974582672119,
                    0.0
                ],
                [
                    0.30371353030204773,
                    0.39626699686050415,
                    0.077461838722229,
                    1.0
                ]
            ],
            "location": [
                -0.39626699686050415,
                0.077461838722229,
                -0.30371353030204773
            ],
            "location_world": [
                0.30371353030204773,
                0.39626699686050415,
                0.077461838722229
            ],
            "name": "google_2_of_Jenga_Classic_Game_12",
            "projected_cuboid": [
                [
                    -355.07386922836304,
                    250.53444504737854
                ],
                [
                    -413.77997398376465,
                    166.4198338985443
                ],
                [
                    -714.0394449234009,
                    41.703253984451294
                ],
                [
                    -589.5870923995972,
                    205.06884157657623
                ],
                [
                    -255.9453248977661,
                    212.23542094230652
                ],
                [
                    -308.41463804244995,
                    132.5187236070633
                ],
                [
                    -488.818883895874,
                    -5.2408576011657715
                ],
                [
                    -387.8985047340393,
                    142.15174317359924
                ],
                [
                    -403.90098094940186,
                    157.1567952632904
                ]
            ],
            "provenance": "nvisii",
            "quaternion_xyzw": [
                -0.24380536377429962,
                0.9361283779144287,
                0.024944111704826355,
                -0.2521914839744568
            ],
            "quaternion_xyzw_world": [
                0.20759370923042297,
                0.7035905718803406,
                0.4847293198108673,
                0.47634318470954895
            ],
            "segmentation_id": 13,
            "visibility": -1
        },
        {
            "bounding_box_minx_maxx_miny_maxy": [
                -1,
                -1,
                -1,
                -1
            ],
            "class": "2",
            "local_cuboid": null,
            "local_to_world_matrix": [
                [
                    -0.19359302520751953,
                    -0.771655261516571,
                    -0.6058630347251892,
                    0.0
                ],
