{
    "camera_data": {
        "camera_look_at": {
            "at": [
                1.0,
                0.0,
                0.0
            ],
            "eye": [
                0.0,
                0.0,
                0.0
            ],
            "up": [
                0.0,
                0.0,
                1.0
            ]
        },
        "camera_view_matrix": [
            [
                0.0,
                0.0,
                -1.0,
                0.0
            ],
            [
                -1.0,
                0.0,
                0.0,
                0.0
            ],
            [
                0.0,
                1.0,
                0.0,
                0.0
            ],
            [
                0.0,
                0.0,
                0.0,
                1.0
            ]
        ],
        "height": 500,
        "intrinsics": {
            "cx": 250.0,
            "cy": 250.0,
            "fx": 603.5535278320312,
            "fy": 603.5535278320312
        },
        "location_world": [
            0.0,
            0.0,
            0.0
        ],
        "quaternion_world_xyzw": [
            0.5,
            -0.5,
            -0.5,
            0.5
        ],
        "width": 500
    },
    "objects": [
        {
            "bounding_box_minx_maxx_miny_maxy": [
                -1,
                -1,
                -1,
                -1
            ],
            "class": "Cube",
            "local_cuboid": null,
            "local_to_world_matrix": [
                [
                    0.03503143787384033,
                    0.04364775866270065,
                    0.9984325766563416,
                    0.0
                ],
                [
                    -0.11772919446229935,
                    -0.991909384727478,
                    0.04749329015612602,
                    0.0
                ],
                [
                    0.9924276471138,
                    -0.119208425283432,
                    -0.02960944175720215,
                    0.0
                ],
                [
                    3.740679979324341,
                    -4.605093479156494,
                    -3.823698043823242,
                    1.0
                ]
            ],
            "location": [
                4.605093479156494,
                -3.823698043823242,
                -3.740679979324341
            ],
            "location_world": [
                3.740679979324341,
                -4.605093479156494,
                -3.823698043823242
            ],
            "name": "google_Cube_0",
            "projected_cuboid": [
                [
                    321.15209102630615,
                    -235.6886863708496
                ],
                [
                    1714.6937847137451,
                    -432.75392055511475
                ],
                [
                    -766.6667699813843,
                    816.2375092506409
                ],
                [
                    324.1932988166809,
                    902.7765989303589
                ],
                [
                    376.7871558666229,
                    894.1189050674438
                ],
                [
                    1908.5464477539062,
                    1011.864185333252
                ],
                [
                    -751.0011196136475,
                    -235.46376824378967
                ],
                [
                    263.1472647190094,
                    -416.47034883499146
                ],
                [
                    -16160.295486450195,
                    -232.23254084587097
                ]
            ],
            "provenance": "nvisii",
            "quaternion_xyzw": [
                0.6894357204437256,
                0.7217285633087158,
                0.030523866415023804,
                0.05342724919319153
            ],
            "quaternion_xyzw_world": [
                0.717033863067627,
                -0.025829127058386803,
                0.6941304802894592,
                0.05812198296189308
            ],
            "segmentation_id": 1,
            "visibility": -1
        },
        {
            "bounding_box_minx_maxx_miny_maxy": [
                -1,
                -1,
                -1,
                -1
            ],
            "class": "Cube",
            "local_cuboid": null,
            "local_to_world_matrix": [
                [
                    0.12165939807891846,
                    0.9902064800262451,
                    0.06848680973052979,
                    0.0
                ],
                [
                    -0.11342087388038635,
                    -0.05467867851257324,
                    0.9920414686203003,
                    0.0
                ],
                [
                    0.9860705137252808,
                    -0.12845918536186218,
                    0.10565769672393799,
                    0.0
                ],
                [
                    17.354148864746094,
                    0.8997439742088318,
                    -8.965858459472656,
                    1.0
                ]
            ],
            "location": [
                -0.8997439742088318,
                -8.965858459472656,
                -17.354148864746094
            ],
            "location_world": [
                17.354148864746094,
                0.8997439742088318,
                -8.965858459472656
            ],
            "name": "google_Cube_1",
            "projected_cuboid": [
                [
                    -114.75986242294312,
                    267.5284445285797
                ],
                [
                    -128.34522128105164,
                    -701.064944267273
                ],
                [
                    1089.6490812301636,
                    1661.489486694336
                ],
                [
                    1589.5192623138428,
                    -48.42749238014221
                ],
                [
                    795.4065203666687,
                    339.03637528419495
                ],
                [
                    987.2592091560364,
                    -851.4758348464966
                ],
                [
                    -333.80162715911865,
                    1228.1111478805542
                ],
                [
                    -421.62370681762695,
                    -61.72403693199158
                ],
                [
                    337.8588557243347,
                    -1717.3800468444824
                ]
            ],
            "provenance": "nvisii",
            "quaternion_xyzw": [
                0.03091399371623993,
                0.9960319399833679,
                0.05498790740966797,
                0.0627787709236145
            ],
            "quaternion_xyzw_world": [
                0.5173684358596802,
                0.42367562651634216,
                0.5095775127410889,
                0.541442334651947
            ],
            "segmentation_id": 2,
            "visibility": -1
        },
        {
            "bounding_box_minx_maxx_miny_maxy": [
                -1,
                -1,
                -1,
                -1
            ],
            "class": "Cube",
            "local_cuboid": null,
            "local_to_world_matrix": [
                [
                    0.005181610584259033,
                    0.9970732927322388,
                    -0.07627543807029724,
                    0.0
                ],
                [
                    -0.08864495158195496,
                    0.07643413543701172,
                    0.9931262731552124,
                    0.0
                ],
                [
                    0.9960497617721558,
                    0.0016154944896697998,
                    0.08878159523010254,
                    0.0
                ],
                [
                    -11.3164644241333,
                    4.486996173858643,
                    -6.4860053062438965,
                    1.0
                ]
            ],
            "location": [
                -4.486996173858643,
                -6.4860053062438965,
                11.3164644241333
            ],
            "location_world": [
                -11.3164644241333,
                4.486996173858643,
                -6.4860053062438965
            ],
            "name": "google_Cube_2",
            "projected_cuboid": [
                [
                    -591.9082164764404,
                    369.7885274887085
                ],
                [
                    -993.8242435455322,
                    -1589.774489402771
                ],
                [
                    785.8889698982239,
                    967.6859974861145
                ],
                [
                    788.1492376327515,
                    84.91566777229309
                ],
                [
                    964.1626477241516,
                    251.49765610694885
                ],
                [
                    1022.3257541656494,
                    -1777.9617309570312
                ],
                [
                    -76.83295011520386,
                    1028.074026107788
                ],
                [
                    -199.5285451412201,
                    161.5212857723236
                ],
                [
                    566.2682056427002,
                    1849.9807119369507
                ]
            ],
            "provenance": "nvisii",
            "quaternion_xyzw": [
                -0.03824317455291748,
                0.9982796907424927,
                0.044433027505874634,
                0.0008930563926696777
            ],
            "quaternion_xyzw_world": [
                0.4582482576370239,
                0.49559837579727173,
                0.5017882585525513,
                0.5409244894981384
            ],
            "segmentation_id": 3,
            "visibility": -1
        },
        {
            "bounding_box_minx_maxx_miny_maxy": [
                -1,
                -1,
                -1,
                -1
            ],
            "class": "2",
            "local_cuboid": null,
            "local_to_world_matrix": [
                [
                    -0.9611328840255737,
                    -0.2371467500925064,
                    -0.14136797189712524,
                    0.0
                ],
                [
                    -0.08925290405750275,
                    -0.217657208442688,
                    0.9719357490539551,
                    0.0
                ],
                [
                    -0.2612611949443817,
                    0.9467769861221313,
                    0.18803149461746216,
                    0.0
                ],
                [
                    5.801670074462891,
                    -0.38301247358322144,
                    -6.128032684326172,
                    1.0
                ]
            ],
            "location": [
                0.38301247358322144,
                -6.128032684326172,
                -5.801670074462891
            ],
            "location_world": [
                5.801670074462891,
                -0.38301247358322144,
                -6.128032684326172
            ],
            "name": "google_2_of_Jenga_Classic_Game_3",
            "projected_cuboid": [
                [
                    261.30613684654236,
                    898.9973068237305
                ],
                [
                    263.272762298584,
                    891.1430239677429
                ],
                [
                    292.07491874694824,
                    888.4035348892212
                ],
                [
                    290.0967001914978,
                    896.1575031280518
                ],
                [
                    259.1996192932129,
                    889.2976641654968
                ],
                [
                    261.13763451576233,
                    881.5340399742126
                ],
                [
                    289.59348797798157,
                    878.9559006690979
                ],
                [
                    287.6441478729248,
                    886.6214156150818
                ],
                [
                    275.6272554397583,
                    888.8509273529053
                ]
            ],
            "provenance": "nvisii",
            "quaternion_xyzw": [
                0.03142344951629639,
                0.6069447994232178,
                0.11421315371990204,
                -0.785866379737854
            ],
            "quaternion_xyzw_world": [
                -0.13085564970970154,
                0.6235872507095337,
                0.7692238688468933,
                -0.04806593060493469
            ],
            "segmentation_id": 4,
            "visibility": -1
        },
        {
            "bounding_box_minx_maxx_miny_maxy": [
                -1,
                -1,
                -1,
                -1
            ],
            "class": "Cube",
            "local_cuboid": null,
            "local_to_world_matrix": [
                [
                    0.0011242032051086426,
                    -0.06502071768045425,
                    -0.9978833198547363,
                    0.0
                ],
                [
                    -0.11097689718008041,
                    0.9917118549346924,
                    -0.06474362313747406,
                    0.0
                ],
                [
                    0.9938223361968994,
                    0.11081477999687195,
                    -0.006100893020629883,
                    0.0
                ],
                [
                    11.562705993652344,
                    13.071754455566406,
                    -11.51474666595459,
                    1.0
                ]
            ],
            "location": [
                -13.071754455566406,
                -11.51474666595459,
                -11.562705993652344
            ],
            "location_world": [
                11.562705993652344,
                13.071754455566406,
                -11.51474666595459
            ],
            "name": "google_Cube_4",
            "projected_cuboid": [
                [
                    117.53205955028534,
                    854.28386926651
                ],
                [
                    -1098.7449884414673,
                    1064.7894144058228
                ],
                [
                    1502.323865890503,
                    -581.5421938896179
                ],
                [
                    288.58307003974915,
                    -722.0596075057983
                ],
                [
                    53.38098108768463,
                    -125.42423605918884
                ],
                [
                    -1179.7655820846558,
                    -130.56692481040955
                ],
                [
                    1579.4224739074707,
                    647.6380825042725
                ],
                [
                    391.80493354797363,
                    866.7336106300354
                ],
                [
                    -5647.639274597168,
                    1669.2205667495728
                ]
            ],
            "provenance": "nvisii",
            "quaternion_xyzw": [
                -0.7286266088485718,
                0.6826525926589966,
                0.03840753808617592,
                -0.04017069935798645
            ],
            "quaternion_xyzw_world": [
                -0.06227613240480423,
                0.7065211534500122,
                0.016302112489938736,
                0.7047579884529114
            ],
            "segmentation_id": 5,
            "visibility": -1
        },
        {
            "bounding_box_minx_maxx_miny_maxy": [
                -1,
                -1,
                -1,
                -1
            ],
            "class": "2",
            "local_cuboid": null,
            "local_to_world_matrix": [
                [
                    -0.5330352783203125,
                    0.818632960319519,
                    -0.21380740404129028,
                    0.0
                ],
                [
                    -0.1726296842098236,
                    0.14215761423110962,
                    0.97467440366745,
                    0.0
                ],
                [
                    0.8282949328422546,
                    0.556445300579071,
                    0.06554532051086426,
                    0.0
                ],
                [
                    5.4968180656433105,
                    0.13279521465301514,
                    -15.588342666625977,
                    1.0
                ]
            ],
            "location": [
                -0.13279521465301514,
                -15.588342666625977,
                -5.4968180656433105
            ],
            "location_world": [
                5.4968180656433105,
                0.13279521465301514,
                -15.588342666625977
            ],
            "name": "google_2_of_Jenga_Classic_Game_5",
            "projected_cuboid": [
                [
                    216.0957157611847,
                    1896.58784866333
                ],
                [
                    214.74051475524902,
                    1892.0928239822388
                ],
                [
                    231.11951351165771,
                    1966.856598854065
                ],
                [
                    232.49097168445587,
                    1971.3517427444458
                ],
                [
                    223.10151159763336,
                    1882.8169107437134
                ],
                [
                    221.7739373445511,
                    1878.3196210861206
                ],
                [
                    238.3367419242859,
                    1951.9087076187134
                ],
                [
                    239.6787405014038,
                    1956.4087390899658
                ],
                [
                    227.00397670269012,
                    1923.720121383667
                ]
            ],
            "provenance": "nvisii",
            "quaternion_xyzw": [
                -0.09352484345436096,
                0.9515254497528076,
                0.06257717311382294,
                -0.28624576330184937
            ],
            "quaternion_xyzw_world": [
                0.2545888125896454,
                0.6343594193458557,
                0.6034117341041565,
                0.4106908142566681
            ],
            "segmentation_id": 6,
            "visibility": -1
        },
        {
            "bounding_box_minx_maxx_miny_maxy": [
                -1,
                -1,
                -1,
                -1
            ],
            "class": "Cube",
            "local_cuboid": null,
            "local_to_world_matrix": [
                [
                    -0.06551229953765869,
                    0.9904590845108032,
                    0.12123927474021912,
                    0.0
                ],
                [
                    -0.12586387991905212,
                    -0.1287320852279663,
                    0.9836596846580505,
                    0.0
                ],
                [
                    0.9898819923400879,
                    0.049182116985321045,
                    0.1330965757369995,
                    0.0
                ],
                [
                    19.10576820373535,
                    3.6796376705169678,
                    15.780224800109863,
                    1.0
                ]
            ],
            "location": [
                -3.6796376705169678,
                15.780224800109863,
                -19.10576820373535
            ],
            "location_world": [
                19.10576820373535,
                3.6796376705169678,
                15.780224800109863
            ],
            "name": "google_Cube_6",
            "projected_cuboid": [
                [
                    -264.6486163139343,
                    4.633277654647827
                ],
                [
                    -240.2574121952057,
                    -1174.3896007537842
                ],
                [
                    749.8968839645386,
                    1715.2462005615234
                ],
                [
                    1170.549750328064,
                    490.91267585754395
                ],
                [
                    611.0938787460327,
                    128.39850783348083
                ],
                [
                    817.9734945297241,
                    -894.6934938430786
                ],
                [
                    -681.9356679916382,
                    1773.0653285980225
                ],
                [
                    -829.2766809463501,
                    277.3759067058563
                ],
                [
                    366.3572072982788,
                    -2669.5234775543213
                ]
            ],
            "provenance": "nvisii",
            "quaternion_xyzw": [
                0.06277595460414886,
                0.9954899549484253,
                0.06503342092037201,
                -0.028803497552871704
            ],
            "quaternion_xyzw_world": [
                0.48221448063850403,
                0.44824203848838806,
                0.5760514140129089,
                0.4844719469547272
            ],
            "segmentation_id": 7,
            "visibility": -1
        },
        {
            "bounding_box_minx_maxx_miny_maxy": [
                -1,
                -1,
                -1,
                -1
            ],
            "class": "Cube",
            "local_cuboid": null,
            "local_to_world_matrix": [
                [
                    0.07764911651611328,
                    0.9969760179519653,
                    0.0031185150146484375,
                    0.0
                ],
                [
                    -0.10474598407745361,
                    0.005047202110290527,
                    0.9944864511489868,
                    0.0
                ],
                [
                    0.9914631843566895,
                    -0.0775478184223175,
                    0.10482096672058105,
                    0.0
                ],
                [
                    2.0918614864349365,
                    0.3706769347190857,
                    -20.386272430419922,
                    1.0
                ]
            ],
            "location": [
                -0.3706769347190857,
                -20.386272430419922,
                -2.0918614864349365
            ],
            "location_world": [
                2.0918614864349365,
                0.3706769347190857,
                -20.386272430419922
            ],
            "name": "google_Cube_7",
            "projected_cuboid": [
                [
                    -251.65516138076782,
                    432.4822127819061
                ],
                [
                    -374.4603991508484,
                    -851.1959314346313
                ],
                [
                    861.5645170211792,
                    1057.835340499878
                ],
                [
                    1002.1389722824097,
                    -130.1352083683014
                ],
                [
                    921.3075637817383,
                    465.9377932548523
                ],
                [
                    1100.675106048584,
                    -1074.170470237732
                ],
                [
                    -191.63963198661804,
                    953.0205726623535
                ],
                [
                    -288.0029082298279,
                    -76.12571120262146
                ],
                [
                    375.576376914978,
                    5872.7006912231445
                ]
            ],
            "provenance": "nvisii",
            "quaternion_xyzw": [
                -0.0004832446575164795,
                0.9978634715080261,
                0.05250394344329834,
                0.03888234496116638
            ],
            "quaternion_xyzw_world": [
                0.49187928438186646,
                0.45348018407821655,
                0.5055009126663208,
                0.5448665022850037
            ],
            "segmentation_id": 8,
            "visibility": -1
        },
        {
            "bounding_box_minx_maxx_miny_maxy": [
                -1,
                -1,
                -1,
                -1
            ],
            "class": "2",
            "local_cuboid": null,
            "local_to_world_matrix": [
                [
                    0.9715545177459717,
                    0.1509070098400116,
                    0.18250726163387299,
                    0.0
                ],
                [
                    -0.12466427683830261,
                    -0.32933545112609863,
                    0.9359471797943115,
                    0.0
                ],
                [
                    0.20134706795215607,
                    -0.9320758581161499,
                    -0.30115461349487305,
                    0.0
                ],
                [
                    11.638100624084473,
                    3.995034694671631,
                    -18.734745025634766,
                    1.0
                ]
            ],
            "location": [
                -3.995034694671631,
                -18.734745025634766,
                -11.638100624084473
            ],
            "location_world": [
                11.638100624084473,
                3.995034694671631,
                -18.734745025634766
            ],
            "name": "google_2_of_Jenga_Classic_Game_8",
            "projected_cuboid": [
                [
                    57.59879946708679,
                    1219.2989587783813
                ],
                [
                    58.85697901248932,
                    1216.1023616790771
                ],
                [
                    43.81440579891205,
                    1216.4218425750732
                ],
                [
                    42.56345331668854,
                    1219.6340560913086
                ],
                [
                    56.95052444934845,
                    1226.4132499694824
                ],
                [
                    58.216392993927,
                    1223.2022285461426
                ],
                [
                    43.071165680885315,
                    1223.5594987869263
                ],
                [
                    41.81259870529175,
                    1226.7866134643555
                ],
                [
                    50.380438566207886,
                    1221.4158773422241
                ]
            ],
            "provenance": "nvisii",
            "quaternion_xyzw": [
                0.16918401420116425,
                0.7563400268554688,
                -0.05833691358566284,
                0.6292243599891663
            ],
            "quaternion_xyzw_world": [
                0.806542694568634,
                0.008134327828884125,
                0.11898140609264374,
                0.5790217518806458
            ],
            "segmentation_id": 9,
            "visibility": -1
        },
        {
            "bounding_box_minx_maxx_miny_maxy": [
                -1,
                -1,
                -1,
                -1
            ],
            "class": "2",
            "local_cuboid": null,
            "local_to_world_matrix": [
                [
                    0.9865111708641052,
                    0.05292162299156189,
                    0.15490306913852692,
                    0.0
                ],
                [
                    -0.1370585411787033,
                    -0.2503621578216553,
                    0.9584016799926758,
                    0.0
                ],
                [
                    0.08950203657150269,
                    -0.9667047262191772,
                    -0.2397317886352539,
                    0.0
                ],
                [
                    9.847603797912598,
                    3.2392306327819824,
                    -15.411417961120605,
                    1.0
                ]
            ],
            "location": [
                -3.2392306327819824,
                -15.411417961120605,
                -9.847603797912598
            ],
            "location_world": [
                9.847603797912598,
                3.2392306327819824,
                -15.411417961120605
            ],
            "name": "google_2_of_Jenga_Classic_Game_9",
            "projected_cuboid": [
                [
                    69.29953396320343,
                    1194.1649913787842
                ],
                [
                    70.37638127803802,
                    1190.3376579284668
                ],
                [
                    52.65267193317413,
                    1188.5484457015991
                ],
                [
                    51.59373581409454,
                    1192.3878192901611
                ],
                [
                    68.12654435634613,
                    1202.3812532424927
                ],
                [
                    69.21051442623138,
                    1198.533535003662
                ],
                [
                    51.342979073524475,
                    1196.7517137527466
                ],
                [
                    50.277188420295715,
                    1200.61194896698
                ],
                [
                    60.37387251853943,
                    1195.450782775879
                ]
            ],
            "provenance": "nvisii",
            "quaternion_xyzw": [
                0.13980230689048767,
                0.7247112393379211,
                -0.03541865944862366,
                0.6737911701202393
            ],
            "quaternion_xyzw_world": [
                0.7868616580963135,
                -0.02673180215060711,
                0.07765186578035355,
                0.6116406917572021
            ],
            "segmentation_id": 10,
            "visibility": -1
        },
        {
            "bounding_box_minx_maxx_miny_maxy": [
                -1,
                -1,
                -1,
                -1
            ],
            "class": "Cube",
            "local_cuboid": null,
            "local_to_world_matrix": [
                [
                    -0.01828789710998535,
                    0.995047926902771,
                    0.09770175814628601,
                    0.0
                ],
                [
                    -0.17781269550323486,
                    -0.09939730167388916,
                    0.9790318012237549,
                    0.0
                ],
                [
                    0.9838945865631104,
                    0.000531613826751709,
                    0.178749680519104,
                    0.0
                ],
                [
                    12.51848316192627,
                    6.110660076141357,
                    -17.830528259277344,
                    1.0
                ]
            ],
            "location": [
                -6.110660076141357,
                -17.830528259277344,
                -12.51848316192627
            ],
            "location_world": [
                12.51848316192627,
                6.110660076141357,
                -17.830528259277344
            ],
            "name": "google_Cube_10",
            "projected_cuboid": [
                [
                    -303.63380908966064,
                    307.69380927085876
                ],
                [
                    -392.33267307281494,
                    -1031.6991806030273
                ],
                [
                    755.3485631942749,
                    1063.5089874267578
                ],
                [
                    1157.549500465393,
                    -134.23308730125427
                ],
                [
                    666.3148403167725,
                    399.6760845184326
                ],
                [
                    962.947428226471,
                    -849.2999076843262
                ],
                [
                    -355.9570908546448,
                    980.6466698646545
                ],
                [
                    -490.7512664794922,
                    -320.5093741416931
                ],
                [
                    47.78537154197693,
                    -4212.064743041992
                ]
            ],
            "provenance": "nvisii",
            "quaternion_xyzw": [
                0.04953561723232269,
                0.9947329759597778,
                0.08961264789104462,
                -0.004729717969894409
            ],
            "quaternion_xyzw_world": [
                0.47496309876441956,
                0.43015721440315247,
                0.5693054795265198,
                0.5150400996208191
            ],
            "segmentation_id": 11,
            "visibility": -1
        },
        {
            "bounding_box_minx_maxx_miny_maxy": [
                -1,
                -1,
                -1,
                -1
            ],
            "class": "Cube",
            "local_cuboid": null,
            "local_to_world_matrix": [
                [
                    0.9958513379096985,
                    -0.02647734247148037,
                    0.08705814927816391,
                    0.0
                ],
                [
                    -0.08734960108995438,
                    -0.010055780410766602,
                    0.9961270093917847,
                    0.0
                ],
                [
                    -0.025499366223812103,
                    -0.9995988607406616,
                    -0.012326836585998535,
                    0.0
                ],
                [
                    -23.56012535095215,
                    -1.2438136339187622,
                    -15.762128829956055,
                    1.0
                ]
            ],
            "location": [
                1.2438136339187622,
                -15.762128829956055,
                23.56012535095215
            ],
            "location_world": [
                -23.56012535095215,
                -1.2438136339187622,
                -15.762128829956055
            ],
            "name": "google_Cube_11",
            "projected_cuboid": [
                [
                    1512.0363235473633,
                    583.7949514389038
                ],
                [
                    2221.8213081359863,
                    -2907.289505004883
                ],
                [
                    -1229.7203540802002,
                    -2521.4197635650635
                ],
                [
                    -784.5498323440552,
                    526.1489152908325
                ],
                [
                    -154.30188179016113,
                    66.82698428630829
                ],
                [
                    -119.14917826652527,
                    808.6836934089661
                ],
                [
                    617.2507405281067,
                    835.5728983879089
                ],
                [
                    670.2977418899536,
                    70.67742943763733
                ],
                [
                    212.44099736213684,
                    949.4797587394714
                ]
            ],
            "provenance": "nvisii",
            "quaternion_xyzw": [
                0.034824617207050323,
                0.6971639394760132,
                0.026902854442596436,
                0.7155598402023315
            ],
            "quaternion_xyzw_world": [
                0.7103227972984314,
                -0.040061697363853455,
                0.021665778011083603,
                0.7024010419845581
            ],
            "segmentation_id": 12,
            "visibility": -1
        },
        {
            "bounding_box_minx_maxx_miny_maxy": [
                -1,
                -1,
                -1,
                -1
            ],
            "class": "Cube",
            "local_cuboid": null,
            "local_to_world_matrix": [
                [
                    0.9924666881561279,
                    0.002166435122489929,
                    0.12249556183815002,
                    0.0
                ],
                [
                    -0.12164779007434845,
                    -0.10130774974822998,
                    0.9873897433280945,
                    0.0
                ],
                [
                    0.014548871666193008,
                    -0.9948527216911316,
                    -0.10028111934661865,
                    0.0
                ],
                [
                    18.01714515686035,
                    -4.2076921463012695,
                    -4.2248759269714355,
                    1.0
                ]
            ],
            "location": [
                4.2076921463012695,
                -4.2248759269714355,
                -18.01714515686035
            ],
            "location_world": [
                18.01714515686035,
                -4.2076921463012695,
                -4.2248759269714355
            ],
            "name": "google_Cube_12",
            "projected_cuboid": [
                [
                    722.0666408538818,
                    293.6898469924927
                ],
                [
                    932.1818351745605,
                    -752.9428005218506
                ],
                [
                    -141.95653796195984,
                    -889.5775079727173
                ],
                [
                    -162.00992465019226,
                    204.49064671993256
                ],
                [
                    -810.748815536499,
                    -88.98824453353882
                ],
                [
                    -652.1772146224976,
                    1399.2127180099487
                ],
                [
                    733.7908744812012,
                    1498.1621503829956
                ],
                [
                    1107.5482368469238,
                    114.89205062389374
                ],
                [
                    700.7297277450562,
                    -1898.3290195465088
                ]
            ],
            "provenance": "nvisii",
            "quaternion_xyzw": [
                0.0790453553199768,
                0.7078320980072021,
                0.007546544075012207,
                0.7019035816192627
            ],
            "quaternion_xyzw_world": [
                0.7406172156333923,
                -0.04033168405294418,
                0.04626020789146423,
                0.6691184043884277
            ],
            "segmentation_id": 13,
            "visibility": -1
        },
        {
            "bounding_box_minx_maxx_miny_maxy": [
                -1,
                -1,
                -1,
                -1
            ],
            "class": "Cube",
            "local_cuboid": null,
            "local_to_world_matrix": [
                [
                    0.08222198486328125,
                    0.9950413703918457,
                    0.05596649646759033,
                    0.0
                ],
                [
                    -0.18646171689033508,
