{
    "camera_data": {
        "camera_look_at": {
            "at": [
                1.0,
                0.0,
                0.0
            ],
            "eye": [
                0.0,
                0.0,
                0.0
            ],
            "up": [
                0.0,
                0.0,
                1.0
            ]
        },
        "camera_view_matrix": [
            [
                0.0,
                0.0,
                -1.0,
                0.0
            ],
            [
                -1.0,
                0.0,
                0.0,
                0.0
            ],
            [
                0.0,
                1.0,
                0.0,
                0.0
            ],
            [
                0.0,
                0.0,
                0.0,
                1.0
            ]
        ],
        "height": 500,
        "intrinsics": {
            "cx": 250.0,
            "cy": 250.0,
            "fx": 603.5535278320312,
            "fy": 603.5535278320312
        },
        "location_world": [
            0.0,
            0.0,
            0.0
        ],
        "quaternion_world_xyzw": [
            0.5,
            -0.5,
            -0.5,
            0.5
        ],
        "width": 500
    },
    "objects": [
        {
            "bounding_box_minx_maxx_miny_maxy": [
                -1,
                -1,
                -1,
                -1
            ],
            "class": "2",
            "local_cuboid": null,
            "local_to_world_matrix": [
                [
                    0.9072514772415161,
                    -0.39800524711608887,
                    0.13596515357494354,
                    0.0
                ],
                [
                    -0.16529440879821777,
                    -0.04014992713928223,
                    0.985426664352417,
                    0.0
                ],
                [
                    -0.38674598932266235,
                    -0.9165041446685791,
                    -0.10221409797668457,
                    0.0
                ],
                [
                    0.6631760001182556,
                    0.22365909814834595,
                    0.282153457403183,
                    1.0
                ]
            ],
            "location": [
                -0.22365909814834595,
                0.282153457403183,
                -0.6631760001182556
            ],
            "location_world": [
                0.6631760001182556,
                0.22365909814834595,
                0.282153457403183
            ],
            "name": "google_2_of_Jenga_Classic_Game_0",
            "projected_cuboid": [
                [
                    309.0834319591522,
                    30.11956810951233
                ],
                [
                    314.0415847301483,
                    -61.91655993461609
                ],
                [
                    70.08382678031921,
                    -37.03609108924866
                ],
                [
                    70.74244320392609,
                    39.77970778942108
                ],
                [
                    280.8483839035034,
                    12.352988123893738
                ],
                [
                    285.7292592525482,
                    -93.1529700756073
                ],
                [
                    18.783435225486755,
                    -59.71446633338928
                ],
                [
                    20.64509689807892,
                    26.266932487487793
                ],
                [
                    160.6508493423462,
                    -15.813231468200684
                ]
            ],
            "provenance": "nvisii",
            "quaternion_xyzw": [
                0.08036258816719055,
                0.5478766560554504,
                0.028783947229385376,
                0.832192599773407
            ],
            "quaternion_xyzw_world": [
                0.7158239483833313,
                -0.19673120975494385,
                -0.08758468180894852,
                0.6642453074455261
            ],
            "segmentation_id": 1,
            "visibility": -1
        },
        {
            "bounding_box_minx_maxx_miny_maxy": [
                -1,
                -1,
                -1,
                -1
            ],
            "class": "50",
            "local_cuboid": null,
            "local_to_world_matrix": [
                [
                    0.20254164934158325,
                    -0.8526174426078796,
                    -0.48168495297431946,
                    0.0
                ],
                [
                    -0.36538857221603394,
                    0.3905588984489441,
                    -0.8449585437774658,
                    0.0
                ],
                [
                    0.9085527658462524,
                    0.3471415042877197,
                    -0.23243224620819092,
                    0.0
                ],
                [
                    1.8785821199417114,
                    -0.7115204334259033,
                    -0.7266643643379211,
                    1.0
                ]
            ],
            "location": [
                0.7115204334259033,
                -0.7266643643379211,
                -1.8785821199417114
            ],
            "location_world": [
                1.8785821199417114,
                -0.7115204334259033,
                -0.7266643643379211
            ],
            "name": "google_50_BLOCKS_1",
            "projected_cuboid": [
                [
                    502.2233724594116,
                    479.6522855758667
                ],
                [
                    491.677463054657,
                    523.2783555984497
                ],
                [
                    516.8092250823975,
                    529.6039581298828
                ],
                [
                    527.209997177124,
                    483.54634642601013
                ],
                [
                    418.48957538604736,
                    435.53608655929565
                ],
                [
                    405.2150845527649,
                    479.57414388656616
                ],
                [
                    426.5606999397278,
                    483.7329089641571
                ],
                [
                    439.9392306804657,
                    437.20924854278564
                ],
                [
                    466.6074514389038,
                    481.57310485839844
                ]
            ],
            "provenance": "nvisii",
            "quaternion_xyzw": [
                -0.949490487575531,
                0.22966104745864868,
                0.14473110437393188,
                -0.15740567445755005
            ],
            "quaternion_xyzw_world": [
                -0.5109831094741821,
                0.5959130525588989,
                -0.2088463306427002,
                0.5832384824752808
            ],
            "segmentation_id": 2,
            "visibility": -1
        },
        {
            "bounding_box_minx_maxx_miny_maxy": [
                -1,
                -1,
                -1,
                -1
            ],
            "class": "2",
            "local_cuboid": null,
            "local_to_world_matrix": [
                [
                    -0.06006419658660889,
                    -0.040433645248413086,
                    0.9973752498626709,
                    0.0
                ],
                [
                    0.8451651930809021,
                    -0.5337036848068237,
                    0.029261380434036255,
                    0.0
                ],
                [
                    0.531119704246521,
                    0.8447043895721436,
                    0.06622958183288574,
                    0.0
                ],
                [
                    1.7890421152114868,
                    0.5107092261314392,
                    0.7353988289833069,
                    1.0
                ]
            ],
            "location": [
                -0.5107092261314392,
                0.7353988289833069,
                -1.7890421152114868
            ],
            "location_world": [
                1.7890421152114868,
                0.5107092261314392,
                0.7353988289833069
            ],
            "name": "google_2_of_Jenga_Classic_Game_2",
            "projected_cuboid": [
                [
                    3.5244226455688477,
                    -1.0432302951812744
                ],
                [
                    26.173889636993408,
                    7.262468338012695
                ],
                [
                    88.83790671825409,
                    -6.995111703872681
                ],
                [
                    66.73568487167358,
                    -16.617804765701294
                ],
                [
                    3.1281262636184692,
                    24.430900812149048
                ],
                [
                    25.737732648849487,
                    31.799614429473877
                ],
                [
                    88.20214867591858,
                    19.66249942779541
                ],
                [
                    66.13373756408691,
                    11.1493319272995
                ],
                [
                    44.966921210289,
                    9.090453386306763
                ]
            ],
            "provenance": "nvisii",
            "quaternion_xyzw": [
                0.6209452152252197,
                0.6164307594299316,
                -0.3159055709838867,
                -0.3669384717941284
            ],
            "quaternion_xyzw_world": [
                0.5931715369224548,
                0.33916476368904114,
                0.6442044377326965,
                -0.343679279088974
            ],
            "segmentation_id": 3,
            "visibility": -1
        },
        {
            "bounding_box_minx_maxx_miny_maxy": [
                -1,
                -1,
                -1,
                -1
            ],
            "class": "50",
            "local_cuboid": null,
            "local_to_world_matrix": [
                [
                    0.7253748178482056,
                    0.680431604385376,
                    0.10413578897714615,
                    0.0
                ],
                [
                    0.640695333480835,
                    -0.7226942777633667,
                    0.25927332043647766,
                    0.0
                ],
                [
                    0.251676082611084,
                    -0.12135103344917297,
                    -0.9601736068725586,
                    0.0
                ],
                [
                    0.27543142437934875,
                    0.2880401611328125,
                    -0.16390986740589142,
                    1.0
                ]
            ],
            "location": [
                -0.2880401611328125,
                -0.16390986740589142,
                -0.27543142437934875
            ],
            "location_world": [
                0.27543142437934875,
                0.2880401611328125,
                -0.16390986740589142
            ],
            "name": "google_50_BLOCKS_3",
            "projected_cuboid": [
                [
                    -450.84792375564575,
                    672.8470325469971
                ],
                [
                    -181.20259046554565,
                    542.6563024520874
                ],
                [
                    -225.69996118545532,
                    418.8179671764374
                ],
                [
                    -527.92888879776,
                    526.7636179924011
                ],
                [
                    -722.8237390518188,
                    1701.6550302505493
                ],
                [
                    -23.87523651123047,
                    984.8375916481018
                ],
                [
                    -105.08596897125244,
                    759.4468593597412
                ],
                [
                    -1074.5640993118286,
                    1464.8202657699585
                ],
                [
                    -335.35104990005493,
                    701.774537563324
                ]
            ],
            "provenance": "nvisii",
            "quaternion_xyzw": [
                0.2792719006538391,
                0.740165650844574,
                -0.5407130122184753,
                0.2859920263290405
            ],
            "quaternion_xyzw_world": [
                0.9230713248252869,
                0.35780736804008484,
                0.09636630117893219,
                0.10308638960123062
            ],
            "segmentation_id": 4,
            "visibility": -1
        },
        {
            "bounding_box_minx_maxx_miny_maxy": [
                -1,
                -1,
                -1,
                -1
            ],
            "class": "50",
            "local_cuboid": null,
            "local_to_world_matrix": [
                [
                    0.19700807332992554,
                    -0.33422890305519104,
                    0.921671986579895,
                    0.0
                ],
                [
                    0.22550460696220398,
                    0.9303379058837891,
                    0.2891697287559509,
                    0.0
                ],
                [
                    -0.9541152715682983,
                    0.15087240934371948,
                    0.2586541771888733,
                    0.0
                ],
                [
                    1.8713264465332031,
                    0.13629484176635742,
                    -0.6965420246124268,
                    1.0
                ]
            ],
            "location": [
                -0.13629484176635742,
                -0.6965420246124268,
                -1.8713264465332031
            ],
            "location_world": [
                1.8713264465332031,
                0.13629484176635742,
                -0.6965420246124268
            ],
            "name": "google_50_BLOCKS_4",
            "projected_cuboid": [
                [
                    241.18900299072266,
                    427.52566933631897
                ],
                [
                    196.2258815765381,
                    410.2834463119507
                ],
                [
                    204.4115662574768,
                    410.4664921760559
                ],
                [
                    247.00772762298584,
                    426.74949765205383
                ],
                [
                    198.96499812602997,
                    550.2275824546814
                ],
                [
                    152.9940664768219,
                    529.9810171127319
                ],
                [
                    163.9508157968521,
                    523.3559608459473
                ],
                [
                    207.4553370475769,
                    542.3091650009155
                ],
                [
                    201.84442400932312,
                    476.3409495353699
                ]
            ],
            "provenance": "nvisii",
            "quaternion_xyzw": [
                -0.15078476071357727,
                0.01436837762594223,
                0.5767834782600403,
                0.8027318716049194
            ],
            "quaternion_xyzw_world": [
                0.04476601257920265,
                -0.6071811318397522,
                -0.181182399392128,
                0.7723342776298523
            ],
            "segmentation_id": 5,
            "visibility": -1
        },
        {
            "bounding_box_minx_maxx_miny_maxy": [
                -1,
                -1,
                -1,
                -1
            ],
            "class": "2",
            "local_cuboid": null,
            "local_to_world_matrix": [
                [
                    -0.25462067127227783,
                    -0.7452965378761292,
                    0.6161991357803345,
                    0.0
                ],
                [
                    -0.956280529499054,
                    0.2888445258140564,
                    -0.04578718543052673,
                    0.0
                ],
                [
                    -0.14386072754859924,
                    -0.6009175777435303,
                    -0.786258339881897,
                    0.0
                ],
                [
                    1.6137765645980835,
                    -0.6065210103988647,
                    0.4901333749294281,
                    1.0
                ]
            ],
            "location": [
                0.6065210103988647,
                0.4901333749294281,
                -1.6137765645980835
            ],
            "location_world": [
                1.6137765645980835,
                -0.6065210103988647,
                0.4901333749294281
            ],
            "name": "google_2_of_Jenga_Classic_Game_5",
            "projected_cuboid": [
                [
                    560.2812767028809,
                    141.9958472251892
                ],
                [
                    567.0737028121948,
                    137.79735565185547
                ],
                [
                    490.7887279987335,
                    52.150532603263855
                ],
                [
                    487.91640996932983,
                    60.44800579547882
                ],
                [
                    534.5646142959595,
                    161.41891479492188
                ],
                [
                    539.9214029312134,
                    158.2925319671631
                ],
                [
                    465.3245806694031,
                    73.18824529647827
                ],
                [
                    463.7224078178406,
                    80.36485314369202
                ],
                [
                    513.0807161331177,
                    107.79337584972382
                ]
            ],
            "provenance": "nvisii",
            "quaternion_xyzw": [
                -0.6417208909988403,
                -0.12752994894981384,
                -0.3332984149456024,
                -0.6788538098335266
            ],
            "quaternion_xyzw_world": [
                -0.5574031472206116,
                0.7631716132164001,
                -0.21184773743152618,
                -0.24898064136505127
            ],
            "segmentation_id": 6,
            "visibility": -1
        },
        {
            "bounding_box_minx_maxx_miny_maxy": [
                -1,
                -1,
                -1,
                -1
            ],
            "class": "50",
            "local_cuboid": null,
            "local_to_world_matrix": [
                [
                    0.0814816951751709,
                    0.9108657836914062,
                    0.4045792818069458,
                    0.0
                ],
                [
                    0.7126848697662354,
                    0.23052072525024414,
                    -0.6625258326530457,
                    0.0
                ],
                [
                    -0.6967359781265259,
                    0.3423212170600891,
                    -0.6303770542144775,
                    0.0
                ],
                [
                    1.3781070709228516,
                    -0.6004068851470947,
                    -0.5632275342941284,
                    1.0
                ]
            ],
            "location": [
                0.6004068851470947,
                -0.5632275342941284,
                -1.3781070709228516
            ],
            "location_world": [
                1.3781070709228516,
                -0.6004068851470947,
                -0.5632275342941284
            ],
            "name": "google_50_BLOCKS_6",
            "projected_cuboid": [
                [
                    449.2156505584717,
                    494.9321746826172
                ],
                [
                    419.20316219329834,
                    518.987238407135
                ],
                [
                    425.9915351867676,
                    475.5359888076782
                ],
                [
                    454.80671525001526,
                    449.4900107383728
                ],
                [
                    612.2860908508301,
                    571.0359811782837
                ],
                [
                    568.9471960067749,
                    589.6957516670227
                ],
                [
                    567.7281618118286,
                    541.5083169937134
                ],
                [
                    608.425498008728,
                    520.1209783554077
                ],
                [
                    511.8356943130493,
                    519.5422172546387
                ]
            ],
            "provenance": "nvisii",
            "quaternion_xyzw": [
                0.11717948317527771,
                0.3713502287864685,
                -0.9041747450828552,
                -0.17560212314128876
            ],
            "quaternion_xyzw_world": [
                0.6085511445999146,
                0.6669737696647644,
                -0.12002143263816833,
                -0.412803053855896
            ],
            "segmentation_id": 7,
            "visibility": -1
        },
        {
            "bounding_box_minx_maxx_miny_maxy": [
                -1,
                -1,
                -1,
                -1
            ],
            "class": "2",
            "local_cuboid": null,
            "local_to_world_matrix": [
                [
                    -0.341968297958374,
                    -0.7049669623374939,
                    -0.621353268623352,
                    0.0
                ],
                [
                    -0.935408890247345,
                    0.1921634078025818,
                    0.2967892289161682,
                    0.0
                ],
                [
                    -0.08982506394386292,
                    0.682711660861969,
                    -0.7251461744308472,
                    0.0
                ],
                [
                    1.3457638025283813,
                    -0.7386643886566162,
                    0.15372580289840698,
                    1.0
                ]
            ],
            "location": [
                0.7386643886566162,
                0.15372580289840698,
                -1.3457638025283813
            ],
            "location_world": [
                1.3457638025283813,
                -0.7386643886566162,
                0.15372580289840698
            ],
            "name": "google_2_of_Jenga_Classic_Game_7",
            "projected_cuboid": [
                [
                    507.98606872558594,
                    292.66858100891113
                ],
                [
                    516.342043876648,
                    283.3876311779022
                ],
                [
                    604.0353178977966,
                    183.82474780082703
                ],
                [
                    590.7900333404541,
                    198.6606866121292
                ],
                [
                    478.4606397151947,
                    270.27565240859985
                ],
                [
                    484.8395586013794,
                    259.82096791267395
                ],
                [
                    571.3666081428528,
                    162.76168823242188
                ],
                [
                    560.2215528488159,
                    178.50083112716675
                ],
                [
                    539.3699407577515,
                    228.34311425685883
                ]
            ],
            "provenance": "nvisii",
            "quaternion_xyzw": [
                -0.574097752571106,
                0.3542588949203491,
                0.1483822464942932,
                -0.723115086555481
            ],
            "quaternion_xyzw_world": [
                -0.5456680655479431,
                0.751544713973999,
                0.3258292078971863,
                0.17681191861629486
            ],
            "segmentation_id": 8,
            "visibility": -1
        },
        {
            "bounding_box_minx_maxx_miny_maxy": [
                -1,
                -1,
                -1,
                -1
            ],
            "class": "2",
            "local_cuboid": null,
            "local_to_world_matrix": [
                [
                    0.6783217191696167,
                    0.5003845691680908,
                    -0.5380473136901855,
                    0.0
                ],
                [
                    -0.37864938378334045,
                    -0.389492392539978,
                    -0.8395954370498657,
                    0.0
                ],
                [
                    -0.6296858787536621,
                    0.7732471227645874,
                    -0.07473087310791016,
                    0.0
                ],
                [
                    0.972910463809967,
                    -0.6201967597007751,
                    0.5755786299705505,
                    1.0
                ]
            ],
            "location": [
                0.6201967597007751,
                0.5755786299705505,
                -0.972910463809967
            ],
            "location_world": [
                0.972910463809967,
                -0.6201967597007751,
                0.5755786299705505
            ],
            "name": "google_2_of_Jenga_Classic_Game_8",
            "projected_cuboid": [
                [
                    509.8963975906372,
                    -162.1890366077423
                ],
                [
                    545.1065301895142,
                    -125.1654326915741
                ],
                [
                    628.5098791122437,
                    -68.40971112251282
                ],
                [
                    597.050666809082,
                    -100.51506757736206
                ],
                [
                    558.3819150924683,
                    -223.4506607055664
                ],
                [
                    598.1941223144531,
                    -186.39686703681946
                ],
                [
                    675.8980751037598,
                    -114.2682433128357
                ],
                [
                    641.1144733428955,
                    -146.63532376289368
                ],
                [
                    597.5350141525269,
                    -136.88978552818298
                ]
            ],
            "provenance": "nvisii",
            "quaternion_xyzw": [
                -0.4211665391921997,
                0.08818067610263824,
                0.8616359233856201,
                -0.2691216766834259
            ],
            "quaternion_xyzw_world": [
                -0.7318717241287231,
                -0.04158351570367813,
                0.3988858759403229,
                0.5509307384490967
            ],
            "segmentation_id": 9,
            "visibility": -1
        },
        {
            "bounding_box_minx_maxx_miny_maxy": [
                -1,
                -1,
                -1,
                -1
            ],
            "class": "50",
            "local_cuboid": null,
            "local_to_world_matrix": [
                [
                    0.21898359060287476,
                    0.8117233514785767,
                    -0.5414345860481262,
                    0.0
                ],
                [
                    -0.864911675453186,
                    -0.09536206722259521,
                    -0.49278172850608826,
                    0.0
                ],
                [
                    -0.4516347646713257,
                    0.5762041807174683,
                    0.6811862587928772,
                    0.0
                ],
                [
                    1.6751446723937988,
                    -0.07595948129892349,
                    -0.47043901681900024,
                    1.0
                ]
            ],
            "location": [
                0.07595948129892349,
                -0.47043901681900024,
                -1.6751446723937988
            ],
            "location_world": [
                1.6751446723937988,
                -0.07595948129892349,
                -0.47043901681900024
            ],
            "name": "google_50_BLOCKS_9",
            "projected_cuboid": [
                [
                    201.3760656118393,
                    409.28149223327637
                ],
                [
                    202.7905136346817,
                    448.99219274520874
                ],
                [
                    227.51563787460327,
                    470.51316499710083
                ],
                [
                    224.38311576843262,
                    430.3884208202362
                ],
                [
                    304.78742718696594,
                    346.2976813316345
                ],
                [
                    314.8534893989563,
                    382.8151226043701
                ],
                [
                    337.24522590637207,
                    407.50375390052795
                ],
                [
                    325.8100748062134,
                    370.2239394187927
                ],
                [
                    266.1336660385132,
                    408.4342122077942
                ]
            ],
            "provenance": "nvisii",
            "quaternion_xyzw": [
                -0.23949092626571655,
                0.46564656496047974,
                0.8300813436508179,
                -0.19178743660449982
            ],
            "quaternion_xyzw_world": [
                -0.39785656332969666,
                0.03342181071639061,
                0.6240121722221375,
                0.6717156767845154
            ],
            "segmentation_id": 10,
            "visibility": -1
        },
        {
            "bounding_box_minx_maxx_miny_maxy": [
                -1,
                -1,
                -1,
                -1
            ],
            "class": "50",
            "local_cuboid": null,
            "local_to_world_matrix": [
                [
                    0.5091023445129395,
                    0.7253311276435852,
                    -0.46336764097213745,
                    0.0
                ],
                [
                    0.8559421896934509,
                    -0.37009119987487793,
                    0.361103355884552,
                    0.0
                ],
                [
                    0.09043128788471222,
                    -0.5804544687271118,
                    -0.809255838394165,
                    0.0
                ],
                [
                    1.117926836013794,
                    0.04830005392432213,
                    0.2928483188152313,
                    1.0
                ]
            ],
            "location": [
                -0.04830005392432213,
                0.2928483188152313,
                -1.117926836013794
            ],
            "location_world": [
                1.117926836013794,
                0.04830005392432213,
                0.2928483188152313
            ],
            "name": "google_50_BLOCKS_10",
            "projected_cuboid": [
                [
                    176.9254207611084,
                    200.5663812160492
                ],
                [
                    209.5116376876831,
                    180.54938316345215
                ],
                [
                    178.7288635969162,
                    137.53053545951843
                ],
                [
                    142.50189065933228,
                    153.03131937980652
                ],
                [
                    323.05189967155457,
                    89.36507999897003
                ],
                [
                    344.4007933139801,
                    78.68662476539612
                ],
                [
                    309.7411096096039,
                    27.587145566940308
                ],
                [
                    283.6826741695404,
                    31.75872564315796
                ],
                [
                    241.37890338897705,
                    116.62209033966064
                ]
            ],
            "provenance": "nvisii",
            "quaternion_xyzw": [
                -0.0316101610660553,
                0.7377102375030518,
                -0.5643129944801331,
                0.369236022233963
            ],
            "quaternion_xyzw_world": [
                0.8198245763778687,
                0.48219868540763855,
                -0.11372443288564682,
                0.2871217429637909
            ],
            "segmentation_id": 11,
            "visibility": -1
        },
        {
            "bounding_box_minx_maxx_miny_maxy": [
                -1,
                -1,
                -1,
                -1
            ],
            "class": "50",
            "local_cuboid": null,
            "local_to_world_matrix": [
                [
                    0.9715025424957275,
                    -0.1732160449028015,
                    -0.16179914772510529,
                    0.0
                ],
                [
                    -0.12881967425346375,
                    0.1871587634086609,
                    -0.9738465547561646,
                    0.0
                ],
                [
                    0.19896797835826874,
                    0.9669373035430908,
                    0.15951156616210938,
                    0.0
                ],
                [
                    0.7896625995635986,
                    -0.539314866065979,
                    0.3200673758983612,
                    1.0
                ]
            ],
            "location": [
                0.539314866065979,
                0.3200673758983612,
                -0.7896625995635986
            ],
            "location_world": [
                0.7896625995635986,
                -0.539314866065979,
                0.3200673758983612
            ],
            "name": "google_50_BLOCKS_11",
            "projected_cuboid": [
                [
                    539.5326018333435,
                    19.531041383743286
                ],
                [
                    528.1994342803955,
                    103.12286019325256
                ],
                [
                    602.3235321044922,
                    110.90123653411865
                ],
                [
                    612.4782562255859,
                    25.266721844673157
                ],
                [
                    636.5377306938171,
                    -156.96069598197937
                ],
                [
                    621.8804121017456,
                    -32.738685607910156
                ],
                [
                    741.5779829025269,
                    -25.454461574554443
                ],
                [
                    753.1540393829346,
                    -154.25914525985718
                ],
                [
                    616.1739230155945,
                    2.4668127298355103
                ]
            ],
            "provenance": "nvisii",
            "quaternion_xyzw": [
                -0.7658378481864929,
                0.11391375958919525,
                0.6327840089797974,
                0.01001906767487526
            ],
            "quaternion_xyzw_world": [
                -0.6373445391654968,
                0.11847426742315292,
                -0.01457956526428461,
                0.7612773776054382
            ],
            "segmentation_id": 12,
            "visibility": -1
        },
        {
            "bounding_box_minx_maxx_miny_maxy": [
                -1,
                -1,
                -1,
                -1
            ],
            "class": "2",
            "local_cuboid": null,
            "local_to_world_matrix": [
                [
                    0.11120277643203735,
                    -0.7589250802993774,
                    0.6416125297546387,
                    0.0
                ],
                [
                    -0.09852409362792969,
                    -0.650855302810669,
                    -0.7527817487716675,
                    0.0
                ],
                [
                    0.9889018535614014,
                    0.020497113466262817,
                    -0.14714932441711426,
                    0.0
                ],
                [
                    1.3333137035369873,
                    0.04844498261809349,
                    -0.6447168588638306,
                    1.0
                ]
            ],
            "location": [
                -0.04844498261809349,
                -0.6447168588638306,
                -1.3333137035369873
            ],
            "location_world": [
                1.3333137035369873,
                0.04844498261809349,
                -0.6447168588638306
            ],
            "name": "google_2_of_Jenga_Classic_Game_12",
            "projected_cuboid": [
                [
                    230.7494878768921,
                    483.39366912841797
                ],
                [
                    251.09544396400452,
                    508.2368850708008
                ],
                [
                    254.04247641563416,
                    544.7196364402771
                ],
                [
                    229.29847240447998,
                    514.3024325370789
                ],
                [
                    208.3669900894165,
                    503.490686416626
                ],
                [
                    228.7081778049469,
                    528.5724997520447
                ],
                [
                    226.7933487892151,
                    569.7308778762817
                ],
                [
                    202.05655694007874,
                    538.957417011261
                ],
                [
                    228.97617518901825,
                    522.0935344696045
                ]
            ],
            "provenance": "nvisii",
            "quaternion_xyzw": [
                0.9354957342147827,
                0.345396488904953,
                -0.03519520163536072,
                0.06565326452255249
            ],
            "quaternion_xyzw_world": [
                0.6908703446388245,
                -0.31027862429618835,
                0.5900218486785889,
                -0.2798205614089966
            ],
            "segmentation_id": 13,
            "visibility": -1
        },
        {
            "bounding_box_minx_maxx_miny_maxy": [
                -1,
                -1,
                -1,
                -1
            ],
            "class": "50",
            "local_cuboid": null,
            "local_to_world_matrix": [
                [
                    0.8815985918045044,
                    0.225717693567276,
                    -0.4145304262638092,
                    0.0
                ],
                [
                    0.4658222496509552,
