{
    "camera_data": {
        "camera_look_at": {
            "at": [
                1.0,
                0.0,
                0.0
            ],
            "eye": [
                0.0,
                0.0,
                0.0
            ],
            "up": [
                0.0,
                0.0,
                1.0
            ]
        },
        "camera_view_matrix": [
            [
                0.0,
                0.0,
                -1.0,
                0.0
            ],
            [
                -1.0,
                0.0,
                0.0,
                0.0
            ],
            [
                0.0,
                1.0,
                0.0,
                0.0
            ],
            [
                0.0,
                0.0,
                0.0,
                1.0
            ]
        ],
        "height": 500,
        "intrinsics": {
            "cx": 250.0,
            "cy": 250.0,
            "fx": 603.5535278320312,
            "fy": 603.5535278320312
        },
        "location_world": [
            0.0,
            0.0,
            0.0
        ],
        "quaternion_world_xyzw": [
            0.5,
            -0.5,
            -0.5,
            0.5
        ],
        "width": 500
    },
    "objects": [
        {
            "bounding_box_minx_maxx_miny_maxy": [
                -1,
                -1,
                -1,
                -1
            ],
            "class": "50",
            "local_cuboid": null,
            "local_to_world_matrix": [
                [
                    -0.558527946472168,
                    0.21516528725624084,
                    0.8010938763618469,
                    0.0
                ],
                [
                    0.5420866012573242,
                    0.8256822228431702,
                    0.1561765968799591,
                    0.0
                ],
                [
                    -0.6278452277183533,
                    0.5214910507202148,
                    -0.5778048038482666,
                    0.0
                ],
                [
                    0.23088392615318298,
                    0.41833195090293884,
                    -0.38121455907821655,
                    1.0
                ]
            ],
            "location": [
                -0.41833195090293884,
                -0.38121455907821655,
                -0.23088392615318298
            ],
            "location_world": [
                0.23088392615318298,
                0.41833195090293884,
                -0.38121455907821655
            ],
            "name": "google_50_BLOCKS_0",
            "projected_cuboid": [
                [
                    -11800.196647644043,
                    8573.163986206055
                ],
                [
                    -3154.7322273254395,
                    1973.4286069869995
                ],
                [
                    -1572.3116397857666,
                    1050.2079725265503
                ],
                [
                    -2347.905397415161,
                    1886.8588209152222
                ],
                [
                    -779.7309160232544,
                    1882.0494413375854
                ],
                [
                    -750.6521940231323,
                    1406.485676765442
                ],
                [
                    -468.9145088195801,
                    1085.3623151779175
                ],
                [
                    -414.3751263618469,
                    1360.0431680679321
                ],
                [
                    -1125.4494190216064,
                    1519.2060470581055
                ]
            ],
            "provenance": "nvisii",
            "quaternion_xyzw": [
                -0.014258205890655518,
                0.43113136291503906,
                -0.6493909358978271,
                -0.626270055770874
            ],
            "quaternion_xyzw_world": [
                0.21999698877334595,
                0.8605252504348755,
                0.1968761533498764,
                -0.4151357114315033
            ],
            "segmentation_id": 1,
            "visibility": -1
        },
        {
            "bounding_box_minx_maxx_miny_maxy": [
                -1,
                -1,
                -1,
                -1
            ],
            "class": "2",
            "local_cuboid": null,
            "local_to_world_matrix": [
                [
                    -0.8681951761245728,
                    0.010765671730041504,
                    0.49610602855682373,
                    0.0
                ],
                [
                    -0.4242403209209442,
                    -0.5347095727920532,
                    -0.7308253049850464,
                    0.0
                ],
                [
                    0.2574048638343811,
                    -0.844967246055603,
                    0.4687995910644531,
                    0.0
                ],
                [
                    0.024246426299214363,
                    0.5034967660903931,
                    -0.5116161108016968,
                    1.0
                ]
            ],
            "location": [
                -0.5034967660903931,
                -0.5116161108016968,
                -0.024246426299214363
            ],
            "location_world": [
                0.024246426299214363,
                0.5034967660903931,
                -0.5116161108016968
            ],
            "name": "google_2_of_Jenga_Classic_Game_1",
            "projected_cuboid": [
                [
                    -1780.6737422943115,
                    2604.069948196411
                ],
                [
                    -2742.2637939453125,
                    5173.789024353027
                ],
                [
                    10671.47159576416,
                    -11070.48511505127
                ],
                [
                    -39751.365661621094,
                    35287.64724731445
                ],
                [
                    -860.0090742111206,
                    1696.492314338684
                ],
                [
                    -968.0620431900024,
                    2465.5942916870117
                ],
                [
                    -6891.210079193115,
                    8602.591514587402
                ],
                [
                    -3900.871753692627,
                    4200.70743560791
                ],
                [
                    -3457.911252975464,
                    4572.736740112305
                ]
            ],
            "provenance": "nvisii",
            "quaternion_xyzw": [
                0.7031117677688599,
                0.36651915311813354,
                0.6091359257698059,
                -0.015843570232391357
            ],
            "quaternion_xyzw_world": [
                0.22232571244239807,
                -0.46494245529174805,
                0.847305178642273,
                0.12834985554218292
            ],
            "segmentation_id": 2,
            "visibility": -1
        },
        {
            "bounding_box_minx_maxx_miny_maxy": [
                -1,
                -1,
                -1,
                -1
            ],
            "class": "2",
            "local_cuboid": null,
            "local_to_world_matrix": [
                [
                    -0.40580689907073975,
                    0.884078323841095,
                    -0.23178932070732117,
                    0.0
                ],
                [
                    -0.8978851437568665,
                    -0.4329901933670044,
                    -0.07950878888368607,
                    0.0
                ],
                [
                    -0.1706545054912567,
                    0.17585498094558716,
                    0.9695112705230713,
                    0.0
                ],
                [
                    -0.27593135833740234,
                    0.3896811008453369,
                    -0.4923611879348755,
                    1.0
                ]
            ],
            "location": [
                -0.3896811008453369,
                -0.4923611879348755,
                0.27593135833740234
            ],
            "location_world": [
                -0.27593135833740234,
                0.3896811008453369,
                -0.4923611879348755
            ],
            "name": "google_2_of_Jenga_Classic_Game_2",
            "projected_cuboid": [
                [
                    1231.680154800415,
                    -176.97113752365112
                ],
                [
                    977.521002292633,
                    -102.379709482193
                ],
                [
                    993.4777617454529,
                    -673.8845109939575
                ],
                [
                    1302.2806644439697,
                    -933.706521987915
                ],
                [
                    1192.439317703247,
                    -186.6556704044342
                ],
                [
                    923.4334826469421,
                    -103.08343172073364
                ],
                [
                    932.0518970489502,
                    -736.1423969268799
                ],
                [
                    1264.4094228744507,
                    -1054.6985864639282
                ],
                [
                    1083.3714008331299,
                    -453.7477493286133
                ]
            ],
            "provenance": "nvisii",
            "quaternion_xyzw": [
                0.07870188355445862,
                0.6391234397888184,
                0.7304521799087524,
                -0.22752328217029572
            ],
            "quaternion_xyzw_world": [
                -0.12007507681846619,
                0.028746312484145164,
                0.8379004001617432,
                0.5316752195358276
            ],
            "segmentation_id": 3,
            "visibility": -1
        },
        {
            "bounding_box_minx_maxx_miny_maxy": [
                -1,
                -1,
                -1,
                -1
            ],
            "class": "50",
            "local_cuboid": null,
            "local_to_world_matrix": [
                [
                    0.263044536113739,
                    0.2961413264274597,
                    -0.9182090759277344,
                    0.0
                ],
                [
                    -0.6698698997497559,
                    0.7409842610359192,
                    0.04708129167556763,
                    0.0
                ],
                [
                    0.6943211555480957,
                    0.6026961207389832,
                    0.3932880163192749,
                    0.0
                ],
                [
                    -0.1355976164340973,
                    0.5040293335914612,
                    -0.18899565935134888,
                    1.0
                ]
            ],
            "location": [
                -0.5040293335914612,
                -0.18899565935134888,
                0.1355976164340973
            ],
            "location_world": [
                -0.1355976164340973,
                0.5040293335914612,
                -0.18899565935134888
            ],
            "name": "google_50_BLOCKS_3",
            "projected_cuboid": [
                [
                    -9154.441833496094,
                    5406.025409698486
                ],
                [
                    6926.902294158936,
                    -2758.4969997406006
                ],
                [
                    2922.455072402954,
                    -1275.5595445632935
                ],
                [
                    7800.5828857421875,
                    -5090.753555297852
                ],
                [
                    5163.564682006836,
                    402.15662121772766
                ],
                [
                    2481.229543685913,
                    332.83162117004395
                ],
                [
                    1568.1263208389282,
                    192.07629561424255
                ],
                [
                    2043.7798500061035,
                    118.70333552360535
                ],
                [
                    3577.6500701904297,
                    -785.0735187530518
                ]
            ],
            "provenance": "nvisii",
            "quaternion_xyzw": [
                -0.5811837911605835,
                0.713712751865387,
                0.37240397930145264,
                -0.11897347867488861
            ],
            "quaternion_xyzw_world": [
                -0.1794242411851883,
                0.5207330584526062,
                0.31195321679115295,
                0.774163544178009
            ],
            "segmentation_id": 4,
            "visibility": -1
        },
        {
            "bounding_box_minx_maxx_miny_maxy": [
                -1,
                -1,
                -1,
                -1
            ],
            "class": "2",
            "local_cuboid": null,
            "local_to_world_matrix": [
                [
                    0.4357764720916748,
                    0.853149950504303,
                    -0.2867652475833893,
                    0.0
                ],
                [
                    -0.8476830124855042,
                    0.4961279630661011,
                    0.18785829842090607,
                    0.0
                ],
                [
                    0.3025435507297516,
                    0.16122175753116608,
                    0.939401388168335,
                    0.0
                ],
                [
                    0.08261161297559738,
                    0.5075973272323608,
                    -0.33732739090919495,
                    1.0
                ]
            ],
            "location": [
                -0.5075973272323608,
                -0.33732739090919495,
                -0.08261161297559738
            ],
            "location_world": [
                0.08261161297559738,
                0.5075973272323608,
                -0.33732739090919495
            ],
            "name": "google_2_of_Jenga_Classic_Game_4",
            "projected_cuboid": [
                [
                    -1278.8513898849487,
                    471.4233875274658
                ],
                [
                    -2162.77813911438,
                    512.5964879989624
                ],
                [
                    -5048.837661743164,
                    3461.4336490631104
                ],
                [
                    -2065.5667781829834,
                    1836.979866027832
                ],
                [
                    -1341.8084383010864,
                    439.5584464073181
                ],
                [
                    -2521.3701725006104,
                    473.3995795249939
                ],
                [
                    -9821.693420410156,
                    6723.845481872559
                ],
                [
                    -2450.643539428711,
                    2241.0261631011963
                ],
                [
                    -2277.6706218719482,
                    1202.4495601654053
                ]
            ],
            "provenance": "nvisii",
            "quaternion_xyzw": [
                -0.2557027041912079,
                0.7654331922531128,
                0.5836840867996216,
                0.08967307209968567
            ],
            "quaternion_xyzw_world": [
                0.007859739474952221,
                0.1738894134759903,
                0.5018707513809204,
                0.847246527671814
            ],
            "segmentation_id": 5,
            "visibility": -1
        },
        {
            "bounding_box_minx_maxx_miny_maxy": [
                -1,
                -1,
                -1,
                -1
            ],
            "class": "Cube",
            "local_cuboid": null,
            "local_to_world_matrix": [
                [
                    -0.0744624137878418,
                    0.9965379238128662,
                    0.036984264850616455,
                    0.0
                ],
                [
                    0.1036594808101654,
                    -0.02915167808532715,
                    0.994185745716095,
                    0.0
                ],
                [
                    0.991821825504303,
                    0.07786303758621216,
                    -0.10113012790679932,
                    0.0
                ],
                [
                    7.353861331939697,
                    -1.429290533065796,
                    -3.2786202430725098,
                    1.0
                ]
            ],
            "location": [
                1.429290533065796,
                -3.2786202430725098,
                -7.353861331939697
            ],
            "location_world": [
                7.353861331939697,
                -1.429290533065796,
                -3.2786202430725098
            ],
            "name": "google_Cube_5",
            "projected_cuboid": [
                [
                    44.60521042346954,
                    530.725359916687
                ],
                [
                    75.02520084381104,
                    38.548603653907776
                ],
                [
                    -366.7336702346802,
                    -906.618595123291
                ],
                [
                    -812.6918077468872,
                    1719.9089527130127
                ],
                [
                    538.3703708648682,
                    531.8608283996582
                ],
                [
                    529.2794704437256,
                    66.68901443481445
                ],
                [
                    1426.9334077835083,
                    -606.1546206474304
                ],
                [
                    1832.754373550415,
                    1381.2341690063477
                ],
                [
                    369.5181608200073,
                    263.5044455528259
                ]
            ],
            "provenance": "nvisii",
            "quaternion_xyzw": [
                0.01657012104988098,
                0.9978158473968506,
                -0.051309436559677124,
                -0.03816470503807068
            ],
            "quaternion_xyzw_world": [
                0.5137653350830078,
                0.5353599190711975,
                0.5006206035614014,
                0.4458858072757721
            ],
            "segmentation_id": 6,
            "visibility": -1
        },
        {
            "bounding_box_minx_maxx_miny_maxy": [
                -1,
                -1,
                -1,
                -1
            ],
            "class": "50",
            "local_cuboid": null,
            "local_to_world_matrix": [
                [
                    0.20490849018096924,
                    -0.1891358494758606,
                    -0.9603333473205566,
                    0.0
                ],
                [
                    -0.9404042363166809,
                    0.23400402069091797,
                    -0.24674281477928162,
                    0.0
                ],
                [
                    0.2713897228240967,
                    0.9536612033843994,
                    -0.1299147605895996,
                    0.0
                ],
                [
                    -0.3764960467815399,
                    0.42020466923713684,
                    -0.3395622670650482,
                    1.0
                ]
            ],
            "location": [
                -0.42020466923713684,
                -0.3395622670650482,
                0.3764960467815399
            ],
            "location_world": [
                -0.3764960467815399,
                0.42020466923713684,
                -0.3395622670650482
            ],
            "name": "google_50_BLOCKS_6",
            "projected_cuboid": [
                [
                    1435.5463981628418,
                    -1015.139102935791
                ],
                [
                    1060.5237483978271,
                    -614.2481565475464
                ],
                [
                    845.5634117126465,
                    -529.6861529350281
                ],
                [
                    1070.5853700637817,
                    -843.6028957366943
                ],
                [
                    1289.976954460144,
                    -66.88779592514038
                ],
                [
                    1019.6554660797119,
                    -18.726617097854614
                ],
                [
                    839.7460579872131,
                    15.981897711753845
                ],
                [
                    1014.8649215698242,
                    -14.159798622131348
                ],
                [
                    1038.7803316116333,
                    -328.47630977630615
                ]
            ],
            "provenance": "nvisii",
            "quaternion_xyzw": [
                -0.6533123850822449,
                0.4570314884185791,
                0.44334447383880615,
                -0.4095739722251892
            ],
            "quaternion_xyzw_world": [
                -0.5245996713638306,
                0.5382866859436035,
                0.3283187448978424,
                0.5720571875572205
            ],
            "segmentation_id": 7,
            "visibility": -1
        },
        {
            "bounding_box_minx_maxx_miny_maxy": [
                -1,
                -1,
                -1,
                -1
            ],
            "class": "Cube",
            "local_cuboid": null,
            "local_to_world_matrix": [
                [
                    -0.008795499801635742,
                    0.04238118231296539,
                    0.9990627765655518,
                    0.0
                ],
                [
                    0.04212339222431183,
                    -0.9981987476348877,
                    0.04271537810564041,
                    0.0
                ],
                [
                    0.9990736246109009,
                    0.04245962202548981,
                    0.006994485855102539,
                    0.0
                ],
                [
                    2.2124805450439453,
                    -1.586255669593811,
                    3.9130403995513916,
                    1.0
                ]
            ],
            "location": [
                1.586255669593811,
                3.9130403995513916,
                -2.2124805450439453
            ],
            "location_world": [
                2.2124805450439453,
                -1.586255669593811,
                3.9130403995513916
            ],
            "name": "google_Cube_7",
            "projected_cuboid": [
                [
                    189.552441239357,
                    -505.04863262176514
                ],
                [
                    995.5780506134033,
                    -497.0228672027588
                ],
                [
                    -2105.564832687378,
                    2489.798069000244
                ],
                [
                    309.19021368026733,
                    2076.3936042785645
                ],
                [
                    225.95497965812683,
                    344.8635935783386
                ],
                [
                    1020.6258296966553,
                    305.65276741981506
                ],
                [
                    -2298.741579055786,
                    56.043773889541626
                ],
                [
                    220.26309370994568,
                    -6.453067064285278
                ],
                [
                    1461.5861177444458,
                    -791.8833494186401
                ]
            ],
            "provenance": "nvisii",
            "quaternion_xyzw": [
                0.6917328238487244,
                0.7218327522277832,
                -0.012166589498519897,
                -0.017751723527908325
            ],
            "quaternion_xyzw_world": [
                0.7039902210235596,
                0.03000914491713047,
                0.709575355052948,
                9.082448377739638e-05
            ],
            "segmentation_id": 8,
            "visibility": -1
        },
        {
            "bounding_box_minx_maxx_miny_maxy": [
                -1,
                -1,
                -1,
                -1
            ],
            "class": "Cube",
            "local_cuboid": null,
            "local_to_world_matrix": [
                [
                    -0.0479581356048584,
                    0.9984376430511475,
                    -0.02867719531059265,
                    0.0
                ],
                [
                    -0.0663166344165802,
                    0.02546405792236328,
                    0.9974737167358398,
                    0.0
                ],
                [
                    0.996645450592041,
                    0.049738794565200806,
                    0.06499183177947998,
                    0.0
                ],
                [
                    4.877565860748291,
                    3.6146867275238037,
                    -1.5846487283706665,
                    1.0
                ]
            ],
            "location": [
                -3.6146867275238037,
                -1.5846487283706665,
                -4.877565860748291
            ],
            "location_world": [
                4.877565860748291,
                3.6146867275238037,
                -1.5846487283706665
            ],
            "name": "google_Cube_8",
            "projected_cuboid": [
                [
                    -295.49044370651245,
                    452.72600650787354
                ],
                [
                    -352.24342346191406,
                    -195.3394114971161
                ],
                [
                    6096.011161804199,
                    4380.379199981689
                ],
                [
                    22934.738159179688,
                    -10459.193229675293
                ],
                [
                    319.44915652275085,
                    426.2900650501251
                ],
                [
                    308.19252133369446,
                    -191.10435247421265
                ],
                [
                    -1866.72043800354,
                    9702.770233154297
                ],
                [
                    4158.771514892578,
                    8741.456985473633
                ],
                [
                    -227.4152636528015,
                    51.95830762386322
                ]
            ],
            "provenance": "nvisii",
            "quaternion_xyzw": [
                -0.013547942042350769,
                0.9990691542625427,
                0.03285770118236542,
                -0.02444702386856079
            ],
            "quaternion_xyzw_world": [
                0.46410825848579407,
                0.5021032094955444,
                0.5214129686355591,
                0.5105139017105103
            ],
            "segmentation_id": 9,
            "visibility": -1
        },
        {
            "bounding_box_minx_maxx_miny_maxy": [
                -1,
                -1,
                -1,
                -1
            ],
            "class": "2",
            "local_cuboid": null,
            "local_to_world_matrix": [
                [
                    0.20318752527236938,
                    0.6851152777671814,
                    0.6995224952697754,
                    0.0
                ],
                [
                    0.9579288363456726,
                    -0.28699159622192383,
                    0.0028350651264190674,
                    0.0
                ],
                [
                    0.2026994526386261,
                    0.6695168018341064,
                    -0.7146048545837402,
                    0.0
                ],
                [
                    -0.24984048306941986,
                    0.6031697392463684,
                    -0.0515461303293705,
                    1.0
                ]
            ],
            "location": [
                -0.6031697392463684,
                -0.0515461303293705,
                0.24984048306941986
            ],
            "location_world": [
                -0.24984048306941986,
                0.6031697392463684,
                -0.0515461303293705
            ],
            "name": "google_2_of_Jenga_Classic_Game_9",
            "projected_cuboid": [
                [
                    2516.7396068573,
                    -379.8717260360718
                ],
                [
                    3703.1567096710205,
                    -737.1110320091248
                ],
                [
                    2102.0689010620117,
                    178.5329431295395
                ],
                [
                    1623.2237815856934,
                    198.49786162376404
                ],
                [
                    2228.382110595703,
                    -476.9335985183716
                ],
                [
                    3147.224187850952,
                    -847.6004600524902
                ],
                [
                    1815.5323266983032,
                    30.632689595222473
                ],
                [
                    1440.1021003723145,
                    89.62441980838776
                ],
                [
                    2170.631170272827,
                    -177.25110054016113
                ]
            ],
            "provenance": "nvisii",
            "quaternion_xyzw": [
                0.3587300479412079,
                0.6875044703483582,
                -0.6081900596618652,
                -0.16957317292690277
            ],
            "quaternion_xyzw_world": [
                0.7424257397651672,
                0.5532688498497009,
                0.3038088381290436,
                -0.22449441254138947
            ],
            "segmentation_id": 10,
            "visibility": -1
        },
        {
            "bounding_box_minx_maxx_miny_maxy": [
                -1,
                -1,
                -1,
                -1
            ],
            "class": "50",
            "local_cuboid": null,
            "local_to_world_matrix": [
                [
                    0.9456706643104553,
                    0.16004973649978638,
                    -0.2830035984516144,
                    0.0
                ],
                [
                    0.29445531964302063,
                    -0.052547574043273926,
                    0.9542195200920105,
                    0.0
                ],
                [
                    0.13785144686698914,
                    -0.9857093691825867,
                    -0.09682011604309082,
                    0.0
                ],
                [
                    1.9078364372253418,
                    0.6087175607681274,
                    -1.8808963298797607,
                    1.0
                ]
            ],
            "location": [
                -0.6087175607681274,
                -1.8808963298797607,
                -1.9078364372253418
            ],
            "location_world": [
                1.9078364372253418,
                0.6087175607681274,
                -1.8808963298797607
            ],
            "name": "google_50_BLOCKS_10",
            "projected_cuboid": [
                [
                    94.88366544246674,
                    836.3885283470154
                ],
                [
                    100.23282468318939,
                    784.6466302871704
                ],
                [
                    67.78858602046967,
                    785.4511141777039
                ],
                [
                    61.720699071884155,
                    837.5937938690186
                ],
                [
                    84.60313081741333,
                    915.1438474655151
                ],
                [
                    91.21423959732056,
                    851.6958951950073
                ],
                [
                    52.49413847923279,
                    853.2344102859497
                ],
                [
                    44.85529661178589,
                    917.2836542129517
                ],
                [
                    75.39661228656769,
                    844.1327810287476
                ]
            ],
            "provenance": "nvisii",
            "quaternion_xyzw": [
                -0.07678250223398209,
                0.7503533363342285,
                -0.13036373257637024,
                0.643490195274353
            ],
            "quaternion_xyzw_world": [
                0.7237123847007751,
                0.1570047289133072,
                -0.05014151707291603,
                0.6701311469078064
            ],
            "segmentation_id": 11,
            "visibility": -1
        },
        {
            "bounding_box_minx_maxx_miny_maxy": [
                -1,
                -1,
                -1,
                -1
            ],
            "class": "Cube",
            "local_cuboid": null,
            "local_to_world_matrix": [
                [
                    -0.9784965515136719,
                    0.18626642227172852,
                    0.08859677612781525,
                    0.0
                ],
                [
                    -0.19009077548980713,
                    -0.9810761213302612,
                    -0.036814358085393906,
                    0.0
                ],
                [
                    0.08006289601325989,
                    -0.05286415293812752,
                    0.9953870177268982,
                    0.0
                ],
                [
                    0.797338604927063,
                    -1.6248027086257935,
                    -0.8247392177581787,
                    1.0
                ]
            ],
            "location": [
                1.6248027086257935,
                -0.8247392177581787,
                -0.797338604927063
            ],
            "location_world": [
                0.797338604927063,
                -1.6248027086257935,
                -0.8247392177581787
            ],
            "name": "google_Cube_11",
            "projected_cuboid": [
                [
                    409.40791368484497,
                    1093.245506286621
                ],
                [
                    -778.5979509353638,
                    744.8935508728027
                ],
                [
                    -589.4258618354797,
                    -315.36751985549927
                ],
                [
                    455.6594491004944,
                    -521.3374495506287
                ],
                [
                    341.8394923210144,
                    -103.73452305793762
                ],
                [
                    1682.87992477417,
                    -202.77929306030273
                ],
                [
                    1904.0114879608154,
                    1304.6057224273682
                ],
                [
                    298.3508110046387,
                    910.1793766021729
                ],
                [
                    14175.227165222168,
                    3039.9467945098877
                ]
            ],
            "provenance": "nvisii",
            "quaternion_xyzw": [
                0.48234087228775024,
                0.5544174909591675,
                0.5345600843429565,
                -0.4173896014690399
            ],
            "quaternion_xyzw_world": [
                0.042404331266880035,
                -0.022546928375959396,
                0.9943540096282959,
                0.09462354332208633
            ],
            "segmentation_id": 12,
            "visibility": -1
        },
        {
            "bounding_box_minx_maxx_miny_maxy": [
                -1,
                -1,
                -1,
                -1
            ],
            "class": "50",
            "local_cuboid": null,
            "local_to_world_matrix": [
                [
                    0.18073433637619019,
                    0.2890852987766266,
                    -0.940087616443634,
                    0.0
                ],
                [
                    0.24323198199272156,
                    -0.9392757415771484,
                    -0.24207358062267303,
                    0.0
                ],
                [
                    -0.9529812932014465,
                    -0.18490837514400482,
                    -0.2400742769241333,
                    0.0
                ],
                [
                    0.12908099591732025,
                    0.6826629638671875,
                    -0.2199283242225647,
                    1.0
                ]
            ],
            "location": [
                -0.6826629638671875,
                -0.2199283242225647,
                -0.12908099591732025
            ],
            "location_world": [
                0.12908099591732025,
                0.6826629638671875,
                -0.2199283242225647
            ],
            "name": "google_50_BLOCKS_12",
            "projected_cuboid": [
                [
                    -12093.84822845459,
                    6506.2255859375
                ],
                [
                    -5025.175094604492,
                    3781.972646713257
                ],
                [
                    -1990.8812046051025,
                    1614.8043870925903
                ],
                [
                    -3121.8924522399902,
                    1803.8488626480103
                ],
                [
                    15961.392402648926,
                    -1178.8067817687988
                ],
                [
                    -34369.754791259766,
                    6455.061435699463
                ],
                [
                    -2705.2688598632812,
                    620.8839416503906
                ],
                [
                    -5073.653221130371,
                    517.9240703582764
                ],
                [
                    -5050.294399261475,
                    2090.8896923065186
                ]
            ],
            "provenance": "nvisii",
            "quaternion_xyzw": [
                -0.0013241395354270935,
                0.15332195162773132,
                -0.788057804107666,
                0.5962009429931641
            ],
            "quaternion_xyzw_world": [
                0.7681282758712769,
                0.1732514351606369,
                -0.6161304712295532,
                -0.01860535703599453
            ],
            "segmentation_id": 13,
            "visibility": -1
        },
        {
            "bounding_box_minx_maxx_miny_maxy": [
                -1,
                -1,
                -1,
                -1
            ],
            "class": "50",
            "local_cuboid": null,
            "local_to_world_matrix": [
                [
                    -0.47747886180877686,
                    0.05605332553386688,
                    0.8768535256385803,
                    0.0
                ],
