{
    "camera_data": {
        "camera_look_at": {
            "at": [
                1.0,
                0.0,
                0.0
            ],
            "eye": [
                0.0,
                0.0,
                0.0
            ],
            "up": [
                0.0,
                0.0,
                1.0
            ]
        },
        "camera_view_matrix": [
            [
                0.0,
                0.0,
                -1.0,
                0.0
            ],
            [
                -1.0,
                0.0,
                0.0,
                0.0
            ],
            [
                0.0,
                1.0,
                0.0,
                0.0
            ],
            [
                0.0,
                0.0,
                0.0,
                1.0
            ]
        ],
        "height": 500,
        "intrinsics": {
            "cx": 250.0,
            "cy": 250.0,
            "fx": 603.5535278320312,
            "fy": 603.5535278320312
        },
        "location_world": [
            0.0,
            0.0,
            0.0
        ],
        "quaternion_world_xyzw": [
            0.5,
            -0.5,
            -0.5,
            0.5
        ],
        "width": 500
    },
    "objects": [
        {
            "bounding_box_minx_maxx_miny_maxy": [
                -1,
                -1,
                -1,
                -1
            ],
            "class": "50",
            "local_cuboid": null,
            "local_to_world_matrix": [
                [
                    -0.9286516904830933,
                    0.27550897002220154,
                    -0.24839669466018677,
                    0.0
                ],
                [
                    0.3709127604961395,
                    0.6994984149932861,
                    -0.6108402013778687,
                    0.0
                ],
                [
                    0.005461148917675018,
                    -0.6593912839889526,
                    -0.7517801523208618,
                    0.0
                ],
                [
                    1.7886602878570557,
                    -0.0345611535012722,
                    0.44122806191444397,
                    1.0
                ]
            ],
            "location": [
                0.0345611535012722,
                0.44122806191444397,
                -1.7886602878570557
            ],
            "location_world": [
                1.7886602878570557,
                -0.0345611535012722,
                0.44122806191444397
            ],
            "name": "google_50_BLOCKS_0",
            "projected_cuboid": [
                [
                    291.25404357910156,
                    114.64428901672363
                ],
                [
                    252.5598108768463,
                    151.69280767440796
                ],
                [
                    225.9036749601364,
                    121.26480042934418
                ],
                [
                    263.7080252170563,
                    83.16974341869354
                ],
                [
                    314.8761987686157,
                    110.17315089702606
                ],
                [
                    281.987726688385,
                    141.1668062210083
                ],
                [
                    259.78630781173706,
                    115.81040918827057
                ],
                [
                    292.060911655426,
                    84.09418165683746
                ],
                [
                    273.8317549228668,
                    115.28991162776947
                ]
            ],
            "provenance": "nvisii",
            "quaternion_xyzw": [
                -0.5789629220962524,
                0.4093073010444641,
                -0.6857273578643799,
                -0.16446103155612946
            ],
            "quaternion_xyzw_world": [
                0.17580534517765045,
                0.9192293286323547,
                -0.3454609811306,
                0.069040946662426
            ],
            "segmentation_id": 1,
            "visibility": -1
        },
        {
            "bounding_box_minx_maxx_miny_maxy": [
                -1,
                -1,
                -1,
                -1
            ],
            "class": "50",
            "local_cuboid": null,
            "local_to_world_matrix": [
                [
                    0.9831884503364563,
                    -0.04449445381760597,
                    0.17708957195281982,
                    0.0
                ],
                [
                    -0.12912617623806,
                    0.5162950754165649,
                    0.8466202616691589,
                    0.0
                ],
                [
                    -0.12910038232803345,
                    -0.8552541136741638,
                    0.5018699169158936,
                    0.0
                ],
                [
                    1.0520155429840088,
                    -0.5091731548309326,
                    0.03404213488101959,
                    1.0
                ]
            ],
            "location": [
                0.5091731548309326,
                0.03404213488101959,
                -1.0520155429840088
            ],
            "location_world": [
                1.0520155429840088,
                -0.5091731548309326,
                0.03404213488101959
            ],
            "name": "google_50_BLOCKS_1",
            "projected_cuboid": [
                [
                    570.5784559249878,
                    220.5282747745514
                ],
                [
                    537.7781987190247,
                    158.0408811569214
                ],
                [
                    487.5263571739197,
                    186.6273283958435
                ],
                [
                    520.714521408081,
                    247.957244515419
                ],
                [
                    688.1911754608154,
                    252.3067593574524
                ],
                [
                    644.544780254364,
                    164.90748524665833
                ],
                [
                    572.2767114639282,
                    204.90604639053345
                ],
                [
                    616.7576313018799,
                    290.04722833633423
                ],
                [
                    571.2835788726807,
                    214.04185891151428
                ]
            ],
            "provenance": "nvisii",
            "quaternion_xyzw": [
                -0.13112381100654602,
                0.6467273831367493,
                0.24391886591911316,
                0.7106713652610779
            ],
            "quaternion_xyzw_world": [
                0.491178035736084,
                -0.08836949616670609,
                0.0244255643337965,
                0.8662207126617432
            ],
            "segmentation_id": 2,
            "visibility": -1
        },
        {
            "bounding_box_minx_maxx_miny_maxy": [
                -1,
                -1,
                -1,
                -1
            ],
            "class": "50",
            "local_cuboid": null,
            "local_to_world_matrix": [
                [
                    -0.48888957500457764,
                    -0.33917349576950073,
                    0.8037092089653015,
                    0.0
                ],
                [
                    -0.5692729949951172,
                    -0.574060320854187,
                    -0.5885432362556458,
                    0.0
                ],
                [
                    0.6609957814216614,
                    -0.7452625632286072,
                    0.0875697135925293,
                    0.0
                ],
                [
                    1.71454918384552,
                    -0.3048683702945709,
                    0.5034967660903931,
                    1.0
                ]
            ],
            "location": [
                0.3048683702945709,
                0.5034967660903931,
                -1.71454918384552
            ],
            "location_world": [
                1.71454918384552,
                -0.3048683702945709,
                0.5034967660903931
            ],
            "name": "google_50_BLOCKS_2",
            "projected_cuboid": [
                [
                    390.68078994750977,
                    7.849022746086121
                ],
                [
                    428.23851108551025,
                    26.98761224746704
                ],
                [
                    405.0899147987366,
                    20.3944593667984
                ],
                [
                    367.0407235622406,
                    0.7461607456207275
                ],
                [
                    339.8917019367218,
                    119.91854012012482
                ],
                [
                    371.58069014549255,
                    142.32483506202698
                ],
                [
                    348.36721420288086,
                    141.17372035980225
                ],
                [
                    316.4688050746918,
                    117.93072521686554
                ],
                [
                    369.4169223308563,
                    74.84869658946991
                ]
            ],
            "provenance": "nvisii",
            "quaternion_xyzw": [
                0.8044738173484802,
                0.42815858125686646,
                0.3835276961326599,
                0.14969509840011597
            ],
            "quaternion_xyzw_world": [
                0.49939990043640137,
                -0.4547690451145172,
                0.7332324981689453,
                0.07845380157232285
            ],
            "segmentation_id": 3,
            "visibility": -1
        },
        {
            "bounding_box_minx_maxx_miny_maxy": [
                -1,
                -1,
                -1,
                -1
            ],
            "class": "2",
            "local_cuboid": null,
            "local_to_world_matrix": [
                [
                    -0.961411714553833,
                    -0.17676255106925964,
                    -0.21081392467021942,
                    0.0
                ],
                [
                    -0.11896351724863052,
                    -0.4238250255584717,
                    0.8978976011276245,
                    0.0
                ],
                [
                    -0.248062863945961,
                    0.8883284330368042,
                    0.38644200563430786,
                    0.0
                ],
                [
                    1.3514974117279053,
                    -0.4201866090297699,
                    0.43357643485069275,
                    1.0
                ]
            ],
            "location": [
                0.4201866090297699,
                0.43357643485069275,
                -1.3514974117279053
            ],
            "location_world": [
                1.3514974117279053,
                -0.4201866090297699,
                0.43357643485069275
            ],
            "name": "google_2_of_Jenga_Classic_Game_3",
            "projected_cuboid": [
                [
                    322.5367069244385,
                    7.734805345535278
                ],
                [
                    340.5997157096863,
                    -31.252652406692505
                ],
                [
                    455.26230335235596,
                    36.384016275405884
                ],
                [
                    437.3183846473694,
                    72.71382212638855
                ],
                [
                    312.00915575027466,
                    14.040917158126831
                ],
                [
                    328.9473056793213,
                    -22.64443039894104
                ],
                [
                    437.9382133483887,
                    40.83631932735443
                ],
                [
                    421.0950434207916,
                    75.15811920166016
                ],
                [
                    383.2700848579407,
                    25.15542507171631
                ]
            ],
            "provenance": "nvisii",
            "quaternion_xyzw": [
                0.08775264024734497,
                0.6068509221076965,
                0.20820826292037964,
                -0.7620241045951843
            ],
            "quaternion_xyzw_world": [
                -0.13781441748142242,
                0.5364570617675781,
                0.8324179649353027,
                -0.017358776181936264
            ],
            "segmentation_id": 4,
            "visibility": -1
        },
        {
            "bounding_box_minx_maxx_miny_maxy": [
                -1,
                -1,
                -1,
                -1
            ],
            "class": "50",
            "local_cuboid": null,
            "local_to_world_matrix": [
                [
                    0.6708317995071411,
                    0.7408556938171387,
                    -0.03342965245246887,
                    0.0
                ],
                [
                    -0.6824764013290405,
                    0.5990760922431946,
                    -0.41872870922088623,
                    0.0
                ],
                [
                    -0.2901906669139862,
                    0.303711473941803,
                    0.9074958562850952,
                    0.0
                ],
                [
                    1.2903614044189453,
                    -0.501716673374176,
                    -0.3617702126502991,
                    1.0
                ]
            ],
            "location": [
                0.501716673374176,
                -0.3617702126502991,
                -1.2903614044189453
            ],
            "location_world": [
                1.2903614044189453,
                -0.501716673374176,
                -0.3617702126502991
            ],
            "name": "google_50_BLOCKS_4",
            "projected_cuboid": [
                [
                    410.5922281742096,
                    350.2334952354431
                ],
                [
                    382.869154214859,
                    385.5656385421753
                ],
                [
                    394.6409821510315,
                    426.9101023674011
                ],
                [
                    420.95035314559937,
                    389.5307183265686
                ],
                [
                    576.7092704772949,
                    364.3231689929962
                ],
                [
                    558.1166744232178,
                    408.69060158729553
                ],
                [
                    567.3786401748657,
                    458.1770896911621
                ],
                [
                    584.726095199585,
                    410.9346270561218
                ],
                [
                    479.56252098083496,
                    397.71783351898193
                ]
            ],
            "provenance": "nvisii",
            "quaternion_xyzw": [
                -0.3113207221031189,
                0.5079213380813599,
                0.7825878858566284,
                0.18069742619991302
            ],
            "quaternion_xyzw_world": [
                -0.20264491438865662,
                -0.07202161848545074,
                0.3992455303668976,
                0.8912636637687683
            ],
            "segmentation_id": 5,
            "visibility": -1
        },
        {
            "bounding_box_minx_maxx_miny_maxy": [
                -1,
                -1,
                -1,
                -1
            ],
            "class": "50",
            "local_cuboid": null,
            "local_to_world_matrix": [
                [
                    -0.9406715631484985,
                    -0.15060007572174072,
                    -0.30406707525253296,
                    0.0
                ],
                [
                    -0.25093549489974976,
                    -0.2944437265396118,
                    0.9221357703208923,
                    0.0
                ],
                [
                    -0.22840434312820435,
                    0.9437280297279358,
                    0.23918384313583374,
                    0.0
                ],
                [
                    0.50384920835495,
                    0.03531820699572563,
                    0.17923229932785034,
                    1.0
                ]
            ],
            "location": [
                -0.03531820699572563,
                0.17923229932785034,
                -0.50384920835495
            ],
            "location_world": [
                0.50384920835495,
                0.03531820699572563,
                0.17923229932785034
            ],
            "name": "google_50_BLOCKS_5",
            "projected_cuboid": [
                [
                    4.049971699714661,
                    94.76985037326813
                ],
                [
                    61.92103028297424,
                    -202.33705639839172
                ],
                [
                    274.90174770355225,
                    -116.22104048728943
                ],
                [
                    199.1417407989502,
                    150.8299559354782
                ],
                [
                    79.30637896060944,
                    74.67816770076752
                ],
                [
                    110.70340871810913,
                    -65.11753797531128
                ],
                [
                    212.58282661437988,
                    -28.47003936767578
                ],
                [
                    176.91941559314728,
                    104.25582528114319
                ],
                [
                    142.6401138305664,
                    12.865081429481506
                ]
            ],
            "provenance": "nvisii",
            "quaternion_xyzw": [
                -0.0038734376430511475,
                0.621114194393158,
                0.19727426767349243,
                -0.7584754824638367
            ],
            "quaternion_xyzw_world": [
                -0.16925449669361115,
                0.5930944085121155,
                0.7864952683448792,
                0.03189320117235184
            ],
            "segmentation_id": 6,
            "visibility": -1
        },
        {
            "bounding_box_minx_maxx_miny_maxy": [
                -1,
                -1,
                -1,
                -1
            ],
            "class": "50",
            "local_cuboid": null,
            "local_to_world_matrix": [
                [
                    -0.016885995864868164,
                    0.5716288685798645,
                    0.8203384876251221,
                    0.0
                ],
                [
                    0.9850679039955139,
                    0.15010493993759155,
                    -0.08431938290596008,
                    0.0
                ],
                [
                    -0.17133626341819763,
                    0.806665301322937,
                    -0.5656278133392334,
                    0.0
                ],
                [
                    1.503998875617981,
                    -0.3609647750854492,
                    -0.18279734253883362,
                    1.0
                ]
            ],
            "location": [
                0.3609647750854492,
                -0.18279734253883362,
                -1.503998875617981
            ],
            "location_world": [
                1.503998875617981,
                -0.3609647750854492,
                -0.18279734253883362
            ],
            "name": "google_50_BLOCKS_6",
            "projected_cuboid": [
                [
                    327.4087607860565,
                    289.8988425731659
                ],
                [
                    311.7326498031616,
                    290.9875810146332
                ],
                [
                    345.2012240886688,
                    266.50503277778625
                ],
                [
                    364.0378415584564,
                    262.9668116569519
                ],
                [
                    413.73080015182495,
                    414.08059000968933
                ],
                [
                    390.156626701355,
                    403.7162661552429
                ],
                [
                    422.5572347640991,
                    377.9747784137726
                ],
                [
                    449.06747341156006,
                    385.6225609779358
                ],
                [
                    377.6690661907196,
                    336.42321825027466
                ]
            ],
            "provenance": "nvisii",
            "quaternion_xyzw": [
                0.2921276390552521,
                0.5735793709754944,
                -0.6758854389190674,
                -0.3589526414871216
            ],
            "quaternion_xyzw_world": [
                0.5913199186325073,
                0.6581448912620544,
                0.2743871212005615,
                -0.3766931891441345
            ],
            "segmentation_id": 7,
            "visibility": -1
        },
        {
            "bounding_box_minx_maxx_miny_maxy": [
                -1,
                -1,
                -1,
                -1
            ],
            "class": "2",
            "local_cuboid": null,
            "local_to_world_matrix": [
                [
                    0.9902141690254211,
                    0.0023751184344291687,
                    0.13953569531440735,
                    0.0
                ],
                [
                    -0.07187511771917343,
                    0.8657290935516357,
                    0.4953252673149109,
                    0.0
                ],
                [
                    -0.11962366104125977,
                    -0.5005072355270386,
                    0.8574279546737671,
                    0.0
                ],
                [
                    1.9595153331756592,
                    0.2988179326057434,
                    -0.851803719997406,
                    1.0
                ]
            ],
            "location": [
                -0.2988179326057434,
                -0.851803719997406,
                -1.9595153331756592
            ],
            "location_world": [
                1.9595153331756592,
                0.2988179326057434,
                -0.851803719997406
            ],
            "name": "google_2_of_Jenga_Classic_Game_7",
            "projected_cuboid": [
                [
                    214.35889601707458,
                    439.2852783203125
                ],
                [
                    191.74501299858093,
                    426.9958436489105
                ],
                [
                    148.54714274406433,
                    499.64720010757446
                ],
                [
                    170.8972454071045,
                    511.5017890930176
                ],
                [
                    212.94456720352173,
                    450.6325423717499
                ],
                [
                    189.3877387046814,
                    437.86972761154175
                ],
                [
                    144.47295665740967,
                    513.2827162742615
                ],
                [
                    167.74356365203857,
                    525.5756974220276
                ],
                [
                    179.85893785953522,
                    475.8148789405823
                ]
            ],
            "provenance": "nvisii",
            "quaternion_xyzw": [
                -0.30930405855178833,
                0.586957573890686,
                0.39581355452537537,
                0.634935736656189
            ],
            "quaternion_xyzw_world": [
                0.25838786363601685,
                -0.06724386662244797,
                0.01926564984023571,
                0.9635055065155029
            ],
            "segmentation_id": 8,
            "visibility": -1
        },
        {
            "bounding_box_minx_maxx_miny_maxy": [
                -1,
                -1,
                -1,
                -1
            ],
            "class": "50",
            "local_cuboid": null,
            "local_to_world_matrix": [
                [
                    -0.8629926443099976,
                    0.32382696866989136,
                    -0.3877895772457123,
                    0.0
                ],
                [
                    0.21650564670562744,
                    0.9305627346038818,
                    0.2952597439289093,
                    0.0
                ],
                [
                    0.4564755856990814,
                    0.17084825038909912,
                    -0.8731790781021118,
                    0.0
                ],
                [
                    1.280413031578064,
                    -0.6732449531555176,
                    0.2681213915348053,
                    1.0
                ]
            ],
            "location": [
                0.6732449531555176,
                0.2681213915348053,
                -1.280413031578064
            ],
            "location_world": [
                1.280413031578064,
                -0.6732449531555176,
                0.2681213915348053
            ],
            "name": "google_50_BLOCKS_8",
            "projected_cuboid": [
                [
                    595.0998067855835,
                    207.83793926239014
                ],
                [
                    517.2103047370911,
                    187.1432662010193
                ],
                [
                    538.9882326126099,
                    133.37817788124084
                ],
                [
                    621.0352778434753,
                    153.4828543663025
                ],
                [
                    570.2996253967285,
                    159.9520891904831
                ],
                [
                    508.8735818862915,
                    144.50204372406006
                ],
                [
                    525.749146938324,
                    100.63908994197845
                ],
                [
                    589.7374153137207,
                    115.66102504730225
                ],
                [
                    556.5977096557617,
                    148.32329750061035
                ]
            ],
            "provenance": "nvisii",
            "quaternion_xyzw": [
                -0.45754483342170715,
                0.7203406691551208,
                -0.3781837522983551,
                -0.3588027060031891
            ],
            "quaternion_xyzw_world": [
                0.14108844101428986,
                0.9574359655380249,
                0.12170735746622086,
                0.2204495072364807
            ],
            "segmentation_id": 9,
            "visibility": -1
        },
        {
            "bounding_box_minx_maxx_miny_maxy": [
                -1,
                -1,
                -1,
                -1
            ],
            "class": "50",
            "local_cuboid": null,
            "local_to_world_matrix": [
                [
                    -0.47188639640808105,
                    -0.8782296180725098,
                    -0.07769155502319336,
                    0.0
                ],
                [
                    0.798197865486145,
                    -0.46297788619995117,
                    0.3853980302810669,
                    0.0
                ],
                [
                    -0.37443745136260986,
                    0.11985081434249878,
                    0.9194739460945129,
                    0.0
                ],
                [
                    1.8041621446609497,
                    0.3812284767627716,
                    -0.8111481070518494,
                    1.0
                ]
            ],
            "location": [
                -0.3812284767627716,
                -0.8111481070518494,
                -1.8041621446609497
            ],
            "location_world": [
                1.8041621446609497,
                0.3812284767627716,
                -0.8111481070518494
            ],
            "name": "google_50_BLOCKS_9",
            "projected_cuboid": [
                [
                    148.80716800689697,
                    529.7261476516724
                ],
                [
                    179.08543348312378,
                    491.4050102233887
                ],
                [
                    185.23180484771729,
                    520.2792882919312
                ],
                [
                    156.13868832588196,
                    559.6709251403809
                ],
                [
                    52.876174449920654,
                    494.14485692977905
                ],
                [
                    86.35580539703369,
                    461.37744188308716
                ],
                [
                    93.94407272338867,
                    488.40004205703735
                ],
                [
                    61.7050975561142,
                    522.147536277771
                ],
                [
                    118.87003481388092,
                    507.1756839752197
                ]
            ],
            "provenance": "nvisii",
            "quaternion_xyzw": [
                0.5287708044052124,
                0.18216130137443542,
                0.16644050180912018,
                -0.8121060729026794
            ],
            "quaternion_xyzw_world": [
                -0.1338072568178177,
                0.14952804148197174,
                0.8447393178939819,
                -0.4961375296115875
            ],
            "segmentation_id": 10,
            "visibility": -1
        },
        {
            "bounding_box_minx_maxx_miny_maxy": [
                -1,
                -1,
                -1,
                -1
            ],
            "class": "50",
            "local_cuboid": null,
            "local_to_world_matrix": [
                [
                    -0.026455163955688477,
                    -0.5062729120254517,
                    0.8619674444198608,
                    0.0
                ],
                [
                    0.6797599792480469,
                    -0.641338586807251,
                    -0.3558245897293091,
                    0.0
                ],
                [
                    0.7329573631286621,
                    0.5765175223350525,
                    0.3611108064651489,
                    0.0
                ],
                [
                    1.7380667924880981,
                    0.7357418537139893,
                    -0.6650624871253967,
                    1.0
                ]
            ],
            "location": [
                -0.7357418537139893,
                -0.6650624871253967,
                -1.7380667924880981
            ],
            "location_world": [
                1.7380667924880981,
                0.7357418537139893,
                -0.6650624871253967
            ],
            "name": "google_50_BLOCKS_10",
            "projected_cuboid": [
                [
                    -8.466273546218872,
                    402.48173475265503
                ],
                [
                    35.619646310806274,
                    411.1855626106262
                ],
                [
                    47.45049774646759,
                    432.0225119590759
                ],
                [
                    1.9406229257583618,
                    424.1282641887665
                ],
                [
                    -68.36041808128357,
                    505.98132610321045
                ],
                [
                    -21.322578191757202,
                    509.157657623291
                ],
                [
                    -12.127816677093506,
                    534.3139171600342
                ],
                [
                    -60.877442359924316,
                    532.4602127075195
                ],
                [
                    -10.311216115951538,
                    468.9101576805115
                ]
            ],
            "provenance": "nvisii",
            "quaternion_xyzw": [
                0.805458664894104,
                0.46659934520721436,
                -0.17072950303554535,
                -0.32306772470474243
            ],
            "quaternion_xyzw_world": [
                0.5598599314689636,
                0.07746893167495728,
                0.7121981382369995,
                -0.4163282811641693
            ],
            "segmentation_id": 11,
            "visibility": -1
        },
        {
            "bounding_box_minx_maxx_miny_maxy": [
                -1,
                -1,
                -1,
                -1
            ],
            "class": "50",
            "local_cuboid": null,
            "local_to_world_matrix": [
                [
                    0.38583606481552124,
                    -0.9223244190216064,
                    0.021175086498260498,
                    0.0
                ],
                [
                    0.4165165424346924,
                    0.153669536113739,
                    -0.8960468769073486,
                    0.0
                ],
                [
                    0.82319176197052,
                    0.35454705357551575,
                    0.4434545040130615,
                    0.0
                ],
                [
                    1.8530347347259521,
                    -0.6968609094619751,
                    0.5016262531280518,
                    1.0
                ]
            ],
            "location": [
                0.6968609094619751,
                0.5016262531280518,
                -1.8530347347259521
            ],
            "location_world": [
                1.8530347347259521,
                -0.6968609094619751,
                0.5016262531280518
            ],
            "name": "google_50_BLOCKS_11",
            "projected_cuboid": [
                [
                    503.5725235939026,
                    61.43295764923096
                ],
                [
                    489.3941879272461,
                    105.70180416107178
                ],
                [
                    512.673020362854,
                    114.13222551345825
                ],
                [
                    528.2822847366333,
                    68.00439953804016
                ],
                [
                    415.1018559932709,
                    49.86870288848877
                ],
                [
                    402.7259647846222,
                    97.69484400749207
                ],
                [
                    423.4194755554199,
                    106.36140406131744
                ],
                [
                    437.1550679206848,
                    56.354403495788574
                ],
                [
                    465.263307094574,
                    82.90658891201019
                ]
            ],
            "provenance": "nvisii",
            "quaternion_xyzw": [
                -0.9541440010070801,
                0.03471559286117554,
                0.1939914971590042,
                0.2253253310918808
            ],
            "quaternion_xyzw_world": [
                -0.44404730200767517,
                0.2847713828086853,
                -0.47538113594055176,
                0.7040882110595703
            ],
            "segmentation_id": 12,
            "visibility": -1
        },
        {
            "bounding_box_minx_maxx_miny_maxy": [
                -1,
                -1,
                -1,
                -1
            ],
            "class": "50",
            "local_cuboid": null,
            "local_to_world_matrix": [
                [
                    0.291361927986145,
                    0.7818961143493652,
                    -0.551132321357727,
                    0.0
                ],
                [
                    0.07052066922187805,
                    0.5570052266120911,
                    0.8275095224380493,
                    0.0
                ],
                [
                    0.954010009765625,
                    -0.2799709737300873,
                    0.10715031623840332,
                    0.0
                ],
                [
                    1.1653459072113037,
                    -0.2340051680803299,
                    0.34178364276885986,
                    1.0
                ]
            ],
            "location": [
                0.2340051680803299,
                0.34178364276885986,
                -1.1653459072113037
            ],
            "location_world": [
                1.1653459072113037,
                -0.2340051680803299,
                0.34178364276885986
            ],
            "name": "google_50_BLOCKS_12",
            "projected_cuboid": [
                [
                    326.13620162010193,
                    160.41754186153412
                ],
                [
                    288.5695695877075,
                    106.17925226688385
                ],
                [
                    276.61386132240295,
                    99.61846470832825
                ],
                [
                    317.3480033874512,
                    158.52096676826477
                ],
                [
                    470.9548056125641,
                    55.272579193115234
                ],
                [
                    428.9886951446533,
                    -2.6739537715911865
                ],
                [
                    429.1645884513855,
                    -20.10592818260193
                ],
                [
                    475.12584924697876,
                    43.192893266677856
                ],
                [
                    373.44592809677124,
                    77.52273976802826
                ]
            ],
            "provenance": "nvisii",
            "quaternion_xyzw": [
                -0.29351508617401123,
                0.943850576877594,
                0.009702160954475403,
                0.15133030712604523
            ],
            "quaternion_xyzw_world": [
                0.3959818184375763,
                0.5381665825843811,
                0.25435367226600647,
                0.6991990804672241
            ],
            "segmentation_id": 13,
            "visibility": -1
        },
        {
            "bounding_box_minx_maxx_miny_maxy": [
                -1,
                -1,
                -1,
                -1
            ],
            "class": "2",
            "local_cuboid": null,
            "local_to_world_matrix": [
                [
                    0.06997007131576538,
                    0.8309090733528137,
                    0.5519914627075195,
                    0.0
                ],
                [
                    0.07602226734161377,
                    -0.5561801195144653,
                    0.8275775909423828,
