{
    "camera_data": {
        "camera_look_at": {
            "at": [
                1.0,
                0.0,
                0.0
            ],
            "eye": [
                0.0,
                0.0,
                0.0
            ],
            "up": [
                0.0,
                0.0,
                1.0
            ]
        },
        "camera_view_matrix": [
            [
                0.0,
                0.0,
                -1.0,
                0.0
            ],
            [
                -1.0,
                0.0,
                0.0,
                0.0
            ],
            [
                0.0,
                1.0,
                0.0,
                0.0
            ],
            [
                0.0,
                0.0,
                0.0,
                1.0
            ]
        ],
        "height": 500,
        "intrinsics": {
            "cx": 250.0,
            "cy": 250.0,
            "fx": 603.5535278320312,
            "fy": 603.5535278320312
        },
        "location_world": [
            0.0,
            0.0,
            0.0
        ],
        "quaternion_world_xyzw": [
            0.5,
            -0.5,
            -0.5,
            0.5
        ],
        "width": 500
    },
    "objects": [
        {
            "bounding_box_minx_maxx_miny_maxy": [
                -1,
                -1,
                -1,
                -1
            ],
            "class": "2",
            "local_cuboid": null,
            "local_to_world_matrix": [
                [
                    0.5101786851882935,
                    0.14343388378620148,
                    -0.8480238914489746,
                    0.0
                ],
                [
                    0.40711355209350586,
                    0.8282644748687744,
                    0.38501492142677307,
                    0.0
                ],
                [
                    0.7576122283935547,
                    -0.5416683554649353,
                    0.36416900157928467,
                    0.0
                ],
                [
                    1.4907565116882324,
                    -0.5088855624198914,
                    0.6859765648841858,
                    1.0
                ]
            ],
            "location": [
                0.5088855624198914,
                0.6859765648841858,
                -1.4907565116882324
            ],
            "location_world": [
                1.4907565116882324,
                -0.5088855624198914,
                0.6859765648841858
            ],
            "name": "google_2_of_Jenga_Classic_Game_0",
            "projected_cuboid": [
                [
                    495.10306119918823,
                    -11.36314868927002
                ],
                [
                    466.15713834762573,
                    -17.44365692138672
                ],
                [
                    434.9673390388489,
                    -14.160096645355225
                ],
                [
                    467.4839675426483,
                    -7.103204727172852
                ],
                [
                    505.07116317749023,
                    -41.7536199092865
                ],
                [
                    475.24309158325195,
                    -47.366052865982056
                ],
                [
                    444.56106424331665,
                    -48.444390296936035
                ],
                [
                    478.20496559143066,
                    -42.00294613838196
                ],
                [
                    471.624493598938,
                    -28.588712215423584
                ]
            ],
            "provenance": "nvisii",
            "quaternion_xyzw": [
                -0.5543382167816162,
                0.7559863328933716,
                -0.01420147716999054,
                0.3478392958641052
            ],
            "quaternion_xyzw_world": [
                0.28184443712234497,
                0.48834332823753357,
                -0.08019637316465378,
                0.8219811916351318
            ],
            "segmentation_id": 1,
            "visibility": -1
        },
        {
            "bounding_box_minx_maxx_miny_maxy": [
                -1,
                -1,
                -1,
                -1
            ],
            "class": "2",
            "local_cuboid": null,
            "local_to_world_matrix": [
                [
                    -0.4549226760864258,
                    0.8865588903427124,
                    -0.08401551842689514,
                    0.0
                ],
                [
                    -0.6246849298477173,
                    -0.25045549869537354,
                    0.7396219968795776,
                    0.0
                ],
                [
                    0.6346763372421265,
                    0.3889540433883667,
                    0.6677579283714294,
                    0.0
                ],
                [
                    0.562706470489502,
                    -0.5737682580947876,
                    -0.5856959819793701,
                    1.0
                ]
            ],
            "location": [
                0.5737682580947876,
                -0.5856959819793701,
                -0.562706470489502
            ],
            "location_world": [
                0.562706470489502,
                -0.5737682580947876,
                -0.5856959819793701
            ],
            "name": "google_2_of_Jenga_Classic_Game_1",
            "projected_cuboid": [
                [
                    580.7703733444214,
                    589.2152786254883
                ],
                [
                    623.6956119537354,
                    561.0817670822144
                ],
                [
                    889.599621295929,
                    899.4066715240479
                ],
                [
                    808.1856966018677,
                    905.4273962974548
                ],
                [
                    619.0580725669861,
                    568.8053369522095
                ],
                [
                    662.6310348510742,
                    540.581226348877
                ],
                [
                    924.3415594100952,
                    850.1455783843994
                ],
                [
                    844.7218537330627,
                    860.0907921791077
                ],
                [
                    726.0518670082092,
                    699.5514631271362
                ]
            ],
            "provenance": "nvisii",
            "quaternion_xyzw": [
                0.046085238456726074,
                0.9028922319412231,
                0.3578619062900543,
                -0.2336592972278595
            ],
            "quaternion_xyzw_world": [
                0.1787281185388565,
                0.3663021922111511,
                0.7702493071556091,
                0.49050477147102356
            ],
            "segmentation_id": 2,
            "visibility": -1
        },
        {
            "bounding_box_minx_maxx_miny_maxy": [
                -1,
                -1,
                -1,
                -1
            ],
            "class": "2",
            "local_cuboid": null,
            "local_to_world_matrix": [
                [
                    -0.07762908935546875,
                    0.19023460149765015,
                    0.9786646366119385,
                    0.0
                ],
                [
                    -0.41818153858184814,
                    -0.8973140716552734,
                    0.14125074446201324,
                    0.0
                ],
                [
                    0.9050402641296387,
                    -0.3982943296432495,
                    0.14921027421951294,
                    0.0
                ],
                [
                    0.608430802822113,
                    0.5684139132499695,
                    -0.5867809653282166,
                    1.0
                ]
            ],
            "location": [
                -0.5684139132499695,
                -0.5867809653282166,
                -0.608430802822113
            ],
            "location_world": [
                0.608430802822113,
                0.5684139132499695,
                -0.5867809653282166
            ],
            "name": "google_2_of_Jenga_Classic_Game_2",
            "projected_cuboid": [
                [
                    -88.35747838020325,
                    597.2650051116943
                ],
                [
                    -48.711299896240234,
                    603.2074689865112
                ],
                [
                    -302.5442957878113,
                    806.8370819091797
                ],
                [
                    -344.62690353393555,
                    786.8326306343079
                ],
                [
                    -75.90162754058838,
                    647.0341682434082
                ],
                [
                    -36.02585196495056,
                    654.9819707870483
                ],
                [
                    -281.59433603286743,
                    879.5596957206726
                ],
                [
                    -324.44292306900024,
                    855.6684851646423
                ],
                [
                    -165.82855582237244,
                    710.4405164718628
                ]
            ],
            "provenance": "nvisii",
            "quaternion_xyzw": [
                0.6272071003913879,
                0.7477508783340454,
                0.1896994411945343,
                0.10720992088317871
            ],
            "quaternion_xyzw_world": [
                0.6462342143058777,
                -0.08818279206752777,
                0.7287237644195557,
                0.20872659981250763
            ],
            "segmentation_id": 3,
            "visibility": -1
        },
        {
            "bounding_box_minx_maxx_miny_maxy": [
                -1,
                -1,
                -1,
                -1
            ],
            "class": "2",
            "local_cuboid": null,
            "local_to_world_matrix": [
                [
                    -0.7666947841644287,
                    0.3989974856376648,
                    -0.5029712319374084,
                    0.0
                ],
                [
                    -0.04806387424468994,
                    0.7455596327781677,
                    0.6647034883499146,
                    0.0
                ],
                [
                    0.6402100920677185,
                    0.533799409866333,
                    -0.5524393320083618,
                    0.0
                ],
                [
                    0.6552737355232239,
                    -0.20008485019207,
                    0.5312262773513794,
                    1.0
                ]
            ],
            "location": [
                0.20008485019207,
                0.5312262773513794,
                -0.6552737355232239
            ],
            "location_world": [
                0.6552737355232239,
                -0.20008485019207,
                0.5312262773513794
            ],
            "name": "google_2_of_Jenga_Classic_Game_3",
            "projected_cuboid": [
                [
                    294.43398118019104,
                    11.313527822494507
                ],
                [
                    247.74959683418274,
                    -31.702280044555664
                ],
                [
                    398.1238007545471,
                    -272.5812792778015
                ],
                [
                    457.7568769454956,
                    -215.1787281036377
                ],
                [
                    313.0829930305481,
                    0.4379004240036011
                ],
                [
                    269.7291970252991,
                    -39.63989019393921
                ],
                [
                    412.8105044364929,
                    -261.3756060600281
                ],
                [
                    467.11117029190063,
                    -209.08859372138977
                ],
                [
                    348.461389541626,
                    -113.14260959625244
                ]
            ],
            "provenance": "nvisii",
            "quaternion_xyzw": [
                -0.37964099645614624,
                0.8221786618232727,
                -0.15336553752422333,
                -0.3954415023326874
            ],
            "quaternion_xyzw_world": [
                0.10023085027933121,
                0.8753133416175842,
                0.34230682253837585,
                0.3265063166618347
            ],
            "segmentation_id": 4,
            "visibility": -1
        },
        {
            "bounding_box_minx_maxx_miny_maxy": [
                -1,
                -1,
                -1,
                -1
            ],
            "class": "2",
            "local_cuboid": null,
            "local_to_world_matrix": [
                [
                    0.14327746629714966,
                    0.8549753427505493,
                    0.49848639965057373,
                    0.0
                ],
                [
                    -0.047645360231399536,
                    0.509057879447937,
                    -0.8594125509262085,
                    0.0
                ],
                [
                    -0.9885350465774536,
                    0.0993838906288147,
                    0.11367213726043701,
                    0.0
                ],
                [
                    0.7699344754219055,
                    -0.40599334239959717,
                    0.5111528635025024,
                    1.0
                ]
            ],
            "location": [
                0.40599334239959717,
                0.5111528635025024,
                -0.7699344754219055
            ],
            "location_world": [
                0.7699344754219055,
                -0.40599334239959717,
                0.5111528635025024
            ],
            "name": "google_2_of_Jenga_Classic_Game_4",
            "projected_cuboid": [
                [
                    700.358510017395,
                    -491.1872148513794
                ],
                [
                    650.5851149559021,
                    -406.99923038482666
                ],
                [
                    523.7091779708862,
                    -135.8567178249359
                ],
                [
                    555.6563138961792,
                    -190.18548727035522
                ],
                [
                    796.2616682052612,
                    -459.0294361114502
                ],
                [
                    746.1150288581848,
                    -372.55847454071045
                ],
                [
                    581.1708569526672,
                    -110.44180393218994
                ],
                [
                    613.2874488830566,
                    -165.70541262626648
                ],
                [
                    627.7408599853516,
                    -259.20963287353516
                ]
            ],
            "provenance": "nvisii",
            "quaternion_xyzw": [
                -0.06305190920829773,
                0.04191592335700989,
                0.9621489644050598,
                0.2617952823638916
            ],
            "quaternion_xyzw_world": [
                -0.3607448637485504,
                -0.5594882369041443,
                0.3396088778972626,
                0.6644560694694519
            ],
            "segmentation_id": 5,
            "visibility": -1
        },
        {
            "bounding_box_minx_maxx_miny_maxy": [
                -1,
                -1,
                -1,
                -1
            ],
            "class": "2",
            "local_cuboid": null,
            "local_to_world_matrix": [
                [
                    -0.4155970811843872,
                    0.8978416919708252,
                    0.14546450972557068,
                    0.0
                ],
                [
                    -0.07426509261131287,
                    -0.19289350509643555,
                    0.9784054756164551,
                    0.0
                ],
                [
                    0.9065121412277222,
                    0.3958192765712738,
                    0.14684391021728516,
                    0.0
                ],
                [
                    1.1782971620559692,
                    0.1335424929857254,
                    -0.299968421459198,
                    1.0
                ]
            ],
            "location": [
                -0.1335424929857254,
                -0.299968421459198,
                -1.1782971620559692
            ],
            "location_world": [
                1.1782971620559692,
                0.1335424929857254,
                -0.299968421459198
            ],
            "name": "google_2_of_Jenga_Classic_Game_5",
            "projected_cuboid": [
                [
                    126.44457817077637,
                    373.54373931884766
                ],
                [
                    132.8057497739792,
                    339.0617370605469
                ],
                [
                    166.24581813812256,
                    381.7538022994995
                ],
                [
                    158.25888514518738,
                    423.84302616119385
                ],
                [
                    158.44130516052246,
                    375.50970911979675
                ],
                [
                    164.7970676422119,
                    341.8124318122864
                ],
                [
                    204.4261395931244,
                    383.941113948822
                ],
                [
                    196.45792245864868,
                    424.8668849468231
                ],
                [
                    161.89122200012207,
                    378.26991081237793
                ]
            ],
            "provenance": "nvisii",
            "quaternion_xyzw": [
                0.08698448538780212,
                0.9724658727645874,
                0.056842416524887085,
                -0.2085975706577301
            ],
            "quaternion_xyzw_world": [
                0.39700520038604736,
                0.5186182856559753,
                0.6624451875686646,
                0.36686310172080994
            ],
            "segmentation_id": 6,
            "visibility": -1
        },
        {
            "bounding_box_minx_maxx_miny_maxy": [
                -1,
                -1,
                -1,
                -1
            ],
            "class": "2",
            "local_cuboid": null,
            "local_to_world_matrix": [
                [
                    0.9750372767448425,
                    -0.1912321001291275,
                    -0.11283886432647705,
                    0.0
                ],
                [
                    -0.026326581835746765,
                    0.4050384759902954,
                    -0.9139205813407898,
                    0.0
                ],
                [
                    0.22047501802444458,
                    0.8940772414207458,
                    0.389893114566803,
                    0.0
                ],
                [
                    1.4139747619628906,
                    0.45441481471061707,
                    -0.4886868894100189,
                    1.0
                ]
            ],
            "location": [
                -0.45441481471061707,
                -0.4886868894100189,
                -1.4139747619628906
            ],
            "location_world": [
                1.4139747619628906,
                0.45441481471061707,
                -0.4886868894100189
            ],
            "name": "google_2_of_Jenga_Classic_Game_6",
            "projected_cuboid": [
                [
                    -24.722188711166382,
                    385.4413032531738
                ],
                [
                    -38.74373435974121,
                    416.36884212493896
                ],
                [
                    57.051271200180054,
                    471.1134433746338
                ],
                [
                    71.54759764671326,
                    438.7319087982178
                ],
                [
                    -45.70469260215759,
                    388.94253969192505
                ],
                [
                    -60.508280992507935,
                    421.5288758277893
                ],
                [
                    39.62807357311249,
                    479.5790910720825
                ],
                [
                    54.96254563331604,
                    445.3744888305664
                ],
                [
                    5.856171250343323,
                    430.17423152923584
                ]
            ],
            "provenance": "nvisii",
            "quaternion_xyzw": [
                -0.7625004053115845,
                0.16979575157165527,
                0.6128240823745728,
                0.11920207738876343
            ],
            "quaternion_xyzw_world": [
                -0.5431633591651917,
                0.10013501346111298,
                -0.04954133927822113,
                0.8321611881256104
            ],
            "segmentation_id": 7,
            "visibility": -1
        },
        {
            "bounding_box_minx_maxx_miny_maxy": [
                -1,
                -1,
                -1,
                -1
            ],
            "class": "2",
            "local_cuboid": null,
            "local_to_world_matrix": [
                [
                    0.832706093788147,
                    -0.35312750935554504,
                    -0.42649906873703003,
                    0.0
                ],
                [
                    0.23327484726905823,
                    0.9222865104675293,
                    -0.30817270278930664,
                    0.0
                ],
                [
                    0.5021786093711853,
                    0.157125785946846,
                    0.8503694534301758,
                    0.0
                ],
                [
                    1.056093692779541,
                    0.042069170624017715,
                    -0.6888940334320068,
                    1.0
                ]
            ],
            "location": [
                -0.042069170624017715,
                -0.6888940334320068,
                -1.056093692779541
            ],
            "location_world": [
                1.056093692779541,
                0.042069170624017715,
                -0.6888940334320068
            ],
            "name": "google_2_of_Jenga_Classic_Game_7",
            "projected_cuboid": [
                [
                    232.7290028333664,
                    468.76806020736694
                ],
                [
                    195.26290893554688,
                    477.9183864593506
                ],
                [
                    213.16632628440857,
                    644.7874307632446
                ],
                [
                    256.05228543281555,
                    637.4392509460449
                ],
                [
                    217.25758910179138,
                    463.651180267334
                ],
                [
                    177.96367406845093,
                    473.3964204788208
                ],
                [
                    194.54920291900635,
                    650.2339839935303
                ],
                [
                    239.85326290130615,
                    642.5153017044067
                ],
                [
                    215.26747941970825,
                    551.7615675926208
                ]
            ],
            "provenance": "nvisii",
            "quaternion_xyzw": [
                -0.7354384660720825,
                0.45849716663360596,
                0.3364768326282501,
                0.3683667778968811
            ],
            "quaternion_xyzw_world": [
                -0.12252569198608398,
                0.24454599618911743,
                -0.15441563725471497,
                0.9493895769119263
            ],
            "segmentation_id": 8,
            "visibility": -1
        },
        {
            "bounding_box_minx_maxx_miny_maxy": [
                -1,
                -1,
                -1,
                -1
            ],
            "class": "2",
            "local_cuboid": null,
            "local_to_world_matrix": [
                [
                    -0.34111785888671875,
                    -0.0900694727897644,
                    0.935695469379425,
                    0.0
                ],
                [
                    0.5132389664649963,
                    0.8160935640335083,
                    0.26566338539123535,
                    0.0
                ],
                [
                    -0.7875432372093201,
                    0.5708579421043396,
                    -0.2321568727493286,
                    0.0
                ],
                [
                    0.8045048713684082,
                    0.37037649750709534,
                    -0.006023900583386421,
                    1.0
                ]
            ],
            "location": [
                -0.37037649750709534,
                -0.006023900583386421,
                -0.8045048713684082
            ],
            "location_world": [
                0.8045048713684082,
                0.37037649750709534,
                -0.006023900583386421
            ],
            "name": "google_2_of_Jenga_Classic_Game_8",
            "projected_cuboid": [
                [
                    -308.52365493774414,
                    303.90939116477966
                ],
                [
                    -338.361918926239,
                    276.66357159614563
                ],
                [
                    -47.99014329910278,
                    218.7555879354477
                ],
                [
                    -10.717451572418213,
                    234.59309339523315
                ],
                [
                    -289.5541787147522,
                    380.02580404281616
                ],
                [
                    -319.4238543510437,
                    348.5713601112366
                ],
                [
                    -43.54718327522278,
                    272.8179097175598
                ],
                [
                    -7.292211055755615,
                    291.06247425079346
                ],
                [
                    -147.18416333198547,
                    284.97830033302307
                ]
            ],
            "provenance": "nvisii",
            "quaternion_xyzw": [
                -0.09599843621253967,
                -0.31146854162216187,
                0.5982913970947266,
                0.7319965958595276
            ],
            "quaternion_xyzw_world": [
                -0.13688088953495026,
                -0.7728790640830994,
                -0.2705861032009125,
                0.5574089288711548
            ],
            "segmentation_id": 9,
            "visibility": -1
        },
        {
            "bounding_box_minx_maxx_miny_maxy": [
                -1,
                -1,
                -1,
                -1
            ],
            "class": "2",
            "local_cuboid": null,
            "local_to_world_matrix": [
                [
                    -0.5765119791030884,
                    0.6708686351776123,
                    -0.46644318103790283,
                    0.0
                ],
                [
                    -0.022076576948165894,
                    -0.5834405422210693,
                    -0.8118557333946228,
                    0.0
                ],
                [
                    -0.8167904615402222,
                    -0.45774704217910767,
                    0.3511708974838257,
                    0.0
                ],
                [
                    1.2975722551345825,
                    -0.05346143990755081,
                    -0.4396979510784149,
                    1.0
                ]
            ],
            "location": [
                0.05346143990755081,
                -0.4396979510784149,
                -1.2975722551345825
            ],
            "location_world": [
                1.2975722551345825,
                -0.05346143990755081,
                -0.4396979510784149
            ],
            "name": "google_2_of_Jenga_Classic_Game_9",
            "projected_cuboid": [
                [
                    329.1803300380707,
                    436.9141459465027
                ],
                [
                    358.04206132888794,
                    477.2133231163025
                ],
                [
                    274.4598388671875,
                    483.25857520103455
                ],
                [
                    251.11767649650574,
                    450.486958026886
                ],
                [
                    355.35696148872375,
                    408.5497856140137
                ],
                [
                    383.049339056015,
                    447.104275226593
                ],
                [
                    297.82620072364807,
                    458.38573575019836
                ],
                [
                    275.2545475959778,
                    426.777184009552
                ],
                [
                    311.6259276866913,
                    448.93550872802734
                ]
            ],
            "provenance": "nvisii",
            "quaternion_xyzw": [
                0.28469133377075195,
                0.10274052619934082,
                0.9082283973693848,
                -0.2889922261238098
            ],
            "quaternion_xyzw_world": [
                -0.4048943519592285,
                -0.40059345960617065,
                0.7923262119293213,
                0.21864266693592072
            ],
            "segmentation_id": 10,
            "visibility": -1
        },
        {
            "bounding_box_minx_maxx_miny_maxy": [
                -1,
                -1,
                -1,
                -1
            ],
            "class": "2",
            "local_cuboid": null,
            "local_to_world_matrix": [
                [
                    0.6466926336288452,
                    0.643051028251648,
                    -0.4102122187614441,
                    0.0
                ],
                [
                    -0.7582513093948364,
                    0.48366063833236694,
                    -0.43718117475509644,
                    0.0
                ],
                [
                    -0.08272625505924225,
                    0.5937657952308655,
                    0.8003740310668945,
                    0.0
                ],
                [
                    0.6014568209648132,
                    -0.24181999266147614,
                    -0.5728579163551331,
                    1.0
                ]
            ],
            "location": [
                0.24181999266147614,
                -0.5728579163551331,
                -0.6014568209648132
            ],
            "location_world": [
                0.6014568209648132,
                -0.24181999266147614,
                -0.5728579163551331
            ],
            "name": "google_2_of_Jenga_Classic_Game_10",
            "projected_cuboid": [
                [
                    310.3386461734772,
                    570.1796412467957
                ],
                [
                    273.92393350601196,
                    645.1263427734375
                ],
                [
                    448.89384508132935,
                    866.2411570549011
                ],
                [
                    466.97384119033813,
                    772.5598812103271
                ],
                [
                    368.05519461631775,
                    564.7034049034119
                ],
                [
                    335.1757824420929,
                    646.3313102722168
                ],
                [
                    523.8347053527832,
                    888.1305456161499
                ],
                [
                    535.5398058891296,
                    784.2832207679749
                ],
                [
                    408.8570475578308,
                    716.8989181518555
                ]
            ],
            "provenance": "nvisii",
            "quaternion_xyzw": [
                -0.42172378301620483,
                0.5298923254013062,
                0.7353500127792358,
                0.024970561265945435
            ],
            "quaternion_xyzw_world": [
                -0.30110543966293335,
                0.09564780443906784,
                0.40927398204803467,
                0.8559683561325073
            ],
            "segmentation_id": 11,
            "visibility": -1
        },
        {
            "bounding_box_minx_maxx_miny_maxy": [
                -1,
                -1,
                -1,
                -1
            ],
            "class": "2",
            "local_cuboid": null,
            "local_to_world_matrix": [
                [
                    0.21240252256393433,
                    0.9771037101745605,
                    0.012389961630105972,
                    0.0
                ],
                [
                    -0.974166750907898,
                    0.21073472499847412,
                    0.08117904514074326,
                    0.0
                ],
                [
                    0.07670934498310089,
                    -0.02931252308189869,
                    0.9966225028038025,
                    0.0
                ],
                [
                    1.266440510749817,
                    0.4761466383934021,
                    -0.38416486978530884,
                    1.0
                ]
            ],
            "location": [
                -0.4761466383934021,
                -0.38416486978530884,
                -1.266440510749817
            ],
            "location_world": [
                1.266440510749817,
                0.4761466383934021,
                -0.38416486978530884
            ],
            "name": "google_2_of_Jenga_Classic_Game_11",
            "projected_cuboid": [
                [
                    25.78297257423401,
                    293.2887673377991
                ],
                [
                    2.5504082441329956,
                    292.8299605846405
                ],
                [
                    -6.132453680038452,
                    436.0239505767822
                ],
                [
                    18.038421869277954,
                    427.5400638580322
                ],
                [
                    58.14118683338165,
                    294.2839562892914
                ],
                [
                    36.74215078353882,
                    293.8849925994873
                ],
                [
                    28.569236397743225,
                    439.0699565410614
                ],
                [
                    50.85478723049164,
                    430.283784866333
                ],
                [
                    27.10990607738495,
                    362.7158999443054
                ]
            ],
            "provenance": "nvisii",
            "quaternion_xyzw": [
                -0.06787232309579849,
                0.7305805683135986,
                0.6743914484977722,
                0.08271333575248718
            ],
            "quaternion_xyzw_world": [
                0.03551509603857994,
                0.02067405916750431,
                0.6271932125091553,
                0.7777788639068604
            ],
            "segmentation_id": 12,
            "visibility": -1
        },
        {
            "bounding_box_minx_maxx_miny_maxy": [
                -1,
                -1,
                -1,
                -1
            ],
            "class": "2",
            "local_cuboid": null,
            "local_to_world_matrix": [
                [
                    -0.4116051197052002,
                    0.8118847608566284,
                    0.41403430700302124,
                    0.0
                ],
                [
                    0.5425641536712646,
                    -0.1467275619506836,
                    0.8271005153656006,
                    0.0
                ],
                [
                    0.732260525226593,
                    0.5650789737701416,
                    -0.38010573387145996,
                    0.0
                ],
                [
                    0.5476361513137817,
                    -0.2567679286003113,
                    0.16591812670230865,
                    1.0
                ]
            ],
            "location": [
                0.2567679286003113,
                0.16591812670230865,
                -0.5476361513137817
            ],
            "location_world": [
                0.5476361513137817,
                -0.2567679286003113,
                0.16591812670230865
            ],
            "name": "google_2_of_Jenga_Classic_Game_12",
            "projected_cuboid": [
                [
                    294.7006821632385,
                    219.69981491565704
                ],
                [
                    301.7689287662506,
                    166.63587093353271
                ],
                [
                    501.47074460983276,
                    13.573512434959412
                ],
                [
                    509.42182540893555,
                    75.16810297966003
                ],
                [
                    343.98797154426575,
                    247.11869657039642
                ],
                [
                    347.94941544532776,
                    194.63783502578735
                ],
                [
                    553.4342527389526,
                    60.252949595451355
                ],
                [
                    565.308690071106,
                    122.10363149642944
                ],
                [
                    410.66691279411316,
                    148.23460578918457
                ]
            ],
            "provenance": "nvisii",
            "quaternion_xyzw": [
                0.15270498394966125,
                0.9180476665496826,
                -0.2512587010860443,
                -0.2659676969051361
            ],
            "quaternion_xyzw_world": [
                0.5280218124389648,
                0.6412845253944397,
                0.5427308082580566,
                0.12405811995267868
            ],
            "segmentation_id": 13,
            "visibility": -1
        },
        {
            "bounding_box_minx_maxx_miny_maxy": [
                -1,
                -1,
                -1,
                -1
            ],
            "class": "2",
            "local_cuboid": null,
            "local_to_world_matrix": [
                [
                    0.4820004105567932,
                    -0.8381255269050598,
