{
    "camera_data": {
        "camera_look_at": {
            "at": [
                1.0,
                0.0,
                0.0
            ],
            "eye": [
                0.0,
                0.0,
                0.0
            ],
            "up": [
                0.0,
                0.0,
                1.0
            ]
        },
        "camera_view_matrix": [
            [
                0.0,
                0.0,
                -1.0,
                0.0
            ],
            [
                -1.0,
                0.0,
                0.0,
                0.0
            ],
            [
                0.0,
                1.0,
                0.0,
                0.0
            ],
            [
                0.0,
                0.0,
                0.0,
                1.0
            ]
        ],
        "height": 500,
        "intrinsics": {
            "cx": 250.0,
            "cy": 250.0,
            "fx": 603.5535278320312,
            "fy": 603.5535278320312
        },
        "location_world": [
            0.0,
            0.0,
            0.0
        ],
        "quaternion_world_xyzw": [
            0.5,
            -0.5,
            -0.5,
            0.5
        ],
        "width": 500
    },
    "objects": [
        {
            "bounding_box_minx_maxx_miny_maxy": [
                -1,
                -1,
                -1,
                -1
            ],
            "class": "ASICS",
            "local_cuboid": null,
            "local_to_world_matrix": [
                [
                    -0.3061925172805786,
                    0.7520483732223511,
                    -0.5836689472198486,
                    0.0
                ],
                [
                    -0.5297538042068481,
                    0.3748072385787964,
                    0.760841965675354,
                    0.0
                ],
                [
                    0.7909532785415649,
                    0.5421649217605591,
                    0.28363728523254395,
                    0.0
                ],
                [
                    1.0099241733551025,
                    -0.43098074197769165,
                    -0.460471510887146,
                    1.0
                ]
            ],
            "location": [
                0.43098074197769165,
                -0.460471510887146,
                -1.0099241733551025
            ],
            "location_world": [
                1.0099241733551025,
                -0.43098074197769165,
                -0.460471510887146
            ],
            "name": "google_ASICS_GELBlur33_20_GS_BlackWhiteSafety_Orange_0",
            "projected_cuboid": [
                [
                    455.4787874221802,
                    545.7414388656616
                ],
                [
                    425.7824718952179,
                    469.1902995109558
                ],
                [
                    475.15928745269775,
                    505.67901134490967
                ],
                [
                    500.7643699645996,
                    583.2004547119141
                ],
                [
                    488.7314438819885,
                    508.07952880859375
                ],
                [
                    464.23518657684326,
                    428.8814663887024
                ],
                [
                    515.1594281196594,
                    460.94030141830444
                ],
                [
                    535.1181030273438,
                    541.8161153793335
                ],
                [
                    482.7311336994171,
                    507.01820850372314
                ]
            ],
            "provenance": "nvisii",
            "quaternion_xyzw": [
                -0.26365840435028076,
                0.9088238477706909,
                0.22374826669692993,
                -0.23336684703826904
            ],
            "quaternion_xyzw_world": [
                0.09402519464492798,
                0.5910504460334778,
                0.551140308380127,
                0.5814318656921387
            ],
            "segmentation_id": 1,
            "visibility": -1
        },
        {
            "bounding_box_minx_maxx_miny_maxy": [
                -1,
                -1,
                -1,
                -1
            ],
            "class": "5",
            "local_cuboid": null,
            "local_to_world_matrix": [
                [
                    -0.8732733726501465,
                    -0.21886001527309418,
                    0.4353102743625641,
                    0.0
                ],
                [
                    -0.48424142599105835,
                    0.29102641344070435,
                    -0.8251146674156189,
                    0.0
                ],
                [
                    0.053897708654403687,
                    -0.9313454031944275,
                    -0.36012697219848633,
                    0.0
                ],
                [
                    1.8768949508666992,
                    -0.15066659450531006,
                    -0.6155664920806885,
                    1.0
                ]
            ],
            "location": [
                0.15066659450531006,
                -0.6155664920806885,
                -1.8768949508666992
            ],
            "location_world": [
                1.8768949508666992,
                -0.15066659450531006,
                -0.6155664920806885
            ],
            "name": "google_5_HTP_1",
            "projected_cuboid": [
                [
                    329.61833477020264,
                    448.15027713775635
                ],
                [
                    325.71935653686523,
                    465.0422930717468
                ],
                [
                    298.795610666275,
                    455.1146626472473
                ],
                [
                    303.0712902545929,
                    438.3144676685333
                ],
                [
                    324.0334987640381,
                    450.6347179412842
                ],
                [
                    320.1550841331482,
                    467.14603900909424
                ],
                [
                    293.8789129257202,
                    457.4676752090454
                ],
                [
                    298.1162369251251,
                    441.0436749458313
                ],
                [
                    311.6717040538788,
                    452.8290033340454
                ]
            ],
            "provenance": "nvisii",
            "quaternion_xyzw": [
                -0.7242017388343811,
                -0.0498078316450119,
                -0.6229681372642517,
                -0.2914823591709137
            ],
            "quaternion_xyzw_world": [
                -0.2212618887424469,
                0.7944222092628479,
                -0.5527476668357849,
                -0.1200282946228981
            ],
            "segmentation_id": 2,
            "visibility": -1
        },
        {
            "bounding_box_minx_maxx_miny_maxy": [
                -1,
                -1,
                -1,
                -1
            ],
            "class": "5",
            "local_cuboid": null,
            "local_to_world_matrix": [
                [
                    -0.9018111228942871,
                    -0.27685439586639404,
                    -0.3317957818508148,
                    0.0
                ],
                [
                    -0.02371293306350708,
                    -0.7349522113800049,
                    0.6777040958404541,
                    0.0
                ],
                [
                    -0.43147942423820496,
                    0.6190289258956909,
                    0.6562230587005615,
                    0.0
                ],
                [
                    0.5251200795173645,
                    0.21266992390155792,
                    0.2789311707019806,
                    1.0
                ]
            ],
            "location": [
                -0.21266992390155792,
                0.2789311707019806,
                -0.5251200795173645
            ],
            "location_world": [
                0.5251200795173645,
                0.21266992390155792,
                0.2789311707019806
            ],
            "name": "google_5_HTP_2",
            "projected_cuboid": [
                [
                    -114.10358548164368,
                    -154.49467301368713
                ],
                [
                    -64.70677256584167,
                    -202.03718543052673
                ],
                [
                    25.688543915748596,
                    -97.14335203170776
                ],
                [
                    -20.15972137451172,
                    -53.49215865135193
                ],
                [
                    -97.35375642776489,
                    -137.40569353103638
                ],
                [
                    -52.55448818206787,
                    -180.44227361679077
                ],
                [
                    29.096633195877075,
                    -86.21877431869507
                ],
                [
                    -12.764066457748413,
                    -46.39613628387451
                ],
                [
                    -36.490410566329956,
                    -117.48972535133362
                ]
            ],
            "provenance": "nvisii",
            "quaternion_xyzw": [
                0.20473816990852356,
                0.49228301644325256,
                0.34529730677604675,
                -0.7723402976989746
            ],
            "quaternion_xyzw_world": [
                -0.21030819416046143,
                0.35729390382766724,
                0.9073293805122375,
                -0.06974905729293823
            ],
            "segmentation_id": 3,
            "visibility": -1
        },
        {
            "bounding_box_minx_maxx_miny_maxy": [
                -1,
                -1,
                -1,
                -1
            ],
            "class": "ASICS",
            "local_cuboid": null,
            "local_to_world_matrix": [
                [
                    0.935258686542511,
                    -0.0851188451051712,
                    -0.3435782194137573,
                    0.0
                ],
                [
                    0.2120949774980545,
                    0.9118701815605164,
                    0.3514377176761627,
                    0.0
                ],
                [
                    0.2833847403526306,
                    -0.4015564024448395,
                    0.870887815952301,
                    0.0
                ],
                [
                    1.9089590311050415,
                    0.7596976161003113,
                    0.7424318194389343,
                    1.0
                ]
            ],
            "location": [
                -0.7596976161003113,
                0.7424318194389343,
                -1.9089590311050415
            ],
            "location_world": [
                1.9089590311050415,
                0.7596976161003113,
                0.7424318194389343
            ],
            "name": "google_ASICS_GELAce_Pro_Pearl_WhitePink_3",
            "projected_cuboid": [
                [
                    75.16933977603912,
                    7.4785202741622925
                ],
                [
                    1.687943935394287,
                    -15.523582696914673
                ],
                [
                    -19.319772720336914,
                    14.731153845787048
                ],
                [
                    54.93432283401489,
                    39.15104269981384
                ],
                [
                    63.04353475570679,
                    -17.02234148979187
                ],
                [
                    -13.805150985717773,
                    -40.41770100593567
                ],
                [
                    -36.21798753738403,
                    -9.084880352020264
                ],
                [
                    41.467443108558655,
                    15.849113464355469
                ],
                [
                    20.556747913360596,
                    -0.6423890590667725
                ]
            ],
            "provenance": "nvisii",
            "quaternion_xyzw": [
                -0.5042484402656555,
                0.6224355101585388,
                0.2646028995513916,
                0.5369292497634888
            ],
            "quaternion_xyzw_world": [
                0.19525668025016785,
                0.16257591545581818,
                -0.07706964015960693,
                0.9641079902648926
            ],
            "segmentation_id": 4,
            "visibility": -1
        },
        {
            "bounding_box_minx_maxx_miny_maxy": [
                -1,
                -1,
                -1,
                -1
            ],
            "class": "2",
            "local_cuboid": null,
            "local_to_world_matrix": [
                [
                    0.18311172723770142,
                    0.3129179775714874,
                    0.931961715221405,
                    0.0
                ],
                [
                    -0.7137867212295532,
                    0.6941830515861511,
                    -0.09283599257469177,
                    0.0
                ],
                [
                    -0.6760020852088928,
                    -0.6482224464416504,
                    0.350469708442688,
                    0.0
                ],
                [
                    1.9592537879943848,
                    0.8384701013565063,
                    0.2852567732334137,
                    1.0
                ]
            ],
            "location": [
                -0.8384701013565063,
                0.2852567732334137,
                -1.9592537879943848
            ],
            "location_world": [
                1.9592537879943848,
                0.8384701013565063,
                0.2852567732334137
            ],
            "name": "google_2_of_Jenga_Classic_Game_4",
            "projected_cuboid": [
                [
                    37.94439136981964,
                    106.3239723443985
                ],
                [
                    10.249733924865723,
                    104.06489670276642
                ],
                [
                    -24.319618940353394,
                    150.85521340370178
                ],
                [
                    1.679643988609314,
                    151.47843956947327
                ],
                [
                    44.576048851013184,
                    130.0237476825714
                ],
                [
                    16.881167888641357,
                    128.57407331466675
                ],
                [
                    -18.629372119903564,
                    173.19798469543457
                ],
                [
                    7.386401295661926,
                    173.14639687538147
                ],
                [
                    8.724421262741089,
                    140.86391031742096
                ]
            ],
            "provenance": "nvisii",
            "quaternion_xyzw": [
                0.1611800640821457,
                0.36880889534950256,
                0.7214146256446838,
                0.563526451587677
            ],
            "quaternion_xyzw_world": [
                0.1860503852367401,
                -0.5386561155319214,
                0.34393855929374695,
                0.7462849617004395
            ],
            "segmentation_id": 5,
            "visibility": -1
        },
        {
            "bounding_box_minx_maxx_miny_maxy": [
                -1,
                -1,
                -1,
                -1
            ],
            "class": "ASICS",
            "local_cuboid": null,
            "local_to_world_matrix": [
                [
                    0.8133441805839539,
                    0.009225346148014069,
                    -0.5817096829414368,
                    0.0
                ],
                [
                    -0.2323896288871765,
                    0.921794056892395,
                    -0.31030747294425964,
                    0.0
                ],
                [
                    0.533353865146637,
                    0.3875700533390045,
                    0.7518796920776367,
                    0.0
                ],
                [
                    1.5484594106674194,
                    -0.5064477920532227,
                    -0.5672413110733032,
                    1.0
                ]
            ],
            "location": [
                0.5064477920532227,
                -0.5672413110733032,
                -1.5484594106674194
            ],
            "location_world": [
                1.5484594106674194,
                -0.5064477920532227,
                -0.5672413110733032
            ],
            "name": "google_ASICS_GELAce_Pro_Pearl_WhitePink_5",
            "projected_cuboid": [
                [
                    459.18524265289307,
                    410.97500920295715
                ],
                [
                    368.7353730201721,
                    451.0028660297394
                ],
                [
                    394.2338228225708,
                    499.12700057029724
                ],
                [
                    487.5922203063965,
                    455.34682273864746
                ],
                [
                    470.67755460739136,
                    396.575003862381
                ],
                [
                    375.70786476135254,
                    438.196063041687
                ],
                [
                    403.0281901359558,
                    488.5014593601227
                ],
                [
                    501.1976957321167,
                    442.74991750717163
                ],
                [
                    433.0952763557434,
                    446.99299335479736
                ]
            ],
            "provenance": "nvisii",
            "quaternion_xyzw": [
                -0.6772067546844482,
                0.5550386905670166,
                0.44333362579345703,
                0.19177676737308502
            ],
            "quaternion_xyzw_world": [
                -0.1868624985218048,
                0.2985675036907196,
                0.06469441205263138,
                0.9336779117584229
            ],
            "segmentation_id": 6,
            "visibility": -1
        },
        {
            "bounding_box_minx_maxx_miny_maxy": [
                -1,
                -1,
                -1,
                -1
            ],
            "class": "5",
            "local_cuboid": null,
            "local_to_world_matrix": [
                [
                    -0.3513774871826172,
                    -0.2581963539123535,
                    0.8999269604682922,
                    0.0
                ],
                [
                    0.9284621477127075,
                    0.027496159076690674,
                    0.37040790915489197,
                    0.0
                ],
                [
                    -0.12038248777389526,
                    0.9657011032104492,
                    0.23006397485733032,
                    0.0
                ],
                [
                    1.9628974199295044,
                    -0.033036962151527405,
                    -0.010399104095995426,
                    1.0
                ]
            ],
            "location": [
                0.033036962151527405,
                -0.010399104095995426,
                -1.9628974199295044
            ],
            "location_world": [
                1.9628974199295044,
                -0.033036962151527405,
                -0.010399104095995426
            ],
            "name": "google_5_HTP_6",
            "projected_cuboid": [
                [
                    235.79449951648712,
                    242.3824816942215
                ],
                [
                    235.70361733436584,
                    236.6056740283966
                ],
                [
                    261.9551122188568,
                    242.91366338729858
                ],
                [
                    262.70872354507446,
                    248.81784617900848
                ],
                [
                    231.6584289073944,
                    257.3489248752594
                ],
                [
                    231.66991770267487,
                    251.25908851623535
                ],
                [
                    257.6976418495178,
                    257.42965936660767
                ],
                [
                    258.33746790885925,
                    263.64049315452576
                ],
                [
                    246.96451425552368,
                    250.05614757537842
                ]
            ],
            "provenance": "nvisii",
            "quaternion_xyzw": [
                0.438008576631546,
                0.4979530870914459,
                -0.35063451528549194,
                -0.6612462997436523
            ],
            "quaternion_xyzw_world": [
                0.3126749098300934,
                0.5359126925468445,
                0.6232867240905762,
                -0.4759681522846222
            ],
            "segmentation_id": 7,
            "visibility": -1
        },
        {
            "bounding_box_minx_maxx_miny_maxy": [
                -1,
                -1,
                -1,
                -1
            ],
            "class": "ASICS",
            "local_cuboid": null,
            "local_to_world_matrix": [
                [
                    0.8732296824455261,
                    -0.4840046763420105,
                    0.0566520057618618,
                    0.0
                ],
                [
                    -0.4813687801361084,
                    -0.874833345413208,
                    -0.05432695895433426,
                    0.0
                ],
                [
                    0.07585553824901581,
                    0.020169412717223167,
                    -0.9969152212142944,
                    0.0
                ],
                [
                    1.6928976774215698,
                    0.5154057741165161,
                    -0.336880624294281,
                    1.0
                ]
            ],
            "location": [
                -0.5154057741165161,
                -0.336880624294281,
                -1.6928976774215698
            ],
            "location_world": [
                1.6928976774215698,
                0.5154057741165161,
                -0.336880624294281
            ],
            "name": "google_ASICS_GELAce_Pro_Pearl_WhitePink_7",
            "projected_cuboid": [
                [
                    44.42308843135834,
                    402.37757563591003
                ],
                [
                    118.56350302696228,
                    420.7185208797455
                ],
                [
                    118.73990297317505,
                    373.5881447792053
                ],
                [
                    44.17040944099426,
                    358.784019947052
                ],
                [
                    15.652477741241455,
                    412.5802516937256
                ],
                [
                    91.55790507793427,
                    432.88201093673706
                ],
                [
                    91.57103300094604,
                    383.0808103084564
                ],
                [
                    15.216410160064697,
                    366.7110800743103
                ],
                [
                    66.31854176521301,
                    393.416166305542
                ]
            ],
            "provenance": "nvisii",
            "quaternion_xyzw": [
                0.635253369808197,
                0.36658015847206116,
                -0.35159170627593994,
                0.5817694067955017
            ],
            "quaternion_xyzw_world": [
                0.9675973057746887,
                -0.24942542612552643,
                0.03423623368144035,
                -0.01924777403473854
            ],
            "segmentation_id": 8,
            "visibility": -1
        },
        {
            "bounding_box_minx_maxx_miny_maxy": [
                -1,
                -1,
                -1,
                -1
            ],
            "class": "5",
            "local_cuboid": null,
            "local_to_world_matrix": [
                [
                    -0.18955838680267334,
                    -0.41423946619033813,
                    0.8902096748352051,
                    0.0
                ],
                [
                    0.677815854549408,
                    -0.7111606597900391,
                    -0.18659107387065887,
                    0.0
                ],
                [
                    0.7103754281997681,
                    0.5680283308029175,
                    0.4155845642089844,
                    0.0
                ],
                [
                    1.5837992429733276,
                    0.22848613560199738,
                    -0.16612505912780762,
                    1.0
                ]
            ],
            "location": [
                -0.22848613560199738,
                -0.16612505912780762,
                -1.5837992429733276
            ],
            "location_world": [
                1.5837992429733276,
                0.22848613560199738,
                -0.16612505912780762
            ],
            "name": "google_5_HTP_8",
            "projected_cuboid": [
                [
                    143.4880793094635,
                    287.41177916526794
                ],
                [
                    159.347802400589,
                    290.1718318462372
                ],
                [
                    174.8386025428772,
                    305.7141304016113
                ],
                [
                    158.6908996105194,
                    303.19681763648987
                ],
                [
                    136.0177993774414,
                    304.6454191207886
                ],
                [
                    151.94107592105865,
                    307.02152848243713
                ],
                [
                    167.04392433166504,
                    323.1281638145447
                ],
                [
                    150.823175907135,
                    321.0214376449585
                ],
                [
                    155.20241856575012,
                    305.1735460758209
                ]
            ],
            "provenance": "nvisii",
            "quaternion_xyzw": [
                0.7601325511932373,
                0.5266746878623962,
                -0.12447500228881836,
                -0.3596084713935852
            ],
            "quaternion_xyzw_world": [
                0.5258368849754333,
                0.12531279027462006,
                0.7609703540802002,
                -0.3587706685066223
            ],
            "segmentation_id": 9,
            "visibility": -1
        },
        {
            "bounding_box_minx_maxx_miny_maxy": [
                -1,
                -1,
                -1,
                -1
            ],
            "class": "2",
            "local_cuboid": null,
            "local_to_world_matrix": [
                [
                    -0.23234808444976807,
                    0.8895719051361084,
                    0.3932889699935913,
                    0.0
                ],
                [
                    0.9193212985992432,
                    0.3328903317451477,
                    -0.20983904600143433,
                    0.0
                ],
                [
                    -0.31758904457092285,
                    0.3128032088279724,
                    -0.895148754119873,
                    0.0
                ],
                [
                    0.48619070649147034,
                    -0.11740164458751678,
                    0.28167128562927246,
                    1.0
                ]
            ],
            "location": [
                0.11740164458751678,
                0.28167128562927246,
                -0.48619070649147034
            ],
            "location_world": [
                0.48619070649147034,
                -0.11740164458751678,
                0.28167128562927246
            ],
            "name": "google_2_of_Jenga_Classic_Game_9",
            "projected_cuboid": [
                [
                    258.7830126285553,
                    172.12364077568054
                ],
                [
                    217.06922352313995,
                    211.6919755935669
                ],
                [
                    329.9030661582947,
                    -87.36658096313477
                ],
                [
                    382.7744722366333,
                    -171.53677344322205
                ],
                [
                    374.77999925613403,
                    227.526918053627
                ],
                [
                    314.39781188964844,
                    255.70815801620483
                ],
                [
                    406.4561724662781,
                    -40.73259234428406
                ],
                [
                    470.2218174934387,
                    -113.59378695487976
                ],
                [
                    348.4622538089752,
                    42.85989701747894
                ]
            ],
            "provenance": "nvisii",
            "quaternion_xyzw": [
                0.02587530016899109,
                0.5835546255111694,
                -0.7773351669311523,
                -0.2335476577281952
            ],
            "quaternion_xyzw_world": [
                0.5766087174415588,
                0.7842810750007629,
                0.03282119333744049,
                -0.22660179436206818
            ],
            "segmentation_id": 10,
            "visibility": -1
        },
        {
            "bounding_box_minx_maxx_miny_maxy": [
                -1,
                -1,
                -1,
                -1
            ],
            "class": "50",
            "local_cuboid": null,
            "local_to_world_matrix": [
                [
                    0.3137468099594116,
                    -0.09691736102104187,
                    -0.9445475339889526,
                    0.0
                ],
                [
                    -0.4693767726421356,
                    -0.8805608749389648,
                    -0.0655592679977417,
                    0.0
                ],
                [
                    -0.8253777027130127,
                    0.46391767263412476,
                    -0.32176387310028076,
                    0.0
                ],
                [
                    1.934260368347168,
                    -0.6303542256355286,
                    0.704511284828186,
                    1.0
                ]
            ],
            "location": [
                0.6303542256355286,
                0.704511284828186,
                -1.934260368347168
            ],
            "location_world": [
                1.934260368347168,
                -0.6303542256355286,
                0.704511284828186
            ],
            "name": "google_50_BLOCKS_10",
            "projected_cuboid": [
                [
                    416.2657856941223,
                    92.12161600589752
                ],
                [
                    464.01524543762207,
                    89.41605687141418
                ],
                [
                    469.8588252067566,
                    85.92990040779114
                ],
                [
                    424.0642786026001,
                    88.63158524036407
                ],
                [
                    415.02928733825684,
                    -28.927236795425415
                ],
                [
                    465.77149629592896,
                    -36.53976321220398
                ],
                [
                    471.8819856643677,
                    -34.00328755378723
                ],
                [
                    423.3419895172119,
                    -26.844918727874756
                ],
                [
                    443.4191882610321,
                    30.543938279151917
                ]
            ],
            "provenance": "nvisii",
            "quaternion_xyzw": [
                0.2903010845184326,
                -0.05510367453098297,
                -0.6697050929069519,
                0.6813104748725891
            ],
            "quaternion_xyzw_world": [
                0.7931064963340759,
                -0.178505077958107,
                -0.5579090714454651,
                -0.1668996959924698
            ],
            "segmentation_id": 11,
            "visibility": -1
        },
        {
            "bounding_box_minx_maxx_miny_maxy": [
                -1,
                -1,
                -1,
                -1
            ],
            "class": "50",
            "local_cuboid": null,
            "local_to_world_matrix": [
                [
                    -0.11770987510681152,
                    -0.2760452330112457,
                    -0.9539095163345337,
                    0.0
                ],
                [
                    0.9552773237228394,
                    0.23093068599700928,
                    -0.18470606207847595,
                    0.0
                ],
                [
                    0.2712741792201996,
                    -0.9329898357391357,
                    0.23651695251464844,
                    0.0
                ],
                [
                    1.8955566883087158,
                    0.8111379146575928,
                    0.5424246788024902,
                    1.0
                ]
            ],
            "location": [
                -0.8111379146575928,
                0.5424246788024902,
                -1.8955566883087158
            ],
            "location_world": [
                1.8955566883087158,
                0.8111379146575928,
                0.5424246788024902
            ],
            "name": "google_50_BLOCKS_11",
            "projected_cuboid": [
                [
                    38.84640336036682,
                    114.44169282913208
                ],
                [
                    43.4560626745224,
                    132.26300477981567
                ],
                [
                    8.258387446403503,
                    138.56258988380432
                ],
                [
                    0.8520185947418213,
                    120.93204259872437
                ],
                [
                    11.97969913482666,
                    8.346021175384521
                ],
                [
                    18.352314829826355,
                    33.136993646621704
                ],
                [
                    -16.482383012771606,
                    37.80728578567505
                ],
                [
                    -25.58949589729309,
                    12.966558337211609
                ],
                [
                    10.08613407611847,
                    74.60667192935944
                ]
            ],
            "provenance": "nvisii",
            "quaternion_xyzw": [
                -0.6580321788787842,
                0.45014524459838867,
                -0.3991824984550476,
                0.4527871906757355
            ],
            "quaternion_xyzw_world": [
                0.3220413625240326,
                0.5272863507270813,
                -0.5299283266067505,
                0.5808910727500916
            ],
            "segmentation_id": 12,
            "visibility": -1
        },
        {
            "bounding_box_minx_maxx_miny_maxy": [
                -1,
                -1,
                -1,
                -1
            ],
            "class": "ASICS",
            "local_cuboid": null,
            "local_to_world_matrix": [
                [
                    0.20311260223388672,
                    0.9791398644447327,
                    -0.005507528781890869,
                    0.0
                ],
                [
                    0.105030357837677,
                    -0.027379155158996582,
                    -0.9940920472145081,
                    0.0
                ],
                [
                    -0.973505973815918,
                    0.2013341784477234,
                    -0.10840046405792236,
                    0.0
                ],
                [
                    1.9472782611846924,
                    0.8052041530609131,
                    -0.009036538191139698,
                    1.0
                ]
            ],
            "location": [
                -0.8052041530609131,
                -0.009036538191139698,
                -1.9472782611846924
            ],
            "location_world": [
                1.9472782611846924,
                0.8052041530609131,
                -0.009036538191139698
            ],
            "name": "google_ASICS_GELAce_Pro_Pearl_WhitePink_12",
            "projected_cuboid": [
                [
                    -45.54933309555054,
                    209.9112570285797
                ],
                [
                    -38.06111216545105,
                    305.02843856811523
                ],
                [
                    -10.844677686691284,
                    296.97102308273315
                ],
                [
                    -17.404615879058838,
                    208.0956995487213
                ],
                [
                    -14.32645320892334,
                    209.23693478107452
                ],
                [
                    -7.272541522979736,
                    305.48253655433655
                ],
                [
                    18.190473318099976,
                    297.30650782585144
                ],
                [
                    12.017980217933655,
                    207.44681358337402
                ],
                [
                    -12.501418590545654,
                    255.2241086959839
                ]
            ],
            "provenance": "nvisii",
            "quaternion_xyzw": [
                -0.10179167985916138,
                -0.05371654033660889,
                0.9933198690414429,
                -0.008276939392089844
            ],
            "quaternion_xyzw_world": [
                -0.5785525441169739,
                -0.46848392486572266,
                0.4230443239212036,
                0.5165590643882751
            ],
            "segmentation_id": 13,
            "visibility": -1
        },
        {
            "bounding_box_minx_maxx_miny_maxy": [
                -1,
                -1,
                -1,
                -1
            ],
            "class": "5",
            "local_cuboid": null,
            "local_to_world_matrix": [
                [
                    0.8700700402259827,
                    -0.4362167716026306,
