{
    "camera_data": {
        "camera_look_at": {
            "at": [
                1.0,
                0.0,
                0.0
            ],
            "eye": [
                0.0,
                0.0,
                0.0
            ],
            "up": [
                0.0,
                0.0,
                1.0
            ]
        },
        "camera_view_matrix": [
            [
                0.0,
                0.0,
                -1.0,
                0.0
            ],
            [
                -1.0,
                0.0,
                0.0,
                0.0
            ],
            [
                0.0,
                1.0,
                0.0,
                0.0
            ],
            [
                0.0,
                0.0,
                0.0,
                1.0
            ]
        ],
        "height": 500,
        "intrinsics": {
            "cx": 250.0,
            "cy": 250.0,
            "fx": 603.5535278320312,
            "fy": 603.5535278320312
        },
        "location_world": [
            0.0,
            0.0,
            0.0
        ],
        "quaternion_world_xyzw": [
            0.5,
            -0.5,
            -0.5,
            0.5
        ],
        "width": 500
    },
    "objects": [
        {
            "bounding_box_minx_maxx_miny_maxy": [
                -1,
                -1,
                -1,
                -1
            ],
            "class": "50",
            "local_cuboid": null,
            "local_to_world_matrix": [
                [
                    0.40693825483322144,
                    -0.326709121465683,
                    0.8530312776565552,
                    0.0
                ],
                [
                    0.8566516637802124,
                    0.46067047119140625,
                    -0.23222953081130981,
                    0.0
                ],
                [
                    -0.3170948028564453,
                    0.8252537846565247,
                    0.467340350151062,
                    0.0
                ],
                [
                    1.4993113279342651,
                    0.49109384417533875,
                    -0.5886930823326111,
                    1.0
                ]
            ],
            "location": [
                -0.49109384417533875,
                -0.5886930823326111,
                -1.4993113279342651
            ],
            "location_world": [
                1.4993113279342651,
                0.49109384417533875,
                -0.5886930823326111
            ],
            "name": "google_50_BLOCKS_0",
            "projected_cuboid": [
                [
                    49.10285770893097,
                    400.78115463256836
                ],
                [
                    39.43042457103729,
                    401.78507566452026
                ],
                [
                    77.63446867465973,
                    417.60727763175964
                ],
                [
                    90.24856984615326,
                    417.9379940032959
                ],
                [
                    -25.53042769432068,
                    554.9521446228027
                ],
                [
                    -29.74724769592285,
                    542.7978038787842
                ],
                [
                    13.79711925983429,
                    556.8394660949707
                ],
                [
                    21.897390484809875,
                    569.9687600135803
                ],
                [
                    31.358346343040466,
                    479.2152941226959
                ]
            ],
            "provenance": "nvisii",
            "quaternion_xyzw": [
                -0.5571902394294739,
                -0.17604437470436096,
                0.5528596639633179,
                0.5940484404563904
            ],
            "quaternion_xyzw_world": [
                -0.34602290391921997,
                -0.38288113474845886,
                -0.38721171021461487,
                0.7640269994735718
            ],
            "segmentation_id": 1,
            "visibility": -1
        },
        {
            "bounding_box_minx_maxx_miny_maxy": [
                -1,
                -1,
                -1,
                -1
            ],
            "class": "2",
            "local_cuboid": null,
            "local_to_world_matrix": [
                [
                    0.05049407482147217,
                    -0.6925510168075562,
                    -0.7195994853973389,
                    0.0
                ],
                [
                    -0.9986695051193237,
                    -0.027457237243652344,
                    -0.04365125298500061,
                    0.0
                ],
                [
                    0.01047256588935852,
                    0.7208461761474609,
                    -0.6930160522460938,
                    0.0
                ],
                [
                    1.7382261753082275,
                    -0.737109363079071,
                    -0.6047913432121277,
                    1.0
                ]
            ],
            "location": [
                0.737109363079071,
                -0.6047913432121277,
                -1.7382261753082275
            ],
            "location_world": [
                1.7382261753082275,
                -0.737109363079071,
                -0.6047913432121277
            ],
            "name": "google_2_of_Jenga_Classic_Game_1",
            "projected_cuboid": [
                [
                    436.8301331996918,
                    531.836211681366
                ],
                [
                    446.91383838653564,
                    547.1144318580627
                ],
                [
                    522.1073627471924,
                    475.7002294063568
                ],
                [
                    508.4489583969116,
                    463.77432346343994
                ],
                [
                    418.73854398727417,
                    513.2341980934143
                ],
                [
                    427.9469847679138,
                    527.6240706443787
                ],
                [
                    503.28314304351807,
                    456.0067057609558
                ],
                [
                    490.4867112636566,
                    444.98786330223083
                ],
                [
                    469.18410062789917,
                    494.91703510284424
                ]
            ],
            "provenance": "nvisii",
            "quaternion_xyzw": [
                0.6608091592788696,
                -0.2618541121482849,
                -0.2918165922164917,
                0.640005350112915
            ],
            "quaternion_xyzw_world": [
                0.6653884649276733,
                -0.6354259848594666,
                -0.266433447599411,
                -0.2872372567653656
            ],
            "segmentation_id": 2,
            "visibility": -1
        },
        {
            "bounding_box_minx_maxx_miny_maxy": [
                -1,
                -1,
                -1,
                -1
            ],
            "class": "50",
            "local_cuboid": null,
            "local_to_world_matrix": [
                [
                    0.7874031066894531,
                    0.615303635597229,
                    -0.03738708049058914,
                    0.0
                ],
                [
                    0.6015502214431763,
                    -0.7802202701568604,
                    -0.17144596576690674,
                    0.0
                ],
                [
                    -0.1346614956855774,
                    0.11250688880681992,
                    -0.9844839572906494,
                    0.0
                ],
                [
                    1.4758341312408447,
                    -0.08072665333747864,
                    -0.16919611394405365,
                    1.0
                ]
            ],
            "location": [
                0.08072665333747864,
                -0.16919611394405365,
                -1.4758341312408447
            ],
            "location_world": [
                1.4758341312408447,
                -0.08072665333747864,
                -0.16919611394405365
            ],
            "name": "google_50_BLOCKS_2",
            "projected_cuboid": [
                [
                    212.10896968841553,
                    355.518639087677
                ],
                [
                    255.93364238739014,
                    359.0695261955261
                ],
                [
                    260.402649641037,
                    318.5198903083801
                ],
                [
                    217.24267303943634,
                    312.7368092536926
                ],
                [
                    307.2437644004822,
                    372.3767399787903
                ],
                [
                    353.9394736289978,
                    375.57142972946167
                ],
                [
                    358.25836658477783,
                    326.61205530166626
                ],
                [
                    312.3943507671356,
                    320.12537121772766
                ],
                [
                    280.7703912258148,
                    341.9382572174072
                ]
            ],
            "provenance": "nvisii",
            "quaternion_xyzw": [
                0.324607789516449,
                0.5721005201339722,
                -0.6930748820304871,
                0.29492029547691345
            ],
            "quaternion_xyzw_world": [
                0.942351758480072,
                0.3228236734867096,
                -0.0456434041261673,
                -0.07533091306686401
            ],
            "segmentation_id": 3,
            "visibility": -1
        },
        {
            "bounding_box_minx_maxx_miny_maxy": [
                -1,
                -1,
                -1,
                -1
            ],
            "class": "Cube",
            "local_cuboid": null,
            "local_to_world_matrix": [
                [
                    -0.9849979877471924,
                    -0.15019762516021729,
                    0.08497278392314911,
                    0.0
                ],
                [
                    0.09877528250217438,
                    -0.08694946765899658,
                    0.9913039207458496,
                    0.0
                ],
                [
                    -0.14150315523147583,
                    0.9848252534866333,
                    0.10048049688339233,
                    0.0
                ],
                [
                    1.0310535430908203,
                    -0.16839806735515594,
                    2.4399969577789307,
                    1.0
                ]
            ],
            "location": [
                0.16839806735515594,
                2.4399969577789307,
                -1.0310535430908203
            ],
            "location_world": [
                1.0310535430908203,
                -0.16839806735515594,
                2.4399969577789307
            ],
            "name": "google_Cube_3",
            "projected_cuboid": [
                [
                    222.20152616500854,
                    -201.4656364917755
                ],
                [
                    229.1097640991211,
                    -270.7313895225525
                ],
                [
                    302.5347590446472,
                    -254.21977043151855
                ],
                [
                    296.65058851242065,
                    -185.97066402435303
                ],
                [
                    215.07661044597626,
                    -145.6136703491211
                ],
                [
                    221.30540013313293,
                    -207.89536833763123
                ],
                [
                    286.92173957824707,
                    -194.14189457893372
                ],
                [
                    281.50904178619385,
                    -132.68649578094482
                ],
                [
                    256.89181685447693,
                    -197.5400149822235
                ]
            ],
            "provenance": "nvisii",
            "quaternion_xyzw": [
                0.06593680381774902,
                0.6518441438674927,
                0.0006540585309267044,
                -0.7554807662963867
            ],
            "quaternion_xyzw_world": [
                -0.01917693391442299,
                0.6703670620918274,
                0.7369579076766968,
                -0.08445967733860016
            ],
            "segmentation_id": 4,
            "visibility": -1
        },
        {
            "bounding_box_minx_maxx_miny_maxy": [
                -1,
                -1,
                -1,
                -1
            ],
            "class": "Cube",
            "local_cuboid": null,
            "local_to_world_matrix": [
                [
                    0.6505381464958191,
                    0.7554419040679932,
                    -0.07815176248550415,
                    0.0
                ],
                [
                    -0.22728252410888672,
                    0.2918351888656616,
                    0.9290720224380493,
                    0.0
                ],
                [
                    0.7246673703193665,
                    -0.5866342782974243,
                    0.36154866218566895,
                    0.0
                ],
                [
                    1.5244450569152832,
                    -0.2372879683971405,
                    2.5136914253234863,
                    1.0
                ]
            ],
            "location": [
                0.2372879683971405,
                2.5136914253234863,
                -1.5244450569152832
            ],
            "location_world": [
                1.5244450569152832,
                -0.2372879683971405,
                2.5136914253234863
            ],
            "name": "google_Cube_4",
            "projected_cuboid": [
                [
                    481.9452166557312,
                    15.12204110622406
                ],
                [
                    475.7636785507202,
                    -15.636205673217773
                ],
                [
                    465.8653140068054,
                    -14.299750328063965
                ],
                [
                    472.3924398422241,
                    17.587810754776
                ],
                [
                    512.9965543746948,
                    4.889935255050659
                ],
                [
                    506.9722533226013,
                    -27.024567127227783
                ],
                [
                    497.9439675807953,
                    -26.085257530212402
                ],
                [
                    504.3092966079712,
                    7.0469677448272705
                ],
                [
                    489.6140694618225,
                    -4.630327224731445
                ]
            ],
            "provenance": "nvisii",
            "quaternion_xyzw": [
                -0.10019160807132721,
                0.9231984615325928,
                0.1594541221857071,
                0.3350234031677246
            ],
            "quaternion_xyzw_world": [
                0.49928805232048035,
                0.26445624232292175,
                0.32371875643730164,
                0.7589337825775146
            ],
            "segmentation_id": 5,
            "visibility": -1
        },
        {
            "bounding_box_minx_maxx_miny_maxy": [
                -1,
                -1,
                -1,
                -1
            ],
            "class": "2",
            "local_cuboid": null,
            "local_to_world_matrix": [
                [
                    0.9018625020980835,
                    0.2563033699989319,
                    0.3477824926376343,
                    0.0
                ],
                [
                    -0.3274397850036621,
                    -0.11962437629699707,
                    0.9372691512107849,
                    0.0
                ],
                [
                    0.28182846307754517,
                    -0.9591657519340515,
                    -0.02396094799041748,
                    0.0
                ],
                [
                    1.6985114812850952,
                    -0.020211415365338326,
                    0.7806633710861206,
                    1.0
                ]
            ],
            "location": [
                0.020211415365338326,
                0.7806633710861206,
                -1.6985114812850952
            ],
            "location_world": [
                1.6985114812850952,
                -0.020211415365338326,
                0.7806633710861206
            ],
            "name": "google_2_of_Jenga_Classic_Game_5",
            "projected_cuboid": [
                [
                    344.0587520599365,
                    3.4062713384628296
                ],
                [
                    348.8835096359253,
                    -26.874780654907227
                ],
                [
                    255.31724095344543,
                    -42.57994890213013
                ],
                [
                    251.7453134059906,
                    -10.624349117279053
                ],
                [
                    354.8002243041992,
                    2.8462111949920654
                ],
                [
                    359.9947392940521,
                    -28.688043355941772
                ],
                [
                    262.94654607772827,
                    -45.161277055740356
                ],
                [
                    259.09727811813354,
                    -11.80720329284668
                ],
                [
                    305.61375617980957,
                    -19.613415002822876
                ]
            ],
            "provenance": "nvisii",
            "quaternion_xyzw": [
                0.14853957295417786,
                0.7866703867912292,
                0.09644418954849243,
                0.5914257168769836
            ],
            "quaternion_xyzw_world": [
                0.7150957584381104,
                -0.024869533255696297,
                0.22011420130729675,
                0.6630003452301025
            ],
            "segmentation_id": 6,
            "visibility": -1
        },
        {
            "bounding_box_minx_maxx_miny_maxy": [
                -1,
                -1,
                -1,
                -1
            ],
            "class": "2",
            "local_cuboid": null,
            "local_to_world_matrix": [
                [
                    -0.6698035001754761,
                    -0.0769127830862999,
                    -0.7385448217391968,
                    0.0
                ],
                [
                    -0.1064489409327507,
                    -0.9744019508361816,
                    0.19801615178585052,
                    0.0
                ],
                [
                    -0.734869122505188,
                    0.21124912798404694,
                    0.6444697976112366,
                    0.0
                ],
                [
                    0.9306212067604065,
                    0.28281986713409424,
                    -0.47748059034347534,
                    1.0
                ]
            ],
            "location": [
                -0.28281986713409424,
                -0.47748059034347534,
                -0.9306212067604065
            ],
            "location_world": [
                0.9306212067604065,
                0.28281986713409424,
                -0.47748059034347534
            ],
            "name": "google_2_of_Jenga_Classic_Game_6",
            "projected_cuboid": [
                [
                    -82.7653706073761,
                    534.1111421585083
                ],
                [
                    -14.644742012023926,
                    523.1081247329712
                ],
                [
                    89.88696336746216,
                    584.2317342758179
                ],
                [
                    36.82370483875275,
                    592.030942440033
                ],
                [
                    -64.12696838378906,
                    466.93164110183716
                ],
                [
                    -0.657200813293457,
                    455.8982253074646
                ],
                [
                    94.92410719394684,
                    528.7766456604004
                ],
                [
                    44.72962021827698,
                    536.665678024292
                ],
                [
                    20.027175545692444,
                    531.0251116752625
                ]
            ],
            "provenance": "nvisii",
            "quaternion_xyzw": [
                0.189754918217659,
                0.31073880195617676,
                0.6041399836540222,
                -0.7088367938995361
            ],
            "quaternion_xyzw_world": [
                -0.4062415063381195,
                0.11284034699201584,
                0.9067352414131165,
                0.00814354419708252
            ],
            "segmentation_id": 7,
            "visibility": -1
        },
        {
            "bounding_box_minx_maxx_miny_maxy": [
                -1,
                -1,
                -1,
                -1
            ],
            "class": "50",
            "local_cuboid": null,
            "local_to_world_matrix": [
                [
                    0.9378337264060974,
                    0.2897913455963135,
                    0.1910206377506256,
                    0.0
                ],
                [
                    -0.332297682762146,
                    0.5907338261604309,
                    0.7352631688117981,
                    0.0
                ],
                [
                    0.10023052245378494,
                    -0.7530303597450256,
                    0.6503070592880249,
                    0.0
                ],
                [
                    0.8433412313461304,
                    0.5950742959976196,
                    -0.29589542746543884,
                    1.0
                ]
            ],
            "location": [
                -0.5950742959976196,
                -0.29589542746543884,
                -0.8433412313461304
            ],
            "location_world": [
                0.8433412313461304,
                0.5950742959976196,
                -0.29589542746543884
            ],
            "name": "google_50_BLOCKS_7",
            "projected_cuboid": [
                [
                    -50.528526306152344,
                    390.4643654823303
                ],
                [
                    -117.3957884311676,
                    332.28641748428345
                ],
                [
                    -172.5013554096222,
                    377.2331476211548
                ],
                [
                    -102.3319661617279,
                    433.92544984817505
                ],
                [
                    -103.98828983306885,
                    513.9510631561279
                ],
                [
                    -208.41071009635925,
                    435.53873896598816
                ],
                [
                    -293.2593822479248,
                    505.23847341537476
                ],
                [
                    -181.30794167518616,
                    580.062985420227
                ],
                [
                    -143.77546310424805,
                    434.55570936203003
                ]
            ],
            "provenance": "nvisii",
            "quaternion_xyzw": [
                -0.13709136843681335,
                0.7289179563522339,
                0.33700817823410034,
                0.5799227356910706
            ],
            "quaternion_xyzw_world": [
                0.41737058758735657,
                -0.025460783392190933,
                0.17445595562458038,
                0.8914700746536255
            ],
            "segmentation_id": 8,
            "visibility": -1
        },
        {
            "bounding_box_minx_maxx_miny_maxy": [
                -1,
                -1,
                -1,
                -1
            ],
            "class": "Cube",
            "local_cuboid": null,
            "local_to_world_matrix": [
                [
                    -0.5898178815841675,
                    -0.7145857810974121,
                    0.3761417269706726,
                    0.0
                ],
                [
                    0.4750235080718994,
                    0.0696607232093811,
                    0.8772116899490356,
                    0.0
                ],
                [
                    -0.6530452370643616,
                    0.6960710287094116,
                    0.2983575463294983,
                    0.0
                ],
                [
                    2.793621778488159,
                    0.7406849265098572,
                    2.4004623889923096,
                    1.0
                ]
            ],
            "location": [
                -0.7406849265098572,
                2.4004623889923096,
                -2.793621778488159
            ],
            "location_world": [
                2.793621778488159,
                0.7406849265098572,
                2.4004623889923096
            ],
            "name": "google_Cube_8",
            "projected_cuboid": [
                [
                    50.277143716812134,
                    -8.828818798065186
                ],
                [
                    53.07483673095703,
                    -30.35569190979004
                ],
                [
                    81.16210997104645,
                    -11.766612529754639
                ],
                [
                    79.16021347045898,
                    9.486019611358643
                ],
                [
                    33.77582132816315,
                    11.156708002090454
                ],
                [
                    36.89129650592804,
                    -10.205686092376709
                ],
                [
                    64.6805614233017,
                    7.184833288192749
                ],
                [
                    62.340348958969116,
                    28.257668018341064
                ],
                [
                    57.799890637397766,
                    -0.46503543853759766
                ]
            ],
            "provenance": "nvisii",
            "quaternion_xyzw": [
                0.21466776728630066,
                0.3569246530532837,
                -0.12374162673950195,
                -0.9006723761558533
            ],
            "quaternion_xyzw_world": [
                -0.10266917198896408,
                0.5833354592323303,
                0.6742615699768066,
                -0.4410785436630249
            ],
            "segmentation_id": 9,
            "visibility": -1
        },
        {
            "bounding_box_minx_maxx_miny_maxy": [
                -1,
                -1,
                -1,
                -1
            ],
            "class": "50",
            "local_cuboid": null,
            "local_to_world_matrix": [
                [
                    -0.22849345207214355,
                    -0.7981668710708618,
                    0.557422935962677,
                    0.0
                ],
                [
                    0.9400168657302856,
                    -0.3298509120941162,
                    -0.0869867205619812,
                    0.0
                ],
                [
                    0.2532963752746582,
                    0.5041110515594482,
                    0.8256591558456421,
                    0.0
                ],
                [
                    1.2903567552566528,
                    -0.5880967974662781,
                    0.6163751482963562,
                    1.0
                ]
            ],
            "location": [
                0.5880967974662781,
                0.6163751482963562,
                -1.2903567552566528
            ],
            "location_world": [
                1.2903567552566528,
                -0.5880967974662781,
                0.6163751482963562
            ],
            "name": "google_50_BLOCKS_9",
            "projected_cuboid": [
                [
                    574.5779871940613,
                    -155.7682752609253
                ],
                [
                    563.0805492401123,
                    -108.7130606174469
                ],
                [
                    595.2364206314087,
                    -74.55292344093323
                ],
                [
                    610.7426881790161,
                    -118.75408887863159
                ],
                [
                    421.3564991950989,
                    -37.48267889022827
                ],
                [
                    425.2431094646454,
                    -4.4772326946258545
                ],
                [
                    452.7747929096222,
                    29.78445589542389
                ],
                [
                    451.7951309680939,
                    -0.228196382522583
                ],
                [
                    509.22882556915283,
                    -56.21656775474548
                ]
            ],
            "provenance": "nvisii",
            "quaternion_xyzw": [
                -0.7311719655990601,
                -0.3033738136291504,
                0.0942382961511612,
                0.6037142872810364
            ],
            "quaternion_xyzw_world": [
                -0.2625349164009094,
                -0.13507720828056335,
                -0.7720109224319458,
                0.5628753900527954
            ],
            "segmentation_id": 10,
            "visibility": -1
        },
        {
            "bounding_box_minx_maxx_miny_maxy": [
                -1,
                -1,
                -1,
                -1
            ],
            "class": "50",
            "local_cuboid": null,
            "local_to_world_matrix": [
                [
                    -0.048157572746276855,
                    -0.8238986134529114,
                    -0.5646874904632568,
                    0.0
                ],
                [
                    -0.899599015712738,
                    -0.2098979949951172,
                    0.382968008518219,
                    0.0
                ],
                [
                    -0.43405359983444214,
                    0.526435136795044,
                    -0.7310701608657837,
                    0.0
                ],
                [
                    0.9017871618270874,
                    -0.4533082842826843,
                    0.537165105342865,
                    1.0
                ]
            ],
            "location": [
                0.4533082842826843,
                0.537165105342865,
                -0.9017871618270874
            ],
            "location_world": [
                0.9017871618270874,
                -0.4533082842826843,
                0.537165105342865
            ],
            "name": "google_50_BLOCKS_10",
            "projected_cuboid": [
                [
                    599.0238189697266,
                    32.51606225967407
                ],
                [
                    681.6366314888,
                    -47.49539494514465
                ],
                [
                    699.0665197372437,
                    -89.22058343887329
                ],
                [
                    618.2008981704712,
                    -7.49555230140686
                ],
                [
                    401.8375873565674,
                    -94.19625997543335
                ],
                [
                    450.1327872276306,
                    -193.39600205421448
                ],
                [
                    480.3697466850281,
                    -225.97980499267578
                ],
                [
                    430.37813901901245,
                    -127.27168202400208
                ],
                [
                    541.9372320175171,
                    -91.85093641281128
                ]
            ],
            "provenance": "nvisii",
            "quaternion_xyzw": [
                0.5017163157463074,
                -0.176787868142128,
                -0.23832067847251892,
                0.8125454187393188
            ],
            "quaternion_xyzw_world": [
                0.687897264957428,
                -0.6263644695281982,
                -0.3629688322544098,
                -0.05213972553610802
            ],
            "segmentation_id": 11,
            "visibility": -1
        },
        {
            "bounding_box_minx_maxx_miny_maxy": [
                -1,
                -1,
                -1,
                -1
            ],
            "class": "Cube",
            "local_cuboid": null,
            "local_to_world_matrix": [
                [
                    -0.010331034660339355,
                    -0.3876764178276062,
                    0.9217376112937927,
                    0.0
                ],
                [
                    0.0013461261987686157,
                    0.9217805862426758,
                    0.3877095580101013,
                    0.0
                ],
                [
                    -0.9999457001686096,
                    0.005246207118034363,
                    -0.009001016616821289,
                    0.0
                ],
                [
                    1.9605669975280762,
                    2.509089708328247,
                    1.5336601734161377,
                    1.0
                ]
            ],
            "location": [
                -2.509089708328247,
                1.5336601734161377,
                -1.9605669975280762
            ],
            "location_world": [
                1.9605669975280762,
                2.509089708328247,
                1.5336601734161377
            ],
            "name": "google_Cube_11",
            "projected_cuboid": [
                [
                    9.015902876853943,
                    -19.68589425086975
                ],
                [
                    -20.130783319473267,
                    -31.933367252349854
                ],
                [
                    -6.518751382827759,
                    -18.161863088607788
                ],
                [
                    21.1770236492157,
                    -6.523489952087402
                ],
                [
                    -3.1133294105529785,
                    9.608611464500427
                ],
                [
                    -32.243311405181885,
                    -2.6343166828155518
                ],
                [
                    -18.03538203239441,
                    9.671583771705627
                ],
                [
                    9.64537262916565,
                    21.305829286575317
                ],
                [
                    -4.8590898513793945,
                    -4.627972841262817
                ]
            ],
            "provenance": "nvisii",
            "quaternion_xyzw": [
                0.0022974908351898193,
                -0.004675231873989105,
                0.5532991886138916,
                0.8329663276672363
            ],
            "quaternion_xyzw_world": [
                0.138644739985466,
                -0.6966190934181213,
                -0.1410224735736847,
                0.6896463632583618
            ],
            "segmentation_id": 12,
            "visibility": -1
        },
        {
            "bounding_box_minx_maxx_miny_maxy": [
                -1,
                -1,
                -1,
                -1
            ],
            "class": "2",
            "local_cuboid": null,
            "local_to_world_matrix": [
                [
                    0.7936516404151917,
                    0.20790238678455353,
                    0.5717462301254272,
                    0.0
                ],
                [
                    0.2054453343153,
                    -0.9761780500411987,
                    0.06978204846382141,
                    0.0
                ],
                [
                    0.5726337432861328,
                    0.062079936265945435,
                    -0.817457914352417,
                    0.0
                ],
                [
                    1.3034627437591553,
                    -0.19172143936157227,
                    0.7197762131690979,
                    1.0
                ]
            ],
            "location": [
                0.19172143936157227,
                0.7197762131690979,
                -1.3034627437591553
            ],
            "location_world": [
                1.3034627437591553,
                -0.19172143936157227,
                0.7197762131690979
            ],
            "name": "google_2_of_Jenga_Classic_Game_12",
            "projected_cuboid": [
                [
                    300.17539858818054,
                    47.67996072769165
                ],
                [
                    332.53055810928345,
                    47.649085521698
                ],
                [
                    350.9528934955597,
                    -84.81994271278381
                ],
                [
                    314.75764513015747,
                    -86.51810884475708
                ],
                [
                    309.28975343704224,
                    57.853296399116516
                ],
                [
                    342.93460845947266,
                    57.69920349121094
                ],
                [
                    363.6161983013153,
                    -79.93268966674805
                ],
                [
                    325.80119371414185,
                    -81.64793252944946
                ],
                [
                    329.46568727493286,
                    -11.238157749176025
                ]
            ],
            "provenance": "nvisii",
            "quaternion_xyzw": [
                0.5689792037010193,
                0.6801320314407349,
                -0.3759942948818207,
                0.2689080536365509
            ],
            "quaternion_xyzw_world": [
                0.9470068216323853,
                0.10911951959133148,
                0.30210447311401367,
                0.002033278811722994
            ],
            "segmentation_id": 13,
            "visibility": -1
        },
        {
            "bounding_box_minx_maxx_miny_maxy": [
                -1,
                -1,
                -1,
                -1
            ],
            "class": "2",
            "local_cuboid": null,
            "local_to_world_matrix": [
                [
                    -0.9726027250289917,
                    0.05275038629770279,
                    -0.22641175985336304,
                    0.0
                ],
                [
                    0.18546804785728455,
