{
    "camera_data": {
        "camera_look_at": {
            "at": [
                1.0,
                0.0,
                0.0
            ],
            "eye": [
                0.0,
                0.0,
                0.0
            ],
            "up": [
                0.0,
                0.0,
                1.0
            ]
        },
        "camera_view_matrix": [
            [
                0.0,
                0.0,
                -1.0,
                0.0
            ],
            [
                -1.0,
                0.0,
                0.0,
                0.0
            ],
            [
                0.0,
                1.0,
                0.0,
                0.0
            ],
            [
                0.0,
                0.0,
                0.0,
                1.0
            ]
        ],
        "height": 500,
        "intrinsics": {
            "cx": 250.0,
            "cy": 250.0,
            "fx": 603.5535278320312,
            "fy": 603.5535278320312
        },
        "location_world": [
            0.0,
            0.0,
            0.0
        ],
        "quaternion_world_xyzw": [
            0.5,
            -0.5,
            -0.5,
            0.5
        ],
        "width": 500
    },
    "objects": [
        {
            "bounding_box_minx_maxx_miny_maxy": [
                -1,
                -1,
                -1,
                -1
            ],
            "class": "2",
            "local_cuboid": null,
            "local_to_world_matrix": [
                [
                    -0.6267286539077759,
                    -0.06383249163627625,
                    0.7766188383102417,
                    0.0
                ],
                [
                    0.3397660255432129,
                    -0.9192960262298584,
                    0.19863039255142212,
                    0.0
                ],
                [
                    0.701263427734375,
                    0.3883560299873352,
                    0.5978370904922485,
                    0.0
                ],
                [
                    1.4399511814117432,
                    0.5644432902336121,
                    0.5939022898674011,
                    1.0
                ]
            ],
            "location": [
                -0.5644432902336121,
                0.5939022898674011,
                -1.4399511814117432
            ],
            "location_world": [
                1.4399511814117432,
                0.5644432902336121,
                0.5939022898674011
            ],
            "name": "google_2_of_Jenga_Classic_Game_0",
            "projected_cuboid": [
                [
                    -18.453359603881836,
                    -47.225773334503174
                ],
                [
                    14.923542737960815,
                    -48.20197820663452
                ],
                [
                    29.132917523384094,
                    -17.204314470291138
                ],
                [
                    -8.833348751068115,
                    -15.450447797775269
                ],
                [
                    -12.270689010620117,
                    -16.00724458694458
                ],
                [
                    20.020857453346252,
                    -17.48669147491455
                ],
                [
                    34.46117043495178,
                    16.728729009628296
                ],
                [
                    -2.105414867401123,
                    19.094005227088928
                ],
                [
                    6.917163729667664,
                    -16.56201481819153
                ]
            ],
            "provenance": "nvisii",
            "quaternion_xyzw": [
                0.6257926225662231,
                0.677506685256958,
                0.09522823989391327,
                -0.3745662271976471
            ],
            "quaternion_xyzw_world": [
                0.416752427816391,
                0.16552604734897614,
                0.8865469098091125,
                -0.11381194740533829
            ],
            "segmentation_id": 1,
            "visibility": -1
        },
        {
            "bounding_box_minx_maxx_miny_maxy": [
                -1,
                -1,
                -1,
                -1
            ],
            "class": "2",
            "local_cuboid": null,
            "local_to_world_matrix": [
                [
                    -0.5761861801147461,
                    -0.7330230474472046,
                    0.36150622367858887,
                    0.0
                ],
                [
                    -0.5468720197677612,
                    0.6744757294654846,
                    0.49599751830101013,
                    0.0
                ],
                [
                    -0.6074047684669495,
                    0.08808925747871399,
                    -0.7894933223724365,
                    0.0
                ],
                [
                    1.4615062475204468,
                    -0.6029037237167358,
                    0.07952096313238144,
                    1.0
                ]
            ],
            "location": [
                0.6029037237167358,
                0.07952096313238144,
                -1.4615062475204468
            ],
            "location_world": [
                1.4615062475204468,
                -0.6029037237167358,
                0.07952096313238144
            ],
            "name": "google_2_of_Jenga_Classic_Game_1",
            "projected_cuboid": [
                [
                    548.1739044189453,
                    324.14525747299194
                ],
                [
                    531.5344929695129,
                    306.49715662002563
                ],
                [
                    507.2214603424072,
                    201.10264420509338
                ],
                [
                    522.6093530654907,
                    219.9380397796631
                ],
                [
                    511.74020767211914,
                    334.5533609390259
                ],
                [
                    494.3794310092926,
                    317.9044723510742
                ],
                [
                    475.3342270851135,
                    214.403435587883
                ],
                [
                    491.23498797416687,
                    232.26340115070343
                ],
                [
                    509.4102621078491,
                    265.7431364059448
                ]
            ],
            "provenance": "nvisii",
            "quaternion_xyzw": [
                -0.3967432379722595,
                0.1972115933895111,
                -0.30756473541259766,
                -0.842084527015686
            ],
            "quaternion_xyzw_world": [
                -0.3670257031917572,
                0.871802031993866,
                0.16749408841133118,
                -0.27784720063209534
            ],
            "segmentation_id": 2,
            "visibility": -1
        },
        {
            "bounding_box_minx_maxx_miny_maxy": [
                -1,
                -1,
                -1,
                -1
            ],
            "class": "2",
            "local_cuboid": null,
            "local_to_world_matrix": [
                [
                    -0.1087038516998291,
                    0.872117817401886,
                    -0.47706839442253113,
                    0.0
                ],
                [
                    -0.8618130087852478,
                    -0.3218647241592407,
                    -0.3920225501060486,
                    0.0
                ],
                [
                    -0.4954412281513214,
                    0.36852937936782837,
                    0.7865902185440063,
                    0.0
                ],
                [
                    1.1678334474563599,
                    -0.3868989646434784,
                    -0.6055811047554016,
                    1.0
                ]
            ],
            "location": [
                0.3868989646434784,
                -0.6055811047554016,
                -1.1678334474563599
            ],
            "location_world": [
                1.1678334474563599,
                -0.3868989646434784,
                -0.6055811047554016
            ],
            "name": "google_2_of_Jenga_Classic_Game_2",
            "projected_cuboid": [
                [
                    382.27638602256775,
                    466.2354290485382
                ],
                [
                    408.7695777416229,
                    502.5865435600281
                ],
                [
                    446.02489471435547,
                    593.183159828186
                ],
                [
                    420.4674959182739,
                    555.7219386100769
                ],
                [
                    420.2428460121155,
                    443.14056634902954
                ],
                [
                    449.2945671081543,
                    477.4813652038574
                ],
                [
                    481.10494017601013,
                    570.5927610397339
                ],
                [
                    453.6166787147522,
                    534.7577333450317
                ],
                [
                    433.50672721862793,
                    520.3317403793335
                ]
            ],
            "provenance": "nvisii",
            "quaternion_xyzw": [
                -0.07820425182580948,
                0.4961487054824829,
                0.8305994272232056,
                -0.240468829870224
            ],
            "quaternion_xyzw_world": [
                -0.32656189799308777,
                -0.007888835854828358,
                0.7445063591003418,
                0.5822417736053467
            ],
            "segmentation_id": 3,
            "visibility": -1
        },
        {
            "bounding_box_minx_maxx_miny_maxy": [
                -1,
                -1,
                -1,
                -1
            ],
            "class": "2",
            "local_cuboid": null,
            "local_to_world_matrix": [
                [
                    -0.30084967613220215,
                    -0.9362260103225708,
                    -0.18157869577407837,
                    0.0
                ],
                [
                    0.2903728485107422,
                    0.09143245220184326,
                    -0.9525356292724609,
                    0.0
                ],
                [
                    0.9083907008171082,
                    -0.3392951786518097,
                    0.24434691667556763,
                    0.0
                ],
                [
                    1.3584964275360107,
                    0.4182772934436798,
                    0.13541625440120697,
                    1.0
                ]
            ],
            "location": [
                -0.4182772934436798,
                0.13541625440120697,
                -1.3584964275360107
            ],
            "location_world": [
                1.3584964275360107,
                0.4182772934436798,
                0.13541625440120697
            ],
            "name": "google_2_of_Jenga_Classic_Game_3",
            "projected_cuboid": [
                [
                    144.96390521526337,
                    159.49644148349762
                ],
                [
                    143.6806619167328,
                    190.75006246566772
                ],
                [
                    78.90166342258453,
                    210.88144183158875
                ],
                [
                    79.24982905387878,
                    173.78294467926025
                ],
                [
                    119.04165148735046,
                    155.49415349960327
                ],
                [
                    118.16249787807465,
                    186.35722994804382
                ],
                [
                    49.59827661514282,
                    205.30001819133759
                ],
                [
                    49.411341547966,
                    168.74906420707703
                ],
                [
                    100.75199604034424,
                    180.7311475276947
                ]
            ],
            "provenance": "nvisii",
            "quaternion_xyzw": [
                -0.9743142127990723,
                0.07005217671394348,
                -0.16425517201423645,
                0.13720420002937317
            ],
            "quaternion_xyzw_world": [
                -0.3014013171195984,
                0.5357086658477783,
                -0.602860689163208,
                0.508657693862915
            ],
            "segmentation_id": 4,
            "visibility": -1
        },
        {
            "bounding_box_minx_maxx_miny_maxy": [
                -1,
                -1,
                -1,
                -1
            ],
            "class": "2",
            "local_cuboid": null,
            "local_to_world_matrix": [
                [
                    0.14665520191192627,
                    -0.7182703018188477,
                    -0.6801323890686035,
                    0.0
                ],
                [
                    0.8602238893508911,
                    0.43206459283828735,
                    -0.2708044648170471,
                    0.0
                ],
                [
                    0.48837196826934814,
                    -0.5453512072563171,
                    0.6812378168106079,
                    0.0
                ],
                [
                    1.2911889553070068,
                    0.6559293866157532,
                    -0.26028773188591003,
                    1.0
                ]
            ],
            "location": [
                -0.6559293866157532,
                -0.26028773188591003,
                -1.2911889553070068
            ],
            "location_world": [
                1.2911889553070068,
                0.6559293866157532,
                -0.26028773188591003
            ],
            "name": "google_2_of_Jenga_Classic_Game_4",
            "projected_cuboid": [
                [
                    56.428179144859314,
                    282.97582268714905
                ],
                [
                    51.035553216934204,
                    290.70374369621277
                ],
                [
                    -42.36432909965515,
                    385.13875007629395
                ],
                [
                    -41.74304008483887,
                    381.9775581359863
                ],
                [
                    30.245855450630188,
                    259.98154282569885
                ],
                [
                    26.109367609024048,
                    268.91109347343445
                ],
                [
                    -70.79842686653137,
                    361.82060837745667
                ],
                [
                    -71.82487845420837,
                    357.2741150856018
                ],
                [
                    -5.280494689941406,
                    321.21792435646057
                ]
            ],
            "provenance": "nvisii",
            "quaternion_xyzw": [
                -0.7869953513145447,
                0.35330480337142944,
                -0.1266513168811798,
                0.4896667003631592
            ],
            "quaternion_xyzw_world": [
                0.09131374210119247,
                0.38864240050315857,
                -0.5250042676925659,
                0.7516577839851379
            ],
            "segmentation_id": 5,
            "visibility": -1
        },
        {
            "bounding_box_minx_maxx_miny_maxy": [
                -1,
                -1,
                -1,
                -1
            ],
            "class": "2",
            "local_cuboid": null,
            "local_to_world_matrix": [
                [
                    -0.08251094818115234,
                    -0.6436817646026611,
                    -0.7608324289321899,
                    0.0
                ],
                [
                    -0.9377672672271729,
                    0.3085498809814453,
                    -0.15934151411056519,
                    0.0
                ],
                [
                    0.33732008934020996,
                    0.7003362774848938,
                    -0.629082441329956,
                    0.0
                ],
                [
                    1.1500977277755737,
                    0.07446163147687912,
                    -0.1229574903845787,
                    1.0
                ]
            ],
            "location": [
                -0.07446163147687912,
                -0.1229574903845787,
                -1.1500977277755737
            ],
            "location_world": [
                1.1500977277755737,
                0.07446163147687912,
                -0.1229574903845787
            ],
            "name": "google_2_of_Jenga_Classic_Game_5",
            "projected_cuboid": [
                [
                    136.98427379131317,
                    404.9866497516632
                ],
                [
                    116.52214825153351,
                    421.8987226486206
                ],
                [
                    216.14916622638702,
                    337.0353579521179
                ],
                [
                    231.6616028547287,
                    324.382483959198
                ],
                [
                    113.82399499416351,
                    376.1568069458008
                ],
                [
                    91.95902943611145,
                    391.0951018333435
                ],
                [
                    188.83082270622253,
                    304.002583026886
                ],
                [
                    206.0718685388565,
                    293.6112582683563
                ],
                [
                    161.05738282203674,
                    358.0982983112335
                ]
            ],
            "provenance": "nvisii",
            "quaternion_xyzw": [
                -0.7314956188201904,
                0.3654780983924866,
                0.21115148067474365,
                -0.5354951620101929
            ],
            "quaternion_xyzw_world": [
                -0.5563321113586426,
                0.7106587290763855,
                0.19031454622745514,
                0.3863150179386139
            ],
            "segmentation_id": 6,
            "visibility": -1
        },
        {
            "bounding_box_minx_maxx_miny_maxy": [
                -1,
                -1,
                -1,
                -1
            ],
            "class": "2",
            "local_cuboid": null,
            "local_to_world_matrix": [
                [
                    0.381306529045105,
                    -0.7410881519317627,
                    -0.5526243448257446,
                    0.0
                ],
                [
                    0.23209679126739502,
                    0.6553856134414673,
                    -0.7187495231628418,
                    0.0
                ],
                [
                    0.894838809967041,
                    0.14580151438713074,
                    0.4219069480895996,
                    0.0
                ],
                [
                    1.7137000560760498,
                    0.6785365343093872,
                    0.6960222721099854,
                    1.0
                ]
            ],
            "location": [
                -0.6785365343093872,
                0.6960222721099854,
                -1.7137000560760498
            ],
            "location_world": [
                1.7137000560760498,
                0.6785365343093872,
                0.6960222721099854
            ],
            "name": "google_2_of_Jenga_Classic_Game_6",
            "projected_cuboid": [
                [
                    47.56155610084534,
                    -2.307981252670288
                ],
                [
                    32.84434974193573,
                    18.480077385902405
                ],
                [
                    14.981001615524292,
                    26.455819606781006
                ],
                [
                    31.732410192489624,
                    2.597630023956299
                ],
                [
                    26.346340775489807,
                    -19.691258668899536
                ],
                [
                    11.61549985408783,
                    1.5872269868850708
                ],
                [
                    -9.810298681259155,
                    7.118836045265198
                ],
                [
                    6.951823830604553,
                    -17.388641834259033
                ],
                [
                    20.989805459976196,
                    2.058058977127075
                ]
            ],
            "provenance": "nvisii",
            "quaternion_xyzw": [
                -0.9157887697219849,
                0.32977306842803955,
                0.14389455318450928,
                0.17853565514087677
            ],
            "quaternion_xyzw_world": [
                -0.2756873071193695,
                0.46156585216522217,
                -0.3103283941745758,
                0.783996045589447
            ],
            "segmentation_id": 7,
            "visibility": -1
        },
        {
            "bounding_box_minx_maxx_miny_maxy": [
                -1,
                -1,
                -1,
                -1
            ],
            "class": "2",
            "local_cuboid": null,
            "local_to_world_matrix": [
                [
                    -0.6793792247772217,
                    0.5547370314598083,
                    0.48032346367836,
                    0.0
                ],
                [
                    -0.5263407826423645,
                    0.08768802881240845,
                    -0.8457399606704712,
                    0.0
                ],
                [
                    -0.5112818479537964,
                    -0.8273919820785522,
                    0.2324073314666748,
                    0.0
                ],
                [
                    0.3564324378967285,
                    -0.01304718665778637,
                    0.4252501428127289,
                    1.0
                ]
            ],
            "location": [
                0.01304718665778637,
                0.4252501428127289,
                -0.3564324378967285
            ],
            "location_world": [
                0.3564324378967285,
                -0.01304718665778637,
                0.4252501428127289
            ],
            "name": "google_2_of_Jenga_Classic_Game_7",
            "projected_cuboid": [
                [
                    954.9336433410645,
                    -1382.405400276184
                ],
                [
                    1124.8314380645752,
                    -1568.6677694320679
                ],
                [
                    225.42089223861694,
                    -551.9583225250244
                ],
                [
                    241.22485518455505,
                    -573.1576681137085
                ],
                [
                    910.5513691902161,
                    -951.553225517273
                ],
                [
                    1028.11861038208,
                    -1000.2061128616333
                ],
                [
                    302.2265434265137,
                    -369.56799030303955
                ],
                [
                    307.523250579834,
                    -407.9565405845642
                ],
                [
                    536.7996692657471,
                    -733.5665822029114
                ]
            ],
            "provenance": "nvisii",
            "quaternion_xyzw": [
                0.44150906801223755,
                0.22232583165168762,
                0.8531938195228577,
                0.16643685102462769
            ],
            "quaternion_xyzw_world": [
                -0.0114610455930233,
                -0.6194069385528564,
                0.6752959489822388,
                0.4002237021923065
            ],
            "segmentation_id": 8,
            "visibility": -1
        },
        {
            "bounding_box_minx_maxx_miny_maxy": [
                -1,
                -1,
                -1,
                -1
            ],
            "class": "2",
            "local_cuboid": null,
            "local_to_world_matrix": [
                [
                    -0.03677237033843994,
                    -0.7136994004249573,
                    0.6994861960411072,
                    0.0
                ],
                [
                    0.007419168949127197,
                    -0.7001352310180664,
                    -0.7139716744422913,
                    0.0
                ],
                [
                    0.9992961287498474,
                    -0.021064817905426025,
                    0.031040668487548828,
                    0.0
                ],
                [
                    0.984524667263031,
                    0.05085139721632004,
                    -0.21512842178344727,
                    1.0
                ]
            ],
            "location": [
                -0.05085139721632004,
                -0.21512842178344727,
                -0.984524667263031
            ],
            "location_world": [
                0.984524667263031,
                0.05085139721632004,
                -0.21512842178344727
            ],
            "name": "google_2_of_Jenga_Classic_Game_8",
            "projected_cuboid": [
                [
                    228.150874376297,
                    320.22911310195923
                ],
                [
                    256.14041090011597,
                    348.72639179229736
                ],
                [
                    254.18666005134583,
                    383.59540700912476
                ],
                [
                    217.88261830806732,
                    346.65632247924805
                ],
                [
                    201.602041721344,
                    346.1383879184723
                ],
                [
                    229.541078209877,
                    374.5582699775696
                ],
                [
                    219.7209894657135,
                    416.9696569442749
                ],
                [
                    183.50189924240112,
                    380.1605701446533
                ],
                [
                    224.4735062122345,
                    362.4301552772522
                ]
            ],
            "provenance": "nvisii",
            "quaternion_xyzw": [
                0.9256035089492798,
                0.3780294358730316,
                0.015621483325958252,
                -0.010387778282165527
            ],
            "quaternion_xyzw_world": [
                0.6388118267059326,
                -0.27640387415885925,
                0.6648210883140564,
                -0.27117016911506653
            ],
            "segmentation_id": 9,
            "visibility": -1
        },
        {
            "bounding_box_minx_maxx_miny_maxy": [
                -1,
                -1,
                -1,
                -1
            ],
            "class": "2",
            "local_cuboid": null,
            "local_to_world_matrix": [
                [
                    -0.35161876678466797,
                    0.9189661741256714,
                    0.17850928008556366,
                    0.0
                ],
                [
                    0.8974992036819458,
                    0.27669626474380493,
                    0.343415766954422,
                    0.0
                ],
                [
                    0.26619458198547363,
                    0.28096333146095276,
                    -0.9220631122589111,
                    0.0
                ],
                [
                    1.156894564628601,
                    0.5306596159934998,
                    0.11651083081960678,
                    1.0
                ]
            ],
            "location": [
                -0.5306596159934998,
                0.11651083081960678,
                -1.156894564628601
            ],
            "location_world": [
                1.156894564628601,
                0.5306596159934998,
                0.11651083081960678
            ],
            "name": "google_2_of_Jenga_Classic_Game_9",
            "projected_cuboid": [
                [
                    -75.16342401504517,
                    331.790566444397
                ],
                [
                    -66.78885221481323,
                    312.96104192733765
                ],
                [
                    -45.70227861404419,
                    179.4511079788208
                ],
                [
                    -53.22009325027466,
                    190.4500275850296
                ],
                [
                    -31.57055377960205,
                    336.93718910217285
                ],
                [
                    -25.944679975509644,
                    318.2104825973511
                ],
                [
                    -2.714395523071289,
                    188.1023496389389
                ],
                [
                    -7.17240571975708,
                    199.41067695617676
                ],
                [
                    -38.54861855506897,
                    259.1724097728729
                ]
            ],
            "provenance": "nvisii",
            "quaternion_xyzw": [
                -0.030873537063598633,
                0.7950749397277832,
                -0.5721354484558105,
                -0.19890642166137695
            ],
            "quaternion_xyzw_world": [
                0.5687152147293091,
                0.7984951734542847,
                0.1954861879348755,
                0.02745330147445202
            ],
            "segmentation_id": 10,
            "visibility": -1
        },
        {
            "bounding_box_minx_maxx_miny_maxy": [
                -1,
                -1,
                -1,
                -1
            ],
            "class": "2",
            "local_cuboid": null,
            "local_to_world_matrix": [
                [
                    -0.6463108062744141,
                    -0.38954460620880127,
                    -0.6561533808708191,
                    0.0
                ],
                [
                    -0.5450173020362854,
                    0.8374870419502258,
                    0.039643242955207825,
                    0.0
                ],
                [
                    0.5340771079063416,
                    0.383236825466156,
                    -0.7535854578018188,
                    0.0
                ],
                [
                    1.0239312648773193,
                    0.573442816734314,
                    -0.2711760997772217,
                    1.0
                ]
            ],
            "location": [
                -0.573442816734314,
                -0.2711760997772217,
                -1.0239312648773193
            ],
            "location_world": [
                1.0239312648773193,
                0.573442816734314,
                -0.2711760997772217
            ],
            "name": "google_2_of_Jenga_Classic_Game_10",
            "projected_cuboid": [
                [
                    -75.30513405799866,
                    515.9475207328796
                ],
                [
                    -126.257985830307,
                    524.9788761138916
                ],
                [
                    -117.16881394386292,
                    432.75851011276245
                ],
                [
                    -58.84382128715515,
                    426.50264501571655
                ],
                [
                    -76.90167427062988,
                    479.4788360595703
                ],
                [
                    -125.71966648101807,
                    486.70142889022827
                ],
                [
                    -117.00019240379333,
                    393.2443857192993
                ],
                [
                    -61.45519018173218,
                    388.9814615249634
                ],
                [
                    -94.72396969795227,
                    458.80037546157837
                ]
            ],
            "provenance": "nvisii",
            "quaternion_xyzw": [
                -0.6862905025482178,
                0.5440992116928101,
                -0.09583188593387604,
                -0.47305142879486084
            ],
            "quaternion_xyzw_world": [
                -0.25970542430877686,
                0.8996365070343018,
                0.11751414090394974,
                0.3307531774044037
            ],
            "segmentation_id": 11,
            "visibility": -1
        },
        {
            "bounding_box_minx_maxx_miny_maxy": [
                -1,
                -1,
                -1,
                -1
            ],
            "class": "2",
            "local_cuboid": null,
            "local_to_world_matrix": [
                [
                    0.4540390372276306,
                    0.8101646304130554,
                    0.3707854747772217,
                    0.0
                ],
                [
                    0.8907968401908875,
                    -0.4212479591369629,
                    -0.1703854203224182,
                    0.0
                ],
                [
                    0.018152371048927307,
                    0.407656192779541,
                    -0.9129550457000732,
                    0.0
                ],
                [
                    1.743999719619751,
                    -0.4739781618118286,
                    0.7412779927253723,
                    1.0
                ]
            ],
            "location": [
                0.4739781618118286,
                0.7412779927253723,
                -1.743999719619751
            ],
            "location_world": [
                1.743999719619751,
                -0.4739781618118286,
                0.7412779927253723
            ],
            "name": "google_2_of_Jenga_Classic_Game_11",
            "projected_cuboid": [
                [
                    356.4906120300293,
                    76.76757872104645
                ],
                [
                    363.9475703239441,
                    88.79861235618591
                ],
                [
                    404.2218029499054,
                    -1.1195242404937744
                ],
                [
                    398.4988331794739,
                    -17.11001992225647
                ],
                [
                    381.5169334411621,
                    83.5273265838623
                ],
                [
                    388.0607485771179,
                    95.51452100276947
                ],
                [
                    429.2253851890564,
                    3.7904679775238037
                ],
                [
                    424.4948625564575,
                    -12.320518493652344
                ],
                [
                    393.2129740715027,
                    39.922893047332764
                ]
            ],
            "provenance": "nvisii",
            "quaternion_xyzw": [
                0.3075602352619171,
                0.6438034772872925,
                -0.7004280090332031,
                0.018011286854743958
            ],
            "quaternion_xyzw_world": [
                0.8349015116691589,
                0.5093299746513367,
                0.11646220088005066,
                -0.1730867624282837
            ],
            "segmentation_id": 12,
            "visibility": -1
        },
        {
            "bounding_box_minx_maxx_miny_maxy": [
                -1,
                -1,
                -1,
                -1
            ],
            "class": "2",
            "local_cuboid": null,
            "local_to_world_matrix": [
                [
                    -0.5446751117706299,
                    -0.7419070601463318,
                    -0.39102816581726074,
                    0.0
                ],
                [
                    -0.23555749654769897,
                    -0.3121509552001953,
                    0.9203665256500244,
                    0.0
                ],
                [
                    -0.8048862218856812,
                    0.5934102535247803,
                    -0.00474095344543457,
                    0.0
                ],
                [
                    0.3794518709182739,
                    -0.25399795174598694,
                    -0.23431377112865448,
                    1.0
                ]
            ],
            "location": [
                0.25399795174598694,
                -0.23431377112865448,
                -0.3794518709182739
            ],
            "location_world": [
                0.3794518709182739,
                -0.25399795174598694,
                -0.23431377112865448
            ],
            "name": "google_2_of_Jenga_Classic_Game_12",
            "projected_cuboid": [
                [
                    689.5086765289307,
                    1567.7698850631714
                ],
                [
                    907.7768921852112,
                    1384.5298290252686
                ],
                [
                    764.026939868927,
                    615.7379150390625
                ],
                [
                    693.0021047592163,
                    723.448634147644
                ],
                [
                    381.1395764350891,
                    1139.7666931152344
                ],
                [
                    499.9096393585205,
                    952.4244070053101
                ],
                [
                    617.1993017196655,
                    527.9319286346436
                ],
                [
                    560.7091188430786,
                    628.6295652389526
                ],
                [
                    635.5342864990234,
                    791.5959358215332
                ]
            ],
            "provenance": "nvisii",
            "quaternion_xyzw": [
                -0.06452590227127075,
                0.3056032061576843,
                0.18882042169570923,
                -0.9310155510902405
            ],
            "quaternion_xyzw_world": [
                -0.43937933444976807,
                0.5561621189117432,
                0.6804566383361816,
                -0.18603301048278809
            ],
            "segmentation_id": 13,
            "visibility": -1
        },
        {
            "bounding_box_minx_maxx_miny_maxy": [
                -1,
                -1,
                -1,
                -1
            ],
            "class": "2",
            "local_cuboid": null,
            "local_to_world_matrix": [
                [
                    -0.30414342880249023,
                    0.9473987817764282,
