{
    "camera_data": {
        "camera_look_at": {
            "at": [
                1.0,
                0.0,
                0.0
            ],
            "eye": [
                0.0,
                0.0,
                0.0
            ],
            "up": [
                0.0,
                0.0,
                1.0
            ]
        },
        "camera_view_matrix": [
            [
                0.0,
                0.0,
                -1.0,
                0.0
            ],
            [
                -1.0,
                0.0,
                0.0,
                0.0
            ],
            [
                0.0,
                1.0,
                0.0,
                0.0
            ],
            [
                0.0,
                0.0,
                0.0,
                1.0
            ]
        ],
        "height": 500,
        "intrinsics": {
            "cx": 250.0,
            "cy": 250.0,
            "fx": 603.5535278320312,
            "fy": 603.5535278320312
        },
        "location_world": [
            0.0,
            0.0,
            0.0
        ],
        "quaternion_world_xyzw": [
            0.5,
            -0.5,
            -0.5,
            0.5
        ],
        "width": 500
    },
    "objects": [
        {
            "bounding_box_minx_maxx_miny_maxy": [
                -1,
                -1,
                -1,
                -1
            ],
            "class": "ASICS",
            "local_cuboid": null,
            "local_to_world_matrix": [
                [
                    -0.035370707511901855,
                    -0.24479138851165771,
                    0.9689303636550903,
                    0.0
                ],
                [
                    0.9263286590576172,
                    -0.3718852996826172,
                    -0.060137927532196045,
                    0.0
                ],
                [
                    0.37505218386650085,
                    0.8954209089279175,
                    0.23991107940673828,
                    0.0
                ],
                [
                    1.037872552871704,
                    -0.5738276243209839,
                    -0.5386576056480408,
                    1.0
                ]
            ],
            "location": [
                0.5738276243209839,
                -0.5386576056480408,
                -1.037872552871704
            ],
            "location_world": [
                1.037872552871704,
                -0.5738276243209839,
                -0.5386576056480408
            ],
            "name": "google_ASICS_GELBlur33_20_GS_BlackWhiteSafety_Orange_0",
            "projected_cuboid": [
                [
                    534.9046587944031,
                    540.1860475540161
                ],
                [
                    526.4772176742554,
                    490.532249212265
                ],
                [
                    581.2941789627075,
                    510.53231954574585
                ],
                [
                    604.1198968887329,
                    567.3074126243591
                ],
                [
                    518.5217261314392,
                    599.8265743255615
                ],
                [
                    513.3504867553711,
                    538.5557413101196
                ],
                [
                    567.5830841064453,
                    560.0231885910034
                ],
                [
                    586.8181586265564,
                    629.2271614074707
                ],
                [
                    552.8080463409424,
                    551.0541200637817
                ]
            ],
            "provenance": "nvisii",
            "quaternion_xyzw": [
                0.6480704545974731,
                0.5172337293624878,
                -0.33177340030670166,
                -0.44988924264907837
            ],
            "quaternion_xyzw_world": [
                0.5235942006111145,
                0.32541292905807495,
                0.6417100429534912,
                -0.4562497138977051
            ],
            "segmentation_id": 1,
            "visibility": -1
        },
        {
            "bounding_box_minx_maxx_miny_maxy": [
                -1,
                -1,
                -1,
                -1
            ],
            "class": "5",
            "local_cuboid": null,
            "local_to_world_matrix": [
                [
                    -0.45393872261047363,
                    -0.40847453474998474,
                    0.7918894290924072,
                    0.0
                ],
                [
                    0.2604394257068634,
                    -0.9107459783554077,
                    -0.32049036026000977,
                    0.0
                ],
                [
                    0.8521218299865723,
                    0.06075631082057953,
                    0.5198050141334534,
                    0.0
                ],
                [
                    1.898078441619873,
                    -0.1773836612701416,
                    -0.7161206603050232,
                    1.0
                ]
            ],
            "location": [
                0.1773836612701416,
                -0.7161206603050232,
                -1.898078441619873
            ],
            "location_world": [
                1.898078441619873,
                -0.1773836612701416,
                -0.7161206603050232
            ],
            "name": "google_5_HTP_1",
            "projected_cuboid": [
                [
                    299.0673780441284,
                    447.7517902851105
                ],
                [
                    313.3847117424011,
                    451.5365958213806
                ],
                [
                    317.6400065422058,
                    474.3172526359558
                ],
                [
                    302.77693271636963,
                    470.54576873779297
                ],
                [
                    291.8524742126465,
                    458.1705629825592
                ],
                [
                    306.0460686683655,
                    461.83812618255615
                ],
                [
                    309.9581003189087,
                    484.7390055656433
                ],
                [
                    295.22812366485596,
                    481.09009861946106
                ],
                [
                    304.4593930244446,
                    466.0642743110657
                ]
            ],
            "provenance": "nvisii",
            "quaternion_xyzw": [
                0.8032880425453186,
                0.529895544052124,
                0.12236648797988892,
                -0.24282842874526978
            ],
            "quaternion_xyzw_world": [
                0.48399436473846436,
                -0.07646530121564865,
                0.849189281463623,
                -0.1969272345304489
            ],
            "segmentation_id": 2,
            "visibility": -1
        },
        {
            "bounding_box_minx_maxx_miny_maxy": [
                -1,
                -1,
                -1,
                -1
            ],
            "class": "5",
            "local_cuboid": null,
            "local_to_world_matrix": [
                [
                    0.6050799489021301,
                    -0.09060025215148926,
                    -0.7909929752349854,
                    0.0
                ],
                [
                    -0.7863314747810364,
                    -0.22366857528686523,
                    -0.5758950710296631,
                    0.0
                ],
                [
                    -0.12474402785301208,
                    0.9704452753067017,
                    -0.20657920837402344,
                    0.0
                ],
                [
                    0.5277740955352783,
                    0.21234232187271118,
                    0.28672805428504944,
                    1.0
                ]
            ],
            "location": [
                -0.21234232187271118,
                0.28672805428504944,
                -0.5277740955352783
            ],
            "location_world": [
                0.5277740955352783,
                0.21234232187271118,
                0.28672805428504944
            ],
            "name": "google_5_HTP_2",
            "projected_cuboid": [
                [
                    -79.36394214630127,
                    -36.272674798965454
                ],
                [
                    -92.07329154014587,
                    -23.718595504760742
                ],
                [
                    14.604300260543823,
                    -39.08848762512207
                ],
                [
                    19.263550639152527,
                    -50.27225613594055
                ],
                [
                    -105.24308681488037,
                    -102.56922245025635
                ],
                [
                    -121.0288405418396,
                    -94.87578272819519
                ],
                [
                    -6.716281175613403,
                    -109.64614152908325
                ],
                [
                    -0.12257695198059082,
                    -116.03417992591858
                ],
                [
                    -45.20794749259949,
                    -70.76990604400635
                ]
            ],
            "provenance": "nvisii",
            "quaternion_xyzw": [
                -0.6208363771438599,
                0.2284516543149948,
                0.6344365477561951,
                -0.39982783794403076
            ],
            "quaternion_xyzw_world": [
                -0.7133245468139648,
                0.3073396682739258,
                0.3209398090839386,
                0.5419483780860901
            ],
            "segmentation_id": 3,
            "visibility": -1
        },
        {
            "bounding_box_minx_maxx_miny_maxy": [
                -1,
                -1,
                -1,
                -1
            ],
            "class": "ASICS",
            "local_cuboid": null,
            "local_to_world_matrix": [
                [
                    0.14848917722702026,
                    -0.3191267251968384,
                    -0.936007022857666,
                    0.0
                ],
                [
                    -0.6386705040931702,
                    0.691687822341919,
                    -0.3371467888355255,
                    0.0
                ],
                [
                    0.7550171613693237,
                    0.6478626728057861,
                    -0.10110867023468018,
                    0.0
                ],
                [
                    1.8078646659851074,
                    0.6894115805625916,
                    0.8001599311828613,
                    1.0
                ]
            ],
            "location": [
                -0.6894115805625916,
                0.8001599311828613,
                -1.8078646659851074
            ],
            "location_world": [
                1.8078646659851074,
                0.6894115805625916,
                0.8001599311828613
            ],
            "name": "google_ASICS_GELAce_Pro_Pearl_WhitePink_3",
            "projected_cuboid": [
                [
                    52.09478735923767,
                    13.809263706207275
                ],
                [
                    -34.42943096160889,
                    22.183522582054138
                ],
                [
                    -20.760446786880493,
                    4.113122820854187
                ],
                [
                    69.01022791862488,
                    -2.948969602584839
                ],
                [
                    40.3643399477005,
                    -17.895251512527466
                ],
                [
                    -48.11054468154907,
                    -12.697815895080566
                ],
                [
                    -35.12465953826904,
                    -32.99468755722046
                ],
                [
                    56.79437518119812,
                    -36.4818274974823
                ],
                [
                    12.0268315076828,
                    -7.692128419876099
                ]
            ],
            "provenance": "nvisii",
            "quaternion_xyzw": [
                -0.776416540145874,
                0.5241048336029053,
                0.25641900300979614,
                -0.2382030487060547
            ],
            "quaternion_xyzw_world": [
                -0.3734668791294098,
                0.6411527395248413,
                0.12115518748760223,
                0.6593686938285828
            ],
            "segmentation_id": 4,
            "visibility": -1
        },
        {
            "bounding_box_minx_maxx_miny_maxy": [
                -1,
                -1,
                -1,
                -1
            ],
            "class": "2",
            "local_cuboid": null,
            "local_to_world_matrix": [
                [
                    -0.8155180215835571,
                    0.13666878640651703,
                    -0.562362790107727,
                    0.0
                ],
                [
                    -0.0038923174142837524,
                    0.9703988432884216,
                    0.2414766252040863,
                    0.0
                ],
                [
                    0.5787185430526733,
                    0.19911745190620422,
                    -0.7908457517623901,
                    0.0
                ],
                [
                    1.7819148302078247,
                    0.7610522508621216,
                    0.4211263060569763,
                    1.0
                ]
            ],
            "location": [
                -0.7610522508621216,
                0.4211263060569763,
                -1.7819148302078247
            ],
            "location_world": [
                1.7819148302078247,
                0.7610522508621216,
                0.4211263060569763
            ],
            "name": "google_2_of_Jenga_Classic_Game_4",
            "projected_cuboid": [
                [
                    3.542378544807434,
                    200.38560032844543
                ],
                [
                    -22.275447845458984,
                    193.96302103996277
                ],
                [
                    -28.518229722976685,
                    108.8600605726242
                ],
                [
                    -0.20515918731689453,
                    115.91903865337372
                ],
                [
                    14.817878603935242,
                    188.49456310272217
                ],
                [
                    -10.160475969314575,
                    182.2783350944519
                ],
                [
                    -15.052884817123413,
                    99.10476207733154
                ],
                [
                    12.2537761926651,
                    105.91524839401245
                ],
                [
                    -5.493611097335815,
                    151.17010474205017
                ]
            ],
            "provenance": "nvisii",
            "quaternion_xyzw": [
                -0.5478533506393433,
                0.6994398236274719,
                -0.28127992153167725,
                -0.36266008019447327
            ],
            "quaternion_xyzw_world": [
                0.035103145986795425,
                0.9456165432929993,
                0.11648328602313995,
                0.30167654156684875
            ],
            "segmentation_id": 5,
            "visibility": -1
        },
        {
            "bounding_box_minx_maxx_miny_maxy": [
                -1,
                -1,
                -1,
                -1
            ],
            "class": "ASICS",
            "local_cuboid": null,
            "local_to_world_matrix": [
                [
                    -0.2565511465072632,
                    0.2879268229007721,
                    -0.9226482510566711,
                    0.0
                ],
                [
                    -0.46668580174446106,
                    -0.8728482723236084,
                    -0.1426195353269577,
                    0.0
                ],
                [
                    -0.8463959097862244,
                    0.3939976096153259,
                    0.35830146074295044,
                    0.0
                ],
                [
                    1.8249496221542358,
                    -0.1291881501674652,
                    -0.7891558408737183,
                    1.0
                ]
            ],
            "location": [
                0.1291881501674652,
                -0.7891558408737183,
                -1.8249496221542358
            ],
            "location_world": [
                1.8249496221542358,
                -0.1291881501674652,
                -0.7891558408737183
            ],
            "name": "google_ASICS_GELAce_Pro_Pearl_WhitePink_5",
            "projected_cuboid": [
                [
                    227.7069240808487,
                    512.8706693649292
                ],
                [
                    319.5980191230774,
                    550.0174164772034
                ],
                [
                    333.3052694797516,
                    547.1303462982178
                ],
                [
                    245.9564357995987,
                    512.4270915985107
                ],
                [
                    238.2521778345108,
                    476.1936366558075
                ],
                [
                    329.50663566589355,
                    509.7386837005615
                ],
                [
                    342.3718512058258,
                    509.4680190086365
                ],
                [
                    255.61732053756714,
                    477.93227434158325
                ],
                [
                    285.1155698299408,
                    511.167049407959
                ]
            ],
            "provenance": "nvisii",
            "quaternion_xyzw": [
                -0.04554365202784538,
                0.27336397767066956,
                0.7544770240783691,
                -0.5949473977088928
            ],
            "quaternion_xyzw_world": [
                -0.5608020424842834,
                0.07968898862600327,
                0.7886223793029785,
                0.23921862244606018
            ],
            "segmentation_id": 6,
            "visibility": -1
        },
        {
            "bounding_box_minx_maxx_miny_maxy": [
                -1,
                -1,
                -1,
                -1
            ],
            "class": "5",
            "local_cuboid": null,
            "local_to_world_matrix": [
                [
                    -0.7606532573699951,
                    0.2958672046661377,
                    -0.5778141021728516,
                    0.0
                ],
                [
                    -0.5084084868431091,
                    0.2819412350654602,
                    0.8136522769927979,
                    0.0
                ],
                [
                    0.4036426246166229,
                    0.9126728773117065,
                    -0.06403815746307373,
                    0.0
                ],
                [
                    1.7822636365890503,
                    -0.4093627333641052,
                    -0.06719718873500824,
                    1.0
                ]
            ],
            "location": [
                0.4093627333641052,
                -0.06719718873500824,
                -1.7822636365890503
            ],
            "location_world": [
                1.7822636365890503,
                -0.4093627333641052,
                -0.06719718873500824
            ],
            "name": "google_5_HTP_6",
            "projected_cuboid": [
                [
                    359.2454791069031,
                    286.51973605155945
                ],
                [
                    355.873703956604,
                    272.62043952941895
                ],
                [
                    386.0236406326294,
                    271.12099528312683
                ],
                [
                    389.0102803707123,
                    285.32353043556213
                ],
                [
                    361.9841933250427,
                    275.71901679039
                ],
                [
                    358.7271273136139,
                    261.9694471359253
                ],
                [
                    388.253390789032,
                    260.2904736995697
                ],
                [
                    391.14078879356384,
                    274.33618903160095
                ],
                [
                    373.66020679473877,
                    273.4857201576233
                ]
            ],
            "provenance": "nvisii",
            "quaternion_xyzw": [
                -0.2711656093597412,
                0.7926478385925293,
                0.14015379548072815,
                -0.5277647376060486
            ],
            "quaternion_xyzw_world": [
                -0.07321817427873611,
                0.7257121801376343,
                0.5947003364562988,
                0.33810123801231384
            ],
            "segmentation_id": 7,
            "visibility": -1
        },
        {
            "bounding_box_minx_maxx_miny_maxy": [
                -1,
                -1,
                -1,
                -1
            ],
            "class": "ASICS",
            "local_cuboid": null,
            "local_to_world_matrix": [
                [
                    -0.9287865161895752,
                    0.3227984309196472,
                    -0.1820899099111557,
                    0.0
                ],
                [
                    -0.25240951776504517,
                    -0.9107017517089844,
                    -0.32697349786758423,
                    0.0
                ],
                [
                    -0.2713761329650879,
                    -0.25772732496261597,
                    0.9273249506950378,
                    0.0
                ],
                [
                    1.2177428007125854,
                    0.5782998204231262,
                    -0.39301788806915283,
                    1.0
                ]
            ],
            "location": [
                -0.5782998204231262,
                -0.39301788806915283,
                -1.2177428007125854
            ],
            "location_world": [
                1.2177428007125854,
                0.5782998204231262,
                -0.39301788806915283
            ],
            "name": "google_ASICS_GELAce_Pro_Pearl_WhitePink_7",
            "projected_cuboid": [
                [
                    -107.72636532783508,
                    369.3940043449402
                ],
                [
                    13.89436423778534,
                    429.62199449539185
                ],
                [
                    3.0990242958068848,
                    489.9181127548218
                ],
                [
                    -114.20747637748718,
                    427.83835530281067
                ],
                [
                    -63.90509009361267,
                    351.0373532772064
                ],
                [
                    50.43648183345795,
                    405.2029848098755
                ],
                [
                    39.422616362571716,
                    461.4229202270508
                ],
                [
                    -71.1188018321991,
                    405.6048393249512
                ],
                [
                    -32.28554129600525,
                    416.57567024230957
                ]
            ],
            "provenance": "nvisii",
            "quaternion_xyzw": [
                0.42801836133003235,
                0.42557278275489807,
                0.6930274367332458,
                -0.3942093849182129
            ],
            "quaternion_xyzw_world": [
                -0.11682283878326416,
                -0.15063180029392242,
                0.9704139828681946,
                0.14818622171878815
            ],
            "segmentation_id": 8,
            "visibility": -1
        },
        {
            "bounding_box_minx_maxx_miny_maxy": [
                -1,
                -1,
                -1,
                -1
            ],
            "class": "5",
            "local_cuboid": null,
            "local_to_world_matrix": [
                [
                    0.03584319353103638,
                    -0.9729560613632202,
                    0.228192538022995,
                    0.0
                ],
                [
                    -0.332295298576355,
                    -0.22695016860961914,
                    -0.9154635667800903,
                    0.0
                ],
                [
                    0.9424940347671509,
                    -0.043014198541641235,
                    -0.33144330978393555,
                    0.0
                ],
                [
                    1.2012526988983154,
                    -0.21901419758796692,
                    -0.07688415050506592,
                    1.0
                ]
            ],
            "location": [
                0.21901419758796692,
                -0.07688415050506592,
                -1.2012526988983154
            ],
            "location_world": [
                1.2012526988983154,
                -0.21901419758796692,
                -0.07688415050506592
            ],
            "name": "google_5_HTP_8",
            "projected_cuboid": [
                [
                    363.1545305252075,
                    285.53593158721924
                ],
                [
                    370.3297972679138,
                    308.730810880661
                ],
                [
                    376.8380582332611,
                    297.9624569416046
                ],
                [
                    369.07297372817993,
                    273.31915497779846
                ],
                [
                    339.1929864883423,
                    291.2471890449524
                ],
                [
                    346.05124592781067,
                    314.5548105239868
                ],
                [
                    350.8641719818115,
                    304.1784167289734
                ],
                [
                    343.4616029262543,
                    279.4066369533539
                ],
                [
                    357.26410150527954,
                    294.47078704833984
                ]
            ],
            "provenance": "nvisii",
            "quaternion_xyzw": [
                0.9786360263824463,
                0.11626966297626495,
                0.0018318891525268555,
                0.16955704987049103
            ],
            "quaternion_xyzw_world": [
                0.6313154101371765,
                -0.5168776512145996,
                0.46359023451805115,
                -0.34548869729042053
            ],
            "segmentation_id": 9,
            "visibility": -1
        },
        {
            "bounding_box_minx_maxx_miny_maxy": [
                -1,
                -1,
                -1,
                -1
            ],
            "class": "2",
            "local_cuboid": null,
            "local_to_world_matrix": [
                [
                    0.4745457172393799,
                    0.7783669233322144,
                    0.411036878824234,
                    0.0
                ],
                [
                    0.4305952787399292,
                    0.2020013928413391,
                    -0.8796495199203491,
                    0.0
                ],
                [
                    -0.767720103263855,
                    0.5944244861602783,
                    -0.2393021583557129,
                    0.0
                ],
                [
                    0.40463149547576904,
                    -0.14794504642486572,
                    -0.001115020946599543,
                    1.0
                ]
            ],
            "location": [
                0.14794504642486572,
                -0.001115020946599543,
                -0.40463149547576904
            ],
            "location_world": [
                0.40463149547576904,
                -0.14794504642486572,
                -0.001115020946599543
            ],
            "name": "google_2_of_Jenga_Classic_Game_9",
            "projected_cuboid": [
                [
                    90.39072692394257,
                    308.86727571487427
                ],
                [
                    69.71722841262817,
                    505.3611993789673
                ],
                [
                    398.6464738845825,
                    280.10180592536926
                ],
                [
                    437.39593029022217,
                    172.1528321504593
                ],
                [
                    307.0710599422455,
                    460.646390914917
                ],
                [
                    238.2817566394806,
                    667.3582792282104
                ],
                [
                    504.1353106498718,
                    331.32433891296387
                ],
                [
                    557.2603344917297,
                    217.45018661022186
                ],
                [
                    376.1879801750183,
                    324.37968254089355
                ]
            ],
            "provenance": "nvisii",
            "quaternion_xyzw": [
                -0.28877443075180054,
                -0.1809678077697754,
                0.925437331199646,
                0.165607750415802
            ],
            "quaternion_xyzw_world": [
                -0.6147858500480652,
                -0.4916192293167114,
                0.14504367113113403,
                0.5994257926940918
            ],
            "segmentation_id": 10,
            "visibility": -1
        },
        {
            "bounding_box_minx_maxx_miny_maxy": [
                -1,
                -1,
                -1,
                -1
            ],
            "class": "50",
            "local_cuboid": null,
            "local_to_world_matrix": [
                [
                    0.6167963743209839,
                    0.13361260294914246,
                    -0.7756996154785156,
                    0.0
                ],
                [
                    -0.7206341028213501,
                    -0.30055737495422363,
                    -0.6247814893722534,
                    0.0
                ],
                [
                    -0.316620796918869,
                    0.9443585872650146,
                    -0.08909690380096436,
                    0.0
                ],
                [
                    1.854761004447937,
                    -0.6281235218048096,
                    0.27159789204597473,
                    1.0
                ]
            ],
            "location": [
                0.6281235218048096,
                0.27159789204597473,
                -1.854761004447937
            ],
            "location_world": [
                1.854761004447937,
                -0.6281235218048096,
                0.27159789204597473
            ],
            "name": "google_50_BLOCKS_10",
            "projected_cuboid": [
                [
                    395.6153988838196,
                    198.52885603904724
                ],
                [
                    417.9014563560486,
                    224.99126195907593
                ],
                [
                    447.7945566177368,
                    222.33885526657104
                ],
                [
                    424.3353009223938,
                    196.47417962551117
                ],
                [
                    430.0292730331421,
                    97.59856760501862
                ],
                [
                    457.452654838562,
                    121.15484476089478
                ],
                [
                    490.40448665618896,
                    120.30670046806335
                ],
                [
                    461.5856111049652,
                    97.25888073444366
                ],
                [
                    439.2727017402649,
                    162.50187158584595
                ]
            ],
            "provenance": "nvisii",
            "quaternion_xyzw": [
                -0.5418828725814819,
                0.21920901536941528,
                0.7202455997467041,
                -0.3735728859901428
            ],
            "quaternion_xyzw_world": [
                -0.7082461714744568,
                0.20720957219600677,
                0.38557231426239014,
                0.5538823008537292
            ],
            "segmentation_id": 11,
            "visibility": -1
        },
        {
            "bounding_box_minx_maxx_miny_maxy": [
                -1,
                -1,
                -1,
                -1
            ],
            "class": "50",
            "local_cuboid": null,
            "local_to_world_matrix": [
                [
                    0.002060413360595703,
                    -0.7588315606117249,
                    -0.6512836813926697,
                    0.0
                ],
                [
                    0.9337487816810608,
                    -0.23165059089660645,
                    0.2728574872016907,
                    0.0
                ],
                [
                    -0.35792309045791626,
                    -0.6086975932121277,
                    0.7080807685852051,
                    0.0
                ],
                [
                    1.9288992881774902,
                    0.7573939561843872,
                    0.6386224627494812,
                    1.0
                ]
            ],
            "location": [
                -0.7573939561843872,
                0.6386224627494812,
                -1.9288992881774902
            ],
            "location_world": [
                1.9288992881774902,
                0.7573939561843872,
                0.6386224627494812
            ],
            "name": "google_50_BLOCKS_11",
            "projected_cuboid": [
                [
                    60.57155132293701,
                    57.456329464912415
                ],
                [
                    84.18989181518555,
                    58.58270823955536
                ],
                [
                    67.14341044425964,
                    86.02437376976013
                ],
                [
                    42.778387665748596,
                    86.93227171897888
                ],
                [
                    -28.97709608078003,
                    -19.412845373153687
                ],
                [
                    0.8883476257324219,
                    -12.931019067764282
                ],
                [
                    -14.51382040977478,
                    15.937700867652893
                ],
                [
                    -44.87287998199463,
                    11.709481477737427
                ],
                [
                    21.306514739990234,
                    35.74463725090027
                ]
            ],
            "provenance": "nvisii",
            "quaternion_xyzw": [
                -0.5310487151145935,
                0.1975492537021637,
                -0.2855845093727112,
                0.7729185223579407
            ],
            "quaternion_xyzw_world": [
                0.3625018000602722,
                0.12063199281692505,
                -0.6960012316703796,
                0.6079660058021545
            ],
            "segmentation_id": 12,
            "visibility": -1
        },
        {
            "bounding_box_minx_maxx_miny_maxy": [
                -1,
                -1,
                -1,
                -1
            ],
            "class": "ASICS",
            "local_cuboid": null,
            "local_to_world_matrix": [
                [
                    0.032682836055755615,
                    0.5935069918632507,
                    -0.8041649460792542,
                    0.0
                ],
                [
                    -0.7804716229438782,
                    -0.48745083808898926,
                    -0.3914787769317627,
                    0.0
                ],
                [
                    -0.624336302280426,
                    0.6404225826263428,
                    0.44728416204452515,
                    0.0
                ],
                [
                    1.7581204175949097,
                    0.6765207648277283,
                    -0.18195749819278717,
                    1.0
                ]
            ],
            "location": [
                -0.6765207648277283,
                -0.18195749819278717,
                -1.7581204175949097
            ],
            "location_world": [
                1.7581204175949097,
                0.6765207648277283,
                -0.18195749819278717
            ],
            "name": "google_ASICS_GELAce_Pro_Pearl_WhitePink_12",
            "projected_cuboid": [
                [
                    -41.3966178894043,
                    286.34217381477356
                ],
                [
                    -29.00150418281555,
                    335.46584844589233
                ],
                [
                    16.497179865837097,
                    353.04152965545654
                ],
                [
                    -0.8469521999359131,
                    303.98064851760864
                ],
                [
                    -20.83277702331543,
                    257.7885389328003
                ],
                [
                    -5.424588918685913,
                    302.8748035430908
                ],
                [
                    38.97249698638916,
                    322.1418559551239
                ],
                [
                    18.87403428554535,
                    276.7334580421448
                ],
                [
                    -2.926856279373169,
                    303.4781813621521
                ]
            ],
            "provenance": "nvisii",
            "quaternion_xyzw": [
                -0.20834790170192719,
                0.38003024458885193,
                0.8076698184013367,
                -0.3997969925403595
            ],
            "quaternion_xyzw_world": [
                -0.5178922414779663,
                0.09025267511606216,
                0.6895745396614075,
                0.49812549352645874
            ],
            "segmentation_id": 13,
            "visibility": -1
        },
        {
            "bounding_box_minx_maxx_miny_maxy": [
                -1,
                -1,
                -1,
                -1
            ],
            "class": "5",
            "local_cuboid": null,
            "local_to_world_matrix": [
                [
                    0.7404522895812988,
                    0.40776193141937256,
