{
    "camera_data": {
        "camera_look_at": {
            "at": [
                1.0,
                0.0,
                0.0
            ],
            "eye": [
                0.0,
                0.0,
                0.0
            ],
            "up": [
                0.0,
                0.0,
                1.0
            ]
        },
        "camera_view_matrix": [
            [
                0.0,
                0.0,
                -1.0,
                0.0
            ],
            [
                -1.0,
                0.0,
                0.0,
                0.0
            ],
            [
                0.0,
                1.0,
                0.0,
                0.0
            ],
            [
                0.0,
                0.0,
                0.0,
                1.0
            ]
        ],
        "height": 500,
        "intrinsics": {
            "cx": 250.0,
            "cy": 250.0,
            "fx": 603.5535278320312,
            "fy": 603.5535278320312
        },
        "location_world": [
            0.0,
            0.0,
            0.0
        ],
        "quaternion_world_xyzw": [
            0.5,
            -0.5,
            -0.5,
            0.5
        ],
        "width": 500
    },
    "objects": [
        {
            "bounding_box_minx_maxx_miny_maxy": [
                -1,
                -1,
                -1,
                -1
            ],
            "class": "2",
            "local_cuboid": null,
            "local_to_world_matrix": [
                [
                    -0.3713418245315552,
                    0.8380146622657776,
                    0.3997958302497864,
                    0.0
                ],
                [
                    0.5400212407112122,
                    0.5451956391334534,
                    -0.6412010192871094,
                    0.0
                ],
                [
                    -0.7553028464317322,
                    -0.022206515073776245,
                    -0.6549997329711914,
                    0.0
                ],
                [
                    1.3521783351898193,
                    0.5394845604896545,
                    -0.2908705472946167,
                    1.0
                ]
            ],
            "location": [
                -0.5394845604896545,
                -0.2908705472946167,
                -1.3521783351898193
            ],
            "location_world": [
                1.3521783351898193,
                0.5394845604896545,
                -0.2908705472946167
            ],
            "name": "google_2_of_Jenga_Classic_Game_0",
            "projected_cuboid": [
                [
                    -49.543410539627075,
                    492.36100912094116
                ],
                [
                    -61.93801760673523,
                    511.33644580841064
                ],
                [
                    -14.224529266357422,
                    384.06404852867126
                ],
                [
                    -2.2550225257873535,
                    363.8586699962616
                ],
                [
                    -6.2149763107299805,
                    502.9855966567993
                ],
                [
                    -19.989043474197388,
                    521.0710763931274
                ],
                [
                    20.058587193489075,
                    394.93614435195923
                ],
                [
                    32.93035924434662,
                    375.54001808166504
                ],
                [
                    -10.601729154586792,
                    437.852680683136
                ]
            ],
            "provenance": "nvisii",
            "quaternion_xyzw": [
                -0.1094115674495697,
                0.33223140239715576,
                -0.8992383480072021,
                -0.262719988822937
            ],
            "quaternion_xyzw_world": [
                0.4296691119670868,
                0.8018006682395935,
                -0.20684927701950073,
                -0.36015769839286804
            ],
            "segmentation_id": 1,
            "visibility": -1
        },
        {
            "bounding_box_minx_maxx_miny_maxy": [
                -1,
                -1,
                -1,
                -1
            ],
            "class": "2",
            "local_cuboid": null,
            "local_to_world_matrix": [
                [
                    -0.31380772590637207,
                    -0.9490202069282532,
                    0.029760628938674927,
                    0.0
                ],
                [
                    -0.6194890141487122,
                    0.1808883547782898,
                    -0.7638801336288452,
                    0.0
                ],
                [
                    0.7195543050765991,
                    -0.2581477165222168,
                    -0.6446717977523804,
                    0.0
                ],
                [
                    1.4144296646118164,
                    -0.5261497497558594,
                    0.5083906650543213,
                    1.0
                ]
            ],
            "location": [
                0.5261497497558594,
                0.5083906650543213,
                -1.4144296646118164
            ],
            "location_world": [
                1.4144296646118164,
                -0.5261497497558594,
                0.5083906650543213
            ],
            "name": "google_2_of_Jenga_Classic_Game_1",
            "projected_cuboid": [
                [
                    488.19664120674133,
                    119.76753175258636
                ],
                [
                    490.24003744125366,
                    140.01663029193878
                ],
                [
                    493.8616752624512,
                    40.6145453453064
                ],
                [
                    491.38492345809937,
                    21.026134490966797
                ],
                [
                    457.48305320739746,
                    122.55792319774628
                ],
                [
                    458.4977328777313,
                    142.58643984794617
                ],
                [
                    457.29222893714905,
                    45.326799154281616
                ],
                [
                    456.17419481277466,
                    25.90245008468628
                ],
                [
                    473.9531874656677,
                    85.45874059200287
                ]
            ],
            "provenance": "nvisii",
            "quaternion_xyzw": [
                -0.9263442754745483,
                0.040786102414131165,
                -0.15435820817947388,
                -0.34116923809051514
            ],
            "quaternion_xyzw_world": [
                -0.5361846089363098,
                0.7313289046287537,
                -0.34937354922294617,
                0.23580144345760345
            ],
            "segmentation_id": 2,
            "visibility": -1
        },
        {
            "bounding_box_minx_maxx_miny_maxy": [
                -1,
                -1,
                -1,
                -1
            ],
            "class": "2",
            "local_cuboid": null,
            "local_to_world_matrix": [
                [
                    -0.6683650016784668,
                    -0.32333308458328247,
                    -0.6698841452598572,
                    0.0
                ],
                [
                    0.12494967877864838,
                    0.8389827609062195,
                    -0.5296183228492737,
                    0.0
                ],
                [
                    0.7332643866539001,
                    -0.4376799166202545,
                    -0.5203464031219482,
                    0.0
                ],
                [
                    0.9853735566139221,
                    -0.2557806074619293,
                    0.055709339678287506,
                    1.0
                ]
            ],
            "location": [
                0.2557806074619293,
                0.055709339678287506,
                -0.9853735566139221
            ],
            "location_world": [
                0.9853735566139221,
                -0.2557806074619293,
                0.055709339678287506
            ],
            "name": "google_2_of_Jenga_Classic_Game_2",
            "projected_cuboid": [
                [
                    473.15365076065063,
                    301.8403947353363
                ],
                [
                    434.8744750022888,
                    324.2793679237366
                ],
                [
                    395.91944217681885,
                    245.64608931541443
                ],
                [
                    442.3641860485077,
                    217.29809045791626
                ],
                [
                    450.90293884277344,
                    273.4719216823578
                ],
                [
                    414.4536256790161,
                    295.19301652908325
                ],
                [
                    373.21752309799194,
                    214.5107239484787
                ],
                [
                    416.9912338256836,
                    187.32140958309174
                ],
                [
                    426.6367554664612,
                    261.19136810302734
                ]
            ],
            "provenance": "nvisii",
            "quaternion_xyzw": [
                -0.8040858507156372,
                0.46912503242492676,
                -0.34388265013694763,
                -0.12293356657028198
            ],
            "quaternion_xyzw_world": [
                -0.057005833834409714,
                0.8700135350227356,
                -0.27795493602752686,
                0.403197318315506
            ],
            "segmentation_id": 3,
            "visibility": -1
        },
        {
            "bounding_box_minx_maxx_miny_maxy": [
                -1,
                -1,
                -1,
                -1
            ],
            "class": "2",
            "local_cuboid": null,
            "local_to_world_matrix": [
                [
                    0.9884152412414551,
                    0.14277520775794983,
                    0.051483798772096634,
                    0.0
                ],
                [
                    0.11328199505805969,
                    -0.46824729442596436,
                    -0.8763056993484497,
                    0.0
                ],
                [
                    -0.10100758075714111,
                    0.8719860315322876,
                    -0.4789966344833374,
                    0.0
                ],
                [
                    0.5769385099411011,
                    0.3030802309513092,
                    0.5685057640075684,
                    1.0
                ]
            ],
            "location": [
                -0.3030802309513092,
                0.5685057640075684,
                -0.5769385099411011
            ],
            "location_world": [
                0.5769385099411011,
                0.3030802309513092,
                0.5685057640075684
            ],
            "name": "google_2_of_Jenga_Classic_Game_3",
            "projected_cuboid": [
                [
                    -355.19880056381226,
                    -235.28578877449036
                ],
                [
                    -305.0413131713867,
                    -151.8917679786682
                ],
                [
                    -30.982017517089844,
                    -268.8401937484741
                ],
                [
                    -74.42840933799744,
                    -350.03864765167236
                ],
                [
                    -435.39732694625854,
                    -305.5499196052551
                ],
                [
                    -376.1245012283325,
                    -208.17598700523376
                ],
                [
                    -58.82585048675537,
                    -338.86706829071045
                ],
                [
                    -109.12579298019409,
                    -433.1970810890198
                ],
                [
                    -212.1398150920868,
                    -285.2843403816223
                ]
            ],
            "provenance": "nvisii",
            "quaternion_xyzw": [
                -0.6388511061668396,
                -0.20338506996631622,
                0.7280261516571045,
                -0.14311419427394867
            ],
            "quaternion_xyzw_world": [
                -0.8566882610321045,
                -0.07472298294305801,
                0.014452099800109863,
                0.5101889967918396
            ],
            "segmentation_id": 4,
            "visibility": -1
        },
        {
            "bounding_box_minx_maxx_miny_maxy": [
                -1,
                -1,
                -1,
                -1
            ],
            "class": "2",
            "local_cuboid": null,
            "local_to_world_matrix": [
                [
                    0.843421995639801,
                    0.4175575375556946,
                    -0.33806073665618896,
                    0.0
                ],
                [
                    -0.32257968187332153,
                    0.8967804908752441,
                    0.30286476016044617,
                    0.0
                ],
                [
                    0.42962974309921265,
                    -0.14639127254486084,
                    0.8910599946975708,
                    0.0
                ],
                [
                    1.1737794876098633,
                    -0.021257197484374046,
                    0.2515897750854492,
                    1.0
                ]
            ],
            "location": [
                0.021257197484374046,
                0.2515897750854492,
                -1.1737794876098633
            ],
            "location_world": [
                1.1737794876098633,
                -0.021257197484374046,
                0.2515897750854492
            ],
            "name": "google_2_of_Jenga_Classic_Game_4",
            "projected_cuboid": [
                [
                    288.3105278015137,
                    32.21486508846283
                ],
                [
                    254.45014238357544,
                    16.014546155929565
                ],
                [
                    233.29263925552368,
                    123.04049730300903
                ],
                [
                    271.1062431335449,
                    138.51818442344666
                ],
                [
                    305.8391213417053,
                    8.312210440635681
                ],
                [
                    270.5610990524292,
                    -9.268581867218018
                ],
                [
                    249.94854629039764,
                    101.26091539859772
                ],
                [
                    289.54899311065674,
                    118.14488470554352
                ],
                [
                    270.8301544189453,
                    63.676998019218445
                ]
            ],
            "provenance": "nvisii",
            "quaternion_xyzw": [
                -0.4210722744464874,
                0.7331528067588806,
                0.41384267807006836,
                0.33751946687698364
            ],
            "quaternion_xyzw_world": [
                0.11787863075733185,
                0.20143146812915802,
                0.19420187175273895,
                0.9527935981750488
            ],
            "segmentation_id": 5,
            "visibility": -1
        },
        {
            "bounding_box_minx_maxx_miny_maxy": [
                -1,
                -1,
                -1,
                -1
            ],
            "class": "2",
            "local_cuboid": null,
            "local_to_world_matrix": [
                [
                    -0.5014787912368774,
                    0.33130231499671936,
                    0.7992232441902161,
                    0.0
                ],
                [
                    -0.11690077930688858,
                    -0.9412517547607422,
                    0.31682711839675903,
                    0.0
                ],
                [
                    0.857235848903656,
                    0.06545224785804749,
                    0.5107472538948059,
                    0.0
                ],
                [
                    1.357070803642273,
                    0.036656856536865234,
                    0.33467668294906616,
                    1.0
                ]
            ],
            "location": [
                -0.036656856536865234,
                0.33467668294906616,
                -1.357070803642273
            ],
            "location_world": [
                1.357070803642273,
                0.036656856536865234,
                0.33467668294906616
            ],
            "name": "google_2_of_Jenga_Classic_Game_5",
            "projected_cuboid": [
                [
                    208.84199440479279,
                    59.7643256187439
                ],
                [
                    238.89228701591492,
                    48.37656021118164
                ],
                [
                    245.46529352664948,
                    78.06594669818878
                ],
                [
                    209.76074039936066,
                    91.35976433753967
                ],
                [
                    219.50390934944153,
                    87.68913149833679
                ],
                [
                    248.88628721237183,
                    76.74893736839294
                ],
                [
                    257.0938169956207,
                    110.76053977012634
                ],
                [
                    222.32839465141296,
                    123.44023585319519
                ],
                [
                    231.17177188396454,
                    83.36412906646729
                ]
            ],
            "provenance": "nvisii",
            "quaternion_xyzw": [
                0.5497968792915344,
                0.7914173007011414,
                0.1982671022415161,
                -0.17908728122711182
            ],
            "quaternion_xyzw_world": [
                0.4819298982620239,
                0.11122028529644012,
                0.8592842817306519,
                0.13040012121200562
            ],
            "segmentation_id": 6,
            "visibility": -1
        },
        {
            "bounding_box_minx_maxx_miny_maxy": [
                -1,
                -1,
                -1,
                -1
            ],
            "class": "2",
            "local_cuboid": null,
            "local_to_world_matrix": [
                [
                    -0.12825548648834229,
                    0.9861361980438232,
                    -0.10528996586799622,
                    0.0
                ],
                [
                    -0.5099818706512451,
                    0.02547430992126465,
                    0.8598078489303589,
                    0.0
                ],
                [
                    0.8505698442459106,
                    0.16397106647491455,
                    0.49964439868927,
                    0.0
                ],
                [
                    1.514541506767273,
                    0.6646761894226074,
                    -0.009317410178482533,
                    1.0
                ]
            ],
            "location": [
                -0.6646761894226074,
                -0.009317410178482533,
                -1.514541506767273
            ],
            "location_world": [
                1.514541506767273,
                0.6646761894226074,
                -0.009317410178482533
            ],
            "name": "google_2_of_Jenga_Classic_Game_6",
            "projected_cuboid": [
                [
                    -4.506498575210571,
                    217.38873422145844
                ],
                [
                    -11.565744876861572,
                    191.3452297449112
                ],
                [
                    -35.8123779296875,
                    240.74997007846832
                ],
                [
                    -26.92568302154541,
                    269.63016390800476
                ],
                [
                    23.16857874393463,
                    214.7718369960785
                ],
                [
                    16.8326199054718,
                    188.8146698474884
                ],
                [
                    -2.5405585765838623,
                    237.46609687805176
                ],
                [
                    5.3581297397613525,
                    266.2484347820282
                ],
                [
                    -3.6079585552215576,
                    226.56555473804474
                ]
            ],
            "provenance": "nvisii",
            "quaternion_xyzw": [
                -0.03400658071041107,
                0.9613159894943237,
                0.2625635862350464,
                -0.0759965181350708
            ],
            "quaternion_xyzw_world": [
                0.2943746745586395,
                0.4043777585029602,
                0.6329347491264343,
                0.5909448266029358
            ],
            "segmentation_id": 7,
            "visibility": -1
        },
        {
            "bounding_box_minx_maxx_miny_maxy": [
                -1,
                -1,
                -1,
                -1
            ],
            "class": "2",
            "local_cuboid": null,
            "local_to_world_matrix": [
                [
                    0.3528333306312561,
                    -0.4771541655063629,
                    0.8048804402351379,
                    0.0
                ],
                [
                    0.7636083364486694,
                    -0.35028934478759766,
                    -0.5424016714096069,
                    0.0
                ],
                [
                    0.5407503247261047,
                    0.8059908151626587,
                    0.24076515436172485,
                    0.0
                ],
                [
                    0.17683875560760498,
                    -0.12463823705911636,
                    0.3619215786457062,
                    1.0
                ]
            ],
            "location": [
                0.12463823705911636,
                0.3619215786457062,
                -0.17683875560760498
            ],
            "location_world": [
                0.17683875560760498,
                -0.12463823705911636,
                0.3619215786457062
            ],
            "name": "google_2_of_Jenga_Classic_Game_7",
            "projected_cuboid": [
                [
                    46.33311927318573,
                    -678.6783337593079
                ],
                [
                    127.67316401004791,
                    -448.9128589630127
                ],
                [
                    678.3095598220825,
                    -753.6649703979492
                ],
                [
                    739.9214506149292,
                    -1336.405634880066
                ],
                [
                    -52.02785134315491,
                    -635.4580521583557
                ],
                [
                    53.68642508983612,
                    -395.47228813171387
                ],
                [
                    622.9772567749023,
                    -700.4368305206299
                ],
                [
                    670.4080104827881,
                    -1381.055474281311
                ],
                [
                    266.28515124320984,
                    -686.9776844978333
                ]
            ],
            "provenance": "nvisii",
            "quaternion_xyzw": [
                -0.8000478148460388,
                -0.3609689772129059,
                0.3621108829975128,
                0.31384792923927307
            ],
            "quaternion_xyzw_world": [
                -0.6046398878097534,
                -0.11843997985124588,
                -0.5563769340515137,
                0.5575188398361206
            ],
            "segmentation_id": 8,
            "visibility": -1
        },
        {
            "bounding_box_minx_maxx_miny_maxy": [
                -1,
                -1,
                -1,
                -1
            ],
            "class": "2",
            "local_cuboid": null,
            "local_to_world_matrix": [
                [
                    -0.30451297760009766,
                    -0.43569886684417725,
                    0.8470175862312317,
                    0.0
                ],
                [
                    0.6050913333892822,
                    0.5982789993286133,
                    0.525287389755249,
                    0.0
                ],
                [
                    -0.7356199622154236,
                    0.6724796295166016,
                    0.08145374059677124,
                    0.0
                ],
                [
                    1.522831678390503,
                    0.13546356558799744,
                    -0.09973852336406708,
                    1.0
                ]
            ],
            "location": [
                -0.13546356558799744,
                -0.09973852336406708,
                -1.522831678390503
            ],
            "location_world": [
                1.522831678390503,
                0.13546356558799744,
                -0.09973852336406708
            ],
            "name": "google_2_of_Jenga_Classic_Game_8",
            "projected_cuboid": [
                [
                    112.48883605003357,
                    280.761182308197
                ],
                [
                    94.73283588886261,
                    259.3141496181488
                ],
                [
                    193.6156004667282,
                    267.35833287239075
                ],
                [
                    212.20439672470093,
                    285.97933053970337
                ],
                [
                    99.01438653469086,
                    311.3463521003723
                ],
                [
                    82.08702504634857,
                    289.12079334259033
                ],
                [
                    181.1888962984085,
                    292.9365932941437
                ],
                [
                    199.06117022037506,
                    312.12711334228516
                ],
                [
                    150.35772323608398,
                    287.4724864959717
                ]
            ],
            "provenance": "nvisii",
            "quaternion_xyzw": [
                -0.20904049277305603,
                -0.2974763512611389,
                0.44006645679473877,
                0.8210673332214355
            ],
            "quaternion_xyzw_world": [
                -0.0627579614520073,
                -0.6747848391532898,
                -0.44375887513160706,
                0.5863489508628845
            ],
            "segmentation_id": 9,
            "visibility": -1
        },
        {
            "bounding_box_minx_maxx_miny_maxy": [
                -1,
                -1,
                -1,
                -1
            ],
            "class": "2",
            "local_cuboid": null,
            "local_to_world_matrix": [
                [
                    0.7124595642089844,
                    -0.6916475892066956,
                    0.11842761933803558,
                    0.0
                ],
                [
                    0.5303958058357239,
                    0.4202945828437805,
                    -0.7362287044525146,
                    0.0
                ],
                [
                    0.459436297416687,
                    0.5873466730117798,
                    0.6662898063659668,
                    0.0
                ],
                [
                    1.0032795667648315,
                    0.4511851668357849,
                    0.29845985770225525,
                    1.0
                ]
            ],
            "location": [
                -0.4511851668357849,
                0.29845985770225525,
                -1.0032795667648315
            ],
            "location_world": [
                1.0032795667648315,
                0.4511851668357849,
                0.29845985770225525
            ],
            "name": "google_2_of_Jenga_Classic_Game_9",
            "projected_cuboid": [
                [
                    -55.020660161972046,
                    -29.221832752227783
                ],
                [
                    -61.551958322525024,
                    12.889102101325989
                ],
                [
                    -2.963811159133911,
                    94.16541457176208
                ],
                [
                    7.036909461021423,
                    50.061047077178955
                ],
                [
                    -101.08911991119385,
                    -38.472145795822144
                ],
                [
                    -106.12180829048157,
                    6.096124649047852
                ],
                [
                    -50.22868514060974,
                    91.03785455226898
                ],
                [
                    -41.85977578163147,
                    44.18472945690155
                ],
                [
                    -52.787572145462036,
                    26.817768812179565
                ]
            ],
            "provenance": "nvisii",
            "quaternion_xyzw": [
                -0.8496047258377075,
                0.08882568776607513,
                0.38247379660606384,
                0.35213011503219604
            ],
            "quaternion_xyzw_world": [
                -0.3955613374710083,
                0.10191323608160019,
                -0.3652176558971405,
                0.8365171551704407
            ],
            "segmentation_id": 10,
            "visibility": -1
        },
        {
            "bounding_box_minx_maxx_miny_maxy": [
                -1,
                -1,
                -1,
                -1
            ],
            "class": "2",
            "local_cuboid": null,
            "local_to_world_matrix": [
                [
                    -0.4131333827972412,
                    -0.27747273445129395,
                    -0.8673693537712097,
                    0.0
                ],
                [
                    -0.7083334922790527,
                    -0.5006991624832153,
                    0.49755799770355225,
                    0.0
                ],
                [
                    -0.5723499655723572,
                    0.8199446201324463,
                    0.010312318801879883,
                    0.0
                ],
                [
                    0.8343601226806641,
                    0.20979005098342896,
                    -0.22941181063652039,
                    1.0
                ]
            ],
            "location": [
                -0.20979005098342896,
                -0.22941181063652039,
                -0.8343601226806641
            ],
            "location_world": [
                0.8343601226806641,
                0.20979005098342896,
                -0.22941181063652039
            ],
            "name": "google_2_of_Jenga_Classic_Game_10",
            "projected_cuboid": [
                [
                    -157.36347436904907,
                    499.6575117111206
                ],
                [
                    -155.50753474235535,
                    482.8704297542572
                ],
                [
                    113.90380561351776,
                    435.7830286026001
                ],
                [
                    93.41192245483398,
                    452.5817334651947
                ],
                [
                    -157.27216005325317,
                    430.36454916000366
                ],
                [
                    -155.5003821849823,
                    408.0735743045807
                ],
                [
                    103.21192443370819,
                    378.09106707572937
                ],
                [
                    84.20467376708984,
                    398.18647503852844
                ],
                [
                    -14.93176817893982,
                    433.20876359939575
                ]
            ],
            "provenance": "nvisii",
            "quaternion_xyzw": [
                -0.22779637575149536,
                0.40241003036499023,
                0.4464636445045471,
                -0.7660582065582275
            ],
            "quaternion_xyzw_world": [
                -0.5189540982246399,
                0.474900484085083,
                0.6935677528381348,
                0.1553059220314026
            ],
            "segmentation_id": 11,
            "visibility": -1
        },
        {
            "bounding_box_minx_maxx_miny_maxy": [
                -1,
                -1,
                -1,
                -1
            ],
            "class": "2",
            "local_cuboid": null,
            "local_to_world_matrix": [
                [
                    -0.35176098346710205,
                    -0.9307618141174316,
                    -0.09973596036434174,
                    0.0
                ],
                [
                    -0.9108070135116577,
                    0.3649069666862488,
                    -0.19306424260139465,
                    0.0
                ],
                [
                    0.21609114110469818,
                    0.022927768528461456,
                    -0.9761043787002563,
                    0.0
                ],
                [
                    1.7200449705123901,
                    -0.4603528082370758,
                    0.7995339035987854,
                    1.0
                ]
            ],
            "location": [
                0.4603528082370758,
                0.7995339035987854,
                -1.7200449705123901
            ],
            "location_world": [
                1.7200449705123901,
                -0.4603528082370758,
                0.7995339035987854
            ],
            "name": "google_2_of_Jenga_Classic_Game_11",
            "projected_cuboid": [
                [
                    418.8579022884369,
                    76.84488594532013
                ],
                [
                    415.616512298584,
                    74.83570277690887
                ],
                [
                    424.30830001831055,
                    -34.976840019226074
                ],
                [
                    427.2838234901428,
                    -28.05429697036743
                ],
                [
                    392.1617269515991,
                    76.87556743621826
                ],
                [
                    387.8040909767151,
                    74.89939033985138
                ],
                [
                    395.3182101249695,
                    -33.11353921890259
                ],
                [
                    399.50501918792725,
                    -26.38024091720581
                ],
                [
                    407.46524930000305,
                    23.627683520317078
                ]
            ],
            "provenance": "nvisii",
            "quaternion_xyzw": [
                -0.7648394107818604,
                0.1518760323524475,
                -0.10748434066772461,
                -0.6167671084403992
            ],
            "quaternion_xyzw_world": [
                -0.5611230731010437,
                0.8204834461212158,
                -0.05184031277894974,
                0.09623201191425323
            ],
            "segmentation_id": 12,
            "visibility": -1
        },
        {
            "bounding_box_minx_maxx_miny_maxy": [
                -1,
                -1,
                -1,
                -1
            ],
            "class": "2",
            "local_cuboid": null,
            "local_to_world_matrix": [
                [
                    0.9876793026924133,
                    0.012587502598762512,
                    -0.1559845209121704,
                    0.0
                ],
                [
                    0.032154981046915054,
                    -0.9918152093887329,
                    0.1235656663775444,
                    0.0
                ],
                [
                    -0.1531524360179901,
                    -0.12705892324447632,
                    -0.9800001382827759,
                    0.0
                ],
                [
                    0.4377906918525696,
                    -0.22902831435203552,
                    0.579818069934845,
                    1.0
                ]
            ],
            "location": [
                0.22902831435203552,
                0.579818069934845,
                -0.4377906918525696
            ],
            "location_world": [
                0.4377906918525696,
                -0.22902831435203552,
                0.579818069934845
            ],
            "name": "google_2_of_Jenga_Classic_Game_12",
            "projected_cuboid": [
                [
                    563.5812878608704,
                    -145.50122618675232
                ],
                [
                    678.2562732696533,
                    -157.55492448806763
                ],
                [
                    591.3294553756714,
                    -480.79991340637207
                ],
                [
                    486.9498014450073,
                    -471.7269539833069
                ],
                [
                    634.5499753952026,
                    -253.92264127731323
                ],
                [
                    773.8208174705505,
                    -267.7902579307556
                ],
                [
                    659.2857241630554,
                    -641.6494846343994
                ],
                [
                    534.9081754684448,
                    -631.8966150283813
                ],
                [
                    609.6788644790649,
                    -384.47874784469604
                ]
            ],
            "provenance": "nvisii",
            "quaternion_xyzw": [
                0.4215134382247925,
                0.4957319498062134,
                -0.5104346871376038,
                0.562167763710022
            ],
            "quaternion_xyzw_world": [
                0.9949239492416382,
                0.011242689564824104,
                -0.07767853885889053,
                0.06297581642866135
            ],
            "segmentation_id": 13,
            "visibility": -1
        },
        {
            "bounding_box_minx_maxx_miny_maxy": [
                -1,
                -1,
                -1,
                -1
            ],
            "class": "2",
            "local_cuboid": null,
            "local_to_world_matrix": [
                [
