{
    "camera_data": {
        "camera_look_at": {
            "at": [
                1.0,
                0.0,
                0.0
            ],
            "eye": [
                0.0,
                0.0,
                0.0
            ],
            "up": [
                0.0,
                0.0,
                1.0
            ]
        },
        "camera_view_matrix": [
            [
                0.0,
                0.0,
                -1.0,
                0.0
            ],
            [
                -1.0,
                0.0,
                0.0,
                0.0
            ],
            [
                0.0,
                1.0,
                0.0,
                0.0
            ],
            [
                0.0,
                0.0,
                0.0,
                1.0
            ]
        ],
        "height": 500,
        "intrinsics": {
            "cx": 250.0,
            "cy": 250.0,
            "fx": 603.5535278320312,
            "fy": 603.5535278320312
        },
        "location_world": [
            0.0,
            0.0,
            0.0
        ],
        "quaternion_world_xyzw": [
            0.5,
            -0.5,
            -0.5,
            0.5
        ],
        "width": 500
    },
    "objects": [
        {
            "bounding_box_minx_maxx_miny_maxy": [
                -1,
                -1,
                -1,
                -1
            ],
            "class": "2",
            "local_cuboid": null,
            "local_to_world_matrix": [
                [
                    0.16215336322784424,
                    -0.501806378364563,
                    -0.8496450185775757,
                    0.0
                ],
                [
                    0.9820066690444946,
                    -0.002398371696472168,
                    0.18883085250854492,
                    0.0
                ],
                [
                    -0.09679430723190308,
                    -0.8649766445159912,
                    0.4923883080482483,
                    0.0
                ],
                [
                    1.5225075483322144,
                    -0.48424237966537476,
                    0.5920143127441406,
                    1.0
                ]
            ],
            "location": [
                0.48424237966537476,
                0.5920143127441406,
                -1.5225075483322144
            ],
            "location_world": [
                1.5225075483322144,
                -0.48424237966537476,
                0.5920143127441406
            ],
            "name": "google_2_of_Jenga_Classic_Game_0",
            "projected_cuboid": [
                [
                    562.9518032073975,
                    -37.21615672111511
                ],
                [
                    546.2031960487366,
                    -28.012722730636597
                ],
                [
                    443.76128911972046,
                    32.2721004486084
                ],
                [
                    454.48073744773865,
                    26.604309678077698
                ],
                [
                    549.2005348205566,
                    -67.72604584693909
                ],
                [
                    533.057451248169,
                    -56.791335344314575
                ],
                [
                    430.0128221511841,
                    4.510983824729919
                ],
                [
                    440.0521516799927,
                    -2.7669668197631836
                ],
                [
                    494.31416392326355,
                    -15.671998262405396
                ]
            ],
            "provenance": "nvisii",
            "quaternion_xyzw": [
                -0.5514029860496521,
                0.38413217663764954,
                -0.31865227222442627,
                0.6684743165969849
            ],
            "quaternion_xyzw_world": [
                0.4099278748035431,
                0.2928566038608551,
                -0.5771986842155457,
                0.6426786184310913
            ],
            "segmentation_id": 1,
            "visibility": -1
        },
        {
            "bounding_box_minx_maxx_miny_maxy": [
                -1,
                -1,
                -1,
                -1
            ],
            "class": "2",
            "local_cuboid": null,
            "local_to_world_matrix": [
                [
                    0.04904574155807495,
                    -0.5587884783744812,
                    0.8278586268424988,
                    0.0
                ],
                [
                    -0.34267479181289673,
                    0.7691333293914795,
                    0.539451539516449,
                    0.0
                ],
                [
                    -0.9381729960441589,
                    -0.3101440966129303,
                    -0.15375995635986328,
                    0.0
                ],
                [
                    1.0722094774246216,
                    -0.44827160239219666,
                    -0.5600653886795044,
                    1.0
                ]
            ],
            "location": [
                0.44827160239219666,
                -0.5600653886795044,
                -1.0722094774246216
            ],
            "location_world": [
                1.0722094774246216,
                -0.44827160239219666,
                -0.5600653886795044
            ],
            "name": "google_2_of_Jenga_Classic_Game_1",
            "projected_cuboid": [
                [
                    689.6659135818481,
                    690.9568905830383
                ],
                [
                    655.9668183326721,
                    672.2041368484497
                ],
                [
                    499.3845224380493,
                    537.4400615692139
                ],
                [
                    528.7624597549438,
                    555.0540685653687
                ],
                [
                    658.9469313621521,
                    741.6808009147644
                ],
                [
                    623.944103717804,
                    724.7127294540405
                ],
                [
                    475.0995635986328,
                    575.8260488510132
                ],
                [
                    505.23000955581665,
                    592.4789905548096
                ],
                [
                    568.545937538147,
                    625.9669065475464
                ]
            ],
            "provenance": "nvisii",
            "quaternion_xyzw": [
                0.14244648814201355,
                0.10306558012962341,
                0.45823925733566284,
                0.8712652921676636
            ],
            "quaternion_xyzw_world": [
                0.32926905155181885,
                -0.6844427585601807,
                -0.08375697582960129,
                0.6450618505477905
            ],
            "segmentation_id": 2,
            "visibility": -1
        },
        {
            "bounding_box_minx_maxx_miny_maxy": [
                -1,
                -1,
                -1,
                -1
            ],
            "class": "2",
            "local_cuboid": null,
            "local_to_world_matrix": [
                [
                    0.24670767784118652,
                    -0.4769998788833618,
                    -0.8435677289962769,
                    0.0
                ],
                [
                    0.6318591833114624,
                    -0.5808243751525879,
                    0.5132222175598145,
                    0.0
                ],
                [
                    -0.7347716093063354,
                    -0.6596318483352661,
                    0.15810281038284302,
                    0.0
                ],
                [
                    0.7952563762664795,
                    0.6218186020851135,
                    -0.5679030418395996,
                    1.0
                ]
            ],
            "location": [
                -0.6218186020851135,
                -0.5679030418395996,
                -0.7952563762664795
            ],
            "location_world": [
                0.7952563762664795,
                0.6218186020851135,
                -0.5679030418395996
            ],
            "name": "google_2_of_Jenga_Classic_Game_2",
            "projected_cuboid": [
                [
                    -215.65592288970947,
                    867.47807264328
                ],
                [
                    -127.41675972938538,
                    771.6946005821228
                ],
                [
                    -169.84844207763672,
                    670.5736517906189
                ],
                [
                    -236.66292428970337,
                    733.0111265182495
                ],
                [
                    -274.0424871444702,
                    815.7560229301453
                ],
                [
                    -177.71616578102112,
                    721.470832824707
                ],
                [
                    -207.8726291656494,
                    631.1990022659302
                ],
                [
                    -279.07419204711914,
                    692.4693584442139
                ],
                [
                    -211.06132864952087,
                    727.9990911483765
                ]
            ],
            "provenance": "nvisii",
            "quaternion_xyzw": [
                -0.23927287757396698,
                0.2745226323604584,
                -0.4314364194869995,
                0.8253777027130127
            ],
            "quaternion_xyzw_world": [
                0.6460319757461548,
                0.05992709845304489,
                -0.6107822060585022,
                0.45386841893196106
            ],
            "segmentation_id": 3,
            "visibility": -1
        },
        {
            "bounding_box_minx_maxx_miny_maxy": [
                -1,
                -1,
                -1,
                -1
            ],
            "class": "2",
            "local_cuboid": null,
            "local_to_world_matrix": [
                [
                    0.6450328826904297,
                    0.7336108088493347,
                    -0.2138872742652893,
                    0.0
                ],
                [
                    -0.49587753415107727,
                    0.6148090958595276,
                    0.6132823824882507,
                    0.0
                ],
                [
                    0.5814104080200195,
                    -0.28952544927597046,
                    0.7603532075881958,
                    0.0
                ],
                [
                    0.6078858375549316,
                    0.3075980246067047,
                    0.172994464635849,
                    1.0
                ]
            ],
            "location": [
                -0.3075980246067047,
                0.172994464635849,
                -0.6078858375549316
            ],
            "location_world": [
                0.6078858375549316,
                0.3075980246067047,
                0.172994464635849
            ],
            "name": "google_2_of_Jenga_Classic_Game_3",
            "projected_cuboid": [
                [
                    84.50187742710114,
                    -14.205783605575562
                ],
                [
                    35.58771312236786,
                    -68.3041512966156
                ],
                [
                    -107.22112655639648,
                    62.31459975242615
                ],
                [
                    -36.471009254455566,
                    122.09612131118774
                ],
                [
                    118.78447234630585,
                    -44.763654470443726
                ],
                [
                    68.42970848083496,
                    -104.37554121017456
                ],
                [
                    -77.38754153251648,
                    27.170225977897644
                ],
                [
                    -2.7410686016082764,
                    94.43211555480957
                ],
                [
                    18.896862864494324,
                    2.5616586208343506
                ]
            ],
            "provenance": "nvisii",
            "quaternion_xyzw": [
                -0.2421349138021469,
                0.8556143045425415,
                0.3670552372932434,
                0.2730664908885956
            ],
            "quaternion_xyzw_world": [
                0.25974535942077637,
                0.2288137972354889,
                0.3537340760231018,
                0.8689354658126831
            ],
            "segmentation_id": 4,
            "visibility": -1
        },
        {
            "bounding_box_minx_maxx_miny_maxy": [
                -1,
                -1,
                -1,
                -1
            ],
            "class": "2",
            "local_cuboid": null,
            "local_to_world_matrix": [
                [
                    0.9981298446655273,
                    0.0575592964887619,
                    -0.020584089681506157,
                    0.0
                ],
                [
                    -0.02762530744075775,
                    0.7251137495040894,
                    0.6880747675895691,
                    0.0
                ],
                [
                    0.054530903697013855,
                    -0.6862192749977112,
                    0.7253478169441223,
                    0.0
                ],
                [
                    0.9130754470825195,
                    -0.254257470369339,
                    -0.20977792143821716,
                    1.0
                ]
            ],
            "location": [
                0.254257470369339,
                -0.20977792143821716,
                -0.9130754470825195
            ],
            "location_world": [
                0.9130754470825195,
                -0.254257470369339,
                -0.20977792143821716
            ],
            "name": "google_2_of_Jenga_Classic_Game_4",
            "projected_cuboid": [
                [
                    550.7245659828186,
                    267.29869842529297
                ],
                [
                    513.2423043251038,
                    231.08458518981934
                ],
                [
                    390.4733657836914,
                    365.1963174343109
                ],
                [
                    428.88200283050537,
                    401.6873240470886
                ],
                [
                    580.3832411766052,
                    267.7275836467743
                ],
                [
                    539.6569967269897,
                    228.30507159233093
                ],
                [
                    406.291127204895,
                    374.4688034057617
                ],
                [
                    448.11445474624634,
                    414.21934962272644
                ],
                [
                    482.3106527328491,
                    318.0620074272156
                ]
            ],
            "provenance": "nvisii",
            "quaternion_xyzw": [
                -0.27789244055747986,
                0.6708511114120483,
                0.28060367703437805,
                0.6276910901069641
            ],
            "quaternion_xyzw_world": [
                0.37002307176589966,
                0.020224405452609062,
                0.02293560653924942,
                0.9285191893577576
            ],
            "segmentation_id": 5,
            "visibility": -1
        },
        {
            "bounding_box_minx_maxx_miny_maxy": [
                -1,
                -1,
                -1,
                -1
            ],
            "class": "2",
            "local_cuboid": null,
            "local_to_world_matrix": [
                [
                    -0.6426999568939209,
                    0.21794095635414124,
                    0.7344647645950317,
                    0.0
                ],
                [
                    -0.6214820146560669,
                    0.4122811555862427,
                    -0.6661713719367981,
                    0.0
                ],
                [
                    -0.4479919970035553,
                    -0.8846049904823303,
                    -0.12952673435211182,
                    0.0
                ],
                [
                    1.2751989364624023,
                    0.26062148809432983,
                    -0.17818942666053772,
                    1.0
                ]
            ],
            "location": [
                -0.26062148809432983,
                -0.17818942666053772,
                -1.2751989364624023
            ],
            "location_world": [
                1.2751989364624023,
                0.26062148809432983,
                -0.17818942666053772
            ],
            "name": "google_2_of_Jenga_Classic_Game_5",
            "projected_cuboid": [
                [
                    253.4778118133545,
                    333.7517976760864
                ],
                [
                    234.41776633262634,
                    368.8410520553589
                ],
                [
                    108.63430798053741,
                    337.47047185897827
                ],
                [
                    130.9123933315277,
                    307.2693645954132
                ],
                [
                    262.00681924819946,
                    359.4410717487335
                ],
                [
                    244.1832721233368,
                    394.1534459590912
                ],
                [
                    122.40144610404968,
                    361.431747674942
                ],
                [
                    143.28370988368988,
                    331.43702149391174
                ],
                [
                    184.44326519966125,
                    348.3301103115082
                ]
            ],
            "provenance": "nvisii",
            "quaternion_xyzw": [
                -0.5000596046447754,
                -0.16107259690761566,
                -0.763561487197876,
                -0.37545958161354065
            ],
            "quaternion_xyzw_world": [
                -0.13651517033576965,
                0.7390040159225464,
                -0.5246170163154602,
                -0.40001702308654785
            ],
            "segmentation_id": 6,
            "visibility": -1
        },
        {
            "bounding_box_minx_maxx_miny_maxy": [
                -1,
                -1,
                -1,
                -1
            ],
            "class": "2",
            "local_cuboid": null,
            "local_to_world_matrix": [
                [
                    -0.9696712493896484,
                    0.22574655711650848,
                    0.09368711709976196,
                    0.0
                ],
                [
                    0.15593893826007843,
                    0.2762432098388672,
                    0.9483528733253479,
                    0.0
                ],
                [
                    0.18820688128471375,
                    0.9341993927955627,
                    -0.3030681610107422,
                    0.0
                ],
                [
                    1.5728638172149658,
                    0.5234174728393555,
                    -0.3593156635761261,
                    1.0
                ]
            ],
            "location": [
                -0.5234174728393555,
                -0.3593156635761261,
                -1.5728638172149658
            ],
            "location_world": [
                1.5728638172149658,
                0.5234174728393555,
                -0.3593156635761261
            ],
            "name": "google_2_of_Jenga_Classic_Game_6",
            "projected_cuboid": [
                [
                    -52.54465341567993,
                    434.61620807647705
                ],
                [
                    -58.86882543563843,
                    402.81447768211365
                ],
                [
                    36.97533905506134,
                    373.5979199409485
                ],
                [
                    44.35287415981293,
                    406.29205107688904
                ],
                [
                    -32.12222456932068,
                    428.79438400268555
                ],
                [
                    -38.31791877746582,
                    398.49281311035156
                ],
                [
                    53.692519664764404,
                    370.51087617874146
                ],
                [
                    60.85553765296936,
                    401.6210436820984
                ],
                [
                    1.1495798826217651,
                    402.21619606018066
                ]
            ],
            "provenance": "nvisii",
            "quaternion_xyzw": [
                -0.05938801169395447,
                0.7684898376464844,
                -0.1493210345506668,
                -0.6193544268608093
            ],
            "quaternion_xyzw_world": [
                0.1195342168211937,
                0.7982766628265381,
                0.5895676016807556,
                0.029601195827126503
            ],
            "segmentation_id": 7,
            "visibility": -1
        },
        {
            "bounding_box_minx_maxx_miny_maxy": [
                -1,
                -1,
                -1,
                -1
            ],
            "class": "2",
            "local_cuboid": null,
            "local_to_world_matrix": [
                [
                    0.6717868447303772,
                    -0.6515657305717468,
                    -0.35236990451812744,
                    0.0
                ],
                [
                    -0.43504244089126587,
                    -0.7320570945739746,
                    0.5242429971694946,
                    0.0
                ],
                [
                    -0.5995335578918457,
                    -0.19888368248939514,
                    -0.7752450704574585,
                    0.0
                ],
                [
                    1.5409624576568604,
                    0.014345897361636162,
                    -0.430213063955307,
                    1.0
                ]
            ],
            "location": [
                -0.014345897361636162,
                -0.430213063955307,
                -1.5409624576568604
            ],
            "location_world": [
                1.5409624576568604,
                0.014345897361636162,
                -0.430213063955307
            ],
            "name": "google_2_of_Jenga_Classic_Game_7",
            "projected_cuboid": [
                [
                    266.4737105369568,
                    546.36549949646
                ],
                [
                    294.0673828125,
                    534.8440408706665
                ],
                [
                    266.4513885974884,
                    414.4149422645569
                ],
                [
                    242.54457652568817,
                    427.4536967277527
                ],
                [
                    244.26741898059845,
                    545.5765128135681
                ],
                [
                    272.35057950019836,
                    533.5708260536194
                ],
                [
                    246.29837274551392,
                    409.02483463287354
                ],
                [
                    222.04798460006714,
                    422.64366149902344
                ],
                [
                    256.0896873474121,
                    475.67784786224365
                ]
            ],
            "provenance": "nvisii",
            "quaternion_xyzw": [
                0.36324551701545715,
                0.2613157629966736,
                -0.32547077536582947,
                0.8329679369926453
            ],
            "quaternion_xyzw_world": [
                0.8914999961853027,
                -0.3047134578227997,
                -0.266938716173172,
                0.20278368890285492
            ],
            "segmentation_id": 8,
            "visibility": -1
        },
        {
            "bounding_box_minx_maxx_miny_maxy": [
                -1,
                -1,
                -1,
                -1
            ],
            "class": "2",
            "local_cuboid": null,
            "local_to_world_matrix": [
                [
                    0.05194532871246338,
                    0.08893314003944397,
                    0.9946821331977844,
                    0.0
                ],
                [
                    -0.7637747526168823,
                    -0.6381616592407227,
                    0.09694379568099976,
                    0.0
                ],
                [
                    0.6433894038200378,
                    -0.7647488713264465,
                    0.03477531671524048,
                    0.0
                ],
                [
                    0.8409565091133118,
                    0.14898750185966492,
                    0.5699503421783447,
                    1.0
                ]
            ],
            "location": [
                -0.14898750185966492,
                0.5699503421783447,
                -0.8409565091133118
            ],
            "location_world": [
                0.8409565091133118,
                0.14898750185966492,
                0.5699503421783447
            ],
            "name": "google_2_of_Jenga_Classic_Game_8",
            "projected_cuboid": [
                [
                    274.9355137348175,
                    -99.24650192260742
                ],
                [
                    309.10995602607727,
                    -126.74567103385925
                ],
                [
                    156.52446448802948,
                    -206.5105140209198
                ],
                [
                    126.25506520271301,
                    -167.22962260246277
                ],
                [
                    279.0300250053406,
                    -55.88167905807495
                ],
                [
                    313.6107623577118,
                    -80.6824266910553
                ],
                [
                    161.2987071275711,
                    -150.12100338935852
                ],
                [
                    130.53345680236816,
                    -114.82986807823181
                ],
                [
                    225.91173648834229,
                    -121.19418382644653
                ]
            ],
            "provenance": "nvisii",
            "quaternion_xyzw": [
                0.6036374568939209,
                0.6762518882751465,
                0.2952117621898651,
                0.3019194006919861
            ],
            "quaternion_xyzw_world": [
                0.6432984471321106,
                -0.2622583508491516,
                0.636590838432312,
                0.3348728120326996
            ],
            "segmentation_id": 9,
            "visibility": -1
        },
        {
            "bounding_box_minx_maxx_miny_maxy": [
                -1,
                -1,
                -1,
                -1
            ],
            "class": "2",
            "local_cuboid": null,
            "local_to_world_matrix": [
                [
                    -0.034189701080322266,
                    0.9548823237419128,
                    0.295010507106781,
                    0.0
                ],
                [
                    0.921550452709198,
                    0.14434993267059326,
                    -0.3604276478290558,
                    0.0
                ],
                [
                    -0.3867506980895996,
                    0.25954416394233704,
                    -0.8849074840545654,
                    0.0
                ],
                [
                    1.7447165250778198,
                    0.011066910810768604,
                    0.18839219212532043,
                    1.0
                ]
            ],
            "location": [
                -0.011066910810768604,
                0.18839219212532043,
                -1.7447165250778198
            ],
            "location_world": [
                1.7447165250778198,
                0.011066910810768604,
                0.18839219212532043
            ],
            "name": "google_2_of_Jenga_Classic_Game_9",
            "projected_cuboid": [
                [
                    205.0875723361969,
                    266.3947641849518
                ],
                [
                    202.77418196201324,
                    276.6343355178833
                ],
                [
                    231.44131898880005,
                    187.41248548030853
                ],
                [
                    234.91014540195465,
                    173.778235912323
                ],
                [
                    233.68290066719055,
                    275.17804503440857
                ],
                [
                    230.04241287708282,
                    284.9923074245453
                ],
                [
                    256.94042444229126,
                    195.37630677223206
                ],
                [
                    261.56607270240784,
                    182.12661147117615
                ],
                [
                    232.49968886375427,
                    228.85069251060486
                ]
            ],
            "provenance": "nvisii",
            "quaternion_xyzw": [
                0.0685470700263977,
                0.5494779348373413,
                -0.8218973278999329,
                -0.13364218175411224
            ],
            "quaternion_xyzw_world": [
                0.6531400680541992,
                0.718235194683075,
                -0.035115063190460205,
                -0.23730430006980896
            ],
            "segmentation_id": 10,
            "visibility": -1
        },
        {
            "bounding_box_minx_maxx_miny_maxy": [
                -1,
                -1,
                -1,
                -1
            ],
            "class": "2",
            "local_cuboid": null,
            "local_to_world_matrix": [
                [
                    -0.7882353067398071,
                    0.27075687050819397,
                    0.5526089072227478,
                    0.0
                ],
                [
                    -0.2608984410762787,
                    -0.9603400230407715,
                    0.09838656336069107,
                    0.0
                ],
                [
                    0.5573310256004333,
                    -0.06662303954362869,
                    0.8276132345199585,
                    0.0
                ],
                [
                    1.2114410400390625,
                    -0.5330681204795837,
                    -0.5749335289001465,
                    1.0
                ]
            ],
            "location": [
                0.5330681204795837,
                -0.5749335289001465,
                -1.2114410400390625
            ],
            "location_world": [
                1.2114410400390625,
                -0.5330681204795837,
                -0.5749335289001465
            ],
            "name": "google_2_of_Jenga_Classic_Game_10",
            "projected_cuboid": [
                [
                    473.4170734882355,
                    390.642911195755
                ],
                [
                    513.8503313064575,
                    389.20480012893677
                ],
                [
                    540.5386090278625,
                    533.3583354949951
                ],
                [
                    494.0868616104126,
                    532.32741355896
                ],
                [
                    472.7103114128113,
                    403.04481983184814
                ],
                [
                    511.3292932510376,
                    401.8667936325073
                ],
                [
                    536.3367795944214,
                    540.4157042503357
                ],
                [
                    492.2630786895752,
                    539.3118858337402
                ],
                [
                    503.38470935821533,
                    461.9773328304291
                ]
            ],
            "provenance": "nvisii",
            "quaternion_xyzw": [
                0.5450201034545898,
                0.6939874887466431,
                0.3921222388744354,
                -0.2599513828754425
            ],
            "quaternion_xyzw_world": [
                0.2934669852256775,
                0.00839824229478836,
                0.9455406665802002,
                0.14056913554668427
            ],
            "segmentation_id": 11,
            "visibility": -1
        },
        {
            "bounding_box_minx_maxx_miny_maxy": [
                -1,
                -1,
                -1,
                -1
            ],
            "class": "2",
            "local_cuboid": null,
            "local_to_world_matrix": [
                [
                    0.0438651442527771,
                    -0.17780433595180511,
                    0.9830876588821411,
                    0.0
                ],
                [
                    0.486591637134552,
                    0.8632272481918335,
                    0.1344144195318222,
                    0.0
                ],
                [
                    -0.8725275993347168,
                    0.4724661707878113,
                    0.12438368797302246,
                    0.0
                ],
                [
                    1.315009355545044,
                    0.4052477478981018,
                    -0.7037553787231445,
                    1.0
                ]
            ],
            "location": [
                -0.4052477478981018,
                -0.7037553787231445,
                -1.315009355545044
            ],
            "location_world": [
                1.315009355545044,
                0.4052477478981018,
                -0.7037553787231445
            ],
            "name": "google_2_of_Jenga_Classic_Game_11",
            "projected_cuboid": [
                [
                    -39.67195749282837,
                    617.6713109016418
                ],
                [
                    -69.31975483894348,
                    597.3862409591675
                ],
                [
                    53.82515490055084,
                    547.5772619247437
                ],
                [
                    81.54691755771637,
                    562.2949600219727
                ],
                [
                    -48.794686794281006,
                    663.997232913971
                ],
                [
                    -78.19020748138428,
                    641.8830156326294
                ],
                [
                    46.96917533874512,
                    583.4424495697021
                ],
                [
                    74.54726099967957,
                    599.3392467498779
                ],
                [
                    8.983448147773743,
                    598.4492301940918
                ]
            ],
            "provenance": "nvisii",
            "quaternion_xyzw": [
                -0.20667746663093567,
                -0.1449848860502243,
                0.624561607837677,
                0.7390443086624146
            ],
            "quaternion_xyzw_world": [
                -0.11858980357646942,
                -0.6509566903114319,
                -0.23307256400585175,
                0.7126492857933044
            ],
            "segmentation_id": 12,
            "visibility": -1
        },
        {
            "bounding_box_minx_maxx_miny_maxy": [
                -1,
                -1,
                -1,
                -1
            ],
            "class": "2",
            "local_cuboid": null,
            "local_to_world_matrix": [
                [
                    0.4389386773109436,
                    -0.5518126487731934,
                    -0.7091090679168701,
                    0.0
                ],
                [
                    -0.7090041637420654,
                    0.2720831632614136,
                    -0.6506026983261108,
                    0.0
                ],
                [
                    0.5519473552703857,
                    0.788335919380188,
                    -0.27180957794189453,
                    0.0
                ],
                [
                    0.4703209400177002,
                    -0.5714026093482971,
                    0.5451754331588745,
                    1.0
                ]
            ],
            "location": [
                0.5714026093482971,
                0.5451754331588745,
                -0.4703209400177002
            ],
            "location_world": [
                0.4703209400177002,
                -0.5714026093482971,
                0.5451754331588745
            ],
            "name": "google_2_of_Jenga_Classic_Game_12",
            "projected_cuboid": [
                [
                    582.876443862915,
                    -163.72829675674438
                ],
                [
                    592.6707983016968,
                    -150.17622709274292
                ],
                [
                    1017.0106887817383,
                    -395.82306146621704
                ],
                [
                    955.0836682319641,
                    -385.18357276916504
                ],
                [
                    559.9839687347412,
                    -238.37903141975403
                ],
                [
                    568.0133104324341,
                    -231.67219758033752
                ],
                [
                    1017.6858901977539,
                    -528.4782648086548
                ],
                [
                    951.2352347373962,
                    -500.63222646713257
                ],
                [
                    749.8282194137573,
                    -303.7797212600708
                ]
            ],
            "provenance": "nvisii",
            "quaternion_xyzw": [
                -0.8298135995864868,
                0.29560619592666626,
                0.36974403262138367,
                -0.2954922020435333
            ],
            "quaternion_xyzw_world": [
                -0.5997218489646912,
                0.5255839824676514,
                0.06551440060138702,
                0.5998358130455017
            ],
            "segmentation_id": 13,
            "visibility": -1
        },
        {
            "bounding_box_minx_maxx_miny_maxy": [
                -1,
                -1,
                -1,
                -1
            ],
            "class": "2",
            "local_cuboid": null,
            "local_to_world_matrix": [
                [
                    -0.30152249336242676,
                    -0.9071142077445984,
