{
    "camera_data": {
        "camera_look_at": {
            "at": [
                1.0,
                0.0,
                0.0
            ],
            "eye": [
                0.0,
                0.0,
                0.0
            ],
            "up": [
                0.0,
                0.0,
                1.0
            ]
        },
        "camera_view_matrix": [
            [
                0.0,
                0.0,
                -1.0,
                0.0
            ],
            [
                -1.0,
                0.0,
                0.0,
                0.0
            ],
            [
                0.0,
                1.0,
                0.0,
                0.0
            ],
            [
                0.0,
                0.0,
                0.0,
                1.0
            ]
        ],
        "height": 500,
        "intrinsics": {
            "cx": 250.0,
            "cy": 250.0,
            "fx": 603.5535278320312,
            "fy": 603.5535278320312
        },
        "location_world": [
            0.0,
            0.0,
            0.0
        ],
        "quaternion_world_xyzw": [
            0.5,
            -0.5,
            -0.5,
            0.5
        ],
        "width": 500
    },
    "objects": [
        {
            "bounding_box_minx_maxx_miny_maxy": [
                -1,
                -1,
                -1,
                -1
            ],
            "class": "2",
            "local_cuboid": null,
            "local_to_world_matrix": [
                [
                    -0.8018487691879272,
                    -0.1373300999403,
                    0.5815316438674927,
                    0.0
                ],
                [
                    -0.4143034815788269,
                    0.8290778994560242,
                    -0.3754763603210449,
                    0.0
                ],
                [
                    -0.4305708408355713,
                    -0.5420058369636536,
                    -0.721691370010376,
                    0.0
                ],
                [
                    0.3199310898780823,
                    -0.2167424112558365,
                    -0.0807306244969368,
                    1.0
                ]
            ],
            "location": [
                0.2167424112558365,
                -0.0807306244969368,
                -0.3199310898780823
            ],
            "location_world": [
                0.3199310898780823,
                -0.2167424112558365,
                -0.0807306244969368
            ],
            "name": "google_2_of_Jenga_Classic_Game_0",
            "projected_cuboid": [
                [
                    1642.8037881851196,
                    1097.219467163086
                ],
                [
                    1687.41774559021,
                    1433.423399925232
                ],
                [
                    667.1255826950073,
                    414.11542892456055
                ],
                [
                    757.5695514678955,
                    332.7723741531372
                ],
                [
                    1253.8303136825562,
                    990.7582402229309
                ],
                [
                    1219.5802927017212,
                    1207.0014476776123
                ],
                [
                    568.5787200927734,
                    465.9179449081421
                ],
                [
                    652.8624296188354,
                    393.6060070991516
                ],
                [
                    944.7702765464783,
                    686.9984865188599
                ]
            ],
            "provenance": "nvisii",
            "quaternion_xyzw": [
                -0.5201528072357178,
                0.11897768080234528,
                -0.6458941698074341,
                -0.5459909439086914
            ],
            "quaternion_xyzw_world": [
                -0.1506359577178955,
                0.9155077934265137,
                -0.2505391538143158,
                -0.2763773500919342
            ],
            "segmentation_id": 1,
            "visibility": -1
        },
        {
            "bounding_box_minx_maxx_miny_maxy": [
                -1,
                -1,
                -1,
                -1
            ],
            "class": "Cube",
            "local_cuboid": null,
            "local_to_world_matrix": [
                [
                    -0.8878172636032104,
                    0.4091118574142456,
                    -0.21073347330093384,
                    0.0
                ],
                [
                    0.4346785545349121,
                    0.8958652019500732,
                    -0.09208749979734421,
                    0.0
                ],
                [
                    0.15111470222473145,
                    -0.17335814237594604,
                    -0.9731967449188232,
                    0.0
                ],
                [
                    1.2796788215637207,
                    1.3499702215194702,
                    0.3966980278491974,
                    1.0
                ]
            ],
            "location": [
                -1.3499702215194702,
                0.3966980278491974,
                -1.2796788215637207
            ],
            "location_world": [
                1.2796788215637207,
                1.3499702215194702,
                0.3966980278491974
            ],
            "name": "google_Cube_1",
            "projected_cuboid": [
                [
                    698.6068487167358,
                    -469.72131729125977
                ],
                [
                    542.5025224685669,
                    -391.54696464538574
                ],
                [
                    529.2556285858154,
                    -541.5593981742859
                ],
                [
                    689.6804571151733,
                    -638.3959054946899
                ],
                [
                    669.3077087402344,
                    -370.6526756286621
                ],
                [
                    540.2228236198425,
                    -312.55918741226196
                ],
                [
                    529.0708541870117,
                    -435.9421730041504
                ],
                [
                    661.0788106918335,
                    -506.4805746078491
                ],
                [
                    603.6314964294434,
                    -450.7981538772583
                ]
            ],
            "provenance": "nvisii",
            "quaternion_xyzw": [
                -0.4566428065299988,
                0.6058339476585388,
                -0.5809657573699951,
                -0.2948245704174042
            ],
            "quaternion_xyzw_world": [
                0.21766617894172668,
                0.9691335558891296,
                -0.06847499310970306,
                0.09334322065114975
            ],
            "segmentation_id": 2,
            "visibility": -1
        },
        {
            "bounding_box_minx_maxx_miny_maxy": [
                -1,
                -1,
                -1,
                -1
            ],
            "class": "Cube",
            "local_cuboid": null,
            "local_to_world_matrix": [
                [
                    -0.31056439876556396,
                    0.10865546762943268,
                    0.9443221688270569,
                    0.0
                ],
                [
                    -0.5815494060516357,
                    -0.8075459003448486,
                    -0.09833948314189911,
                    0.0
                ],
                [
                    0.7518979907035828,
                    -0.5797105431556702,
                    0.31398308277130127,
                    0.0
                ],
                [
                    0.6106050610542297,
                    -0.7199282050132751,
                    0.19034138321876526,
                    1.0
                ]
            ],
            "location": [
                0.7199282050132751,
                0.19034138321876526,
                -0.6106050610542297
            ],
            "location_world": [
                0.6106050610542297,
                -0.7199282050132751,
                0.19034138321876526
            ],
            "name": "google_Cube_2",
            "projected_cuboid": [
                [
                    -19.946753978729248,
                    96.7039167881012
                ],
                [
                    -0.10135769844055176,
                    94.91430222988129
                ],
                [
                    -33.9396595954895,
                    99.49977695941925
                ],
                [
                    -53.496360778808594,
                    101.20925307273865
                ],
                [
                    -11.428862810134888,
                    131.90975785255432
                ],
                [
                    8.345186710357666,
                    131.36011362075806
                ],
                [
                    -24.45283532142639,
                    137.54847645759583
                ],
                [
                    -43.976396322250366,
                    137.90839910507202
                ],
                [
                    -22.13093638420105,
                    116.50148034095764
                ]
            ],
            "provenance": "nvisii",
            "quaternion_xyzw": [
                0.6598451137542725,
                0.6637420654296875,
                0.3373044431209564,
                0.10137459635734558
            ],
            "quaternion_xyzw_world": [
                0.5438286662101746,
                -0.21739104390144348,
                0.7797585129737854,
                0.2212880253791809
            ],
            "segmentation_id": 3,
            "visibility": -1
        },
        {
            "bounding_box_minx_maxx_miny_maxy": [
                -1,
                -1,
                -1,
                -1
            ],
            "class": "Cube",
            "local_cuboid": null,
            "local_to_world_matrix": [
                [
                    -0.7775835990905762,
                    -0.6270625591278076,
                    0.04644346237182617,
                    0.0
                ],
                [
                    0.2771143317222595,
                    -0.27545595169067383,
                    0.9205065369606018,
                    0.0
                ],
                [
                    -0.5644219517707825,
                    0.728640615940094,
                    0.38795751333236694,
                    0.0
                ],
                [
                    1.2786216735839844,
                    0.11546195298433304,
                    1.5859960317611694,
                    1.0
                ]
            ],
            "location": [
                -0.11546195298433304,
                1.5859960317611694,
                -1.2786216735839844
            ],
            "location_world": [
                1.2786216735839844,
                0.11546195298433304,
                1.5859960317611694
            ],
            "name": "google_Cube_3",
            "projected_cuboid": [
                [
                    -305.65595626831055,
                    353.13183069229126
                ],
                [
                    -261.1570358276367,
                    271.9590365886688
                ],
                [
                    -167.31670498847961,
                    300.53308606147766
                ],
                [
                    -204.9846351146698,
                    376.6419291496277
                ],
                [
                    -298.69163036346436,
                    346.35478258132935
                ],
                [
                    -258.7742209434509,
                    273.3330428600311
                ],
                [
                    -173.63721132278442,
                    299.21406507492065
                ],
                [
                    -207.9716920852661,
                    368.11503767967224
                ],
                [
                    -232.7323853969574,
                    323.3492076396942
                ]
            ],
            "provenance": "nvisii",
            "quaternion_xyzw": [
                0.18850356340408325,
                0.4269140064716339,
                0.06490970402956009,
                -0.8820418119430542
            ],
            "quaternion_xyzw_world": [
                -0.16576699912548065,
                0.5277712941169739,
                0.7811845541000366,
                -0.2893608510494232
            ],
            "segmentation_id": 4,
            "visibility": -1
        },
        {
            "bounding_box_minx_maxx_miny_maxy": [
                -1,
                -1,
                -1,
                -1
            ],
            "class": "Cube",
            "local_cuboid": null,
            "local_to_world_matrix": [
                [
                    -0.8036575317382812,
                    -0.5938221216201782,
                    0.03885883092880249,
                    0.0
                ],
                [
                    0.19628390669822693,
                    -0.326155424118042,
                    -0.9247136116027832,
                    0.0
                ],
                [
                    0.5617893934249878,
                    -0.7355256080627441,
                    0.3786749839782715,
                    0.0
                ],
                [
                    2.3837106227874756,
                    -1.4444684982299805,
                    -2.542990207672119,
                    1.0
                ]
            ],
            "location": [
                1.4444684982299805,
                -2.542990207672119,
                -2.3837106227874756
            ],
            "location_world": [
                2.3837106227874756,
                -1.4444684982299805,
                -2.542990207672119
            ],
            "name": "google_Cube_4",
            "projected_cuboid": [
                [
                    520.9307074546814,
                    487.45760321617126
                ],
                [
                    528.0319452285767,
                    512.7394199371338
                ],
                [
                    513.404130935669,
                    531.8623781204224
                ],
                [
                    505.9506297111511,
                    506.0439109802246
                ],
                [
                    493.2842552661896,
                    479.42569851875305
                ],
                [
                    500.37217140197754,
                    503.8166046142578
                ],
                [
                    485.55952310562134,
                    521.9440460205078
                ],
                [
                    478.1319499015808,
                    497.0528781414032
                ],
                [
                    503.05378437042236,
                    504.88734245300293
                ]
            ],
            "provenance": "nvisii",
            "quaternion_xyzw": [
                0.8775427341461182,
                0.10398760437965393,
                0.4384923577308655,
                -0.163797989487648
            ],
            "quaternion_xyzw_world": [
                0.1896200180053711,
                -0.5241247415542603,
                0.7919103503227234,
                -0.24943038821220398
            ],
            "segmentation_id": 5,
            "visibility": -1
        },
        {
            "bounding_box_minx_maxx_miny_maxy": [
                -1,
                -1,
                -1,
                -1
            ],
            "class": "2",
            "local_cuboid": null,
            "local_to_world_matrix": [
                [
                    0.3153427839279175,
                    0.8973397612571716,
                    0.3087722361087799,
                    0.0
                ],
                [
                    0.9429187178611755,
                    -0.3329894542694092,
                    0.004735082387924194,
                    0.0
                ],
                [
                    0.10706686973571777,
                    0.2896539270877838,
                    -0.9511241912841797,
                    0.0
                ],
                [
                    1.3773566484451294,
                    0.13062584400177002,
                    0.736750602722168,
                    1.0
                ]
            ],
            "location": [
                -0.13062584400177002,
                0.736750602722168,
                -1.3773566484451294
            ],
            "location_world": [
                1.3773566484451294,
                0.13062584400177002,
                0.736750602722168
            ],
            "name": "google_2_of_Jenga_Classic_Game_5",
            "projected_cuboid": [
                [
                    134.34267044067383,
                    44.230490922927856
                ],
                [
                    152.2628664970398,
                    55.28010427951813
                ],
                [
                    185.84534525871277,
                    -66.27407670021057
                ],
                [
                    169.49066519737244,
                    -84.748774766922
                ],
                [
                    163.7212038040161,
                    51.29551887512207
                ],
                [
                    180.32291531562805,
                    62.14480102062225
                ],
                [
                    215.12486040592194,
                    -61.409175395965576
                ],
                [
                    200.2224177122116,
                    -79.93841171264648
                ],
                [
                    175.07398128509521,
                    -9.034335613250732
                ]
            ],
            "provenance": "nvisii",
            "quaternion_xyzw": [
                0.22638022899627686,
                0.7087209224700928,
                -0.6681200861930847,
                0.009061694145202637
            ],
            "quaternion_xyzw_world": [
                0.8061414957046509,
                0.5706995725631714,
                0.12895971536636353,
                -0.0883588194847107
            ],
            "segmentation_id": 6,
            "visibility": -1
        },
        {
            "bounding_box_minx_maxx_miny_maxy": [
                -1,
                -1,
                -1,
                -1
            ],
            "class": "Cube",
            "local_cuboid": null,
            "local_to_world_matrix": [
                [
                    0.9065152406692505,
                    -0.2354329228401184,
                    0.3504304587841034,
                    0.0
                ],
                [
                    0.3503882884979248,
                    -0.04344820976257324,
                    -0.9355964064598083,
                    0.0
                ],
                [
                    0.2354956716299057,
                    0.9709190726280212,
                    0.04310649633407593,
                    0.0
                ],
                [
                    2.6122453212738037,
                    -0.4845274090766907,
                    -2.5270936489105225,
                    1.0
                ]
            ],
            "location": [
                0.4845274090766907,
                -2.5270936489105225,
                -2.6122453212738037
            ],
            "location_world": [
                2.6122453212738037,
                -0.4845274090766907,
                -2.5270936489105225
            ],
            "name": "google_Cube_6",
            "projected_cuboid": [
                [
                    359.85806584358215,
                    475.8932590484619
                ],
                [
                    359.258770942688,
                    499.60774183273315
                ],
                [
                    389.48482275009155,
                    503.7977695465088
                ],
                [
                    390.6237483024597,
                    479.8762798309326
                ],
                [
                    357.646107673645,
                    497.55504727363586
                ],
                [
                    357.05864429473877,
                    521.9802856445312
                ],
                [
                    388.6752128601074,
                    526.6392827033997
                ],
                [
                    389.8535668849945,
                    501.9969940185547
                ],
                [
                    373.97754192352295,
                    500.757098197937
                ]
            ],
            "provenance": "nvisii",
            "quaternion_xyzw": [
                -0.7756489515304565,
                -0.12695126235485077,
                0.6051173210144043,
                0.1268276423215866
            ],
            "quaternion_xyzw_world": [
                -0.6904449462890625,
                -0.04162365198135376,
                -0.21215525269508362,
                0.6903213262557983
            ],
            "segmentation_id": 7,
            "visibility": -1
        },
        {
            "bounding_box_minx_maxx_miny_maxy": [
                -1,
                -1,
                -1,
                -1
            ],
            "class": "2",
            "local_cuboid": null,
            "local_to_world_matrix": [
                [
                    0.03415566682815552,
                    0.8648141026496887,
                    -0.5009291768074036,
                    0.0
                ],
                [
                    0.7781108021736145,
                    0.29153764247894287,
                    0.5563716292381287,
                    0.0
                ],
                [
                    0.6271976828575134,
                    -0.40878164768218994,
                    -0.6629636287689209,
                    0.0
                ],
                [
                    0.2385043054819107,
                    0.453360378742218,
                    -0.12092926353216171,
                    1.0
                ]
            ],
            "location": [
                -0.453360378742218,
                -0.12092926353216171,
                -0.2385043054819107
            ],
            "location_world": [
                0.2385043054819107,
                0.453360378742218,
                -0.12092926353216171
            ],
            "name": "google_2_of_Jenga_Classic_Game_7",
            "projected_cuboid": [
                [
                    -300.26882886886597,
                    803.5260438919067
                ],
                [
                    -253.55428457260132,
                    661.5543365478516
                ],
                [
                    -856.1697006225586,
                    509.43243503570557
                ],
                [
                    -1135.52725315094,
                    728.7800312042236
                ],
                [
                    -197.8302299976349,
                    745.8227872848511
                ],
                [
                    -165.6894087791443,
                    611.3728284835815
                ],
                [
                    -714.6960496902466,
                    423.68084192276
                ],
                [
                    -952.2366523742676,
                    618.3415651321411
                ],
                [
                    -469.75505352020264,
                    648.1826305389404
                ]
            ],
            "provenance": "nvisii",
            "quaternion_xyzw": [
                -0.2269427478313446,
                0.8729810118675232,
                -0.4126877784729004,
                0.12684622406959534
            ],
            "quaternion_xyzw_world": [
                0.5927861332893372,
                0.6928826570510864,
                0.053252145648002625,
                0.40704110264778137
            ],
            "segmentation_id": 8,
            "visibility": -1
        },
        {
            "bounding_box_minx_maxx_miny_maxy": [
                -1,
                -1,
                -1,
                -1
            ],
            "class": "2",
            "local_cuboid": null,
            "local_to_world_matrix": [
                [
                    -0.483384370803833,
                    0.17803966999053955,
                    -0.8571122884750366,
                    0.0
                ],
                [
                    0.7653108239173889,
                    -0.38941335678100586,
                    -0.5125003457069397,
                    0.0
                ],
                [
                    -0.425016313791275,
                    -0.9036919474601746,
                    0.05198061466217041,
                    0.0
                ],
                [
                    0.283022940158844,
                    0.2502981126308441,
                    -0.18446600437164307,
                    1.0
                ]
            ],
            "location": [
                -0.2502981126308441,
                -0.18446600437164307,
                -0.283022940158844
            ],
            "location_world": [
                0.283022940158844,
                0.2502981126308441,
                -0.18446600437164307
            ],
            "name": "google_2_of_Jenga_Classic_Game_8",
            "projected_cuboid": [
                [
                    194.95713710784912,
                    1268.7315940856934
                ],
                [
                    330.9361934661865,
                    1037.9798412322998
                ],
                [
                    -240.76199531555176,
                    738.7032508850098
                ],
                [
                    -463.35625648498535,
                    762.2849345207214
                ],
                [
                    267.58572459220886,
                    721.7000126838684
                ],
                [
                    356.5768003463745,
                    700.945258140564
                ],
                [
                    -159.44507718086243,
                    560.9285831451416
                ],
                [
                    -331.09456300735474,
                    538.5909676551819
                ],
                [
                    -73.23768734931946,
                    733.0999374389648
                ]
            ],
            "provenance": "nvisii",
            "quaternion_xyzw": [
                0.47682398557662964,
                -0.2452157437801361,
                0.7272475957870483,
                -0.4285079538822174
            ],
            "quaternion_xyzw_world": [
                -0.4620736539363861,
                -0.5103896856307983,
                0.6936818957328796,
                -0.21165001392364502
            ],
            "segmentation_id": 9,
            "visibility": -1
        },
        {
            "bounding_box_minx_maxx_miny_maxy": [
                -1,
                -1,
                -1,
                -1
            ],
            "class": "Cube",
            "local_cuboid": null,
            "local_to_world_matrix": [
                [
                    0.8184565305709839,
                    0.530008852481842,
                    -0.22185473144054413,
                    0.0
                ],
                [
                    0.4709990620613098,
                    -0.39774763584136963,
                    0.7873732447624207,
                    0.0
                ],
                [
                    0.32907259464263916,
                    -0.748924195766449,
                    -0.5751729011535645,
                    0.0
                ],
                [
                    1.7436202764511108,
                    -0.13263194262981415,
                    1.0217878818511963,
                    1.0
                ]
            ],
            "location": [
                0.13263194262981415,
                1.0217878818511963,
                -1.7436202764511108
            ],
            "location_world": [
                1.7436202764511108,
                -0.13263194262981415,
                1.0217878818511963
            ],
            "name": "google_Cube_9",
            "projected_cuboid": [
                [
                    -145.97994089126587,
                    575.0883221626282
                ],
                [
                    -101.77478194236755,
                    509.9737048149109
                ],
                [
                    -162.6906394958496,
                    481.90733790397644
                ],
                [
                    -211.7815911769867,
                    547.9494333267212
                ],
                [
                    -146.48285508155823,
                    590.8975601196289
                ],
                [
                    -98.1539785861969,
                    518.9051628112793
                ],
                [
                    -164.79367017745972,
                    488.48268389701843
                ],
                [
                    -219.01088953018188,
                    561.640739440918
                ],
                [
                    -155.0268828868866,
                    533.4424376487732
                ]
            ],
            "provenance": "nvisii",
            "quaternion_xyzw": [
                0.054061248898506165,
                0.8133963942527771,
                -0.3215442895889282,
                0.48173949122428894
            ],
            "quaternion_xyzw_world": [
                0.8353707194328308,
                0.2995699644088745,
                0.03208691626787186,
                0.45976516604423523
            ],
            "segmentation_id": 10,
            "visibility": -1
        },
        {
            "bounding_box_minx_maxx_miny_maxy": [
                -1,
                -1,
                -1,
                -1
            ],
            "class": "Cube",
            "local_cuboid": null,
            "local_to_world_matrix": [
                [
                    0.18251341581344604,
                    0.8131400346755981,
                    0.5527135133743286,
                    0.0
                ],
                [
                    -0.7667394876480103,
                    -0.23418688774108887,
                    0.597718358039856,
                    0.0
                ],
                [
                    0.6154669523239136,
                    -0.5328788757324219,
                    0.5807242393493652,
                    0.0
                ],
                [
                    -1.1050790548324585,
                    -0.9064950346946716,
                    1.5127341747283936,
                    1.0
                ]
            ],
            "location": [
                0.9064950346946716,
                1.5127341747283936,
                1.1050790548324585
            ],
            "location_world": [
                -1.1050790548324585,
                -0.9064950346946716,
                1.5127341747283936
            ],
            "name": "google_Cube_10",
            "projected_cuboid": [
                [
                    984.6905469894409,
                    -477.07879543304443
                ],
                [
                    1222.9270935058594,
                    -787.5219583511353
                ],
                [
                    1341.2622213363647,
                    -910.5017185211182
                ],
                [
                    1026.6823768615723,
                    -508.27592611312866
                ],
                [
                    1161.1039638519287,
                    -420.3628897666931
                ],
                [
                    1463.7454748153687,
                    -735.5527877807617
                ],
                [
                    1660.7037782669067,
                    -854.1154861450195
                ],
                [
                    1242.814540863037,
                    -441.57809019088745
                ],
                [
                    1232.817530632019,
                    -615.4679656028748
                ]
            ],
            "provenance": "nvisii",
            "quaternion_xyzw": [
                0.2261684387922287,
                0.8698168396949768,
                0.3872837424278259,
                0.2056158185005188
            ],
            "quaternion_xyzw_world": [
                0.4571586549282074,
                0.02537442184984684,
                0.6388266086578369,
                0.6182739734649658
            ],
            "segmentation_id": 11,
            "visibility": -1
        },
        {
            "bounding_box_minx_maxx_miny_maxy": [
                -1,
                -1,
                -1,
                -1
            ],
            "class": "2",
            "local_cuboid": null,
            "local_to_world_matrix": [
                [
                    0.08242553472518921,
                    -0.6768280267715454,
                    0.7315120697021484,
                    0.0
                ],
                [
                    0.9604753255844116,
                    -0.14187705516815186,
                    -0.23949581384658813,
                    0.0
                ],
                [
                    0.2658822238445282,
                    0.7223398089408875,
                    0.6383821964263916,
                    0.0
                ],
                [
                    1.8806339502334595,
                    -0.3211364448070526,
                    -0.2668524980545044,
                    1.0
                ]
            ],
            "location": [
                0.3211364448070526,
                -0.2668524980545044,
                -1.8806339502334595
            ],
            "location_world": [
                1.8806339502334595,
                -0.3211364448070526,
                -0.2668524980545044
            ],
            "name": "google_2_of_Jenga_Classic_Game_11",
            "projected_cuboid": [
                [
                    291.1057472229004,
                    263.01470398902893
                ],
                [
                    293.052077293396,
                    268.58389377593994
                ],
                [
                    360.96397042274475,
                    327.81684398651123
                ],
                [
                    361.92357540130615,
                    324.6191143989563
                ],
                [
                    274.41269159317017,
                    281.25154972076416
                ],
                [
                    277.04381942749023,
                    286.0977351665497
                ],
                [
                    344.5376753807068,
                    346.24069929122925
                ],
                [
                    344.77537870407104,
                    343.8451588153839
                ],
                [
                    317.800372838974,
                    304.594486951828
                ]
            ],
            "provenance": "nvisii",
            "quaternion_xyzw": [
                -0.7386146187782288,
                -0.29561734199523926,
                0.2723901569843292,
                0.5411677360534668
            ],
            "quaternion_xyzw_world": [
                -0.38272717595100403,
                -0.18528030812740326,
                -0.6515047550201416,
                0.628277599811554
            ],
            "segmentation_id": 12,
            "visibility": -1
        },
        {
            "bounding_box_minx_maxx_miny_maxy": [
                -1,
                -1,
                -1,
                -1
            ],
            "class": "2",
            "local_cuboid": null,
            "local_to_world_matrix": [
                [
                    -0.22568464279174805,
                    -0.29858747124671936,
                    -0.9273144006729126,
                    0.0
                ],
                [
                    0.7334960699081421,
                    -0.6785178184509277,
                    0.03996288776397705,
                    0.0
                ],
                [
                    -0.6411317586898804,
                    -0.6711624264717102,
                    0.37214380502700806,
                    0.0
                ],
                [
                    0.6361209154129028,
                    0.3698701858520508,
                    -0.3230162560939789,
                    1.0
                ]
            ],
            "location": [
                -0.3698701858520508,
                -0.3230162560939789,
                -0.6361209154129028
            ],
            "location_world": [
                0.6361209154129028,
                0.3698701858520508,
                -0.3230162560939789
            ],
            "name": "google_2_of_Jenga_Classic_Game_12",
            "projected_cuboid": [
                [
                    -31.47256374359131,
                    622.7369904518127
                ],
                [
                    78.98207008838654,
                    569.3870782852173
                ],
                [
                    -52.13502049446106,
                    578.1919956207275
                ],
                [
                    -141.51638746261597,
                    615.6995296478271
                ],
                [
                    -53.04268002510071,
                    503.7292242050171
                ],
                [
                    56.12163245677948,
                    467.40537881851196
                ],
                [
                    -65.20867347717285,
                    504.2318105697632
                ],
                [
                    -153.31721305847168,
                    533.1918001174927
                ],
                [
                    -52.492111921310425,
                    548.9017963409424
                ]
            ],
            "provenance": "nvisii",
            "quaternion_xyzw": [
                0.39290356636047363,
                -0.15830639004707336,
                0.5706534385681152,
                -0.7035058736801147
            ],
            "quaternion_xyzw_world": [
                -0.5197810530662537,
                -0.20917873084545135,
                0.7543782591819763,
                -0.34203118085861206
            ],
            "segmentation_id": 13,
            "visibility": -1
        },
        {
            "bounding_box_minx_maxx_miny_maxy": [
                -1,
                -1,
                -1,
                -1
            ],
            "class": "2",
            "local_cuboid": null,
            "local_to_world_matrix": [
                [
                    -0.07898163795471191,
                    -0.9928922653198242,
                    0.08903300762176514,
                    0.0
                ],
                [
