{
    "camera_data": {
        "camera_look_at": {
            "at": [
                1.0,
                0.0,
                0.0
            ],
            "eye": [
                0.0,
                0.0,
                0.0
            ],
            "up": [
                0.0,
                0.0,
                1.0
            ]
        },
        "camera_view_matrix": [
            [
                0.0,
                0.0,
                -1.0,
                0.0
            ],
            [
                -1.0,
                0.0,
                0.0,
                0.0
            ],
            [
                0.0,
                1.0,
                0.0,
                0.0
            ],
            [
                0.0,
                0.0,
                0.0,
                1.0
            ]
        ],
        "height": 500,
        "intrinsics": {
            "cx": 250.0,
            "cy": 250.0,
            "fx": 603.5535278320312,
            "fy": 603.5535278320312
        },
        "location_world": [
            0.0,
            0.0,
            0.0
        ],
        "quaternion_world_xyzw": [
            0.5,
            -0.5,
            -0.5,
            0.5
        ],
        "width": 500
    },
    "objects": [
        {
            "bounding_box_minx_maxx_miny_maxy": [
                -1,
                -1,
                -1,
                -1
            ],
            "class": "2",
            "local_cuboid": null,
            "local_to_world_matrix": [
                [
                    0.19217205047607422,
                    0.9652248024940491,
                    0.17723168432712555,
                    0.0
                ],
                [
                    -0.9625601172447205,
                    0.1502094864845276,
                    0.22564378380775452,
                    0.0
                ],
                [
                    0.19117508828639984,
                    -0.21395859122276306,
                    0.9579529166221619,
                    0.0
                ],
                [
                    1.8449221849441528,
                    -0.5403268933296204,
                    -0.31834426522254944,
                    1.0
                ]
            ],
            "location": [
                0.5403268933296204,
                -0.31834426522254944,
                -1.8449221849441528
            ],
            "location_world": [
                1.8449221849441528,
                -0.5403268933296204,
                -0.31834426522254944
            ],
            "name": "google_2_of_Jenga_Classic_Game_0",
            "projected_cuboid": [
                [
                    426.859050989151,
                    262.71915435791016
                ],
                [
                    430.4566979408264,
                    257.11575150489807
                ],
                [
                    415.2001142501831,
                    350.54367780685425
                ],
                [
                    412.15139627456665,
                    352.30135917663574
                ],
                [
                    452.0098567008972,
                    267.1824097633362
                ],
                [
                    456.7403793334961,
                    261.7289423942566
                ],
                [
                    442.17199087142944,
                    356.0885488986969
                ],
                [
                    437.9313588142395,
                    357.6204776763916
                ],
                [
                    434.2042803764343,
                    307.5059652328491
                ]
            ],
            "provenance": "nvisii",
            "quaternion_xyzw": [
                0.00875418446958065,
                0.7716935276985168,
                0.6221747398376465,
                0.1315712332725525
            ],
            "quaternion_xyzw_world": [
                0.14492207765579224,
                0.0045966701582074165,
                0.635525643825531,
                0.7583426833152771
            ],
            "segmentation_id": 1,
            "visibility": -1
        },
        {
            "bounding_box_minx_maxx_miny_maxy": [
                -1,
                -1,
                -1,
                -1
            ],
            "class": "2",
            "local_cuboid": null,
            "local_to_world_matrix": [
                [
                    0.757267951965332,
                    0.21580442786216736,
                    0.6164200305938721,
                    0.0
                ],
                [
                    0.4496731460094452,
                    0.5122028589248657,
                    -0.7317392230033875,
                    0.0
                ],
                [
                    -0.4736446440219879,
                    0.8313102126121521,
                    0.29083335399627686,
                    0.0
                ],
                [
                    1.2750910520553589,
                    -0.41883111000061035,
                    0.29821622371673584,
                    1.0
                ]
            ],
            "location": [
                0.41883111000061035,
                0.29821622371673584,
                -1.2750910520553589
            ],
            "location_world": [
                1.2750910520553589,
                -0.41883111000061035,
                0.29821622371673584
            ],
            "name": "google_2_of_Jenga_Classic_Game_1",
            "projected_cuboid": [
                [
                    349.4738042354584,
                    19.4389671087265
                ],
                [
                    324.2703676223755,
                    58.27769637107849
                ],
                [
                    427.2090196609497,
                    117.04126000404358
                ],
                [
                    452.74031162261963,
                    84.116131067276
                ],
                [
                    364.38143253326416,
                    33.757030963897705
                ],
                [
                    337.3379111289978,
                    74.17373359203339
                ],
                [
                    443.7108039855957,
                    133.97444784641266
                ],
                [
                    470.9969460964203,
                    99.96961057186127
                ],
                [
                    398.86999130249023,
                    79.47494089603424
                ]
            ],
            "provenance": "nvisii",
            "quaternion_xyzw": [
                -0.5104629993438721,
                -0.05104052275419235,
                0.7780084013938904,
                0.3626641035079956
            ],
            "quaternion_xyzw_world": [
                -0.4884239435195923,
                -0.34062498807907104,
                -0.07307963073253632,
                0.8000475168228149
            ],
            "segmentation_id": 2,
            "visibility": -1
        },
        {
            "bounding_box_minx_maxx_miny_maxy": [
                -1,
                -1,
                -1,
                -1
            ],
            "class": "2",
            "local_cuboid": null,
            "local_to_world_matrix": [
                [
                    0.02561342716217041,
                    0.9933995008468628,
                    -0.11180940270423889,
                    0.0
                ],
                [
                    -0.08584132790565491,
                    0.11361861228942871,
                    0.9898090958595276,
                    0.0
                ],
                [
                    0.9959795475006104,
                    -0.015754520893096924,
                    0.08818495273590088,
                    0.0
                ],
                [
                    0.7696330547332764,
                    0.21621538698673248,
                    -0.29708483815193176,
                    1.0
                ]
            ],
            "location": [
                -0.21621538698673248,
                -0.29708483815193176,
                -0.7696330547332764
            ],
            "location_world": [
                0.7696330547332764,
                0.21621538698673248,
                -0.29708483815193176
            ],
            "name": "google_2_of_Jenga_Classic_Game_2",
            "projected_cuboid": [
                [
                    110.6264740228653,
                    429.93098497390747
                ],
                [
                    104.1984111070633,
                    383.48323106765747
                ],
                [
                    45.27629911899567,
                    454.3808698654175
                ],
                [
                    54.6712726354599,
                    517.6171064376831
                ],
                [
                    154.8493206501007,
                    425.26575922966003
                ],
                [
                    148.71254563331604,
                    378.6970376968384
                ],
                [
                    106.56313598155975,
                    447.96180725097656
                ],
                [
                    115.40742218494415,
                    511.42382621765137
                ],
                [
                    108.92800986766815,
                    437.46769428253174
                ]
            ],
            "provenance": "nvisii",
            "quaternion_xyzw": [
                -0.05650417506694794,
                0.9973950982093811,
                0.043620169162750244,
                0.010368987917900085
            ],
            "quaternion_xyzw_world": [
                0.4538198709487915,
                0.49995505809783936,
                0.48707106709480286,
                0.5539442300796509
            ],
            "segmentation_id": 3,
            "visibility": -1
        },
        {
            "bounding_box_minx_maxx_miny_maxy": [
                -1,
                -1,
                -1,
                -1
            ],
            "class": "2",
            "local_cuboid": null,
            "local_to_world_matrix": [
                [
                    -0.21911978721618652,
                    0.9403252601623535,
                    -0.260336309671402,
                    0.0
                ],
                [
                    0.09854114055633545,
                    0.2867840528488159,
                    0.9529137015342712,
                    0.0
                ],
                [
                    0.9707092046737671,
                    0.1831483244895935,
                    -0.15550076961517334,
                    0.0
                ],
                [
                    0.6381821036338806,
                    -0.2254159301519394,
                    -0.44561314582824707,
                    1.0
                ]
            ],
            "location": [
                0.2254159301519394,
                -0.44561314582824707,
                -0.6381821036338806
            ],
            "location_world": [
                0.6381821036338806,
                -0.2254159301519394,
                -0.44561314582824707
            ],
            "name": "google_2_of_Jenga_Classic_Game_3",
            "projected_cuboid": [
                [
                    347.5886881351471,
                    609.6131801605225
                ],
                [
                    330.76947927474976,
                    553.4062385559082
                ],
                [
                    417.86086559295654,
                    645.9011435508728
                ],
                [
                    443.464457988739,
                    728.8222312927246
                ],
                [
                    394.10555362701416,
                    589.5189046859741
                ],
                [
                    377.1832585334778,
                    534.5306396484375
                ],
                [
                    482.1779429912567,
                    616.3480281829834
                ],
                [
                    507.9256296157837,
                    696.6562271118164
                ],
                [
                    403.75596284866333,
                    612.4237775802612
                ]
            ],
            "provenance": "nvisii",
            "quaternion_xyzw": [
                -0.13916732370853424,
                0.9828463792800903,
                -0.06461894512176514,
                -0.10232222080230713
            ],
            "quaternion_xyzw_world": [
                0.40298789739608765,
                0.6444774270057678,
                0.44069117307662964,
                0.47753629088401794
            ],
            "segmentation_id": 4,
            "visibility": -1
        },
        {
            "bounding_box_minx_maxx_miny_maxy": [
                -1,
                -1,
                -1,
                -1
            ],
            "class": "2",
            "local_cuboid": null,
            "local_to_world_matrix": [
                [
                    -0.5420819520950317,
                    -0.4213409423828125,
                    -0.7270620465278625,
                    0.0
                ],
                [
                    -0.03430916368961334,
                    -0.853395938873291,
                    0.5201330780982971,
                    0.0
                ],
                [
                    -0.8396250605583191,
                    0.3068995773792267,
                    0.4481545090675354,
                    0.0
                ],
                [
                    1.6957842111587524,
                    -0.7312151193618774,
                    -0.6948136687278748,
                    1.0
                ]
            ],
            "location": [
                0.7312151193618774,
                -0.6948136687278748,
                -1.6957842111587524
            ],
            "location_world": [
                1.6957842111587524,
                -0.7312151193618774,
                -0.6948136687278748
            ],
            "name": "google_2_of_Jenga_Classic_Game_4",
            "projected_cuboid": [
                [
                    512.4650001525879,
                    509.26923751831055
                ],
                [
                    543.4600114822388,
                    491.2289083003998
                ],
                [
                    532.7804088592529,
                    503.0917525291443
                ],
                [
                    506.33978843688965,
                    518.4714794158936
                ],
                [
                    491.23138189315796,
                    478.2488942146301
                ],
                [
                    521.2831497192383,
                    460.67214012145996
                ],
                [
                    514.0398144721985,
                    476.60717368125916
                ],
                [
                    488.2887601852417,
                    491.64891242980957
                ],
                [
                    513.3237838745117,
                    491.4582669734955
                ]
            ],
            "provenance": "nvisii",
            "quaternion_xyzw": [
                0.12407945096492767,
                0.2545422911643982,
                0.4738541841506958,
                -0.8338314294815063
            ],
            "quaternion_xyzw_world": [
                -0.46453189849853516,
                0.24522003531455994,
                0.8431536555290222,
                -0.11475719511508942
            ],
            "segmentation_id": 5,
            "visibility": -1
        },
        {
            "bounding_box_minx_maxx_miny_maxy": [
                -1,
                -1,
                -1,
                -1
            ],
            "class": "2",
            "local_cuboid": null,
            "local_to_world_matrix": [
                [
                    -0.9461174011230469,
                    0.15737497806549072,
                    0.28301167488098145,
                    0.0
                ],
                [
                    0.3055187165737152,
                    0.14412403106689453,
                    0.9412156343460083,
                    0.0
                ],
                [
                    0.1073349267244339,
                    0.9769655466079712,
                    -0.1844395399093628,
                    0.0
                ],
                [
                    1.9050744771957397,
                    -0.557069718837738,
                    -0.478585422039032,
                    1.0
                ]
            ],
            "location": [
                0.557069718837738,
                -0.478585422039032,
                -1.9050744771957397
            ],
            "location_world": [
                1.9050744771957397,
                -0.557069718837738,
                -0.478585422039032
            ],
            "name": "google_2_of_Jenga_Classic_Game_5",
            "projected_cuboid": [
                [
                    336.9014263153076,
                    429.53187227249146
                ],
                [
                    331.887423992157,
                    402.02245116233826
                ],
                [
                    424.83505606651306,
                    387.2671127319336
                ],
                [
                    431.2264919281006,
                    415.03632068634033
                ],
                [
                    337.4149799346924,
                    429.5702874660492
                ],
                [
                    332.5827121734619,
                    403.0938744544983
                ],
                [
                    421.99355363845825,
                    388.918936252594
                ],
                [
                    428.09975147247314,
                    415.6360626220703
                ],
                [
                    380.21260499954224,
                    408.8602662086487
                ]
            ],
            "provenance": "nvisii",
            "quaternion_xyzw": [
                0.04675602912902832,
                0.7426179647445679,
                -0.16494286060333252,
                -0.6473997831344604
            ],
            "quaternion_xyzw_world": [
                0.15345852077007294,
                0.7541022896766663,
                0.6359154582023621,
                -0.05824035033583641
            ],
            "segmentation_id": 6,
            "visibility": -1
        },
        {
            "bounding_box_minx_maxx_miny_maxy": [
                -1,
                -1,
                -1,
                -1
            ],
            "class": "2",
            "local_cuboid": null,
            "local_to_world_matrix": [
                [
                    -0.515271782875061,
                    -0.8062892556190491,
                    -0.2905043959617615,
                    0.0
                ],
                [
                    0.8240062594413757,
                    -0.5592737197875977,
                    0.09070166945457458,
                    0.0
                ],
                [
                    -0.2356032133102417,
                    -0.19264143705368042,
                    0.9525651931762695,
                    0.0
                ],
                [
                    1.939495325088501,
                    -0.6617452502250671,
                    -0.01670190691947937,
                    1.0
                ]
            ],
            "location": [
                0.6617452502250671,
                -0.01670190691947937,
                -1.939495325088501
            ],
            "location_world": [
                1.939495325088501,
                -0.6617452502250671,
                -0.01670190691947937
            ],
            "name": "google_2_of_Jenga_Classic_Game_6",
            "projected_cuboid": [
                [
                    491.40626192092896,
                    168.1351214647293
                ],
                [
                    497.6157546043396,
                    168.70461404323578
                ],
                [
                    471.51321172714233,
                    257.51423835754395
                ],
                [
                    464.5666778087616,
                    260.2446973323822
                ],
                [
                    465.43794870376587,
                    162.47624158859253
                ],
                [
                    472.45460748672485,
                    163.23813796043396
                ],
                [
                    447.7521479129791,
                    250.42647123336792
                ],
                [
                    440.0935173034668,
                    252.84314155578613
                ],
                [
                    468.55348348617554,
                    211.2143039703369
                ]
            ],
            "provenance": "nvisii",
            "quaternion_xyzw": [
                0.6082730889320374,
                0.11046403646469116,
                0.29095202684402466,
                -0.7301702499389648
            ],
            "quaternion_xyzw_world": [
                -0.1511925756931305,
                -0.029295403510332108,
                0.8699296712875366,
                -0.4685136079788208
            ],
            "segmentation_id": 7,
            "visibility": -1
        },
        {
            "bounding_box_minx_maxx_miny_maxy": [
                -1,
                -1,
                -1,
                -1
            ],
            "class": "2",
            "local_cuboid": null,
            "local_to_world_matrix": [
                [
                    -0.49729013442993164,
                    -0.7913283109664917,
                    -0.35567137598991394,
                    0.0
                ],
                [
                    -0.7950439453125,
                    0.579757809638977,
                    -0.17828625440597534,
                    0.0
                ],
                [
                    0.347286194562912,
                    0.19411438703536987,
                    -0.9174486398696899,
                    0.0
                ],
                [
                    1.384444236755371,
                    0.6709303259849548,
                    0.47528088092803955,
                    1.0
                ]
            ],
            "location": [
                -0.6709303259849548,
                0.47528088092803955,
                -1.384444236755371
            ],
            "location_world": [
                1.384444236755371,
                0.6709303259849548,
                0.47528088092803955
            ],
            "name": "google_2_of_Jenga_Classic_Game_7",
            "projected_cuboid": [
                [
                    -20.38973569869995,
                    169.19542849063873
                ],
                [
                    -53.68107557296753,
                    171.7509776353836
                ],
                [
                    -51.11527442932129,
                    44.29590702056885
                ],
                [
                    -15.532135963439941,
                    47.67346382141113
                ],
                [
                    -37.97772526741028,
                    160.25227308273315
                ],
                [
                    -71.18397951126099,
                    162.33181953430176
                ],
                [
                    -69.98717784881592,
                    37.827834486961365
                ],
                [
                    -34.49380397796631,
                    41.4152592420578
                ],
                [
                    -44.07104849815369,
                    106.47140443325043
                ]
            ],
            "provenance": "nvisii",
            "quaternion_xyzw": [
                -0.7610684633255005,
                0.3072749674320221,
                -0.09958882629871368,
                -0.5625290870666504
            ],
            "quaternion_xyzw_world": [
                -0.45836684107780457,
                0.8652306795120239,
                0.00457338709384203,
                0.20311276614665985
            ],
            "segmentation_id": 8,
            "visibility": -1
        },
        {
            "bounding_box_minx_maxx_miny_maxy": [
                -1,
                -1,
                -1,
                -1
            ],
            "class": "2",
            "local_cuboid": null,
            "local_to_world_matrix": [
                [
                    -0.9539875984191895,
                    -0.25874626636505127,
                    0.15151940286159515,
                    0.0
                ],
                [
                    0.2451137900352478,
                    -0.964012622833252,
                    -0.10295158624649048,
                    0.0
                ],
                [
                    0.17270494997501373,
                    -0.061075035482645035,
                    0.9830782413482666,
                    0.0
                ],
                [
                    1.7117911577224731,
                    0.1972418576478958,
                    -0.017141420394182205,
                    1.0
                ]
            ],
            "location": [
                -0.1972418576478958,
                -0.017141420394182205,
                -1.7117911577224731
            ],
            "location_world": [
                1.7117911577224731,
                0.1972418576478958,
                -0.017141420394182205
            ],
            "name": "google_2_of_Jenga_Classic_Game_8",
            "projected_cuboid": [
                [
                    176.0878711938858,
                    151.299387216568
                ],
                [
                    205.2864134311676,
                    155.5008888244629
                ],
                [
                    197.55543768405914,
                    255.55682182312012
                ],
                [
                    167.37541556358337,
                    252.47254967689514
                ],
                [
                    172.311931848526,
                    159.48152542114258
                ],
                [
                    200.33979415893555,
                    163.41480612754822
                ],
                [
                    192.79761612415314,
                    259.41869616508484
                ],
                [
                    163.86699676513672,
                    256.5138339996338
                ],
                [
                    184.55219268798828,
                    206.06717467308044
                ]
            ],
            "provenance": "nvisii",
            "quaternion_xyzw": [
                0.6193550825119019,
                0.45027968287467957,
                0.4097256660461426,
                -0.4957544207572937
            ],
            "quaternion_xyzw_world": [
                0.08207733929157257,
                -0.04152331128716469,
                0.9875574111938477,
                -0.1275520920753479
            ],
            "segmentation_id": 9,
            "visibility": -1
        },
        {
            "bounding_box_minx_maxx_miny_maxy": [
                -1,
                -1,
                -1,
                -1
            ],
            "class": "2",
            "local_cuboid": null,
            "local_to_world_matrix": [
                [
                    -0.1480703353881836,
                    -0.5050725936889648,
                    0.8502804040908813,
                    0.0
                ],
                [
                    -0.808348536491394,
                    0.5571402311325073,
                    0.19017702341079712,
                    0.0
                ],
                [
                    -0.5697786808013916,
                    -0.6591634154319763,
                    -0.49077069759368896,
                    0.0
                ],
                [
                    1.6481139659881592,
                    -0.5361760854721069,
                    -0.357107549905777,
                    1.0
                ]
            ],
            "location": [
                0.5361760854721069,
                -0.357107549905777,
                -1.6481139659881592
            ],
            "location_world": [
                1.6481139659881592,
                -0.5361760854721069,
                -0.357107549905777
            ],
            "name": "google_2_of_Jenga_Classic_Game_9",
            "projected_cuboid": [
                [
                    558.6399435997009,
                    439.84997272491455
                ],
                [
                    553.557813167572,
                    442.1154856681824
                ],
                [
                    449.881374835968,
                    368.4324026107788
                ],
                [
                    458.68009328842163,
                    369.3917691707611
                ],
                [
                    540.4672622680664,
                    464.99747037887573
                ],
                [
                    534.5726013183594,
                    468.4257507324219
                ],
                [
                    433.59437584877014,
                    392.57073402404785
                ],
                [
                    442.9907202720642,
                    392.54748821258545
                ],
                [
                    493.9226508140564,
                    415.380597114563
                ]
            ],
            "provenance": "nvisii",
            "quaternion_xyzw": [
                -0.43160074949264526,
                -0.16979824006557465,
                -0.46758127212524414,
                -0.7525005340576172
            ],
            "quaternion_xyzw_world": [
                -0.4431591331958771,
                0.7409421801567078,
                -0.15823987126350403,
                -0.47913965582847595
            ],
            "segmentation_id": 10,
            "visibility": -1
        },
        {
            "bounding_box_minx_maxx_miny_maxy": [
                -1,
                -1,
                -1,
                -1
            ],
            "class": "2",
            "local_cuboid": null,
            "local_to_world_matrix": [
                [
                    -0.5955356359481812,
                    -0.7275651693344116,
                    0.3405674695968628,
                    0.0
                ],
                [
                    0.4344916343688965,
                    0.06485915184020996,
                    0.8983374834060669,
                    0.0
                ],
                [
                    -0.6756880283355713,
                    0.6829657554626465,
                    0.27749502658843994,
                    0.0
                ],
                [
                    1.7615076303482056,
                    -0.6854560971260071,
                    -0.6997469663619995,
                    1.0
                ]
            ],
            "location": [
                0.6854560971260071,
                -0.6997469663619995,
                -1.7615076303482056
            ],
            "location_world": [
                1.7615076303482056,
                -0.6854560971260071,
                -0.6997469663619995
            ],
            "name": "google_2_of_Jenga_Classic_Game_10",
            "projected_cuboid": [
                [
                    455.13004064559937,
                    505.02026081085205
                ],
                [
                    448.18252325057983,
                    469.65259313583374
                ],
                [
                    494.46579813957214,
                    472.82353043556213
                ],
                [
                    501.603364944458,
                    504.199743270874
                ],
                [
                    426.9144535064697,
                    507.71868228912354
                ],
                [
                    420.81478238105774,
                    473.3239412307739
                ],
                [
                    468.8875377178192,
                    476.01038217544556
                ],
                [
                    475.30412673950195,
                    506.6183805465698
                ],
                [
                    462.5900387763977,
                    489.2895817756653
                ]
            ],
            "provenance": "nvisii",
            "quaternion_xyzw": [
                0.1959206759929657,
                0.35181114077568054,
                -0.11156311631202698,
                -0.9085140228271484
            ],
            "quaternion_xyzw_world": [
                -0.12460952997207642,
                0.5879837870597839,
                0.6723413467407227,
                -0.4320933222770691
            ],
            "segmentation_id": 11,
            "visibility": -1
        },
        {
            "bounding_box_minx_maxx_miny_maxy": [
                -1,
                -1,
                -1,
                -1
            ],
            "class": "2",
            "local_cuboid": null,
            "local_to_world_matrix": [
                [
                    -0.21724462509155273,
                    -0.9760643243789673,
                    -0.010158270597457886,
                    0.0
                ],
                [
                    0.3944476544857025,
                    -0.09730279445648193,
                    0.9137523174285889,
                    0.0
                ],
                [
                    -0.8928694725036621,
                    0.1945008933544159,
                    0.40614473819732666,
                    0.0
                ],
                [
                    1.9798213243484497,
                    -0.8336102366447449,
                    0.512539803981781,
                    1.0
                ]
            ],
            "location": [
                0.8336102366447449,
                0.512539803981781,
                -1.9798213243484497
            ],
            "location_world": [
                1.9798213243484497,
                -0.8336102366447449,
                0.512539803981781
            ],
            "name": "google_2_of_Jenga_Classic_Game_11",
            "projected_cuboid": [
                [
                    539.0464067459106,
                    38.99063169956207
                ],
                [
                    536.3433361053467,
                    16.096994280815125
                ],
                [
                    516.0254240036011,
                    82.80332386493683
                ],
                [
                    518.0214643478394,
                    103.7789136171341
                ],
                [
                    508.988618850708,
                    40.82156717777252
                ],
                [
                    506.8861246109009,
                    18.11787486076355
                ],
                [
                    490.5734658241272,
                    83.99118483066559
                ],
                [
                    492.12226271629333,
                    104.80453073978424
                ],
                [
                    512.7704739570618,
                    63.3842796087265
                ]
            ],
            "provenance": "nvisii",
            "quaternion_xyzw": [
                -0.20581702888011932,
                -0.1058519184589386,
                -0.02762618660926819,
                0.9724564552307129
            ],
            "quaternion_xyzw_world": [
                0.344206839799881,
                -0.4224325716495514,
                -0.6558758020401001,
                0.5223976969718933
            ],
            "segmentation_id": 12,
            "visibility": -1
        },
        {
            "bounding_box_minx_maxx_miny_maxy": [
                -1,
                -1,
                -1,
                -1
            ],
            "class": "2",
            "local_cuboid": null,
            "local_to_world_matrix": [
                [
                    0.7597986459732056,
                    -0.10626126080751419,
                    -0.641416072845459,
                    0.0
                ],
                [
                    -0.2899455726146698,
                    0.8276370167732239,
                    -0.48057112097740173,
                    0.0
                ],
                [
                    0.5819257497787476,
                    0.5511130094528198,
                    0.5980274677276611,
                    0.0
                ],
                [
                    1.6297121047973633,
                    0.20254464447498322,
                    0.28036653995513916,
                    1.0
                ]
            ],
            "location": [
                -0.20254464447498322,
                0.28036653995513916,
                -1.6297121047973633
            ],
            "location_world": [
                1.6297121047973633,
                0.20254464447498322,
                0.28036653995513916
            ],
            "name": "google_2_of_Jenga_Classic_Game_12",
            "projected_cuboid": [
                [
                    143.7116116285324,
                    102.52150893211365
                ],
                [
                    119.07170712947845,
                    114.01069164276123
                ],
                [
                    164.5389199256897,
                    163.97619247436523
                ],
                [
                    191.01807475090027,
                    150.58724582195282
                ],
                [
                    137.29724287986755,
                    80.4227739572525
                ],
                [
                    111.72768473625183,
                    91.995969414711
                ],
                [
                    158.12519192695618,
                    141.49078726768494
                ],
                [
                    185.6863498687744,
                    127.94548273086548
                ],
                [
                    150.3838151693344,
                    120.56073546409607
                ]
            ],
            "provenance": "nvisii",
            "quaternion_xyzw": [
                -0.7363351583480835,
                0.4987718462944031,
                0.4450798034667969,
                0.10459976643323898
            ],
            "quaternion_xyzw_world": [
                -0.28902170062065125,
                0.34271374344825745,
                0.051458340138196945,
                0.8923932909965515
            ],
            "segmentation_id": 13,
            "visibility": -1
        },
        {
            "bounding_box_minx_maxx_miny_maxy": [
                -1,
                -1,
                -1,
                -1
            ],
            "class": "2",
            "local_cuboid": null,
            "local_to_world_matrix": [
                [
                    0.5828384160995483,
                    -0.6086052656173706,
                    -0.5384227633476257,
