{
    "camera_data": {
        "camera_look_at": {
            "at": [
                1.0,
                0.0,
                0.0
            ],
            "eye": [
                0.0,
                0.0,
                0.0
            ],
            "up": [
                0.0,
                0.0,
                1.0
            ]
        },
        "camera_view_matrix": [
            [
                0.0,
                0.0,
                -1.0,
                0.0
            ],
            [
                -1.0,
                0.0,
                0.0,
                0.0
            ],
            [
                0.0,
                1.0,
                0.0,
                0.0
            ],
            [
                0.0,
                0.0,
                0.0,
                1.0
            ]
        ],
        "height": 500,
        "intrinsics": {
            "cx": 250.0,
            "cy": 250.0,
            "fx": 603.5535278320312,
            "fy": 603.5535278320312
        },
        "location_world": [
            0.0,
            0.0,
            0.0
        ],
        "quaternion_world_xyzw": [
            0.5,
            -0.5,
            -0.5,
            0.5
        ],
        "width": 500
    },
    "objects": [
        {
            "bounding_box_minx_maxx_miny_maxy": [
                -1,
                -1,
                -1,
                -1
            ],
            "class": "2",
            "local_cuboid": null,
            "local_to_world_matrix": [
                [
                    0.06641793251037598,
                    -0.9451751112937927,
                    0.3197390139102936,
                    0.0
                ],
                [
                    -0.4252062439918518,
                    -0.31670475006103516,
                    -0.847878634929657,
                    0.0
                ],
                [
                    0.9026564359664917,
                    -0.07964050769805908,
                    -0.42292940616607666,
                    0.0
                ],
                [
                    1.5234318971633911,
                    -0.3519766926765442,
                    0.16162694990634918,
                    1.0
                ]
            ],
            "location": [
                0.3519766926765442,
                0.16162694990634918,
                -1.5234318971633911
            ],
            "location_world": [
                1.5234318971633911,
                -0.3519766926765442,
                0.16162694990634918
            ],
            "name": "google_2_of_Jenga_Classic_Game_0",
            "projected_cuboid": [
                [
                    383.25947523117065,
                    221.11272811889648
                ],
                [
                    395.0694501399994,
                    244.9154555797577
                ],
                [
                    411.1221432685852,
                    194.58656013011932
                ],
                [
                    396.92217111587524,
                    167.88946092128754
                ],
                [
                    358.67947340011597,
                    229.47484254837036
                ],
                [
                    370.0249493122101,
                    253.51813435554504
                ],
                [
                    381.7397952079773,
                    204.5230120420456
                ],
                [
                    368.17702651023865,
                    177.50313878059387
                ],
                [
                    382.5695812702179,
                    213.58153223991394
                ]
            ],
            "provenance": "nvisii",
            "quaternion_xyzw": [
                0.9612115025520325,
                0.16553160548210144,
                0.003438979387283325,
                0.2205902338027954
            ],
            "quaternion_xyzw_world": [
                0.671947181224823,
                -0.5098545551300049,
                0.4547959566116333,
                -0.28582534193992615
            ],
            "segmentation_id": 1,
            "visibility": -1
        },
        {
            "bounding_box_minx_maxx_miny_maxy": [
                -1,
                -1,
                -1,
                -1
            ],
            "class": "2",
            "local_cuboid": null,
            "local_to_world_matrix": [
                [
                    -0.26792311668395996,
                    0.13327768445014954,
                    -0.9541774392127991,
                    0.0
                ],
                [
                    -0.7035163640975952,
                    0.6495871543884277,
                    0.28827306628227234,
                    0.0
                ],
                [
                    0.6582418084144592,
                    0.7485142946243286,
                    -0.0802764892578125,
                    0.0
                ],
                [
                    1.4802623987197876,
                    -0.5750380158424377,
                    0.5974724292755127,
                    1.0
                ]
            ],
            "location": [
                0.5750380158424377,
                0.5974724292755127,
                -1.4802623987197876
            ],
            "location_world": [
                1.4802623987197876,
                -0.5750380158424377,
                0.5974724292755127
            ],
            "name": "google_2_of_Jenga_Classic_Game_1",
            "projected_cuboid": [
                [
                    385.07068157196045,
                    62.96977400779724
                ],
                [
                    369.70508098602295,
                    47.16287553310394
                ],
                [
                    477.3259162902832,
                    10.252237319946289
                ],
                [
                    490.39822816848755,
                    29.548361897468567
                ],
                [
                    387.10880279541016,
                    38.75388205051422
                ],
                [
                    372.0128536224365,
                    22.279009222984314
                ],
                [
                    478.38059067726135,
                    -17.372101545333862
                ],
                [
                    491.22995138168335,
                    2.735018730163574
                ],
                [
                    428.314208984375,
                    25.736212730407715
                ]
            ],
            "provenance": "nvisii",
            "quaternion_xyzw": [
                -0.5560331344604492,
                0.7210743427276611,
                0.21608039736747742,
                -0.35240378975868225
            ],
            "quaternion_xyzw_world": [
                -0.20172147452831268,
                0.7067154049873352,
                0.3667626976966858,
                0.5703920125961304
            ],
            "segmentation_id": 2,
            "visibility": -1
        },
        {
            "bounding_box_minx_maxx_miny_maxy": [
                -1,
                -1,
                -1,
                -1
            ],
            "class": "2",
            "local_cuboid": null,
            "local_to_world_matrix": [
                [
                    -0.5866968631744385,
                    -0.5549183487892151,
                    0.5897902846336365,
                    0.0
                ],
                [
                    0.5402047038078308,
                    0.27439427375793457,
                    0.7955418229103088,
                    0.0
                ],
                [
                    -0.6032957434654236,
                    0.7853493094444275,
                    0.13878315687179565,
                    0.0
                ],
                [
                    0.4883594810962677,
                    -0.08832754194736481,
                    -0.18159055709838867,
                    1.0
                ]
            ],
            "location": [
                0.08832754194736481,
                -0.18159055709838867,
                -0.4883594810962677
            ],
            "location_world": [
                0.4883594810962677,
                -0.08832754194736481,
                -0.18159055709838867
            ],
            "name": "google_2_of_Jenga_Classic_Game_2",
            "projected_cuboid": [
                [
                    6.017908453941345,
                    593.3214426040649
                ],
                [
                    -3.138631582260132,
                    413.0648374557495
                ],
                [
                    371.9771206378937,
                    404.318243265152
                ],
                [
                    416.1624610424042,
                    511.8718147277832
                ],
                [
                    -42.400062084198,
                    632.3387622833252
                ],
                [
                    -44.205278158187866,
                    470.41067481040955
                ],
                [
                    311.96129322052,
                    443.5080885887146
                ],
                [
                    346.3599979877472,
                    544.5334315299988
                ],
                [
                    210.22675931453705,
                    493.3251142501831
                ]
            ],
            "provenance": "nvisii",
            "quaternion_xyzw": [
                0.19753530621528625,
                0.3991640508174896,
                -0.25141385197639465,
                -0.8593246936798096
            ],
            "quaternion_xyzw_world": [
                -0.005605745129287243,
                0.656183660030365,
                0.6023051142692566,
                -0.4545549154281616
            ],
            "segmentation_id": 3,
            "visibility": -1
        },
        {
            "bounding_box_minx_maxx_miny_maxy": [
                -1,
                -1,
                -1,
                -1
            ],
            "class": "2",
            "local_cuboid": null,
            "local_to_world_matrix": [
                [
                    -0.58034348487854,
                    0.7526498436927795,
                    -0.3109978437423706,
                    0.0
                ],
                [
                    0.5850047469139099,
                    0.6509652137756348,
                    0.4837496876716614,
                    0.0
                ],
                [
                    0.5665428638458252,
                    0.09880578517913818,
                    -0.818087100982666,
                    0.0
                ],
                [
                    0.14043842256069183,
                    -0.39657795429229736,
                    -0.2549440860748291,
                    1.0
                ]
            ],
            "location": [
                0.39657795429229736,
                -0.2549440860748291,
                -0.14043842256069183
            ],
            "location_world": [
                0.14043842256069183,
                -0.39657795429229736,
                -0.2549440860748291
            ],
            "name": "google_2_of_Jenga_Classic_Game_3",
            "projected_cuboid": [
                [
                    1104.0611267089844,
                    1480.355143547058
                ],
                [
                    859.1582179069519,
                    1202.7417421340942
                ],
                [
                    1690.3382539749146,
                    1297.2255945205688
                ],
                [
                    2813.993215560913,
                    2119.9381351470947
                ],
                [
                    1093.3258533477783,
                    1246.443271636963
                ],
                [
                    881.6396594047546,
                    1037.4679565429688
                ],
                [
                    1530.2211046218872,
                    963.4802937507629
                ],
                [
                    2225.7254123687744,
                    1395.5610990524292
                ],
                [
                    1283.5770845413208,
                    1262.6261711120605
                ]
            ],
            "provenance": "nvisii",
            "quaternion_xyzw": [
                -0.2872905135154724,
                0.8370994925498962,
                -0.4190337657928467,
                -0.20282812416553497
            ],
            "quaternion_xyzw_world": [
                0.38300731778144836,
                0.8731259703636169,
                0.16680166125297546,
                0.2512640655040741
            ],
            "segmentation_id": 4,
            "visibility": -1
        },
        {
            "bounding_box_minx_maxx_miny_maxy": [
                -1,
                -1,
                -1,
                -1
            ],
            "class": "2",
            "local_cuboid": null,
            "local_to_world_matrix": [
                [
                    0.9794294238090515,
                    0.17903311550617218,
                    -0.09308668971061707,
                    0.0
                ],
                [
                    -0.17331723868846893,
                    0.5101348757743835,
                    -0.8424509167671204,
                    0.0
                ],
                [
                    -0.10333985090255737,
                    0.8412547707557678,
                    0.5306706428527832,
                    0.0
                ],
                [
                    1.6725741624832153,
                    -0.8114122152328491,
                    -0.482053279876709,
                    1.0
                ]
            ],
            "location": [
                0.8114122152328491,
                -0.482053279876709,
                -1.6725741624832153
            ],
            "location_world": [
                1.6725741624832153,
                -0.8114122152328491,
                -0.482053279876709
            ],
            "name": "google_2_of_Jenga_Classic_Game_4",
            "projected_cuboid": [
                [
                    457.40580558776855,
                    355.50111532211304
                ],
                [
                    443.68600845336914,
                    382.0757269859314
                ],
                [
                    527.2977948188782,
                    434.6434473991394
                ],
                [
                    540.0645732879639,
                    408.08790922164917
                ],
                [
                    472.64373302459717,
                    357.80978202819824
                ],
                [
                    458.3996832370758,
                    385.69170236587524
                ],
                [
                    545.7099080085754,
                    440.6892657279968
                ],
                [
                    558.91352891922,
                    412.8296971321106
                ],
                [
                    500.735878944397,
                    397.30221033096313
                ]
            ],
            "provenance": "nvisii",
            "quaternion_xyzw": [
                -0.6245154142379761,
                0.2414758801460266,
                0.7288388013839722,
                0.14305227994918823
            ],
            "quaternion_xyzw_world": [
                -0.4844130277633667,
                -0.0029498999938368797,
                0.10137347877025604,
                0.8689411878585815
            ],
            "segmentation_id": 5,
            "visibility": -1
        },
        {
            "bounding_box_minx_maxx_miny_maxy": [
                -1,
                -1,
                -1,
                -1
            ],
            "class": "2",
            "local_cuboid": null,
            "local_to_world_matrix": [
                [
                    0.7915908694267273,
                    -0.6085227131843567,
                    -0.05553338676691055,
                    0.0
                ],
                [
                    -0.5516909956932068,
                    -0.672660231590271,
                    -0.49311792850494385,
                    0.0
                ],
                [
                    0.2627183794975281,
                    0.4209849238395691,
                    -0.8681882619857788,
                    0.0
                ],
                [
                    1.87044358253479,
                    -0.4599771201610565,
                    -0.3202272057533264,
                    1.0
                ]
            ],
            "location": [
                0.4599771201610565,
                -0.3202272057533264,
                -1.87044358253479
            ],
            "location_world": [
                1.87044358253479,
                -0.4599771201610565,
                -0.3202272057533264
            ],
            "name": "google_2_of_Jenga_Classic_Game_5",
            "projected_cuboid": [
                [
                    350.2785861492157,
                    417.39773750305176
                ],
                [
                    370.2017068862915,
                    434.24004316329956
                ],
                [
                    414.6243631839752,
                    360.2824807167053
                ],
                [
                    392.8319811820984,
                    344.5585370063782
                ],
                [
                    338.56725692749023,
                    421.4246869087219
                ],
                [
                    358.85944962501526,
                    438.92180919647217
                ],
                [
                    404.33040261268616,
                    362.6188337802887
                ],
                [
                    382.0648193359375,
                    346.30921483039856
                ],
                [
                    375.9893774986267,
                    391.34109020233154
                ]
            ],
            "provenance": "nvisii",
            "quaternion_xyzw": [
                0.7688236236572266,
                0.200672447681427,
                -0.3942958414554596,
                0.46170514822006226
            ],
            "quaternion_xyzw_world": [
                0.9127485156059265,
                -0.3177802264690399,
                0.05674755573272705,
                -0.25037094950675964
            ],
            "segmentation_id": 6,
            "visibility": -1
        },
        {
            "bounding_box_minx_maxx_miny_maxy": [
                -1,
                -1,
                -1,
                -1
            ],
            "class": "2",
            "local_cuboid": null,
            "local_to_world_matrix": [
                [
                    0.9225841760635376,
                    0.2067517638206482,
                    0.32571789622306824,
                    0.0
                ],
                [
                    0.18793800473213196,
                    -0.9781785011291504,
                    0.08857820928096771,
                    0.0
                ],
                [
                    0.3369239270687103,
                    -0.020506087690591812,
                    -0.9413086175918579,
                    0.0
                ],
                [
                    1.7408335208892822,
                    -0.5533319115638733,
                    0.29641294479370117,
                    1.0
                ]
            ],
            "location": [
                0.5533319115638733,
                0.29641294479370117,
                -1.7408335208892822
            ],
            "location_world": [
                1.7408335208892822,
                -0.5533319115638733,
                0.29641294479370117
            ],
            "name": "google_2_of_Jenga_Classic_Game_6",
            "projected_cuboid": [
                [
                    414.75844383239746,
                    240.1258647441864
                ],
                [
                    439.8367404937744,
                    237.81242966651917
                ],
                [
                    448.2773542404175,
                    144.17850971221924
                ],
                [
                    421.87976837158203,
                    145.78084647655487
                ],
                [
                    426.9235134124756,
                    248.36565554141998
                ],
                [
                    452.903151512146,
                    245.88701128959656
                ],
                [
                    462.4535143375397,
                    148.73749017715454
                ],
                [
                    435.05609035491943,
                    150.4511833190918
                ],
                [
                    437.57134675979614,
                    196.41418755054474
                ]
            ],
            "provenance": "nvisii",
            "quaternion_xyzw": [
                0.5102925300598145,
                0.6387984752655029,
                -0.44194161891937256,
                0.3690875768661499
            ],
            "quaternion_xyzw_world": [
                0.9800601005554199,
                0.10067999362945557,
                0.16903091967105865,
                0.027825921773910522
            ],
            "segmentation_id": 7,
            "visibility": -1
        },
        {
            "bounding_box_minx_maxx_miny_maxy": [
                -1,
                -1,
                -1,
                -1
            ],
            "class": "2",
            "local_cuboid": null,
            "local_to_world_matrix": [
                [
                    -0.2011275291442871,
                    -0.9434057474136353,
                    -0.26369184255599976,
                    0.0
                ],
                [
                    0.6104164123535156,
                    -0.3312424421310425,
                    0.71949303150177,
                    0.0
                ],
                [
                    -0.7661197781562805,
                    -0.016251981258392334,
                    0.6424922943115234,
                    0.0
                ],
                [
                    1.4151043891906738,
                    0.55571049451828,
                    0.39622962474823,
                    1.0
                ]
            ],
            "location": [
                -0.55571049451828,
                0.39622962474823,
                -1.4151043891906738
            ],
            "location_world": [
                1.4151043891906738,
                0.55571049451828,
                0.39622962474823
            ],
            "name": "google_2_of_Jenga_Classic_Game_7",
            "projected_cuboid": [
                [
                    -25.168538093566895,
                    -33.16640853881836
                ],
                [
                    0.5223006010055542,
                    -51.42092704772949
                ],
                [
                    37.48410940170288,
                    74.70008730888367
                ],
                [
                    17.334312200546265,
                    94.70327198505402
                ],
                [
                    -59.72597002983093,
                    -40.036797523498535
                ],
                [
                    -32.91389346122742,
                    -57.7659010887146
                ],
                [
                    8.807763457298279,
                    67.95400381088257
                ],
                [
                    -12.171059846878052,
                    87.48124539852142
                ],
                [
                    -6.28247857093811,
                    23.042455315589905
                ]
            ],
            "provenance": "nvisii",
            "quaternion_xyzw": [
                -0.33830198645591736,
                -0.04991886019706726,
                -0.160640150308609,
                0.9258804321289062
            ],
            "quaternion_xyzw_world": [
                0.3491498827934265,
                -0.23842859268188477,
                -0.7373707294464111,
                0.5268117189407349
            ],
            "segmentation_id": 8,
            "visibility": -1
        },
        {
            "bounding_box_minx_maxx_miny_maxy": [
                -1,
                -1,
                -1,
                -1
            ],
            "class": "2",
            "local_cuboid": null,
            "local_to_world_matrix": [
                [
                    -0.5184621810913086,
                    0.8167688846588135,
                    -0.25315141677856445,
                    0.0
                ],
                [
                    -0.6373375654220581,
                    -0.17173397541046143,
                    0.7512046098709106,
                    0.0
                ],
                [
                    0.5700858235359192,
                    0.5508140325546265,
                    0.6095949411392212,
                    0.0
                ],
                [
                    1.7968436479568481,
                    -0.043529998511075974,
                    -0.2625586986541748,
                    1.0
                ]
            ],
            "location": [
                0.043529998511075974,
                -0.2625586986541748,
                -1.7968436479568481
            ],
            "location_world": [
                1.7968436479568481,
                -0.043529998511075974,
                -0.2625586986541748
            ],
            "name": "google_2_of_Jenga_Classic_Game_8",
            "projected_cuboid": [
                [
                    201.95144414901733,
                    288.672000169754
                ],
                [
                    205.1696628332138,
                    269.7775661945343
                ],
                [
                    256.4074993133545,
                    333.0881893634796
                ],
                [
                    251.36303901672363,
                    351.83799266815186
                ],
                [
                    222.2689837217331,
                    281.8910479545593
                ],
                [
                    225.97867250442505,
                    263.20505142211914
                ],
                [
                    277.9814302921295,
                    324.4580924510956
                ],
                [
                    272.419273853302,
                    343.04389357566833
                ],
                [
                    238.1523847579956,
                    305.7112395763397
                ]
            ],
            "provenance": "nvisii",
            "quaternion_xyzw": [
                -0.022980406880378723,
                0.8857284188270569,
                0.3519511818885803,
                -0.3018070459365845
            ],
            "quaternion_xyzw_world": [
                0.10449491441249847,
                0.4292823374271393,
                0.7582530975341797,
                0.47942647337913513
            ],
            "segmentation_id": 9,
            "visibility": -1
        },
        {
            "bounding_box_minx_maxx_miny_maxy": [
                -1,
                -1,
                -1,
                -1
            ],
            "class": "2",
            "local_cuboid": null,
            "local_to_world_matrix": [
                [
                    0.08311975002288818,
                    -0.5146287083625793,
                    0.8533747792243958,
                    0.0
                ],
                [
                    0.973798930644989,
                    0.22384071350097656,
                    0.04013824462890625,
                    0.0
                ],
                [
                    -0.21167629957199097,
                    0.8276790976524353,
                    0.5197504162788391,
                    0.0
                ],
                [
                    1.4014513492584229,
                    -0.540159285068512,
                    -0.22485922276973724,
                    1.0
                ]
            ],
            "location": [
                0.540159285068512,
                -0.22485922276973724,
                -1.4014513492584229
            ],
            "location_world": [
                1.4014513492584229,
                -0.540159285068512,
                -0.22485922276973724
            ],
            "name": "google_2_of_Jenga_Classic_Game_9",
            "projected_cuboid": [
                [
                    402.1414518356323,
                    269.0524458885193
                ],
                [
                    384.85974073410034,
                    266.4424479007721
                ],
                [
                    480.01670837402344,
                    329.1158378124237
                ],
                [
                    502.25287675857544,
                    335.3867530822754
                ],
                [
                    383.9934468269348,
                    300.5197048187256
                ],
                [
                    367.7127957344055,
                    296.0188686847687
                ],
                [
                    464.0399217605591,
                    357.707142829895
                ],
                [
                    485.4154586791992,
                    365.7408058643341
                ],
                [
                    434.6432387828827,
                    315.60343503952026
                ]
            ],
            "provenance": "nvisii",
            "quaternion_xyzw": [
                -0.56187504529953,
                -0.2801041007041931,
                0.4052497446537018,
                0.6645380258560181
            ],
            "quaternion_xyzw_world": [
                -0.29134541749954224,
                -0.39400842785835266,
                -0.5506337285041809,
                0.6757793426513672
            ],
            "segmentation_id": 10,
            "visibility": -1
        },
        {
            "bounding_box_minx_maxx_miny_maxy": [
                -1,
                -1,
                -1,
                -1
            ],
            "class": "2",
            "local_cuboid": null,
            "local_to_world_matrix": [
                [
                    -0.7427953481674194,
                    0.5970718264579773,
                    -0.30291980504989624,
                    0.0
                ],
                [
                    0.110587939620018,
                    -0.336814284324646,
                    -0.9350543022155762,
                    0.0
                ],
                [
                    -0.6603222489356995,
                    -0.7280532121658325,
                    0.18415504693984985,
                    0.0
                ],
                [
                    1.702892541885376,
                    -0.5387468338012695,
                    -0.7680201530456543,
                    1.0
                ]
            ],
            "location": [
                0.5387468338012695,
                -0.7680201530456543,
                -1.702892541885376
            ],
            "location_world": [
                1.702892541885376,
                -0.5387468338012695,
                -0.7680201530456543
            ],
            "name": "google_2_of_Jenga_Classic_Game_10",
            "projected_cuboid": [
                [
                    541.80508852005,
                    530.7737588882446
                ],
                [
                    551.5265464782715,
                    561.089813709259
                ],
                [
                    440.39350748062134,
                    544.6820259094238
                ],
                [
                    431.17380142211914,
                    517.7778005599976
                ],
                [
                    549.187421798706,
                    510.6550455093384
                ],
                [
                    558.4952235221863,
                    539.9422645568848
                ],
                [
                    450.33758878707886,
                    526.436448097229
                ],
                [
                    441.48433208465576,
                    500.34618377685547
                ],
                [
                    492.358922958374,
                    528.4290313720703
                ]
            ],
            "provenance": "nvisii",
            "quaternion_xyzw": [
                0.41160061955451965,
                0.02058693766593933,
                0.8933711647987366,
                -0.17902246117591858
            ],
            "quaternion_xyzw_world": [
                -0.3201030492782593,
                -0.5526812076568604,
                0.7522906064987183,
                0.16166754066944122
            ],
            "segmentation_id": 11,
            "visibility": -1
        },
        {
            "bounding_box_minx_maxx_miny_maxy": [
                -1,
                -1,
                -1,
                -1
            ],
            "class": "2",
            "local_cuboid": null,
            "local_to_world_matrix": [
                [
                    0.836860179901123,
                    0.3360835313796997,
                    -0.43210282921791077,
                    0.0
                ],
                [
                    -0.19457988440990448,
                    0.9204262495040894,
                    0.3390488624572754,
                    0.0
                ],
                [
                    0.5116675496101379,
                    -0.19965797662734985,
                    0.8356631994247437,
                    0.0
                ],
                [
                    1.770080804824829,
                    -0.7439868450164795,
                    0.5305655598640442,
                    1.0
                ]
            ],
            "location": [
                0.7439868450164795,
                0.5305655598640442,
                -1.770080804824829
            ],
            "location_world": [
                1.770080804824829,
                -0.7439868450164795,
                0.5305655598640442
            ],
            "name": "google_2_of_Jenga_Classic_Game_11",
            "projected_cuboid": [
                [
                    504.8563480377197,
                    21.198749542236328
                ],
                [
                    482.88458585739136,
                    10.378479957580566
                ],
                [
                    482.6657176017761,
                    72.5066065788269
                ],
                [
                    506.45244121551514,
                    83.65613222122192
                ],
                [
                    522.1816301345825,
                    2.3684948682785034
                ],
                [
                    499.58911538124084,
                    -8.996844291687012
                ],
                [
                    500.8060336112976,
                    53.82874608039856
                ],
                [
                    525.3217816352844,
                    65.57586789131165
                ],
                [
                    502.9585361480713,
                    36.48826479911804
                ]
            ],
            "provenance": "nvisii",
            "quaternion_xyzw": [
                -0.4573114812374115,
                0.7393916249275208,
                0.3483414947986603,
                0.3504631817340851
            ],
            "quaternion_xyzw_world": [
                0.14210093021392822,
                0.24894921481609344,
                0.13997922837734222,
                0.94775390625
            ],
            "segmentation_id": 12,
            "visibility": -1
        },
        {
            "bounding_box_minx_maxx_miny_maxy": [
                -1,
                -1,
                -1,
                -1
            ],
            "class": "2",
            "local_cuboid": null,
            "local_to_world_matrix": [
                [
                    -0.2380237579345703,
                    0.2456059455871582,
                    -0.9396927356719971,
                    0.0
                ],
                [
                    0.9680216312408447,
                    -0.01894235610961914,
                    -0.2501503527164459,
                    0.0
                ],
                [
                    -0.07923844456672668,
                    -0.9691846370697021,
                    -0.23324322700500488,
                    0.0
                ],
                [
                    1.3018789291381836,
                    -0.326783150434494,
                    0.4135727286338806,
                    1.0
                ]
            ],
            "location": [
                0.326783150434494,
                0.4135727286338806,
                -1.3018789291381836
            ],
            "location_world": [
                1.3018789291381836,
                -0.326783150434494,
                0.4135727286338806
            ],
            "name": "google_2_of_Jenga_Classic_Game_12",
            "projected_cuboid": [
                [
                    544.492781162262,
                    93.28803420066833
                ],
                [
                    526.8572568893433,
                    112.79495060443878
                ],
                [
                    393.9030170440674,
                    84.33662354946136
                ],
                [
                    402.52959728240967,
                    63.331931829452515
                ],
                [
                    549.4351387023926,
                    59.77480113506317
                ],
                [
                    531.7448377609253,
                    81.06730878353119
                ],
                [
                    400.55328607559204,
                    53.54727804660797
                ],
                [
                    409.4802141189575,
                    30.872106552124023
                ],
                [
                    469.0742492675781,
                    72.46549427509308
                ]
            ],
            "provenance": "nvisii",
            "quaternion_xyzw": [
                -0.48096412420272827,
                0.47859615087509155,
                -0.6274939775466919,
                0.38192999362945557
            ],
            "quaternion_xyzw_world": [
                0.5035279989242554,
                0.6025621294975281,
                -0.5058959722518921,
                0.35699814558029175
            ],
            "segmentation_id": 13,
            "visibility": -1
        },
        {
            "bounding_box_minx_maxx_miny_maxy": [
                -1,
                -1,
                -1,
                -1
            ],
            "class": "2",
            "local_cuboid": null,
            "local_to_world_matrix": [
                [
                    -0.6572229862213135,
                    -0.5131453275680542,
                    -0.5520331859588623,
                    0.0
                ],
