{
    "camera_data": {
        "camera_look_at": {
            "at": [
                1.0,
                0.0,
                0.0
            ],
            "eye": [
                0.0,
                0.0,
                0.0
            ],
            "up": [
                0.0,
                0.0,
                1.0
            ]
        },
        "camera_view_matrix": [
            [
                0.0,
                0.0,
                -1.0,
                0.0
            ],
            [
                -1.0,
                0.0,
                0.0,
                0.0
            ],
            [
                0.0,
                1.0,
                0.0,
                0.0
            ],
            [
                0.0,
                0.0,
                0.0,
                1.0
            ]
        ],
        "height": 500,
        "intrinsics": {
            "cx": 250.0,
            "cy": 250.0,
            "fx": 603.5535278320312,
            "fy": 603.5535278320312
        },
        "location_world": [
            0.0,
            0.0,
            0.0
        ],
        "quaternion_world_xyzw": [
            0.5,
            -0.5,
            -0.5,
            0.5
        ],
        "width": 500
    },
    "objects": [
        {
            "bounding_box_minx_maxx_miny_maxy": [
                -1,
                -1,
                -1,
                -1
            ],
            "class": "2",
            "local_cuboid": null,
            "local_to_world_matrix": [
                [
                    -0.7632551193237305,
                    -0.6456481218338013,
                    -0.02408868819475174,
                    0.0
                ],
                [
                    0.6449292898178101,
                    -0.7591047286987305,
                    -0.08846687525510788,
                    0.0
                ],
                [
                    0.038832634687423706,
                    -0.08305829018354416,
                    0.9957877993583679,
                    0.0
                ],
                [
                    1.9381481409072876,
                    -0.6133612990379333,
                    -0.4081476032733917,
                    1.0
                ]
            ],
            "location": [
                0.6133612990379333,
                -0.4081476032733917,
                -1.9381481409072876
            ],
            "location_world": [
                1.9381481409072876,
                -0.6133612990379333,
                -0.4081476032733917
            ],
            "name": "google_2_of_Jenga_Classic_Game_0",
            "projected_cuboid": [
                [
                    451.2757658958435,
                    286.5196466445923
                ],
                [
                    465.51865339279175,
                    287.81411051750183
                ],
                [
                    459.2154920101166,
                    378.7490129470825
                ],
                [
                    444.70420479774475,
                    380.0796866416931
                ],
                [
                    429.32286858558655,
                    284.80592370033264
                ],
                [
                    443.73413920402527,
                    286.1080467700958
                ],
                [
                    437.4973177909851,
                    374.2893934249878
                ],
                [
                    422.826886177063,
                    375.4536509513855
                ],
                [
                    444.2034959793091,
                    331.57089352607727
                ]
            ],
            "provenance": "nvisii",
            "quaternion_xyzw": [
                0.6657603979110718,
                0.27600619196891785,
                0.31779950857162476,
                -0.6161064505577087
            ],
            "quaternion_xyzw_world": [
                0.003930309321731329,
                -0.04572364315390587,
                0.9378362894058228,
                -0.34403055906295776
            ],
            "segmentation_id": 1,
            "visibility": -1
        },
        {
            "bounding_box_minx_maxx_miny_maxy": [
                -1,
                -1,
                -1,
                -1
            ],
            "class": "2",
            "local_cuboid": null,
            "local_to_world_matrix": [
                [
                    0.6845800876617432,
                    -0.5815215110778809,
                    -0.43952569365501404,
                    0.0
                ],
                [
                    0.05738911032676697,
                    -0.5580987930297852,
                    0.8277875781059265,
                    0.0
                ],
                [
                    -0.7266750335693359,
                    -0.5919108986854553,
                    -0.3486902713775635,
                    0.0
                ],
                [
                    1.2045904397964478,
                    -0.2740147113800049,
                    0.116350919008255,
                    1.0
                ]
            ],
            "location": [
                0.2740147113800049,
                0.116350919008255,
                -1.2045904397964478
            ],
            "location_world": [
                1.2045904397964478,
                -0.2740147113800049,
                0.116350919008255
            ],
            "name": "google_2_of_Jenga_Classic_Game_1",
            "projected_cuboid": [
                [
                    514.8656368255615,
                    272.43828773498535
                ],
                [
                    541.4465665817261,
                    231.0430407524109
                ],
                [
                    406.75073862075806,
                    184.48776006698608
                ],
                [
                    384.22900438308716,
                    218.55102479457855
                ],
                [
                    500.96601247787476,
                    251.9633173942566
                ],
                [
                    529.0999412536621,
                    208.360493183136
                ],
                [
                    390.46046137809753,
                    163.75470161437988
                ],
                [
                    366.8365180492401,
                    199.29787516593933
                ],
                [
                    448.04495573043823,
                    214.06206488609314
                ]
            ],
            "provenance": "nvisii",
            "quaternion_xyzw": [
                0.08224800229072571,
                0.3604133129119873,
                -0.28167620301246643,
                0.8854355216026306
            ],
            "quaternion_xyzw_world": [
                0.804886519908905,
                -0.1627970039844513,
                -0.362225204706192,
                0.4409623146057129
            ],
            "segmentation_id": 2,
            "visibility": -1
        },
        {
            "bounding_box_minx_maxx_miny_maxy": [
                -1,
                -1,
                -1,
                -1
            ],
            "class": "2",
            "local_cuboid": null,
            "local_to_world_matrix": [
                [
                    -0.4301412105560303,
                    0.5054498910903931,
                    -0.7479965686798096,
                    0.0
                ],
                [
                    -0.8824552297592163,
                    -0.060666799545288086,
                    0.46646785736083984,
                    0.0
                ],
                [
                    0.19039753079414368,
                    0.8607205152511597,
                    0.4721323251724243,
                    0.0
                ],
                [
                    0.86896812915802,
                    0.32085710763931274,
                    -0.3433281481266022,
                    1.0
                ]
            ],
            "location": [
                -0.32085710763931274,
                -0.3433281481266022,
                -0.86896812915802
            ],
            "location_world": [
                0.86896812915802,
                0.32085710763931274,
                -0.3433281481266022
            ],
            "name": "google_2_of_Jenga_Classic_Game_2",
            "projected_cuboid": [
                [
                    -129.90012764930725,
                    412.63413429260254
                ],
                [
                    -158.87033939361572,
                    399.24460649490356
                ],
                [
                    -0.5423426628112793,
                    511.58803701400757
                ],
                [
                    16.9735848903656,
                    516.4018273353577
                ],
                [
                    -92.14460849761963,
                    370.6124722957611
                ],
                [
                    -116.9169545173645,
                    354.26297783851624
                ],
                [
                    37.83009946346283,
                    459.1672718524933
                ],
                [
                    51.605239510536194,
                    468.03492307662964
                ],
                [
                    -50.532788038253784,
                    434.6528649330139
                ]
            ],
            "provenance": "nvisii",
            "quaternion_xyzw": [
                -0.23370908200740814,
                0.7352406978607178,
                0.4605932831764221,
                -0.4389249086380005
            ],
            "quaternion_xyzw_world": [
                -0.19899329543113708,
                0.47364071011543274,
                0.7005248665809631,
                0.4953090250492096
            ],
            "segmentation_id": 3,
            "visibility": -1
        },
        {
            "bounding_box_minx_maxx_miny_maxy": [
                -1,
                -1,
                -1,
                -1
            ],
            "class": "2",
            "local_cuboid": null,
            "local_to_world_matrix": [
                [
                    0.5111284255981445,
                    0.810503363609314,
                    0.28606295585632324,
                    0.0
                ],
                [
                    -0.6604138612747192,
                    0.15733325481414795,
                    0.7342340350151062,
                    0.0
                ],
                [
                    0.5500919818878174,
                    -0.5642078518867493,
                    0.615685224533081,
                    0.0
                ],
                [
                    0.8802481293678284,
                    -0.12219937890768051,
                    -0.41788625717163086,
                    1.0
                ]
            ],
            "location": [
                0.12219937890768051,
                -0.41788625717163086,
                -0.8802481293678284
            ],
            "location_world": [
                0.8802481293678284,
                -0.12219937890768051,
                -0.41788625717163086
            ],
            "name": "google_2_of_Jenga_Classic_Game_3",
            "projected_cuboid": [
                [
                    395.04268765449524,
                    392.87614822387695
                ],
                [
                    395.11042833328247,
                    364.37174677848816
                ],
                [
                    307.8347146511078,
                    509.8329782485962
                ],
                [
                    312.997967004776,
                    534.5331430435181
                ],
                [
                    437.41899728775024,
                    411.3578796386719
                ],
                [
                    439.8694634437561,
                    382.73394107818604
                ],
                [
                    357.0070266723633,
                    538.7880802154541
                ],
                [
                    359.31676626205444,
                    562.7915859222412
                ],
                [
                    378.56653332710266,
                    456.0816287994385
                ]
            ],
            "provenance": "nvisii",
            "quaternion_xyzw": [
                0.03658730536699295,
                0.8796063661575317,
                0.36269038915634155,
                0.30562999844551086
            ],
            "quaternion_xyzw_world": [
                0.4295666217803955,
                0.08734934031963348,
                0.4866270422935486,
                0.7556697130203247
            ],
            "segmentation_id": 4,
            "visibility": -1
        },
        {
            "bounding_box_minx_maxx_miny_maxy": [
                -1,
                -1,
                -1,
                -1
            ],
            "class": "2",
            "local_cuboid": null,
            "local_to_world_matrix": [
                [
                    -0.28026318550109863,
                    0.3035101294517517,
                    -0.9106778502464294,
                    0.0
                ],
                [
                    -0.7604221701622009,
                    0.5087941884994507,
                    0.40359222888946533,
                    0.0
                ],
                [
                    0.585841953754425,
                    0.8056116104125977,
                    0.08819949626922607,
                    0.0
                ],
                [
                    1.594124436378479,
                    -0.6424988508224487,
                    -0.713190495967865,
                    1.0
                ]
            ],
            "location": [
                0.6424988508224487,
                -0.713190495967865,
                -1.594124436378479
            ],
            "location_world": [
                1.594124436378479,
                -0.6424988508224487,
                -0.713190495967865
            ],
            "name": "google_2_of_Jenga_Classic_Game_4",
            "projected_cuboid": [
                [
                    390.79588651657104,
                    500.1557469367981
                ],
                [
                    380.98859786987305,
                    497.5391626358032
                ],
                [
                    487.01196908950806,
                    534.8758101463318
                ],
                [
                    493.643581867218,
                    536.285400390625
                ],
                [
                    397.0654010772705,
                    473.12113642692566
                ],
                [
                    387.6132369041443,
                    469.5425033569336
                ],
                [
                    492.8671419620514,
                    503.30889225006104
                ],
                [
                    499.1796016693115,
                    505.93745708465576
                ],
                [
                    438.5923147201538,
                    501.63233280181885
                ]
            ],
            "provenance": "nvisii",
            "quaternion_xyzw": [
                -0.46870559453964233,
                0.757123589515686,
                0.2802124321460724,
                -0.3585526943206787
            ],
            "quaternion_xyzw_world": [
                -0.1751735657453537,
                0.6520847082138062,
                0.4635915458202362,
                0.5737444162368774
            ],
            "segmentation_id": 5,
            "visibility": -1
        },
        {
            "bounding_box_minx_maxx_miny_maxy": [
                -1,
                -1,
                -1,
                -1
            ],
            "class": "2",
            "local_cuboid": null,
            "local_to_world_matrix": [
                [
                    0.8460573554039001,
                    0.46893781423568726,
                    0.2535436153411865,
                    0.0
                ],
                [
                    0.0441739559173584,
                    0.41230320930480957,
                    -0.9099752902984619,
                    0.0
                ],
                [
                    -0.5312585830688477,
                    0.7810913324356079,
                    0.328117311000824,
                    0.0
                ],
                [
                    1.9497710466384888,
                    -0.5589526891708374,
                    -0.5361994504928589,
                    1.0
                ]
            ],
            "location": [
                0.5589526891708374,
                -0.5361994504928589,
                -1.9497710466384888
            ],
            "location_world": [
                1.9497710466384888,
                -0.5589526891708374,
                -0.5361994504928589
            ],
            "name": "google_2_of_Jenga_Classic_Game_5",
            "projected_cuboid": [
                [
                    358.9816689491272,
                    379.53439354896545
                ],
                [
                    347.2763001918793,
                    404.6144485473633
                ],
                [
                    409.04420614242554,
                    421.66903614997864
                ],
                [
                    419.94911432266235,
                    398.58540892601013
                ],
                [
                    375.8068084716797,
                    391.31003618240356
                ],
                [
                    363.6226952075958,
                    417.31464862823486
                ],
                [
                    426.2174069881439,
                    433.9351952075958
                ],
                [
                    437.5358819961548,
                    410.0707173347473
                ],
                [
                    393.4270739555359,
                    407.4043035507202
                ]
            ],
            "provenance": "nvisii",
            "quaternion_xyzw": [
                -0.476911723613739,
                0.0832228735089302,
                0.8529613018035889,
                0.1951574683189392
            ],
            "quaternion_xyzw_world": [
                -0.5257463455200195,
                -0.24399209022521973,
                0.13205750286579132,
                0.8041266798973083
            ],
            "segmentation_id": 6,
            "visibility": -1
        },
        {
            "bounding_box_minx_maxx_miny_maxy": [
                -1,
                -1,
                -1,
                -1
            ],
            "class": "2",
            "local_cuboid": null,
            "local_to_world_matrix": [
                [
                    -0.11421453952789307,
                    0.9906244277954102,
                    -0.07495513558387756,
                    0.0
                ],
                [
                    -0.5879316329956055,
                    -0.1282179355621338,
                    -0.7986842393875122,
                    0.0
                ],
                [
                    -0.8008066415786743,
                    -0.04715284705162048,
                    0.5970638394355774,
                    0.0
                ],
                [
                    1.8593844175338745,
                    -0.7366893887519836,
                    -0.16790035367012024,
                    1.0
                ]
            ],
            "location": [
                0.7366893887519836,
                -0.16790035367012024,
                -1.8593844175338745
            ],
            "location_world": [
                1.8593844175338745,
                -0.7366893887519836,
                -0.16790035367012024
            ],
            "name": "google_2_of_Jenga_Classic_Game_6",
            "projected_cuboid": [
                [
                    508.90231132507324,
                    236.32387816905975
                ],
                [
                    521.0484266281128,
                    261.39917969703674
                ],
                [
                    481.8615913391113,
                    317.4590766429901
                ],
                [
                    472.261905670166,
                    294.02363300323486
                ],
                [
                    535.9950065612793,
                    234.24169421195984
                ],
                [
                    548.9107966423035,
                    259.1118514537811
                ],
                [
                    506.3721537590027,
                    315.18805027008057
                ],
                [
                    496.17400765419006,
                    291.92405939102173
                ],
                [
                    507.56704807281494,
                    277.9430150985718
                ]
            ],
            "provenance": "nvisii",
            "quaternion_xyzw": [
                0.042582541704177856,
                0.31270334124565125,
                0.9473799467086792,
                -0.05361446738243103
            ],
            "quaternion_xyzw_world": [
                -0.32285428047180176,
                -0.3118223547935486,
                0.6781401634216309,
                0.581943154335022
            ],
            "segmentation_id": 7,
            "visibility": -1
        },
        {
            "bounding_box_minx_maxx_miny_maxy": [
                -1,
                -1,
                -1,
                -1
            ],
            "class": "2",
            "local_cuboid": null,
            "local_to_world_matrix": [
                [
                    -0.08001554012298584,
                    -0.3190636932849884,
                    -0.944349467754364,
                    0.0
                ],
                [
                    0.8240597248077393,
                    -0.5541999340057373,
                    0.11742213368415833,
                    0.0
                ],
                [
                    -0.5608236193656921,
                    -0.768804669380188,
                    0.30727213621139526,
                    0.0
                ],
                [
                    1.2328344583511353,
                    0.6887057423591614,
                    0.5105618238449097,
                    1.0
                ]
            ],
            "location": [
                -0.6887057423591614,
                0.5105618238449097,
                -1.2328344583511353
            ],
            "location_world": [
                1.2328344583511353,
                0.6887057423591614,
                0.5105618238449097
            ],
            "name": "google_2_of_Jenga_Classic_Game_7",
            "projected_cuboid": [
                [
                    -28.041154146194458,
                    -76.71523094177246
                ],
                [
                    15.198111534118652,
                    -61.497241258621216
                ],
                [
                    -61.573803424835205,
                    21.70082926750183
                ],
                [
                    -103.35567593574524,
                    13.414204120635986
                ],
                [
                    -40.99363088607788,
                    -118.07084083557129
                ],
                [
                    2.813205122947693,
                    -100.3400981426239
                ],
                [
                    -71.98074460029602,
                    -12.547969818115234
                ],
                [
                    -114.1459047794342,
                    -22.774994373321533
                ],
                [
                    -52.29884386062622,
                    -41.29040241241455
                ]
            ],
            "provenance": "nvisii",
            "quaternion_xyzw": [
                0.4002555310726166,
                -0.2436876893043518,
                0.5301740169525146,
                -0.7066309452056885
            ],
            "quaternion_xyzw_world": [
                -0.5401185750961304,
                -0.2337431162595749,
                0.6966863870620728,
                -0.4102001190185547
            ],
            "segmentation_id": 8,
            "visibility": -1
        },
        {
            "bounding_box_minx_maxx_miny_maxy": [
                -1,
                -1,
                -1,
                -1
            ],
            "class": "2",
            "local_cuboid": null,
            "local_to_world_matrix": [
                [
                    0.13754457235336304,
                    0.9654966592788696,
                    0.22112834453582764,
                    0.0
                ],
                [
                    -0.7024153470993042,
                    -0.0623244047164917,
                    0.7090334892272949,
                    0.0
                ],
                [
                    0.6983510851860046,
                    -0.2528476417064667,
                    0.6696072816848755,
                    0.0
                ],
                [
                    1.6941567659378052,
                    0.280897855758667,
                    0.07023818790912628,
                    1.0
                ]
            ],
            "location": [
                -0.280897855758667,
                0.07023818790912628,
                -1.6941567659378052
            ],
            "location_world": [
                1.6941567659378052,
                0.280897855758667,
                0.07023818790912628
            ],
            "name": "google_2_of_Jenga_Classic_Game_8",
            "projected_cuboid": [
                [
                    172.65689373016357,
                    173.639714717865
                ],
                [
                    171.90393805503845,
                    151.94028615951538
                ],
                [
                    135.6712281703949,
                    210.652694106102
                ],
                [
                    137.75570690631866,
                    232.89810121059418
                ],
                [
                    196.1331069469452,
                    178.6854863166809
                ],
                [
                    196.12309336662292,
                    157.02030062675476
                ],
                [
                    162.63115406036377,
                    216.74130856990814
                ],
                [
                    163.79830241203308,
                    238.9170378446579
                ],
                [
                    168.02656650543213,
                    193.5458779335022
                ]
            ],
            "provenance": "nvisii",
            "quaternion_xyzw": [
                0.07717029750347137,
                0.9182702302932739,
                0.37353450059890747,
                0.10628467798233032
            ],
            "quaternion_xyzw_world": [
                0.3640953600406647,
                0.18064039945602417,
                0.6313452124595642,
                0.660459578037262
            ],
            "segmentation_id": 9,
            "visibility": -1
        },
        {
            "bounding_box_minx_maxx_miny_maxy": [
                -1,
                -1,
                -1,
                -1
            ],
            "class": "2",
            "local_cuboid": null,
            "local_to_world_matrix": [
                [
                    0.3688002824783325,
                    -0.8137248158454895,
                    -0.449264258146286,
                    0.0
                ],
                [
                    0.5098184943199158,
                    -0.22706365585327148,
                    0.8297754526138306,
                    0.0
                ],
                [
                    -0.7772203683853149,
                    -0.535064697265625,
                    0.33111071586608887,
                    0.0
                ],
                [
                    1.6986515522003174,
                    -0.49674636125564575,
                    -0.557558000087738,
                    1.0
                ]
            ],
            "location": [
                0.49674636125564575,
                -0.557558000087738,
                -1.6986515522003174
            ],
            "location_world": [
                1.6986515522003174,
                -0.49674636125564575,
                -0.557558000087738
            ],
            "name": "google_2_of_Jenga_Classic_Game_9",
            "projected_cuboid": [
                [
                    528.3756256103516,
                    461.6531729698181
                ],
                [
                    528.1025171279907,
                    427.56158113479614
                ],
                [
                    437.3280107975006,
                    437.97430396080017
                ],
                [
                    435.25445461273193,
                    467.75567531585693
                ],
                [
                    507.02834129333496,
                    451.0418772697449
                ],
                [
                    507.3714256286621,
                    416.5884256362915
                ],
                [
                    417.807936668396,
                    428.63929271698
                ],
                [
                    415.19272327423096,
                    458.70015025138855
                ],
                [
                    468.8894748687744,
                    443.8915550708771
                ]
            ],
            "provenance": "nvisii",
            "quaternion_xyzw": [
                -0.22733727097511292,
                0.24435138702392578,
                -0.1828388273715973,
                0.9247595071792603
            ],
            "quaternion_xyzw_world": [
                0.5623062252998352,
                -0.13511602580547333,
                -0.5452921390533447,
                0.6068046689033508
            ],
            "segmentation_id": 10,
            "visibility": -1
        },
        {
            "bounding_box_minx_maxx_miny_maxy": [
                -1,
                -1,
                -1,
                -1
            ],
            "class": "2",
            "local_cuboid": null,
            "local_to_world_matrix": [
                [
                    0.9307145476341248,
                    0.3651789128780365,
                    -0.020366668701171875,
                    0.0
                ],
                [
                    -0.16106513142585754,
                    0.3592313528060913,
                    -0.9192447066307068,
                    0.0
                ],
                [
                    -0.32837244868278503,
                    0.8588348031044006,
                    0.3931594491004944,
                    0.0
                ],
                [
                    1.8193479776382446,
                    -0.6339625120162964,
                    -0.6866167187690735,
                    1.0
                ]
            ],
            "location": [
                0.6339625120162964,
                -0.6866167187690735,
                -1.8193479776382446
            ],
            "location_world": [
                1.8193479776382446,
                -0.6339625120162964,
                -0.6866167187690735
            ],
            "name": "google_2_of_Jenga_Classic_Game_10",
            "projected_cuboid": [
                [
                    381.1264634132385,
                    432.3160648345947
                ],
                [
                    371.70201539993286,
                    460.44930815696716
                ],
                [
                    447.2661018371582,
                    487.0153069496155
                ],
                [
                    455.6536078453064,
                    460.13665199279785
                ],
                [
                    397.0783054828644,
                    439.6476745605469
                ],
                [
                    387.37112283706665,
                    469.0698981285095
                ],
                [
                    465.21303057670593,
                    496.268630027771
                ],
                [
                    473.80828857421875,
                    468.21680665016174
                ],
                [
                    423.27532172203064,
                    464.3726050853729
                ]
            ],
            "provenance": "nvisii",
            "quaternion_xyzw": [
                -0.5535552501678467,
                0.1714363992214203,
                0.8082072734832764,
                0.10481985658407211
            ],
            "quaternion_xyzw_world": [
                -0.5427531003952026,
                -0.09401778131723404,
                0.16063432395458221,
                0.8190093636512756
            ],
            "segmentation_id": 11,
            "visibility": -1
        },
        {
            "bounding_box_minx_maxx_miny_maxy": [
                -1,
                -1,
                -1,
                -1
            ],
            "class": "2",
            "local_cuboid": null,
            "local_to_world_matrix": [
                [
                    -0.08556926250457764,
                    0.8251988291740417,
                    0.5583235621452332,
                    0.0
                ],
                [
                    0.598861038684845,
                    0.4904528856277466,
                    -0.6331048011779785,
                    0.0
                ],
                [
                    -0.7962686419487,
                    0.2801840007305145,
                    -0.5361471176147461,
                    0.0
                ],
                [
                    1.8443652391433716,
                    -0.7934971451759338,
                    0.61021888256073,
                    1.0
                ]
            ],
            "location": [
                0.7934971451759338,
                0.61021888256073,
                -1.8443652391433716
            ],
            "location_world": [
                1.8443652391433716,
                -0.7934971451759338,
                0.61021888256073
            ],
            "name": "google_2_of_Jenga_Classic_Game_11",
            "projected_cuboid": [
                [
                    516.8148279190063,
                    58.47163498401642
                ],
                [
                    493.25624108314514,
                    84.14997160434723
                ],
                [
                    489.4073009490967,
                    54.17217314243317
                ],
                [
                    509.84084606170654,
                    30.948340892791748
                ],
                [
                    540.3947830200195,
                    76.0054886341095
                ],
                [
                    516.2063837051392,
                    101.0376363992691
                ],
                [
                    509.52136516571045,
                    69.07078623771667
                ],
                [
                    530.4374098777771,
                    46.34636640548706
                ],
                [
                    512.8622055053711,
                    64.21571969985962
                ]
            ],
            "provenance": "nvisii",
            "quaternion_xyzw": [
                0.05393853783607483,
                0.31457334756851196,
                -0.9020217061042786,
                -0.2906739115715027
            ],
            "quaternion_xyzw_world": [
                0.48992982506752014,
                0.726665198802948,
                -0.12141793966293335,
                -0.46603038907051086
            ],
            "segmentation_id": 12,
            "visibility": -1
        },
        {
            "bounding_box_minx_maxx_miny_maxy": [
                -1,
                -1,
                -1,
                -1
            ],
            "class": "2",
            "local_cuboid": null,
            "local_to_world_matrix": [
                [
                    0.045921146869659424,
                    0.9140133261680603,
                    -0.403076708316803,
                    0.0
                ],
                [
                    -0.9969783425331116,
                    0.06724143028259277,
                    0.03889371454715729,
                    0.0
                ],
                [
                    0.06265279650688171,
                    0.40007269382476807,
                    0.9143393635749817,
                    0.0
                ],
                [
                    1.7434155941009521,
                    0.3901243209838867,
                    0.23450368642807007,
                    1.0
                ]
            ],
            "location": [
                -0.3901243209838867,
                0.23450368642807007,
                -1.7434155941009521
            ],
            "location_world": [
                1.7434155941009521,
                0.3901243209838867,
                0.23450368642807007
            ],
            "name": "google_2_of_Jenga_Classic_Game_12",
            "projected_cuboid": [
                [
                    69.44099068641663,
                    88.2030576467514
                ],
                [
                    58.62069129943848,
                    79.13947105407715
                ],
                [
                    97.97623753547668,
                    171.94783687591553
                ],
                [
                    107.0537120103836,
                    176.73301696777344
                ],
                [
                    93.22771430015564,
                    77.2278755903244
                ],
                [
                    83.55027437210083,
                    67.6073282957077
                ],
                [
                    123.25817346572876,
                    160.48932075500488
                ],
                [
                    131.1609148979187,
                    165.8250093460083
                ],
                [
                    95.5350250005722,
                    123.25210869312286
                ]
            ],
            "provenance": "nvisii",
            "quaternion_xyzw": [
                -0.1656394749879837,
                0.7098520398139954,
                0.6731394529342651,
                -0.124727264046669
            ],
            "quaternion_xyzw_world": [
                -0.12682704627513885,
                0.16353967785835266,
                0.6710396409034729,
                0.7119518518447876
            ],
            "segmentation_id": 13,
            "visibility": -1
        },
        {
            "bounding_box_minx_maxx_miny_maxy": [
                -1,
                -1,
                -1,
                -1
            ],
            "class": "2",
            "local_cuboid": null,
            "local_to_world_matrix": [
                [
                    -0.6504579782485962,
                    -0.756163477897644,
                    0.07156330347061157,
                    0.0
                ],
