{
    "camera_data": {
        "camera_look_at": {
            "at": [
                1.0,
                0.0,
                0.0
            ],
            "eye": [
                0.0,
                0.0,
                0.0
            ],
            "up": [
                0.0,
                0.0,
                1.0
            ]
        },
        "camera_view_matrix": [
            [
                0.0,
                0.0,
                -1.0,
                0.0
            ],
            [
                -1.0,
                0.0,
                0.0,
                0.0
            ],
            [
                0.0,
                1.0,
                0.0,
                0.0
            ],
            [
                0.0,
                0.0,
                0.0,
                1.0
            ]
        ],
        "height": 500,
        "intrinsics": {
            "cx": 250.0,
            "cy": 250.0,
            "fx": 603.5535278320312,
            "fy": 603.5535278320312
        },
        "location_world": [
            0.0,
            0.0,
            0.0
        ],
        "quaternion_world_xyzw": [
            0.5,
            -0.5,
            -0.5,
            0.5
        ],
        "width": 500
    },
    "objects": [
        {
            "bounding_box_minx_maxx_miny_maxy": [
                -1,
                -1,
                -1,
                -1
            ],
            "class": "2",
            "local_cuboid": null,
            "local_to_world_matrix": [
                [
                    0.30395829677581787,
                    -0.14731143414974213,
                    -0.941227376461029,
                    0.0
                ],
                [
                    0.5515419244766235,
                    0.8327778577804565,
                    0.04777607321739197,
                    0.0
                ],
                [
                    0.7767954468727112,
                    -0.5336482524871826,
                    0.33437812328338623,
                    0.0
                ],
                [
                    1.735506534576416,
                    -0.48379990458488464,
                    -0.17704887688159943,
                    1.0
                ]
            ],
            "location": [
                0.48379990458488464,
                -0.17704887688159943,
                -1.735506534576416
            ],
            "location_world": [
                1.735506534576416,
                -0.48379990458488464,
                -0.17704887688159943
            ],
            "name": "google_2_of_Jenga_Classic_Game_0",
            "projected_cuboid": [
                [
                    460.5606198310852,
                    286.65778040885925
                ],
                [
                    434.4066381454468,
                    284.5843434333801
                ],
                [
                    404.9059748649597,
                    322.30663299560547
                ],
                [
                    433.70503187179565,
                    325.67182183265686
                ],
                [
                    459.540992975235,
                    263.8593018054962
                ],
                [
                    433.0933392047882,
                    262.2986435890198
                ],
                [
                    403.01713347435,
                    297.64389991760254
                ],
                [
                    432.170569896698,
                    300.38097500801086
                ],
                [
                    433.37851762771606,
                    291.8473184108734
                ]
            ],
            "provenance": "nvisii",
            "quaternion_xyzw": [
                -0.6848961710929871,
                0.6475453972816467,
                -0.08384105563163757,
                0.3233776092529297
            ],
            "quaternion_xyzw_world": [
                0.18493396043777466,
                0.546452522277832,
                -0.2222847044467926,
                0.7859890460968018
            ],
            "segmentation_id": 1,
            "visibility": -1
        },
        {
            "bounding_box_minx_maxx_miny_maxy": [
                -1,
                -1,
                -1,
                -1
            ],
            "class": "2",
            "local_cuboid": null,
            "local_to_world_matrix": [
                [
                    -0.8191596269607544,
                    0.39287278056144714,
                    0.4178857207298279,
                    0.0
                ],
                [
                    -0.2699764668941498,
                    -0.906924843788147,
                    0.3234192132949829,
                    0.0
                ],
                [
                    0.5060535669326782,
                    0.1521126627922058,
                    0.8489826321601868,
                    0.0
                ],
                [
                    1.3393399715423584,
                    -0.5594658255577087,
                    0.4764183759689331,
                    1.0
                ]
            ],
            "location": [
                0.5594658255577087,
                0.4764183759689331,
                -1.3393399715423584
            ],
            "location_world": [
                1.3393399715423584,
                -0.5594658255577087,
                0.4764183759689331
            ],
            "name": "google_2_of_Jenga_Classic_Game_1",
            "projected_cuboid": [
                [
                    439.8520290851593,
                    -49.340009689331055
                ],
                [
                    474.86984729766846,
                    -65.48592448234558
                ],
                [
                    521.2221145629883,
                    14.040172100067139
                ],
                [
                    481.4768135547638,
                    30.621230602264404
                ],
                [
                    444.0569281578064,
                    -23.707807064056396
                ],
                [
                    477.6378273963928,
                    -38.77440094947815
                ],
                [
                    522.088885307312,
                    39.87644612789154
                ],
                [
                    484.1862916946411,
                    55.25694787502289
                ],
                [
                    479.4285297393799,
                    -6.404578685760498
                ]
            ],
            "provenance": "nvisii",
            "quaternion_xyzw": [
                0.44434264302253723,
                0.745376706123352,
                0.3752998411655426,
                -0.32576557993888855
            ],
            "quaternion_xyzw_world": [
                0.24432693421840668,
                0.125749871134758,
                0.945392370223999,
                0.17528416216373444
            ],
            "segmentation_id": 2,
            "visibility": -1
        },
        {
            "bounding_box_minx_maxx_miny_maxy": [
                -1,
                -1,
                -1,
                -1
            ],
            "class": "2",
            "local_cuboid": null,
            "local_to_world_matrix": [
                [
                    -0.9787802696228027,
                    -0.11981138586997986,
                    0.16623692214488983,
                    0.0
                ],
                [
                    -0.027719702571630478,
                    -0.7263816595077515,
                    -0.6867324709892273,
                    0.0
                ],
                [
                    0.2030297964811325,
                    -0.6767681241035461,
                    0.7076467275619507,
                    0.0
                ],
                [
                    0.6728842854499817,
                    0.11328413337469101,
                    -0.25638318061828613,
                    1.0
                ]
            ],
            "location": [
                -0.11328413337469101,
                -0.25638318061828613,
                -0.6728842854499817
            ],
            "location_world": [
                0.6728842854499817,
                0.11328413337469101,
                -0.25638318061828613
            ],
            "name": "google_2_of_Jenga_Classic_Game_2",
            "projected_cuboid": [
                [
                    300.7604479789734,
                    262.25748658180237
                ],
                [
                    354.39354181289673,
                    312.8422498703003
                ],
                [
                    175.72340369224548,
                    515.7754421234131
                ],
                [
                    117.743119597435,
                    459.7223997116089
                ],
                [
                    288.2940173149109,
                    271.28422260284424
                ],
                [
                    336.5086019039154,
                    316.8216347694397
                ],
                [
                    175.7664680480957,
                    498.0285167694092
                ],
                [
                    124.06773865222931,
                    448.10664653778076
                ],
                [
                    237.57101595401764,
                    381.4491033554077
                ]
            ],
            "provenance": "nvisii",
            "quaternion_xyzw": [
                0.7087971568107605,
                0.31483566761016846,
                0.5839288234710693,
                -0.23981721699237823
            ],
            "quaternion_xyzw_world": [
                0.09994342178106308,
                -0.3690365254878998,
                0.9236894249916077,
                -0.024924959987401962
            ],
            "segmentation_id": 3,
            "visibility": -1
        },
        {
            "bounding_box_minx_maxx_miny_maxy": [
                -1,
                -1,
                -1,
                -1
            ],
            "class": "2",
            "local_cuboid": null,
            "local_to_world_matrix": [
                [
                    -0.12523722648620605,
                    -0.9706783294677734,
                    0.2051810324192047,
                    0.0
                ],
                [
                    -0.315272718667984,
                    -0.15715265274047852,
                    -0.9358985424041748,
                    0.0
                ],
                [
                    0.9407012462615967,
                    -0.18189728260040283,
                    -0.28634703159332275,
                    0.0
                ],
                [
                    0.4420609772205353,
                    -0.29555609822273254,
                    -0.39568257331848145,
                    1.0
                ]
            ],
            "location": [
                0.29555609822273254,
                -0.39568257331848145,
                -0.4420609772205353
            ],
            "location_world": [
                0.4420609772205353,
                -0.29555609822273254,
                -0.39568257331848145
            ],
            "name": "google_2_of_Jenga_Classic_Game_3",
            "projected_cuboid": [
                [
                    566.5111541748047,
                    609.2674732208252
                ],
                [
                    590.0363922119141,
                    691.2313103675842
                ],
                [
                    734.8276376724243,
                    858.182430267334
                ],
                [
                    688.3947849273682,
                    716.353178024292
                ],
                [
                    499.3865489959717,
                    617.728590965271
                ],
                [
                    520.0616121292114,
                    698.8673210144043
                ],
                [
                    617.2215938568115,
                    866.8531775474548
                ],
                [
                    578.5864591598511,
                    727.5664806365967
                ],
                [
                    585.488498210907,
                    705.6636810302734
                ]
            ],
            "provenance": "nvisii",
            "quaternion_xyzw": [
                0.9807239770889282,
                0.09236383438110352,
                0.07829278707504272,
                0.15336114168167114
            ],
            "quaternion_xyzw_world": [
                0.5740780830383301,
                -0.5600070357322693,
                0.49900972843170166,
                -0.3283531069755554
            ],
            "segmentation_id": 4,
            "visibility": -1
        },
        {
            "bounding_box_minx_maxx_miny_maxy": [
                -1,
                -1,
                -1,
                -1
            ],
            "class": "2",
            "local_cuboid": null,
            "local_to_world_matrix": [
                [
                    0.5904873609542847,
                    0.7689245939254761,
                    0.24511151015758514,
                    0.0
                ],
                [
                    -0.3991098701953888,
                    0.5421967506408691,
                    -0.739414632320404,
                    0.0
                ],
                [
                    -0.7014527320861816,
                    0.33878856897354126,
                    0.627045750617981,
                    0.0
                ],
                [
                    1.7250545024871826,
                    -0.7919490337371826,
                    -0.6565176248550415,
                    1.0
                ]
            ],
            "location": [
                0.7919490337371826,
                -0.6565176248550415,
                -1.7250545024871826
            ],
            "location_world": [
                1.7250545024871826,
                -0.7919490337371826,
                -0.6565176248550415
            ],
            "name": "google_2_of_Jenga_Classic_Game_4",
            "projected_cuboid": [
                [
                    515.1962637901306,
                    417.2804653644562
                ],
                [
                    502.9503107070923,
                    445.65728306770325
                ],
                [
                    507.51256942749023,
                    486.3489270210266
                ],
                [
                    518.250048160553,
                    460.48909425735474
                ],
                [
                    547.5428700447083,
                    430.1379323005676
                ],
                [
                    535.647988319397,
                    459.7006142139435
                ],
                [
                    536.3602042198181,
                    499.80947375297546
                ],
                [
                    546.8230247497559,
                    472.98476099967957
                ],
                [
                    526.1845588684082,
                    460.1294994354248
                ]
            ],
            "provenance": "nvisii",
            "quaternion_xyzw": [
                -0.2593440115451813,
                0.2863813638687134,
                0.8957945704460144,
                0.2197234332561493
            ],
            "quaternion_xyzw_world": [
                -0.3245169222354889,
                -0.2848963141441345,
                0.351554274559021,
                0.8306217193603516
            ],
            "segmentation_id": 5,
            "visibility": -1
        },
        {
            "bounding_box_minx_maxx_miny_maxy": [
                -1,
                -1,
                -1,
                -1
            ],
            "class": "2",
            "local_cuboid": null,
            "local_to_world_matrix": [
                [
                    0.9054614901542664,
                    0.023657262325286865,
                    0.42376863956451416,
                    0.0
                ],
                [
                    0.3610239028930664,
                    -0.5679068565368652,
                    -0.7396916747093201,
                    0.0
                ],
                [
                    0.2231619954109192,
                    0.8227528929710388,
                    -0.5227586030960083,
                    0.0
                ],
                [
                    1.8841673135757446,
                    -0.510412871837616,
                    -0.42622843384742737,
                    1.0
                ]
            ],
            "location": [
                0.510412871837616,
                -0.42622843384742737,
                -1.8841673135757446
            ],
            "location_world": [
                1.8841673135757446,
                -0.510412871837616,
                -0.42622843384742737
            ],
            "name": "google_2_of_Jenga_Classic_Game_5",
            "projected_cuboid": [
                [
                    325.11770725250244,
                    412.6901626586914
                ],
                [
                    338.44196796417236,
                    429.0565252304077
                ],
                [
                    416.37805104255676,
                    387.462317943573
                ],
                [
                    403.8451910018921,
                    369.87006664276123
                ],
                [
                    328.5374641418457,
                    429.44008111953735
                ],
                [
                    342.3011302947998,
                    446.1478292942047
                ],
                [
                    423.3592748641968,
                    403.5571813583374
                ],
                [
                    410.4541540145874,
                    385.54710149765015
                ],
                [
                    372.8785514831543,
                    408.250093460083
                ]
            ],
            "provenance": "nvisii",
            "quaternion_xyzw": [
                0.6962751746177673,
                0.35606449842453003,
                -0.6205213069915771,
                0.05807135999202728
            ],
            "quaternion_xyzw_world": [
                0.8654661774635315,
                0.11111964285373688,
                0.18687346577644348,
                -0.4513303339481354
            ],
            "segmentation_id": 6,
            "visibility": -1
        },
        {
            "bounding_box_minx_maxx_miny_maxy": [
                -1,
                -1,
                -1,
                -1
            ],
            "class": "2",
            "local_cuboid": null,
            "local_to_world_matrix": [
                [
                    -0.36398088932037354,
                    -0.1387539505958557,
                    0.9210132360458374,
                    0.0
                ],
                [
                    -0.6222447752952576,
                    0.7720201015472412,
                    -0.12960103154182434,
                    0.0
                ],
                [
                    -0.6930581331253052,
                    -0.6202679872512817,
                    -0.36733949184417725,
                    0.0
                ],
                [
                    1.8979227542877197,
                    -0.6076435446739197,
                    0.09379357844591141,
                    1.0
                ]
            ],
            "location": [
                0.6076435446739197,
                0.09379357844591141,
                -1.8979227542877197
            ],
            "location_world": [
                1.8979227542877197,
                -0.6076435446739197,
                0.09379357844591141
            ],
            "name": "google_2_of_Jenga_Classic_Game_6",
            "projected_cuboid": [
                [
                    542.3041582107544,
                    240.00343680381775
                ],
                [
                    527.8098583221436,
                    243.67718398571014
                ],
                [
                    438.6538863182068,
                    209.4985395669937
                ],
                [
                    454.0644884109497,
                    207.15448260307312
                ],
                [
                    533.6645841598511,
                    265.42702317237854
                ],
                [
                    519.1478729248047,
                    269.8315382003784
                ],
                [
                    432.27899074554443,
                    233.36590826511383
                ],
                [
                    447.63416051864624,
                    230.4096817970276
                ],
                [
                    484.55721139907837,
                    236.5196943283081
                ]
            ],
            "provenance": "nvisii",
            "quaternion_xyzw": [
                0.3792416453361511,
                0.09821780025959015,
                0.6488268971443176,
                0.6523440480232239
            ],
            "quaternion_xyzw_world": [
                0.24048832058906555,
                -0.7910974025726318,
                0.23697113990783691,
                0.5100735425949097
            ],
            "segmentation_id": 7,
            "visibility": -1
        },
        {
            "bounding_box_minx_maxx_miny_maxy": [
                -1,
                -1,
                -1,
                -1
            ],
            "class": "2",
            "local_cuboid": null,
            "local_to_world_matrix": [
                [
                    -0.2716519832611084,
                    0.7848930954933167,
                    0.5569093823432922,
                    0.0
                ],
                [
                    0.21735912561416626,
                    -0.5136806964874268,
                    0.8299922347068787,
                    0.0
                ],
                [
                    0.9375287890434265,
                    0.346518337726593,
                    -0.031061291694641113,
                    0.0
                ],
                [
                    1.4308587312698364,
                    0.6030735969543457,
                    0.49769291281700134,
                    1.0
                ]
            ],
            "location": [
                -0.6030735969543457,
                0.49769291281700134,
                -1.4308587312698364
            ],
            "location_world": [
                1.4308587312698364,
                0.6030735969543457,
                0.49769291281700134
            ],
            "name": "google_2_of_Jenga_Classic_Game_7",
            "projected_cuboid": [
                [
                    -21.158933639526367,
                    79.6588659286499
                ],
                [
                    -2.866417169570923,
                    56.65913224220276
                ],
                [
                    -8.573651313781738,
                    15.78482985496521
                ],
                [
                    -30.490785837173462,
                    42.71683096885681
                ],
                [
                    4.1489750146865845,
                    97.3387211561203
                ],
                [
                    21.944880485534668,
                    74.43666458129883
                ],
                [
                    21.005496382713318,
                    37.52191364765167
                ],
                [
                    -0.2047717571258545,
                    64.32949006557465
                ],
                [
                    -1.650482416152954,
                    60.16312539577484
                ]
            ],
            "provenance": "nvisii",
            "quaternion_xyzw": [
                0.28400859236717224,
                0.9423924684524536,
                -0.06590151786804199,
                -0.16398963332176208
            ],
            "quaternion_xyzw_world": [
                0.5641564726829529,
                0.4441375136375427,
                0.6622445583343506,
                0.21424636244773865
            ],
            "segmentation_id": 8,
            "visibility": -1
        },
        {
            "bounding_box_minx_maxx_miny_maxy": [
                -1,
                -1,
                -1,
                -1
            ],
            "class": "2",
            "local_cuboid": null,
            "local_to_world_matrix": [
                [
                    0.30941033363342285,
                    0.7370267510414124,
                    -0.6008800864219666,
                    0.0
                ],
                [
                    -0.6964353919029236,
                    0.6058857440948486,
                    0.3845520317554474,
                    0.0
                ],
                [
                    0.6474897265434265,
                    0.2994897663593292,
                    0.7007588148117065,
                    0.0
                ],
                [
                    1.7372210025787354,
                    0.11440833657979965,
                    -0.09849077463150024,
                    1.0
                ]
            ],
            "location": [
                -0.11440833657979965,
                -0.09849077463150024,
                -1.7372210025787354
            ],
            "location_world": [
                1.7372210025787354,
                0.11440833657979965,
                -0.09849077463150024
            ],
            "name": "google_2_of_Jenga_Classic_Game_8",
            "projected_cuboid": [
                [
                    187.02301383018494,
                    229.67778146266937
                ],
                [
                    168.90984773635864,
                    218.78670156002045
                ],
                [
                    190.6898468732834,
                    287.1793210506439
                ],
                [
                    210.00881493091583,
                    296.96741700172424
                ],
                [
                    204.28740978240967,
                    214.70248699188232
                ],
                [
                    186.47834658622742,
                    203.20315659046173
                ],
                [
                    210.53144335746765,
                    270.8420753479004
                ],
                [
                    229.45411503314972,
                    281.313955783844
                ],
                [
                    197.90343940258026,
                    248.7298995256424
                ]
            ],
            "provenance": "nvisii",
            "quaternion_xyzw": [
                -0.36259862780570984,
                0.832025945186615,
                0.4198169410228729,
                0.002980858087539673
            ],
            "quaternion_xyzw_world": [
                0.026295620948076248,
                0.3859133720397949,
                0.443131685256958,
                0.8087111711502075
            ],
            "segmentation_id": 9,
            "visibility": -1
        },
        {
            "bounding_box_minx_maxx_miny_maxy": [
                -1,
                -1,
                -1,
                -1
            ],
            "class": "2",
            "local_cuboid": null,
            "local_to_world_matrix": [
                [
                    0.7859466075897217,
                    -0.6175416111946106,
                    0.03049948811531067,
                    0.0
                ],
                [
                    -0.4840983748435974,
                    -0.5839278697967529,
                    0.6516724824905396,
                    0.0
                ],
                [
                    -0.3846253454685211,
                    -0.5269445180892944,
                    -0.7578871250152588,
                    0.0
                ],
                [
                    1.5906521081924438,
                    -0.5329826474189758,
                    -0.18099763989448547,
                    1.0
                ]
            ],
            "location": [
                0.5329826474189758,
                -0.18099763989448547,
                -1.5906521081924438
            ],
            "location_world": [
                1.5906521081924438,
                -0.5329826474189758,
                -0.18099763989448547
            ],
            "name": "google_2_of_Jenga_Classic_Game_9",
            "projected_cuboid": [
                [
                    520.8861231803894,
                    419.1451668739319
                ],
                [
                    548.3106970787048,
                    401.4827013015747
                ],
                [
                    469.3622589111328,
                    307.4091672897339
                ],
                [
                    445.77932357788086,
                    326.2050151824951
                ],
                [
                    512.2963786125183,
                    427.27965116500854
                ],
                [
                    540.6665205955505,
                    409.0827405452728
                ],
                [
                    459.09595489501953,
                    310.6651306152344
                ],
                [
                    434.853196144104,
                    330.1142156124115
                ],
                [
                    489.89570140838623,
                    364.73777890205383
                ]
            ],
            "provenance": "nvisii",
            "quaternion_xyzw": [
                0.3811967372894287,
                0.40295952558517456,
                -0.16986116766929626,
                0.8145304322242737
            ],
            "quaternion_xyzw_world": [
                0.8842739462852478,
                -0.311453253030777,
                -0.10011769086122513,
                0.33321601152420044
            ],
            "segmentation_id": 10,
            "visibility": -1
        },
        {
            "bounding_box_minx_maxx_miny_maxy": [
                -1,
                -1,
                -1,
                -1
            ],
            "class": "2",
            "local_cuboid": null,
            "local_to_world_matrix": [
                [
                    -0.5467417240142822,
                    -0.23288452625274658,
                    -0.8042630553245544,
                    0.0
                ],
                [
                    -0.47996723651885986,
                    -0.6998915672302246,
                    0.5289462208747864,
                    0.0
                ],
                [
                    -0.6860799193382263,
                    0.6752166152000427,
                    0.27088236808776855,
                    0.0
                ],
                [
                    1.7375452518463135,
                    -0.6737726330757141,
                    -0.7386292815208435,
                    1.0
                ]
            ],
            "location": [
                0.6737726330757141,
                -0.7386292815208435,
                -1.7375452518463135
            ],
            "location_world": [
                1.7375452518463135,
                -0.6737726330757141,
                -0.7386292815208435
            ],
            "name": "google_2_of_Jenga_Classic_Game_10",
            "projected_cuboid": [
                [
                    429.25506830215454,
                    530.4099321365356
                ],
                [
                    457.9664468765259,
                    519.9826955795288
                ],
                [
                    503.5874843597412,
                    516.2383317947388
                ],
                [
                    477.1251082420349,
                    525.5494117736816
                ],
                [
                    417.3363447189331,
                    498.49897623062134
                ],
                [
                    444.9288249015808,
                    487.5234365463257
                ],
                [
                    490.9208416938782,
                    487.612783908844
                ],
                [
                    465.3884172439575,
                    497.3502457141876
                ],
                [
                    461.9992971420288,
                    507.6848864555359
                ]
            ],
            "provenance": "nvisii",
            "quaternion_xyzw": [
                -0.06681811809539795,
                0.39050671458244324,
                0.48068946599960327,
                -0.7822901010513306
            ],
            "quaternion_xyzw_world": [
                -0.4696454703807831,
                0.37946271896362305,
                0.7933340668678284,
                0.07786212116479874
            ],
            "segmentation_id": 11,
            "visibility": -1
        },
        {
            "bounding_box_minx_maxx_miny_maxy": [
                -1,
                -1,
                -1,
                -1
            ],
            "class": "2",
            "local_cuboid": null,
            "local_to_world_matrix": [
                [
                    0.8822982907295227,
                    -0.38350895047187805,
                    0.2728930115699768,
                    0.0
                ],
                [
                    0.3674562871456146,
                    0.9235310554504395,
                    0.10984659194946289,
                    0.0
                ],
                [
                    -0.29415231943130493,
                    0.0033587925136089325,
                    0.9557526707649231,
                    0.0
                ],
                [
                    1.907065510749817,
                    -0.8126323819160461,
                    0.49766770005226135,
                    1.0
                ]
            ],
            "location": [
                0.8126323819160461,
                0.49766770005226135,
                -1.907065510749817
            ],
            "location_world": [
                1.907065510749817,
                -0.8126323819160461,
                0.49766770005226135
            ],
            "name": "google_2_of_Jenga_Classic_Game_11",
            "projected_cuboid": [
                [
                    533.9334607124329,
                    -6.76921010017395
                ],
                [
                    504.07642126083374,
                    -5.503475666046143
                ],
                [
                    493.22575330734253,
                    91.79610013961792
                ],
                [
                    521.5763449668884,
                    92.15402603149414
                ],
                [
                    534.7819328308105,
                    -9.524166584014893
                ],
                [
                    503.75688076019287,
                    -8.162081241607666
                ],
                [
                    492.5207495689392,
                    92.84594655036926
                ],
                [
                    521.9223499298096,
                    93.2348370552063
                ],
                [
                    512.9641890525818,
                    43.670907616615295
                ]
            ],
            "provenance": "nvisii",
            "quaternion_xyzw": [
                -0.4948509931564331,
                0.32870399951934814,
                0.44743627309799194,
                0.6684885621070862
            ],
            "quaternion_xyzw_world": [
                0.02745267190039158,
                -0.14618490636348724,
                -0.1935996562242508,
                0.9697399139404297
            ],
            "segmentation_id": 12,
            "visibility": -1
        },
        {
            "bounding_box_minx_maxx_miny_maxy": [
                -1,
                -1,
                -1,
                -1
            ],
            "class": "2",
            "local_cuboid": null,
            "local_to_world_matrix": [
                [
                    -0.047731876373291016,
                    -0.5924824476242065,
                    0.8041681051254272,
                    0.0
                ],
                [
                    -0.0026221871376037598,
                    -0.8050086498260498,
                    -0.5932574272155762,
                    0.0
                ],
                [
                    0.998856782913208,
                    -0.030425935983657837,
                    0.03687095642089844,
                    0.0
                ],
                [
                    1.5176697969436646,
                    0.021638216450810432,
                    0.3258919417858124,
                    1.0
                ]
            ],
            "location": [
                -0.021638216450810432,
                0.3258919417858124,
                -1.5176697969436646
            ],
            "location_world": [
                1.5176697969436646,
                0.021638216450810432,
                0.3258919417858124
            ],
            "name": "google_2_of_Jenga_Classic_Game_12",
            "projected_cuboid": [
                [
                    242.1850860118866,
                    118.63873898983002
                ],
                [
                    264.88223671913147,
                    135.35016775131226
                ],
                [
                    264.20798897743225,
                    117.56907403469086
                ],
                [
                    237.14245855808258,
                    97.64379262924194
                ],
                [
                    226.62822902202606,
                    140.04895091056824
                ],
                [
                    249.2762804031372,
                    156.72826766967773
                ],
                [
                    245.60706317424774,
                    143.09623837471008
                ],
                [
                    218.61129999160767,
                    123.21661412715912
                ],
                [
                    243.74786019325256,
                    129.80814278125763
                ]
            ],
            "provenance": "nvisii",
            "quaternion_xyzw": [
                0.8922719359397888,
                0.4508650004863739,
                0.021898537874221802,
                -0.00959596037864685
            ],
            "quaternion_xyzw_world": [
                0.6558212041854858,
                -0.22685475647449493,
                0.6873157024383545,
                -0.2145521640777588
            ],
            "segmentation_id": 13,
            "visibility": -1
        },
        {
            "bounding_box_minx_maxx_miny_maxy": [
                -1,
                -1,
                -1,
                -1
            ],
            "class": "2",
            "local_cuboid": null,
            "local_to_world_matrix": [
                [
                    -0.43593263626098633,
                    0.5053672194480896,
                    0.744692325592041,
