{
    "camera_data": {
        "camera_look_at": {
            "at": [
                1.0,
                0.0,
                0.0
            ],
            "eye": [
                0.0,
                0.0,
                0.0
            ],
            "up": [
                0.0,
                0.0,
                1.0
            ]
        },
        "camera_view_matrix": [
            [
                0.0,
                0.0,
                -1.0,
                0.0
            ],
            [
                -1.0,
                0.0,
                0.0,
                0.0
            ],
            [
                0.0,
                1.0,
                0.0,
                0.0
            ],
            [
                0.0,
                0.0,
                0.0,
                1.0
            ]
        ],
        "height": 500,
        "intrinsics": {
            "cx": 250.0,
            "cy": 250.0,
            "fx": 603.5535278320312,
            "fy": 603.5535278320312
        },
        "location_world": [
            0.0,
            0.0,
            0.0
        ],
        "quaternion_world_xyzw": [
            0.5,
            -0.5,
            -0.5,
            0.5
        ],
        "width": 500
    },
    "objects": [
        {
            "bounding_box_minx_maxx_miny_maxy": [
                -1,
                -1,
                -1,
                -1
            ],
            "class": "2",
            "local_cuboid": null,
            "local_to_world_matrix": [
                [
                    -0.3207821846008301,
                    -0.903835117816925,
                    -0.2831621766090393,
                    0.0
                ],
                [
                    -0.9241706728935242,
                    0.23322516679763794,
                    0.30251380801200867,
                    0.0
                ],
                [
                    -0.20738205313682556,
                    0.3587312400341034,
                    -0.9101123809814453,
                    0.0
                ],
                [
                    1.1583894491195679,
                    0.09106777608394623,
                    -0.39030134677886963,
                    1.0
                ]
            ],
            "location": [
                -0.09106777608394623,
                -0.39030134677886963,
                -1.1583894491195679
            ],
            "location_world": [
                1.1583894491195679,
                0.09106777608394623,
                -0.39030134677886963
            ],
            "name": "google_2_of_Jenga_Classic_Game_0",
            "projected_cuboid": [
                [
                    169.2734658718109,
                    615.1179075241089
                ],
                [
                    151.8908441066742,
                    627.6158094406128
                ],
                [
                    214.40348029136658,
                    461.9746506214142
                ],
                [
                    226.7800122499466,
                    461.02553606033325
                ],
                [
                    133.6141675710678,
                    595.3516960144043
                ],
                [
                    114.04506862163544,
                    606.1149835586548
                ],
                [
                    177.18543112277985,
                    445.32692432403564
                ],
                [
                    191.7032152414322,
                    445.47125697135925
                ],
                [
                    173.24316501617432,
                    529.9272537231445
                ]
            ],
            "provenance": "nvisii",
            "quaternion_xyzw": [
                -0.5903260111808777,
                0.21868735551834106,
                0.016071200370788574,
                -0.7768093347549438
            ],
            "quaternion_xyzw_world": [
                -0.5822595953941345,
                0.784875750541687,
                0.2106209248304367,
                0.024137619882822037
            ],
            "segmentation_id": 1,
            "visibility": -1
        },
        {
            "bounding_box_minx_maxx_miny_maxy": [
                -1,
                -1,
                -1,
                -1
            ],
            "class": "2",
            "local_cuboid": null,
            "local_to_world_matrix": [
                [
                    0.9352375268936157,
                    -0.0875236839056015,
                    0.34303128719329834,
                    0.0
                ],
                [
                    -0.349664568901062,
                    -0.07683038711547852,
                    0.9337195158004761,
                    0.0
                ],
                [
                    -0.05536739528179169,
                    -0.9931954145431519,
                    -0.10245859622955322,
                    0.0
                ],
                [
                    0.9416555166244507,
                    0.24449793994426727,
                    -0.429723858833313,
                    1.0
                ]
            ],
            "location": [
                -0.24449793994426727,
                -0.429723858833313,
                -0.9416555166244507
            ],
            "location_world": [
                0.9416555166244507,
                0.24449793994426727,
                -0.429723858833313
            ],
            "name": "google_2_of_Jenga_Classic_Game_1",
            "projected_cuboid": [
                [
                    278.3014178276062,
                    549.9335527420044
                ],
                [
                    283.3152115345001,
                    509.0625286102295
                ],
                [
                    101.07770562171936,
                    485.9733581542969
                ],
                [
                    101.56242549419403,
                    526.8652439117432
                ],
                [
                    275.9997844696045,
                    592.5097465515137
                ],
                [
                    281.35910630226135,
                    549.6264696121216
                ],
                [
                    84.05019342899323,
                    523.8862037658691
                ],
                [
                    85.1205438375473,
                    566.8416619300842
                ],
                [
                    185.70823967456818,
                    537.5175476074219
                ]
            ],
            "provenance": "nvisii",
            "quaternion_xyzw": [
                0.15687328577041626,
                0.6691092252731323,
                0.09236389398574829,
                0.7205225229263306
            ],
            "quaternion_xyzw_world": [
                0.7270705699920654,
                -0.1503252387046814,
                0.09891194850206375,
                0.6625611782073975
            ],
            "segmentation_id": 2,
            "visibility": -1
        },
        {
            "bounding_box_minx_maxx_miny_maxy": [
                -1,
                -1,
                -1,
                -1
            ],
            "class": "2",
            "local_cuboid": null,
            "local_to_world_matrix": [
                [
                    -0.02418994903564453,
                    -0.8737548589706421,
                    -0.48576462268829346,
                    0.0
                ],
                [
                    -0.6185986995697021,
                    0.3947935700416565,
                    -0.6793184876441956,
                    0.0
                ],
                [
                    0.785334587097168,
                    0.28406065702438354,
                    -0.5500537157058716,
                    0.0
                ],
                [
                    1.4847158193588257,
                    0.6971785426139832,
                    -0.38651543855667114,
                    1.0
                ]
            ],
            "location": [
                -0.6971785426139832,
                -0.38651543855667114,
                -1.4847158193588257
            ],
            "location_world": [
                1.4847158193588257,
                0.6971785426139832,
                -0.38651543855667114
            ],
            "name": "google_2_of_Jenga_Classic_Game_2",
            "projected_cuboid": [
                [
                    -2.979189157485962,
                    436.56468391418457
                ],
                [
                    -22.73765206336975,
                    462.8618061542511
                ],
                [
                    -31.303107738494873,
                    429.83412742614746
                ],
                [
                    -8.24648141860962,
                    400.68432688713074
                ],
                [
                    -26.59440040588379,
                    423.07716608047485
                ],
                [
                    -47.06084728240967,
                    448.92749190330505
                ],
                [
                    -59.43793058395386,
                    413.7529730796814
                ],
                [
                    -35.438328981399536,
                    385.1955533027649
                ],
                [
                    -28.74007821083069,
                    426.1561930179596
                ]
            ],
            "provenance": "nvisii",
            "quaternion_xyzw": [
                -0.9135655164718628,
                0.24096740782260895,
                0.07111440598964691,
                -0.3198053240776062
            ],
            "quaternion_xyzw_world": [
                -0.5317589044570923,
                0.7016119360923767,
                -0.14083918929100037,
                0.4529210329055786
            ],
            "segmentation_id": 3,
            "visibility": -1
        },
        {
            "bounding_box_minx_maxx_miny_maxy": [
                -1,
                -1,
                -1,
                -1
            ],
            "class": "2",
            "local_cuboid": null,
            "local_to_world_matrix": [
                [
                    -0.831062912940979,
                    0.5205905437469482,
                    0.19575458765029907,
                    0.0
                ],
                [
                    0.01924458146095276,
                    0.37866896390914917,
                    -0.9253320693969727,
                    0.0
                ],
                [
                    -0.555845320224762,
                    -0.7652419805526733,
                    -0.3247162103652954,
                    0.0
                ],
                [
                    1.628804087638855,
                    0.2644331157207489,
                    -0.12690290808677673,
                    1.0
                ]
            ],
            "location": [
                -0.2644331157207489,
                -0.12690290808677673,
                -1.628804087638855
            ],
            "location_world": [
                1.628804087638855,
                0.2644331157207489,
                -0.12690290808677673
            ],
            "name": "google_2_of_Jenga_Classic_Game_3",
            "projected_cuboid": [
                [
                    230.8638095855713,
                    323.6876428127289
                ],
                [
                    217.43260324001312,
                    356.4782738685608
                ],
                [
                    136.25910878181458,
                    309.80241298675537
                ],
                [
                    148.2406109571457,
                    280.30163049697876
                ],
                [
                    248.2428401708603,
                    326.68372988700867
                ],
                [
                    235.37981510162354,
                    358.0380082130432
                ],
                [
                    155.6546986103058,
                    313.0505383014679
                ],
                [
                    167.18220710754395,
                    284.71750020980835
                ],
                [
                    190.47048687934875,
                    317.97465682029724
                ]
            ],
            "provenance": "nvisii",
            "quaternion_xyzw": [
                -0.4606778025627136,
                0.09926369786262512,
                -0.8662804961204529,
                -0.165772944688797
            ],
            "quaternion_xyzw_world": [
                0.16954673826694489,
                0.7959975004196167,
                -0.5309608578681946,
                -0.23605598509311676
            ],
            "segmentation_id": 4,
            "visibility": -1
        },
        {
            "bounding_box_minx_maxx_miny_maxy": [
                -1,
                -1,
                -1,
                -1
            ],
            "class": "2",
            "local_cuboid": null,
            "local_to_world_matrix": [
                [
                    -0.34275662899017334,
                    0.9068020582199097,
                    -0.24541398882865906,
                    0.0
                ],
                [
                    0.8753098249435425,
                    0.4031286835670471,
                    0.2670579254627228,
                    0.0
                ],
                [
                    0.34110209345817566,
                    -0.12327743321657181,
                    -0.9319078922271729,
                    0.0
                ],
                [
                    0.9016561508178711,
                    -0.023319289088249207,
                    0.06613636761903763,
                    1.0
                ]
            ],
            "location": [
                0.023319289088249207,
                0.06613636761903763,
                -0.9016561508178711
            ],
            "location_world": [
                0.9016561508178711,
                -0.023319289088249207,
                0.06613636761903763
            ],
            "name": "google_2_of_Jenga_Classic_Game_4",
            "projected_cuboid": [
                [
                    275.7799029350281,
                    394.11765336990356
                ],
                [
                    253.87117266654968,
                    370.44090032577515
                ],
                [
                    230.79434037208557,
                    205.81313967704773
                ],
                [
                    253.26380133628845,
                    217.966228723526
                ],
                [
                    319.2208707332611,
                    378.18288803100586
                ],
                [
                    294.82266306877136,
                    356.234610080719
                ],
                [
                    276.6866087913513,
                    194.79548931121826
                ],
                [
                    302.3265600204468,
                    205.64711093902588
                ],
                [
                    276.2335538864136,
                    294.3877875804901
                ]
            ],
            "provenance": "nvisii",
            "quaternion_xyzw": [
                -0.2044762521982193,
                0.7929316163063049,
                -0.5697898864746094,
                -0.06919865310192108
            ],
            "quaternion_xyzw_world": [
                0.544523298740387,
                0.8181982040405273,
                0.04393204674124718,
                0.1792096644639969
            ],
            "segmentation_id": 5,
            "visibility": -1
        },
        {
            "bounding_box_minx_maxx_miny_maxy": [
                -1,
                -1,
                -1,
                -1
            ],
            "class": "2",
            "local_cuboid": null,
            "local_to_world_matrix": [
                [
                    0.9113715887069702,
                    -0.32906195521354675,
                    0.2472248673439026,
                    0.0
                ],
                [
                    -0.4056197702884674,
                    -0.8199743032455444,
                    0.40387579798698425,
                    0.0
                ],
                [
                    0.06981778889894485,
                    -0.46836021542549133,
                    -0.8807752132415771,
                    0.0
                ],
                [
                    0.9953300356864929,
                    -0.4347817003726959,
                    -0.3826356828212738,
                    1.0
                ]
            ],
            "location": [
                0.4347817003726959,
                -0.3826356828212738,
                -0.9953300356864929
            ],
            "location_world": [
                0.9953300356864929,
                -0.4347817003726959,
                -0.3826356828212738
            ],
            "name": "google_2_of_Jenga_Classic_Game_5",
            "projected_cuboid": [
                [
                    560.5416893959045,
                    615.4937744140625
                ],
                [
                    611.2154722213745,
                    607.6984405517578
                ],
                [
                    537.0607376098633,
                    461.779922246933
                ],
                [
                    487.8237247467041,
                    474.4938910007477
                ],
                [
                    567.221462726593,
                    653.6605358123779
                ],
                [
                    621.9174861907959,
                    646.6408967971802
                ],
                [
                    542.3362255096436,
                    490.4314875602722
                ],
                [
                    489.2891049385071,
                    503.07655334472656
                ],
                [
                    552.0117282867432,
                    556.8971633911133
                ]
            ],
            "provenance": "nvisii",
            "quaternion_xyzw": [
                0.4987494647502899,
                0.5349373817443848,
                -0.2220611870288849,
                0.644810140132904
            ],
            "quaternion_xyzw_world": [
                0.9502790570259094,
                -0.19328051805496216,
                0.08340777456760406,
                0.22946839034557343
            ],
            "segmentation_id": 6,
            "visibility": -1
        },
        {
            "bounding_box_minx_maxx_miny_maxy": [
                -1,
                -1,
                -1,
                -1
            ],
            "class": "2",
            "local_cuboid": null,
            "local_to_world_matrix": [
                [
                    0.5547085404396057,
                    -0.8312541246414185,
                    0.036262623965740204,
                    0.0
                ],
                [
                    0.800220251083374,
                    0.5210465788841248,
                    -0.29691410064697266,
                    0.0
                ],
                [
                    0.22791653871536255,
                    0.19371888041496277,
                    0.954215407371521,
                    0.0
                ],
                [
                    0.6024256348609924,
                    -0.3665080666542053,
                    -0.6137000322341919,
                    1.0
                ]
            ],
            "location": [
                0.3665080666542053,
                -0.6137000322341919,
                -0.6024256348609924
            ],
            "location_world": [
                0.6024256348609924,
                -0.3665080666542053,
                -0.6137000322341919
            ],
            "name": "google_2_of_Jenga_Classic_Game_6",
            "projected_cuboid": [
                [
                    585.0110054016113,
                    544.8598265647888
                ],
                [
                    517.127275466919,
                    538.2469892501831
                ],
                [
                    596.0506200790405,
                    823.0491280555725
                ],
                [
                    680.6190013885498,
                    862.99729347229
                ],
                [
                    544.3811416625977,
                    568.7134861946106
                ],
                [
                    476.16660594940186,
                    559.3085289001465
                ],
                [
                    556.2729835510254,
                    866.6809797286987
                ],
                [
                    642.6941156387329,
                    915.2189493179321
                ],
                [
                    571.1253881454468,
                    700.3578543663025
                ]
            ],
            "provenance": "nvisii",
            "quaternion_xyzw": [
                -0.7674771547317505,
                0.15791480243206024,
                0.24379467964172363,
                0.5714944005012512
            ],
            "quaternion_xyzw_world": [
                -0.14093132317066193,
                0.055051419883966446,
                -0.4686310589313507,
                0.8703405261039734
            ],
            "segmentation_id": 7,
            "visibility": -1
        },
        {
            "bounding_box_minx_maxx_miny_maxy": [
                -1,
                -1,
                -1,
                -1
            ],
            "class": "2",
            "local_cuboid": null,
            "local_to_world_matrix": [
                [
                    0.3229578733444214,
                    0.9303584694862366,
                    -0.17358362674713135,
                    0.0
                ],
                [
                    0.9146086573600769,
                    -0.25966155529022217,
                    0.30994653701782227,
                    0.0
                ],
                [
                    0.24328839778900146,
                    -0.2588607668876648,
                    -0.9347736835479736,
                    0.0
                ],
                [
                    0.47592851519584656,
                    0.48080700635910034,
                    0.5644550323486328,
                    1.0
                ]
            ],
            "location": [
                -0.48080700635910034,
                0.5644550323486328,
                -0.47592851519584656
            ],
            "location_world": [
                0.47592851519584656,
                0.48080700635910034,
                0.5644550323486328
            ],
            "name": "google_2_of_Jenga_Classic_Game_7",
            "projected_cuboid": [
                [
                    -274.51562881469727,
                    -64.43414092063904
                ],
                [
                    -184.69539284706116,
                    -50.2486526966095
                ],
                [
                    -329.8414945602417,
                    -403.2808542251587
                ],
                [
                    -458.75418186187744,
                    -480.2905321121216
                ],
                [
                    -212.09979057312012,
                    -97.27415442466736
                ],
                [
                    -126.69947743415833,
                    -78.03040742874146
                ],
                [
                    -271.0014581680298,
                    -452.92240381240845
                ],
                [
                    -396.94684743881226,
                    -543.5836315155029
                ],
                [
                    -272.7917432785034,
                    -255.0104856491089
                ]
            ],
            "provenance": "nvisii",
            "quaternion_xyzw": [
                0.02731001377105713,
                0.7879710793495178,
                -0.586754560470581,
                0.18459390103816986
            ],
            "quaternion_xyzw_world": [
                0.7933147549629211,
                0.581410825252533,
                0.021966304630041122,
                0.17925019562244415
            ],
            "segmentation_id": 8,
            "visibility": -1
        },
        {
            "bounding_box_minx_maxx_miny_maxy": [
                -1,
                -1,
                -1,
                -1
            ],
            "class": "2",
            "local_cuboid": null,
            "local_to_world_matrix": [
                [
                    0.4455041289329529,
                    -0.41182997822761536,
                    -0.7949352860450745,
                    0.0
                ],
                [
                    0.8882702589035034,
                    0.09243494272232056,
                    0.449924111366272,
                    0.0
                ],
                [
                    -0.11181247234344482,
                    -0.9065604209899902,
                    0.406996488571167,
                    0.0
                ],
                [
                    1.6352397203445435,
                    0.5365073680877686,
                    0.3445603847503662,
                    1.0
                ]
            ],
            "location": [
                -0.5365073680877686,
                0.3445603847503662,
                -1.6352397203445435
            ],
            "location_world": [
                1.6352397203445435,
                0.5365073680877686,
                0.3445603847503662
            ],
            "name": "google_2_of_Jenga_Classic_Game_8",
            "projected_cuboid": [
                [
                    154.063880443573,
                    92.460036277771
                ],
                [
                    155.56290745735168,
                    85.7556015253067
                ],
                [
                    62.83287703990936,
                    131.37918710708618
                ],
                [
                    57.05830454826355,
                    140.06653428077698
                ],
                [
                    139.21388983726501,
                    64.42354619503021
                ],
                [
                    141.43189787864685,
                    58.87000262737274
                ],
                [
                    47.01164364814758,
                    105.99283874034882
                ],
                [
                    40.35767912864685,
                    113.66838216781616
                ],
                [
                    99.33893382549286,
                    99.37800467014313
                ]
            ],
            "provenance": "nvisii",
            "quaternion_xyzw": [
                -0.46100252866744995,
                0.4812176525592804,
                -0.25002914667129517,
                0.7024184465408325
            ],
            "quaternion_xyzw_world": [
                0.48633134365081787,
                0.2449154555797577,
                -0.4661162495613098,
                0.6973047256469727
            ],
            "segmentation_id": 9,
            "visibility": -1
        },
        {
            "bounding_box_minx_maxx_miny_maxy": [
                -1,
                -1,
                -1,
                -1
            ],
            "class": "2",
            "local_cuboid": null,
            "local_to_world_matrix": [
                [
                    0.3261836767196655,
                    -0.6946725249290466,
                    -0.6411197185516357,
                    0.0
                ],
                [
                    0.2907859683036804,
                    -0.5715944766998291,
                    0.7672833800315857,
                    0.0
                ],
                [
                    -0.8994709253311157,
                    -0.43670397996902466,
                    0.015556037425994873,
                    0.0
                ],
                [
                    1.501067876815796,
                    -0.18659131228923798,
                    -0.1316988468170166,
                    1.0
                ]
            ],
            "location": [
                0.18659131228923798,
                -0.1316988468170166,
                -1.501067876815796
            ],
            "location_world": [
                1.501067876815796,
                -0.18659131228923798,
                -0.1316988468170166
            ],
            "name": "google_2_of_Jenga_Classic_Game_9",
            "projected_cuboid": [
                [
                    404.62106466293335,
                    340.0525748729706
                ],
                [
                    424.67206716537476,
                    307.3534369468689
                ],
                [
                    344.15680170059204,
                    299.2769777774811
                ],
                [
                    326.29746198654175,
                    326.12287998199463
                ],
                [
                    380.6372880935669,
                    316.8010711669922
                ],
                [
                    401.58092975616455,
                    283.88339281082153
                ],
                [
                    323.72820377349854,
                    279.7780930995941
                ],
                [
                    305.2176833152771,
                    306.76767230033875
                ],
                [
                    360.3127896785736,
                    307.0378303527832
                ]
            ],
            "provenance": "nvisii",
            "quaternion_xyzw": [
                -0.08354394137859344,
                0.20805051922798157,
                -0.33072465658187866,
                0.9167097806930542
            ],
            "quaternion_xyzw_world": [
                0.6859704852104187,
                -0.14719530940055847,
                -0.5614638924598694,
                0.4387897849082947
            ],
            "segmentation_id": 10,
            "visibility": -1
        },
        {
            "bounding_box_minx_maxx_miny_maxy": [
                -1,
                -1,
                -1,
                -1
            ],
            "class": "2",
            "local_cuboid": null,
            "local_to_world_matrix": [
                [
                    0.6740943193435669,
                    -0.5516579747200012,
                    0.4911927878856659,
                    0.0
                ],
                [
                    0.7383760809898376,
                    0.4853111505508423,
                    -0.46826693415641785,
                    0.0
                ],
                [
                    0.01994183659553528,
                    0.6783410906791687,
                    0.7344765067100525,
                    0.0
                ],
                [
                    1.1172165870666504,
                    -0.4275578558444977,
                    -0.6984953880310059,
                    1.0
                ]
            ],
            "location": [
                0.4275578558444977,
                -0.6984953880310059,
                -1.1172165870666504
            ],
            "location_world": [
                1.1172165870666504,
                -0.4275578558444977,
                -0.6984953880310059
            ],
            "name": "google_2_of_Jenga_Classic_Game_10",
            "projected_cuboid": [
                [
                    396.6054916381836,
                    490.0383949279785
                ],
                [
                    367.9179549217224,
                    497.5745677947998
                ],
                [
                    470.2857732772827,
                    609.0081930160522
                ],
                [
                    504.85992431640625,
                    607.6769828796387
                ],
                [
                    379.2669177055359,
                    523.9757299423218
                ],
                [
                    350.18521547317505,
                    529.9909114837646
                ],
                [
                    457.3137164115906,
                    646.8753814697266
                ],
                [
                    492.8598403930664,
                    647.7057933807373
                ],
                [
                    427.004873752594,
                    568.5738921165466
                ]
            ],
            "provenance": "nvisii",
            "quaternion_xyzw": [
                -0.7141194939613342,
                -0.002059057354927063,
                0.4734625220298767,
                0.5156183838844299
            ],
            "quaternion_xyzw_world": [
                -0.3370113670825958,
                -0.13851022720336914,
                -0.37916719913482666,
                0.8505706787109375
            ],
            "segmentation_id": 11,
            "visibility": -1
        },
        {
            "bounding_box_minx_maxx_miny_maxy": [
                -1,
                -1,
                -1,
                -1
            ],
            "class": "2",
            "local_cuboid": null,
            "local_to_world_matrix": [
                [
                    -0.5247437953948975,
                    -0.5821230411529541,
                    -0.6211092472076416,
                    0.0
                ],
                [
                    0.8318164348602295,
                    -0.1955881118774414,
                    -0.5194483399391174,
                    0.0
                ],
                [
                    0.18090122938156128,
                    -0.789226233959198,
                    0.5868532061576843,
                    0.0
                ],
                [
                    1.053486943244934,
                    -0.4459300935268402,
                    0.36959242820739746,
                    1.0
                ]
            ],
            "location": [
                0.4459300935268402,
                0.36959242820739746,
                -1.053486943244934
            ],
            "location_world": [
                1.053486943244934,
                -0.4459300935268402,
                0.36959242820739746
            ],
            "name": "google_2_of_Jenga_Classic_Game_11",
            "projected_cuboid": [
                [
                    647.0941305160522,
                    -59.37567353248596
                ],
                [
                    631.1019062995911,
                    -16.366124153137207
                ],
                [
                    519.6670293807983,
                    67.33652949333191
                ],
                [
                    528.6610126495361,
                    27.94182300567627
                ],
                [
                    606.6557168960571,
                    -74.73057508468628
                ],
                [
                    593.6771631240845,
                    -32.32496976852417
                ],
                [
                    484.61800813674927,
                    47.49394953250885
                ],
                [
                    490.8845126628876,
                    8.327364921569824
                ],
                [
                    563.6446475982666,
                    -4.486292600631714
                ]
            ],
            "provenance": "nvisii",
            "quaternion_xyzw": [
                0.7553926706314087,
                -0.14082777500152588,
                0.43486323952674866,
                -0.4695139527320862
            ],
            "quaternion_xyzw_world": [
                -0.14490611851215363,
                -0.4307848811149597,
                0.75947105884552,
                -0.46543559432029724
            ],
            "segmentation_id": 12,
            "visibility": -1
        },
        {
            "bounding_box_minx_maxx_miny_maxy": [
                -1,
                -1,
                -1,
                -1
            ],
            "class": "2",
            "local_cuboid": null,
            "local_to_world_matrix": [
                [
                    0.5628978610038757,
                    -0.8225449919700623,
                    -0.08102962374687195,
                    0.0
                ],
                [
                    -0.7738786339759827,
                    -0.5589336156845093,
                    0.2978340983390808,
                    0.0
                ],
                [
                    -0.2902721166610718,
                    -0.10494309663772583,
                    -0.9511724710464478,
                    0.0
                ],
                [
                    1.8074878454208374,
                    0.6186367273330688,
                    -0.073131263256073,
                    1.0
                ]
            ],
            "location": [
                -0.6186367273330688,
                -0.073131263256073,
                -1.8074878454208374
            ],
            "location_world": [
                1.8074878454208374,
                0.6186367273330688,
                -0.073131263256073
            ],
            "name": "google_2_of_Jenga_Classic_Game_12",
            "projected_cuboid": [
                [
                    53.351208567619324,
                    374.5235204696655
                ],
                [
                    62.482476234436035,
                    370.41106820106506
                ],
                [
                    61.03457510471344,
                    271.4156210422516
                ],
                [
                    52.369847893714905,
                    278.81428599357605
                ],
                [
                    25.716722011566162,
                    375.48792362213135
                ],
                [
                    34.00838375091553,
                    371.3037967681885
                ],
                [
                    33.90124440193176,
                    269.75691318511963
                ],
                [
                    26.000186800956726,
                    277.39593386650085
                ],
                [
                    43.69501769542694,
                    322.51062989234924
                ]
            ],
            "provenance": "nvisii",
            "quaternion_xyzw": [
                0.5555264949798584,
                0.2150680422782898,
                -0.20609045028686523,
                0.7763136029243469
            ],
            "quaternion_xyzw_world": [
                0.8764992952346802,
                -0.45534080266952515,
                -0.10590474307537079,
                0.11488234996795654
            ],
            "segmentation_id": 13,
            "visibility": -1
        },
        {
            "bounding_box_minx_maxx_miny_maxy": [
                -1,
                -1,
                -1,
                -1
            ],
            "class": "2",
            "local_cuboid": null,
            "local_to_world_matrix": [
                [
                    0.7913818359375,
                    0.6063348054885864,
                    -0.07792942225933075,
