{
    "camera_data": {
        "camera_look_at": {
            "at": [
                1.0,
                0.0,
                0.0
            ],
            "eye": [
                0.0,
                0.0,
                0.0
            ],
            "up": [
                0.0,
                0.0,
                1.0
            ]
        },
        "camera_view_matrix": [
            [
                0.0,
                0.0,
                -1.0,
                0.0
            ],
            [
                -1.0,
                0.0,
                0.0,
                0.0
            ],
            [
                0.0,
                1.0,
                0.0,
                0.0
            ],
            [
                0.0,
                0.0,
                0.0,
                1.0
            ]
        ],
        "height": 500,
        "intrinsics": {
            "cx": 250.0,
            "cy": 250.0,
            "fx": 603.5535278320312,
            "fy": 603.5535278320312
        },
        "location_world": [
            0.0,
            0.0,
            0.0
        ],
        "quaternion_world_xyzw": [
            0.5,
            -0.5,
            -0.5,
            0.5
        ],
        "width": 500
    },
    "objects": [
        {
            "bounding_box_minx_maxx_miny_maxy": [
                -1,
                -1,
                -1,
                -1
            ],
            "class": "2",
            "local_cuboid": null,
            "local_to_world_matrix": [
                [
                    -0.3012864589691162,
                    -0.9233957529067993,
                    -0.23783791065216064,
                    0.0
                ],
                [
                    -0.2703893184661865,
                    0.3219236731529236,
                    -0.9073339700698853,
                    0.0
                ],
                [
                    0.9143939018249512,
                    -0.20905855298042297,
                    -0.34666764736175537,
                    0.0
                ],
                [
                    1.435133457183838,
                    -0.3345450162887573,
                    0.33362269401550293,
                    1.0
                ]
            ],
            "location": [
                0.3345450162887573,
                0.33362269401550293,
                -1.435133457183838
            ],
            "location_world": [
                1.435133457183838,
                -0.3345450162887573,
                0.33362269401550293
            ],
            "name": "google_2_of_Jenga_Classic_Game_0",
            "projected_cuboid": [
                [
                    408.0430865287781,
                    157.31948614120483
                ],
                [
                    400.42048692703247,
                    183.60048532485962
                ],
                [
                    402.771919965744,
                    127.75096297264099
                ],
                [
                    411.7761254310608,
                    97.46603667736053
                ],
                [
                    380.3871273994446,
                    152.03344821929932
                ],
                [
                    372.50012159347534,
                    177.87671089172363
                ],
                [
                    369.61811780929565,
                    121.88690900802612
                ],
                [
                    378.99458408355713,
                    92.18734502792358
                ],
                [
                    390.4604911804199,
                    141.10611379146576
                ]
            ],
            "provenance": "nvisii",
            "quaternion_xyzw": [
                -0.967616081237793,
                0.14462387561798096,
                -0.1318562626838684,
                -0.15942710638046265
            ],
            "quaternion_xyzw_world": [
                -0.4252815246582031,
                0.7017616629600525,
                -0.3977106809616089,
                0.4104783236980438
            ],
            "segmentation_id": 1,
            "visibility": -1
        },
        {
            "bounding_box_minx_maxx_miny_maxy": [
                -1,
                -1,
                -1,
                -1
            ],
            "class": "2",
            "local_cuboid": null,
            "local_to_world_matrix": [
                [
                    0.9367882013320923,
                    -0.28458935022354126,
                    -0.20356038212776184,
                    0.0
                ],
                [
                    -0.3497427701950073,
                    -0.7443300485610962,
                    -0.5689049363136292,
                    0.0
                ],
                [
                    0.010388195514678955,
                    0.6041372418403625,
                    -0.7968126535415649,
                    0.0
                ],
                [
                    1.5590711832046509,
                    -0.48479175567626953,
                    0.5988042950630188,
                    1.0
                ]
            ],
            "location": [
                0.48479175567626953,
                0.5988042950630188,
                -1.5590711832046509
            ],
            "location_world": [
                1.5590711832046509,
                -0.48479175567626953,
                0.5988042950630188
            ],
            "name": "google_2_of_Jenga_Classic_Game_1",
            "projected_cuboid": [
                [
                    357.74463415145874,
                    107.10982978343964
                ],
                [
                    383.69643688201904,
                    122.74672091007233
                ],
                [
                    451.30956172943115,
                    33.66418182849884
                ],
                [
                    424.06922578811646,
                    19.631117582321167
                ],
                [
                    354.1160821914673,
                    93.95869076251984
                ],
                [
                    381.266713142395,
                    110.10348796844482
                ],
                [
                    452.18977332115173,
                    16.62808656692505
                ],
                [
                    423.622727394104,
                    2.2475719451904297
                ],
                [
                    403.3563733100891,
                    63.41223418712616
                ]
            ],
            "provenance": "nvisii",
            "quaternion_xyzw": [
                0.6826204061508179,
                0.1980491578578949,
                -0.5643419623374939,
                0.4199095368385315
            ],
            "quaternion_xyzw_world": [
                0.9324605464935303,
                -0.17006942629814148,
                -0.051790982484817505,
                -0.3145018219947815
            ],
            "segmentation_id": 2,
            "visibility": -1
        },
        {
            "bounding_box_minx_maxx_miny_maxy": [
                -1,
                -1,
                -1,
                -1
            ],
            "class": "2",
            "local_cuboid": null,
            "local_to_world_matrix": [
                [
                    -0.3662071228027344,
                    -0.24972042441368103,
                    -0.8963997960090637,
                    0.0
                ],
                [
                    -0.911400556564331,
                    0.2905975580215454,
                    0.2913799583911896,
                    0.0
                ],
                [
                    0.18772822618484497,
                    0.9236844778060913,
                    -0.3340144157409668,
                    0.0
                ],
                [
                    0.39913156628608704,
                    -0.1858178973197937,
                    -0.14542420208454132,
                    1.0
                ]
            ],
            "location": [
                0.1858178973197937,
                -0.14542420208454132,
                -0.39913156628608704
            ],
            "location_world": [
                0.39913156628608704,
                -0.1858178973197937,
                -0.14542420208454132
            ],
            "name": "google_2_of_Jenga_Classic_Game_2",
            "projected_cuboid": [
                [
                    171.88894748687744,
                    616.9524788856506
                ],
                [
                    119.97710168361664,
                    650.3371000289917
                ],
                [
                    569.6940422058105,
                    543.6698794364929
                ],
                [
                    546.5538501739502,
                    525.3562927246094
                ],
                [
                    152.88569033145905,
                    511.8471384048462
                ],
                [
                    101.06047987937927,
                    524.176836013794
                ],
                [
                    513.3798122406006,
                    407.28259086608887
                ],
                [
                    501.30438804626465,
                    413.35558891296387
                ],
                [
                    322.0404088497162,
                    524.7619152069092
                ]
            ],
            "provenance": "nvisii",
            "quaternion_xyzw": [
                -0.535273015499115,
                0.5543888211250305,
                0.260370671749115,
                -0.5816726684570312
            ],
            "quaternion_xyzw_world": [
                -0.41146376729011536,
                0.7054819464683533,
                0.4305795729160309,
                0.384179949760437
            ],
            "segmentation_id": 3,
            "visibility": -1
        },
        {
            "bounding_box_minx_maxx_miny_maxy": [
                -1,
                -1,
                -1,
                -1
            ],
            "class": "2",
            "local_cuboid": null,
            "local_to_world_matrix": [
                [
                    -0.8566619157791138,
                    0.16024616360664368,
                    -0.49035847187042236,
                    0.0
                ],
                [
                    -0.12349361181259155,
                    0.8591933846473694,
                    0.4965239465236664,
                    0.0
                ],
                [
                    0.5008788108825684,
                    0.4859093129634857,
                    -0.7162488698959351,
                    0.0
                ],
                [
                    0.1373150497674942,
                    -0.39872610569000244,
                    -0.1948070377111435,
                    1.0
                ]
            ],
            "location": [
                0.39872610569000244,
                -0.1948070377111435,
                -0.1373150497674942
            ],
            "location_world": [
                0.1373150497674942,
                -0.39872610569000244,
                -0.1948070377111435
            ],
            "name": "google_2_of_Jenga_Classic_Game_3",
            "projected_cuboid": [
                [
                    928.5886287689209,
                    1301.4100790023804
                ],
                [
                    778.5270810127258,
                    1242.7904605865479
                ],
                [
                    2436.060905456543,
                    1435.7925653457642
                ],
                [
                    2629.0688514709473,
                    1554.7633171081543
                ],
                [
                    810.1029396057129,
                    1008.826494216919
                ],
                [
                    688.5648965835571,
                    953.1232118606567
                ],
                [
                    1591.6224718093872,
                    812.0765686035156
                ],
                [
                    1760.5972290039062,
                    922.3359227180481
                ],
                [
                    1189.8980140686035,
                    1108.558177947998
                ]
            ],
            "provenance": "nvisii",
            "quaternion_xyzw": [
                -0.4593769311904907,
                0.7344468832015991,
                -0.20176929235458374,
                -0.4570007920265198
            ],
            "quaternion_xyzw_world": [
                0.009919213131070137,
                0.9262969493865967,
                0.2651507258415222,
                0.26752686500549316
            ],
            "segmentation_id": 4,
            "visibility": -1
        },
        {
            "bounding_box_minx_maxx_miny_maxy": [
                -1,
                -1,
                -1,
                -1
            ],
            "class": "2",
            "local_cuboid": null,
            "local_to_world_matrix": [
                [
                    -0.43546295166015625,
                    0.06812813878059387,
                    0.8976249694824219,
                    0.0
                ],
                [
                    0.7721236944198608,
                    0.5409126877784729,
                    0.3335243761539459,
                    0.0
                ],
                [
                    -0.4628143310546875,
                    0.8383150100708008,
                    -0.2881507873535156,
                    0.0
                ],
                [
                    1.6776397228240967,
                    -0.8093433380126953,
                    -0.38694480061531067,
                    1.0
                ]
            ],
            "location": [
                0.8093433380126953,
                -0.38694480061531067,
                -1.6776397228240967
            ],
            "location_world": [
                1.6776397228240967,
                -0.8093433380126953,
                -0.38694480061531067
            ],
            "name": "google_2_of_Jenga_Classic_Game_4",
            "projected_cuboid": [
                [
                    486.3978624343872,
                    431.8826496601105
                ],
                [
                    458.8094651699066,
                    413.3601486682892
                ],
                [
                    529.4301509857178,
                    370.31090259552
                ],
                [
                    557.5557947158813,
                    385.57106256484985
                ],
                [
                    483.2040071487427,
                    455.7790756225586
                ],
                [
                    456.34156465530396,
                    436.6776645183563
                ],
                [
                    525.750994682312,
                    392.6597237586975
                ],
                [
                    553.1510710716248,
                    408.48106145858765
                ],
                [
                    507.5087547302246,
                    410.84152460098267
                ]
            ],
            "provenance": "nvisii",
            "quaternion_xyzw": [
                0.18407413363456726,
                0.48446834087371826,
                -0.5471329689025879,
                -0.6573070883750916
            ],
            "quaternion_xyzw_world": [
                0.27918416261672974,
                0.7524171471595764,
                0.3893582820892334,
                -0.4520229399204254
            ],
            "segmentation_id": 5,
            "visibility": -1
        },
        {
            "bounding_box_minx_maxx_miny_maxy": [
                -1,
                -1,
                -1,
                -1
            ],
            "class": "2",
            "local_cuboid": null,
            "local_to_world_matrix": [
                [
                    -0.1763819456100464,
                    0.9773852229118347,
                    0.11665192246437073,
                    0.0
                ],
                [
                    0.9622543454170227,
                    0.1462588906288147,
                    0.22951051592826843,
                    0.0
                ],
                [
                    0.20725879073143005,
                    0.1527302861213684,
                    -0.9662905931472778,
                    0.0
                ],
                [
                    1.8394334316253662,
                    -0.42715343832969666,
                    -0.245707169175148,
                    1.0
                ]
            ],
            "location": [
                0.42715343832969666,
                -0.245707169175148,
                -1.8394334316253662
            ],
            "location_world": [
                1.8394334316253662,
                -0.42715343832969666,
                -0.245707169175148
            ],
            "name": "google_2_of_Jenga_Classic_Game_5",
            "projected_cuboid": [
                [
                    364.10146951675415,
                    423.68608713150024
                ],
                [
                    355.4520308971405,
                    410.33869981765747
                ],
                [
                    373.2355833053589,
                    324.5721757411957
                ],
                [
                    382.98362493515015,
                    334.481418132782
                ],
                [
                    388.18585872650146,
                    425.36723613739014
                ],
                [
                    378.59341502189636,
                    412.04506158828735
                ],
                [
                    396.98827266693115,
                    326.96565985679626
                ],
                [
                    407.72998332977295,
                    336.9062542915344
                ],
                [
                    380.6971311569214,
                    374.8781085014343
                ]
            ],
            "provenance": "nvisii",
            "quaternion_xyzw": [
                -0.009527593851089478,
                0.7768775224685669,
                -0.6206077337265015,
                -0.10590861737728119
            ],
            "quaternion_xyzw_world": [
                0.6410245299339294,
                0.7564607262611389,
                0.12632539868354797,
                0.029944343492388725
            ],
            "segmentation_id": 6,
            "visibility": -1
        },
        {
            "bounding_box_minx_maxx_miny_maxy": [
                -1,
                -1,
                -1,
                -1
            ],
            "class": "2",
            "local_cuboid": null,
            "local_to_world_matrix": [
                [
                    -0.9698805809020996,
                    0.044971343129873276,
                    -0.23939506709575653,
                    0.0
                ],
                [
                    -0.007699757814407349,
                    0.9766576290130615,
                    0.2146638184785843,
                    0.0
                ],
                [
                    0.2434607297182083,
                    0.21004147827625275,
                    -0.9468951225280762,
                    0.0
                ],
                [
                    1.6478748321533203,
                    -0.5393861532211304,
                    0.3838842213153839,
                    1.0
                ]
            ],
            "location": [
                0.5393861532211304,
                0.3838842213153839,
                -1.6478748321533203
            ],
            "location_world": [
                1.6478748321533203,
                -0.5393861532211304,
                0.3838842213153839
            ],
            "name": "google_2_of_Jenga_Classic_Game_6",
            "projected_cuboid": [
                [
                    435.8060359954834,
                    218.12257170677185
                ],
                [
                    406.2584936618805,
                    211.60006523132324
                ],
                [
                    436.17305159568787,
                    106.17294907569885
                ],
                [
                    467.0136272907257,
                    113.02612721920013
                ],
                [
                    428.93582582473755,
                    213.02510797977448
                ],
                [
                    400.6724953651428,
                    206.78475499153137
                ],
                [
                    428.99376153945923,
                    105.93929886817932
                ],
                [
                    458.4379196166992,
                    112.48166859149933
                ],
                [
                    432.3951005935669,
                    161.95185482501984
                ]
            ],
            "provenance": "nvisii",
            "quaternion_xyzw": [
                -0.4959399700164795,
                0.6130040884017944,
                -0.3830296993255615,
                -0.48120471835136414
            ],
            "quaternion_xyzw_world": [
                0.009444555267691612,
                0.986589252948761,
                0.10761958360671997,
                0.12235482037067413
            ],
            "segmentation_id": 7,
            "visibility": -1
        },
        {
            "bounding_box_minx_maxx_miny_maxy": [
                -1,
                -1,
                -1,
                -1
            ],
            "class": "2",
            "local_cuboid": null,
            "local_to_world_matrix": [
                [
                    -0.5386064052581787,
                    -0.3521738052368164,
                    -0.7654260993003845,
                    0.0
                ],
                [
                    0.6457810997962952,
                    0.41095107793807983,
                    -0.6434952616691589,
                    0.0
                ],
                [
                    0.5411749482154846,
                    -0.8408882021903992,
                    0.006086111068725586,
                    0.0
                ],
                [
                    1.3738843202590942,
                    0.4677989184856415,
                    0.45097434520721436,
                    1.0
                ]
            ],
            "location": [
                -0.4677989184856415,
                0.45097434520721436,
                -1.3738843202590942
            ],
            "location_world": [
                1.3738843202590942,
                0.4677989184856415,
                0.45097434520721436
            ],
            "name": "google_2_of_Jenga_Classic_Game_7",
            "projected_cuboid": [
                [
                    172.31905460357666,
                    67.00864434242249
                ],
                [
                    161.45575046539307,
                    94.81969475746155
                ],
                [
                    43.87965798377991,
                    77.82036066055298
                ],
                [
                    51.20128393173218,
                    45.99286615848541
                ],
                [
                    163.49340975284576,
                    48.220932483673096
                ],
                [
                    153.22667360305786,
                    75.93251764774323
                ],
                [
                    38.248211145401,
                    57.34194815158844
                ],
                [
                    45.11794447898865,
                    25.68677067756653
                ],
                [
                    106.69219493865967,
                    62.27685511112213
                ]
            ],
            "provenance": "nvisii",
            "quaternion_xyzw": [
                -0.7963736653327942,
                0.36929193139076233,
                -0.43305504322052,
                0.20463615655899048
            ],
            "quaternion_xyzw_world": [
                0.10530469566583633,
                0.6970422267913818,
                -0.5323864817619324,
                0.4686233401298523
            ],
            "segmentation_id": 8,
            "visibility": -1
        },
        {
            "bounding_box_minx_maxx_miny_maxy": [
                -1,
                -1,
                -1,
                -1
            ],
            "class": "2",
            "local_cuboid": null,
            "local_to_world_matrix": [
                [
                    -0.276885986328125,
                    0.48095569014549255,
                    -0.8318748474121094,
                    0.0
                ],
                [
                    -0.8464723825454712,
                    0.28764206171035767,
                    0.4480474889278412,
                    0.0
                ],
                [
                    0.4547731876373291,
                    0.8282171487808228,
                    0.32747161388397217,
                    0.0
                ],
                [
                    1.8070436716079712,
                    -0.0983317419886589,
                    -0.34026026725769043,
                    1.0
                ]
            ],
            "location": [
                0.0983317419886589,
                -0.34026026725769043,
                -1.8070436716079712
            ],
            "location_world": [
                1.8070436716079712,
                -0.0983317419886589,
                -0.34026026725769043
            ],
            "name": "google_2_of_Jenga_Classic_Game_8",
            "projected_cuboid": [
                [
                    203.7985920906067,
                    341.031551361084
                ],
                [
                    194.31161880493164,
                    332.4075937271118
                ],
                [
                    273.05105328559875,
                    371.4205026626587
                ],
                [
                    280.1538407802582,
                    379.14764881134033
                ],
                [
                    215.83372354507446,
                    320.09294629096985
                ],
                [
                    206.9041132926941,
                    310.7858896255493
                ],
                [
                    285.6171131134033,
                    347.70917892456055
                ],
                [
                    292.15168952941895,
                    356.2594950199127
                ],
                [
                    242.71565675735474,
                    344.207763671875
                ]
            ],
            "provenance": "nvisii",
            "quaternion_xyzw": [
                -0.3625500202178955,
                0.7719740867614746,
                0.38017597794532776,
                -0.35788220167160034
            ],
            "quaternion_xyzw_world": [
                -0.16431699693202972,
                0.5561152100563049,
                0.5737411379814148,
                0.57840895652771
            ],
            "segmentation_id": 9,
            "visibility": -1
        },
        {
            "bounding_box_minx_maxx_miny_maxy": [
                -1,
                -1,
                -1,
                -1
            ],
            "class": "2",
            "local_cuboid": null,
            "local_to_world_matrix": [
                [
                    0.838575005531311,
                    -0.5442724227905273,
                    0.023653224110603333,
                    0.0
                ],
                [
                    0.44493624567985535,
                    0.6591792702674866,
                    -0.6062297224998474,
                    0.0
                ],
                [
                    0.31436240673065186,
                    0.518893301486969,
                    0.794937789440155,
                    0.0
                ],
                [
                    1.2524440288543701,
                    -0.5453107357025146,
                    -0.3102172315120697,
                    1.0
                ]
            ],
            "location": [
                0.5453107357025146,
                -0.3102172315120697,
                -1.2524440288543701
            ],
            "location_world": [
                1.2524440288543701,
                -0.5453107357025146,
                -0.3102172315120697
            ],
            "name": "google_2_of_Jenga_Classic_Game_9",
            "projected_cuboid": [
                [
                    446.83414697647095,
                    272.8661000728607
                ],
                [
                    417.47474670410156,
                    294.38042640686035
                ],
                [
                    499.4034171104431,
                    404.9554467201233
                ],
                [
                    533.3210229873657,
                    385.1611018180847
                ],
                [
                    436.85781955718994,
                    274.9079763889313
                ],
                [
                    406.31991624832153,
                    297.4347472190857
                ],
                [
                    491.7987585067749,
                    414.14427757263184
                ],
                [
                    527.3473262786865,
                    393.54678988456726
                ],
                [
                    468.27393770217896,
                    340.2296304702759
                ]
            ],
            "provenance": "nvisii",
            "quaternion_xyzw": [
                -0.7849943041801453,
                0.20239830017089844,
                0.432317852973938,
                0.3948671817779541
            ],
            "quaternion_xyzw_world": [
                -0.31002336740493774,
                0.0801038071513176,
                -0.27257269620895386,
                0.9072888493537903
            ],
            "segmentation_id": 10,
            "visibility": -1
        },
        {
            "bounding_box_minx_maxx_miny_maxy": [
                -1,
                -1,
                -1,
                -1
            ],
            "class": "2",
            "local_cuboid": null,
            "local_to_world_matrix": [
                [
                    0.8893924355506897,
                    -0.06738537549972534,
                    0.45215076208114624,
                    0.0
                ],
                [
                    -0.36691993474960327,
                    0.48472946882247925,
                    0.7939817905426025,
                    0.0
                ],
                [
                    -0.2726735472679138,
                    -0.872064471244812,
                    0.40638965368270874,
                    0.0
                ],
                [
                    1.6652510166168213,
                    -0.38131049275398254,
                    -0.7639683485031128,
                    1.0
                ]
            ],
            "location": [
                0.38131049275398254,
                -0.7639683485031128,
                -1.6652510166168213
            ],
            "location_world": [
                1.6652510166168213,
                -0.38131049275398254,
                -0.7639683485031128
            ],
            "name": "google_2_of_Jenga_Classic_Game_10",
            "projected_cuboid": [
                [
                    493.15884709358215,
                    493.82492899894714
                ],
                [
                    482.4625253677368,
                    473.3230471611023
                ],
                [
                    380.22273778915405,
                    505.2894353866577
                ],
                [
                    392.2686576843262,
                    524.2624282836914
                ],
                [
                    502.0042657852173,
                    518.496036529541
                ],
                [
                    490.9975826740265,
                    497.5550174713135
                ],
                [
                    383.894145488739,
                    529.7151803970337
                ],
                [
                    396.384596824646,
                    549.0371584892273
                ],
                [
                    438.8878047466278,
                    511.6513967514038
                ]
            ],
            "provenance": "nvisii",
            "quaternion_xyzw": [
                -0.013509288430213928,
                0.602893590927124,
                0.3206658363342285,
                0.730417788028717
            ],
            "quaternion_xyzw_world": [
                0.4995681345462799,
                -0.2173403799533844,
                0.08981618285179138,
                0.8337432742118835
            ],
            "segmentation_id": 11,
            "visibility": -1
        },
        {
            "bounding_box_minx_maxx_miny_maxy": [
                -1,
                -1,
                -1,
                -1
            ],
            "class": "2",
            "local_cuboid": null,
            "local_to_world_matrix": [
                [
                    0.3020533323287964,
                    0.8969181776046753,
                    0.32295769453048706,
                    0.0
                ],
                [
                    -0.6792683601379395,
                    -0.03519546985626221,
                    0.7330455780029297,
                    0.0
                ],
                [
                    0.6688485145568848,
                    -0.44079384207725525,
                    0.5986171960830688,
                    0.0
                ],
                [
                    1.7445036172866821,
                    -0.6901964545249939,
                    0.5368447303771973,
                    1.0
                ]
            ],
            "location": [
                0.6901964545249939,
                0.5368447303771973,
                -1.7445036172866821
            ],
            "location_world": [
                1.7445036172866821,
                -0.6901964545249939,
                0.5368447303771973
            ],
            "name": "google_2_of_Jenga_Classic_Game_11",
            "projected_cuboid": [
                [
                    488.34705352783203,
                    38.6674702167511
                ],
                [
                    496.38831615448,
                    12.938857078552246
                ],
                [
                    479.27141189575195,
                    47.21437394618988
                ],
                [
                    470.9000587463379,
                    74.65748488903046
                ],
                [
                    513.0749344825745,
                    43.952569365501404
                ],
                [
                    521.9638347625732,
                    18.060818314552307
                ],
                [
                    507.5399875640869,
                    53.40290069580078
                ],
                [
                    498.1348514556885,
                    81.01575076580048
                ],
                [
                    497.2231984138489,
                    45.482173562049866
                ]
            ],
            "provenance": "nvisii",
            "quaternion_xyzw": [
                0.09859614819288254,
                0.9081315994262695,
                0.3517897129058838,
                0.20449873805046082
            ],
            "quaternion_xyzw_world": [
                0.42971840500831604,
                0.1266234964132309,
                0.577009379863739,
                0.6829119920730591
            ],
            "segmentation_id": 12,
            "visibility": -1
        },
        {
            "bounding_box_minx_maxx_miny_maxy": [
                -1,
                -1,
                -1,
                -1
            ],
            "class": "2",
            "local_cuboid": null,
            "local_to_world_matrix": [
                [
                    -0.6760764122009277,
                    0.6164913177490234,
                    0.40355822443962097,
                    0.0
                ],
                [
                    -0.3194750249385834,
                    0.2482774257659912,
                    -0.9144911170005798,
                    0.0
                ],
                [
                    -0.6639702320098877,
                    -0.7471925616264343,
                    0.02909904718399048,
                    0.0
                ],
                [
                    1.2109928131103516,
                    -0.46695566177368164,
                    0.4558938443660736,
                    1.0
                ]
            ],
            "location": [
                0.46695566177368164,
                0.4558938443660736,
                -1.2109928131103516
            ],
            "location_world": [
                1.2109928131103516,
                -0.46695566177368164,
                0.4558938443660736
            ],
            "name": "google_2_of_Jenga_Classic_Game_12",
            "projected_cuboid": [
                [
                    653.652548789978,
                    -61.99529767036438
                ],
                [
                    651.8468260765076,
                    -22.90421724319458
                ],
                [
                    472.77888655662537,
                    26.681825518608093
                ],
                [
                    478.3249795436859,
                    -7.196664810180664
                ],
                [
                    661.0535383224487,
                    -28.081774711608887
                ],
                [
                    659.5350503921509,
                    9.873658418655396
                ],
                [
                    487.0504140853882,
                    52.10652947425842
                ],
                [
                    492.0523762702942,
                    19.124016165733337
                ],
                [
                    562.1150732040405,
                    0.696524977684021
                ]
            ],
            "provenance": "nvisii",
            "quaternion_xyzw": [
                -0.3981298506259918,
                -0.09750634431838989,
                -0.8937215209007263,
                -0.1823374629020691
            ],
            "quaternion_xyzw_world": [
                0.10787393152713776,
                0.6883412599563599,
                -0.6035101413726807,
                -0.38771775364875793
            ],
            "segmentation_id": 13,
            "visibility": -1
        },
        {
            "bounding_box_minx_maxx_miny_maxy": [
                -1,
                -1,
                -1,
                -1
            ],
            "class": "2",
            "local_cuboid": null,
            "local_to_world_matrix": [
                [
                    0.41778796911239624,
                    0.8776637315750122,
                    0.23486067354679108,
