{
    "camera_data": {
        "camera_look_at": {
            "at": [
                1.0,
                0.0,
                0.0
            ],
            "eye": [
                0.0,
                0.0,
                0.0
            ],
            "up": [
                0.0,
                0.0,
                1.0
            ]
        },
        "camera_view_matrix": [
            [
                0.0,
                0.0,
                -1.0,
                0.0
            ],
            [
                -1.0,
                0.0,
                0.0,
                0.0
            ],
            [
                0.0,
                1.0,
                0.0,
                0.0
            ],
            [
                0.0,
                0.0,
                0.0,
                1.0
            ]
        ],
        "height": 500,
        "intrinsics": {
            "cx": 250.0,
            "cy": 250.0,
            "fx": 603.5535278320312,
            "fy": 603.5535278320312
        },
        "location_world": [
            0.0,
            0.0,
            0.0
        ],
        "quaternion_world_xyzw": [
            0.5,
            -0.5,
            -0.5,
            0.5
        ],
        "width": 500
    },
    "objects": [
        {
            "bounding_box_minx_maxx_miny_maxy": [
                -1,
                -1,
                -1,
                -1
            ],
            "class": "2",
            "local_cuboid": null,
            "local_to_world_matrix": [
                [
                    0.6667976975440979,
                    -0.7222118377685547,
                    0.18382282555103302,
                    0.0
                ],
                [
                    -0.7292612791061401,
                    -0.5815378427505493,
                    0.3605433702468872,
                    0.0
                ],
                [
                    -0.15348877012729645,
                    -0.37446433305740356,
                    -0.9144492149353027,
                    0.0
                ],
                [
                    1.5549107789993286,
                    -0.35680025815963745,
                    -0.5136479735374451,
                    1.0
                ]
            ],
            "location": [
                0.35680025815963745,
                -0.5136479735374451,
                -1.5549107789993286
            ],
            "location_world": [
                1.5549107789993286,
                -0.35680025815963745,
                -0.5136479735374451
            ],
            "name": "google_2_of_Jenga_Classic_Game_0",
            "projected_cuboid": [
                [
                    431.0389459133148,
                    553.7627339363098
                ],
                [
                    458.12761783599854,
                    553.9822578430176
                ],
                [
                    409.5296263694763,
                    441.2117898464203
                ],
                [
                    385.0507438182831,
                    445.30606269836426
                ],
                [
                    414.62287306785583,
                    570.091187953949
                ],
                [
                    441.9964849948883,
                    571.0107088088989
                ],
                [
                    392.174631357193,
                    453.77010107040405
                ],
                [
                    367.55532026290894,
                    457.5066268444061
                ],
                [
                    412.0464324951172,
                    504.8975348472595
                ]
            ],
            "provenance": "nvisii",
            "quaternion_xyzw": [
                0.5495861172676086,
                0.3481532335281372,
                -0.13297882676124573,
                0.7477037906646729
            ],
            "quaternion_xyzw_world": [
                0.8892109990119934,
                -0.4080789387226105,
                0.008528360165655613,
                0.20664604008197784
            ],
            "segmentation_id": 1,
            "visibility": -1
        },
        {
            "bounding_box_minx_maxx_miny_maxy": [
                -1,
                -1,
                -1,
                -1
            ],
            "class": "2",
            "local_cuboid": null,
            "local_to_world_matrix": [
                [
                    0.7900499701499939,
                    0.38236477971076965,
                    -0.47918495535850525,
                    0.0
                ],
                [
                    -0.5005276203155518,
                    -0.04899406433105469,
                    -0.8643331527709961,
                    0.0
                ],
                [
                    -0.3539677560329437,
                    0.9227117300033569,
                    0.15267634391784668,
                    0.0
                ],
                [
                    1.047967553138733,
                    0.04339071363210678,
                    -0.25392964482307434,
                    1.0
                ]
            ],
            "location": [
                -0.04339071363210678,
                -0.25392964482307434,
                -1.047967553138733
            ],
            "location_world": [
                1.047967553138733,
                0.04339071363210678,
                -0.25392964482307434
            ],
            "name": "google_2_of_Jenga_Classic_Game_1",
            "projected_cuboid": [
                [
                    50.16587674617767,
                    366.0672903060913
                ],
                [
                    43.93421113491058,
                    417.34951734542847
                ],
                [
                    217.82565116882324,
                    426.43606662750244
                ],
                [
                    216.79216623306274,
                    379.6238899230957
                ],
                [
                    56.31941556930542,
                    349.39467906951904
                ],
                [
                    49.943938851356506,
                    403.46914529800415
                ],
                [
                    234.09612476825714,
                    414.5658314228058
                ],
                [
                    232.3381006717682,
                    365.42609333992004
                ],
                [
                    142.07585155963898,
                    390.30203223228455
                ]
            ],
            "provenance": "nvisii",
            "quaternion_xyzw": [
                -0.5310368537902832,
                0.20252403616905212,
                0.8063289523124695,
                -0.16376039385795593
            ],
            "quaternion_xyzw_world": [
                -0.6493011116981506,
                0.04549615830183029,
                0.32078826427459717,
                0.6880647540092468
            ],
            "segmentation_id": 2,
            "visibility": -1
        },
        {
            "bounding_box_minx_maxx_miny_maxy": [
                -1,
                -1,
                -1,
                -1
            ],
            "class": "2",
            "local_cuboid": null,
            "local_to_world_matrix": [
                [
                    0.3099902272224426,
                    0.018839728087186813,
                    0.9505530595779419,
                    0.0
                ],
                [
                    -0.09075886011123657,
                    -0.9946513175964355,
                    0.04931163042783737,
                    0.0
                ],
                [
                    0.9463979005813599,
                    -0.10155723243951797,
                    -0.30662238597869873,
                    0.0
                ],
                [
                    1.1797219514846802,
                    0.5580912828445435,
                    -0.46133455634117126,
                    1.0
                ]
            ],
            "location": [
                -0.5580912828445435,
                -0.46133455634117126,
                -1.1797219514846802
            ],
            "location_world": [
                1.1797219514846802,
                0.5580912828445435,
                -0.46133455634117126
            ],
            "name": "google_2_of_Jenga_Classic_Game_2",
            "projected_cuboid": [
                [
                    15.8320814371109,
                    461.3382816314697
                ],
                [
                    49.218058586120605,
                    460.7282280921936
                ],
                [
                    -12.567609548568726,
                    464.2610251903534
                ],
                [
                    -53.27582359313965,
                    464.98948335647583
                ],
                [
                    12.496262788772583,
                    496.16873264312744
                ],
                [
                    46.431511640548706,
                    495.7336187362671
                ],
                [
                    -17.31458306312561,
                    507.65663385391235
                ],
                [
                    -58.84164571762085,
                    508.11636447906494
                ],
                [
                    1.1988580226898193,
                    481.78642988204956
                ]
            ],
            "provenance": "nvisii",
            "quaternion_xyzw": [
                0.6852456331253052,
                0.7096741199493408,
                -0.07604315876960754,
                0.1449776589870453
            ],
            "quaternion_xyzw_world": [
                0.8079702854156494,
                -0.022253025323152542,
                0.5869494676589966,
                0.046681441366672516
            ],
            "segmentation_id": 3,
            "visibility": -1
        },
        {
            "bounding_box_minx_maxx_miny_maxy": [
                -1,
                -1,
                -1,
                -1
            ],
            "class": "2",
            "local_cuboid": null,
            "local_to_world_matrix": [
                [
                    -0.4508981704711914,
                    0.8779175281524658,
                    -0.1610950231552124,
                    0.0
                ],
                [
                    0.22360682487487793,
                    -0.06362462043762207,
                    -0.9726005792617798,
                    0.0
                ],
                [
                    -0.8641127347946167,
                    -0.4745657444000244,
                    -0.16762018203735352,
                    0.0
                ],
                [
                    1.377841830253601,
                    0.13415245711803436,
                    -0.2813031077384949,
                    1.0
                ]
            ],
            "location": [
                -0.13415245711803436,
                -0.2813031077384949,
                -1.377841830253601
            ],
            "location_world": [
                1.377841830253601,
                0.13415245711803436,
                -0.2813031077384949
            ],
            "name": "google_2_of_Jenga_Classic_Game_3",
            "projected_cuboid": [
                [
                    231.95672035217285,
                    412.41252422332764
                ],
                [
                    235.1643294095993,
                    454.03850078582764
                ],
                [
                    176.80726945400238,
                    394.85520124435425
                ],
                [
                    173.38329553604126,
                    360.1810038089752
                ],
                [
                    269.3904936313629,
                    400.55209398269653
                ],
                [
                    271.8859016895294,
                    441.0877525806427
                ],
                [
                    208.40954780578613,
                    385.72919368743896
                ],
                [
                    205.503910779953,
                    351.8204689025879
                ],
                [
                    218.73989701271057,
                    397.43536710739136
                ]
            ],
            "provenance": "nvisii",
            "quaternion_xyzw": [
                -0.24008864164352417,
                0.10149413347244263,
                -0.9636688828468323,
                0.05829794704914093
            ],
            "quaternion_xyzw_world": [
                0.44168615341186523,
                0.6234768629074097,
                -0.5802806615829468,
                -0.2818940579891205
            ],
            "segmentation_id": 4,
            "visibility": -1
        },
        {
            "bounding_box_minx_maxx_miny_maxy": [
                -1,
                -1,
                -1,
                -1
            ],
            "class": "2",
            "local_cuboid": null,
            "local_to_world_matrix": [
                [
                    0.956314742565155,
                    -0.007539480924606323,
                    -0.29224178194999695,
                    0.0
                ],
                [
                    0.26411253213882446,
                    -0.406277060508728,
                    0.874747633934021,
                    0.0
                ],
                [
                    -0.1253262758255005,
                    -0.9137188196182251,
                    -0.38653743267059326,
                    0.0
                ],
                [
                    1.1653326749801636,
                    -0.26596561074256897,
                    -0.345965713262558,
                    1.0
                ]
            ],
            "location": [
                0.26596561074256897,
                -0.345965713262558,
                -1.1653326749801636
            ],
            "location_world": [
                1.1653326749801636,
                -0.26596561074256897,
                -0.345965713262558
            ],
            "name": "google_2_of_Jenga_Classic_Game_4",
            "projected_cuboid": [
                [
                    519.5740461349487,
                    515.0604248046875
                ],
                [
                    532.0516228675842,
                    472.1832573413849
                ],
                [
                    390.8769488334656,
                    409.3596637248993
                ],
                [
                    376.1410713195801,
                    449.74440336227417
                ],
                [
                    538.0750298500061,
                    520.6928253173828
                ],
                [
                    551.0324239730835,
                    474.76670145988464
                ],
                [
                    399.89474415779114,
                    407.69803524017334
                ],
                [
                    384.3432664871216,
                    450.77842473983765
                ],
                [
                    460.1655900478363,
                    461.7660641670227
                ]
            ],
            "provenance": "nvisii",
            "quaternion_xyzw": [
                0.04320159927010536,
                0.6599018573760986,
                -0.24649496376514435,
                0.7084513902664185
            ],
            "quaternion_xyzw_world": [
                0.8290249109268188,
                0.07737193256616592,
                -0.12592144310474396,
                0.5393283367156982
            ],
            "segmentation_id": 5,
            "visibility": -1
        },
        {
            "bounding_box_minx_maxx_miny_maxy": [
                -1,
                -1,
                -1,
                -1
            ],
            "class": "2",
            "local_cuboid": null,
            "local_to_world_matrix": [
                [
                    -0.7021484375,
                    0.18524308502674103,
                    0.6875123977661133,
                    0.0
                ],
                [
                    -0.5064387321472168,
                    0.5487972497940063,
                    -0.6650876402854919,
                    0.0
                ],
                [
                    -0.5005078315734863,
                    -0.8151728510856628,
                    -0.2915230989456177,
                    0.0
                ],
                [
                    1.646720051765442,
                    -0.5363881587982178,
                    -0.6178989410400391,
                    1.0
                ]
            ],
            "location": [
                0.5363881587982178,
                -0.6178989410400391,
                -1.646720051765442
            ],
            "location_world": [
                1.646720051765442,
                -0.5363881587982178,
                -0.6178989410400391
            ],
            "name": "google_2_of_Jenga_Classic_Game_5",
            "projected_cuboid": [
                [
                    569.2527294158936,
                    511.67869567871094
                ],
                [
                    559.3894720077515,
                    542.7400469779968
                ],
                [
                    441.12735986709595,
                    483.78410935401917
                ],
                [
                    453.19437980651855,
                    457.02773332595825
                ],
                [
                    563.5328888893127,
                    523.4490633010864
                ],
                [
                    553.8699626922607,
                    553.702712059021
                ],
                [
                    440.0585889816284,
                    495.7526922225952
                ],
                [
                    451.7584443092346,
                    469.5684611797333
                ],
                [
                    501.3958215713501,
                    503.3138394355774
                ]
            ],
            "provenance": "nvisii",
            "quaternion_xyzw": [
                -0.49480727314949036,
                -0.0700853168964386,
                -0.7666222453117371,
                -0.40316787362098694
            ],
            "quaternion_xyzw_world": [
                -0.10071909427642822,
                0.7972560524940491,
                -0.46417349576950073,
                -0.3725340962409973
            ],
            "segmentation_id": 6,
            "visibility": -1
        },
        {
            "bounding_box_minx_maxx_miny_maxy": [
                -1,
                -1,
                -1,
                -1
            ],
            "class": "2",
            "local_cuboid": null,
            "local_to_world_matrix": [
                [
                    0.732268750667572,
                    -0.6175177693367004,
                    0.28714853525161743,
                    0.0
                ],
                [
                    -0.42295923829078674,
                    -0.7428542375564575,
                    -0.5189154148101807,
                    0.0
                ],
                [
                    0.533748984336853,
                    0.25853341817855835,
                    -0.8051538467407227,
                    0.0
                ],
                [
                    1.1007332801818848,
                    -0.6253135800361633,
                    -0.4324791133403778,
                    1.0
                ]
            ],
            "location": [
                0.6253135800361633,
                -0.4324791133403778,
                -1.1007332801818848
            ],
            "location_world": [
                1.1007332801818848,
                -0.6253135800361633,
                -0.4324791133403778
            ],
            "name": "google_2_of_Jenga_Classic_Game_6",
            "projected_cuboid": [
                [
                    501.3316869735718,
                    543.7787175178528
                ],
                [
                    538.2766723632812,
                    572.9167461395264
                ],
                [
                    619.6998357772827,
                    490.5240535736084
                ],
                [
                    575.2009153366089,
                    459.9913954734802
                ],
                [
                    489.383339881897,
                    568.3789253234863
                ],
                [
                    527.7396440505981,
                    599.6344089508057
                ],
                [
                    612.0666265487671,
                    516.677975654602
                ],
                [
                    565.4589533805847,
                    483.66954922676086
                ],
                [
                    550.8418083190918,
                    531.661868095398
                ]
            ],
            "provenance": "nvisii",
            "quaternion_xyzw": [
                0.8170346021652222,
                0.3151649534702301,
                -0.30317020416259766,
                0.37578365206718445
            ],
            "quaternion_xyzw_world": [
                0.9055767059326172,
                -0.28724154829978943,
                0.22662286460399628,
                -0.21462810039520264
            ],
            "segmentation_id": 7,
            "visibility": -1
        },
        {
            "bounding_box_minx_maxx_miny_maxy": [
                -1,
                -1,
                -1,
                -1
            ],
            "class": "2",
            "local_cuboid": null,
            "local_to_world_matrix": [
                [
                    -0.9275519847869873,
                    0.36889779567718506,
                    -0.0596795380115509,
                    0.0
                ],
                [
                    0.17312824726104736,
                    0.28268033266067505,
                    -0.9434608817100525,
                    0.0
                ],
                [
                    -0.3311704099178314,
                    -0.885441243648529,
                    -0.3260672092437744,
                    0.0
                ],
                [
                    0.7298756241798401,
                    0.6050384640693665,
                    0.5834276676177979,
                    1.0
                ]
            ],
            "location": [
                -0.6050384640693665,
                0.5834276676177979,
                -0.7298756241798401
            ],
            "location_world": [
                0.7298756241798401,
                0.6050384640693665,
                0.5834276676177979
            ],
            "name": "google_2_of_Jenga_Classic_Game_7",
            "projected_cuboid": [
                [
                    -107.46747255325317,
                    -288.44720125198364
                ],
                [
                    -122.67014384269714,
                    -195.79118490219116
                ],
                [
                    -294.0213680267334,
                    -216.28952026367188
                ],
                [
                    -284.6139669418335,
                    -296.31656408309937
                ],
                [
                    -41.46704077720642,
                    -233.25997591018677
                ],
                [
                    -56.4517080783844,
                    -151.80936455726624
                ],
                [
                    -219.87751126289368,
                    -175.86761713027954
                ],
                [
                    -209.94922518730164,
                    -247.40293622016907
                ],
                [
                    -171.2813675403595,
                    -224.5369851589203
                ]
            ],
            "provenance": "nvisii",
            "quaternion_xyzw": [
                -0.5575375556945801,
                0.15351423621177673,
                -0.8129466772079468,
                -0.06857791543006897
            ],
            "quaternion_xyzw_world": [
                0.17017269134521484,
                0.7962881922721863,
                -0.5741960406303406,
                -0.08523637801408768
            ],
            "segmentation_id": 8,
            "visibility": -1
        },
        {
            "bounding_box_minx_maxx_miny_maxy": [
                -1,
                -1,
                -1,
                -1
            ],
            "class": "2",
            "local_cuboid": null,
            "local_to_world_matrix": [
                [
                    -0.3594703674316406,
                    0.09809741377830505,
                    -0.9279863238334656,
                    0.0
                ],
                [
                    -0.7364836931228638,
                    -0.6405086517333984,
                    0.2175804078578949,
                    0.0
                ],
                [
                    -0.5730388760566711,
                    0.7616602182388306,
                    0.3024904727935791,
                    0.0
                ],
                [
                    1.6565041542053223,
                    0.4506962299346924,
                    0.2540007531642914,
                    1.0
                ]
            ],
            "location": [
                -0.4506962299346924,
                0.2540007531642914,
                -1.6565041542053223
            ],
            "location_world": [
                1.6565041542053223,
                0.4506962299346924,
                0.2540007531642914
            ],
            "name": "google_2_of_Jenga_Classic_Game_8",
            "projected_cuboid": [
                [
                    -32.16993808746338,
                    131.1459243297577
                ],
                [
                    -21.715611219406128,
                    118.34731698036194
                ],
                [
                    89.84844386577606,
                    165.1209592819214
                ],
                [
                    76.29397511482239,
                    174.90126192569733
                ],
                [
                    -23.911267518997192,
                    104.54744100570679
                ],
                [
                    -13.309478759765625,
                    90.87182581424713
                ],
                [
                    95.46694159507751,
                    139.6413892507553
                ],
                [
                    81.93299174308777,
                    150.18978714942932
                ],
                [
                    34.35797989368439,
                    135.57399809360504
                ]
            ],
            "provenance": "nvisii",
            "quaternion_xyzw": [
                -0.16679593920707703,
                0.4308825731277466,
                0.6028175950050354,
                -0.6504848599433899
            ],
            "quaternion_xyzw_world": [
                -0.4946078956127167,
                0.32267290353775024,
                0.7586945295333862,
                0.27500563859939575
            ],
            "segmentation_id": 9,
            "visibility": -1
        },
        {
            "bounding_box_minx_maxx_miny_maxy": [
                -1,
                -1,
                -1,
                -1
            ],
            "class": "2",
            "local_cuboid": null,
            "local_to_world_matrix": [
                [
                    -0.3407924175262451,
                    0.6880017518997192,
                    0.640713632106781,
                    0.0
                ],
                [
                    0.35238027572631836,
                    -0.5383492708206177,
                    0.7655116319656372,
                    0.0
                ],
                [
                    0.8716011643409729,
                    0.48665544390678406,
                    -0.058972835540771484,
                    0.0
                ],
                [
                    1.7057446241378784,
                    -0.25940078496932983,
                    -0.6818891167640686,
                    1.0
                ]
            ],
            "location": [
                0.25940078496932983,
                -0.6818891167640686,
                -1.7057446241378784
            ],
            "location_world": [
                1.7057446241378784,
                -0.25940078496932983,
                -0.6818891167640686
            ],
            "name": "google_2_of_Jenga_Classic_Game_9",
            "projected_cuboid": [
                [
                    271.04878425598145,
                    470.613956451416
                ],
                [
                    284.71478819847107,
                    447.3814368247986
                ],
                [
                    340.1477634906769,
                    470.7270860671997
                ],
                [
                    325.39087533950806,
                    497.8998899459839
                ],
                [
                    287.48229146003723,
                    483.15924406051636
                ],
                [
                    300.71765184402466,
                    460.05308628082275
                ],
                [
                    357.64074325561523,
                    484.897255897522
                ],
                [
                    343.4220552444458,
                    511.8888020515442
                ],
                [
                    312.0069205760956,
                    477.3699939250946
                ]
            ],
            "provenance": "nvisii",
            "quaternion_xyzw": [
                0.32329851388931274,
                0.9117448329925537,
                -0.11279283463954926,
                -0.2268858104944229
            ],
            "quaternion_xyzw_world": [
                0.5604751706123352,
                0.46406248211860657,
                0.6745681762695312,
                0.1243838369846344
            ],
            "segmentation_id": 10,
            "visibility": -1
        },
        {
            "bounding_box_minx_maxx_miny_maxy": [
                -1,
                -1,
                -1,
                -1
            ],
            "class": "2",
            "local_cuboid": null,
            "local_to_world_matrix": [
                [
                    -0.7486581802368164,
                    -0.41279253363609314,
                    0.5187615156173706,
                    0.0
                ],
                [
                    -0.634801983833313,
                    0.22074347734451294,
                    -0.7404720783233643,
                    0.0
                ],
                [
                    0.1911480575799942,
                    -0.8836711645126343,
                    -0.4273030757904053,
                    0.0
                ],
                [
                    1.6828421354293823,
                    -0.5666542649269104,
                    -0.6748359799385071,
                    1.0
                ]
            ],
            "location": [
                0.5666542649269104,
                -0.6748359799385071,
                -1.6828421354293823
            ],
            "location_world": [
                1.6828421354293823,
                -0.5666542649269104,
                -0.6748359799385071
            ],
            "name": "google_2_of_Jenga_Classic_Game_10",
            "projected_cuboid": [
                [
                    545.6521511077881,
                    510.0288391113281
                ],
                [
                    548.3850240707397,
                    540.7439470291138
                ],
                [
                    462.8489911556244,
                    504.4100284576416
                ],
                [
                    462.75418996810913,
                    473.8333821296692
                ],
                [
                    524.9756574630737,
                    515.2333974838257
                ],
                [
                    526.9794464111328,
                    545.0669527053833
                ],
                [
                    443.7313377857208,
                    510.14935970306396
                ],
                [
                    444.2289471626282,
                    480.4341793060303
                ],
                [
                    495.44206261634827,
                    510.0882053375244
                ]
            ],
            "provenance": "nvisii",
            "quaternion_xyzw": [
                -0.7655737400054932,
                -0.09731848537921906,
                -0.5330411791801453,
                -0.3468329906463623
            ],
            "quaternion_xyzw_world": [
                -0.3383420407772064,
                0.7740647196769714,
                -0.524550199508667,
                -0.10580945014953613
            ],
            "segmentation_id": 11,
            "visibility": -1
        },
        {
            "bounding_box_minx_maxx_miny_maxy": [
                -1,
                -1,
                -1,
                -1
            ],
            "class": "2",
            "local_cuboid": null,
            "local_to_world_matrix": [
                [
                    -0.8205897808074951,
                    0.09991173446178436,
                    -0.5627166628837585,
                    0.0
                ],
                [
                    -0.08686970174312592,
                    0.9513556361198425,
                    0.29559457302093506,
                    0.0
                ],
                [
                    0.5648769736289978,
                    0.29144489765167236,
                    -0.7719933986663818,
                    0.0
                ],
                [
                    1.3158859014511108,
                    -0.6283526420593262,
                    0.7439040541648865,
                    1.0
                ]
            ],
            "location": [
                0.6283526420593262,
                0.7439040541648865,
                -1.3158859014511108
            ],
            "location_world": [
                1.3158859014511108,
                -0.6283526420593262,
                0.7439040541648865
            ],
            "name": "google_2_of_Jenga_Classic_Game_11",
            "projected_cuboid": [
                [
                    490.83828926086426,
                    48.955902457237244
                ],
                [
                    458.5051238536835,
                    37.5092476606369
                ],
                [
                    525.5305767059326,
                    -96.22356295585632
                ],
                [
                    561.6264343261719,
                    -82.54754543304443
                ],
                [
                    483.69669914245605,
                    39.873167872428894
                ],
                [
                    452.71533727645874,
                    28.873160481452942
                ],
                [
                    515.8035159111023,
                    -99.48104619979858
                ],
                [
                    550.2238273620605,
                    -86.44214272499084
                ],
                [
                    502.84069776535034,
                    -22.407203912734985
                ]
            ],
            "provenance": "nvisii",
            "quaternion_xyzw": [
                -0.5406872034072876,
                0.700068473815918,
                -0.24466311931610107,
                -0.39711642265319824
            ],
            "quaternion_xyzw_world": [
                0.0034639558289200068,
                0.9412676095962524,
                0.15591725707054138,
                0.2994880676269531
            ],
            "segmentation_id": 12,
            "visibility": -1
        },
        {
            "bounding_box_minx_maxx_miny_maxy": [
                -1,
                -1,
                -1,
                -1
            ],
            "class": "2",
            "local_cuboid": null,
            "local_to_world_matrix": [
                [
                    -0.27338743209838867,
                    -0.9605871438980103,
                    0.05031585693359375,
                    0.0
                ],
                [
                    0.91153883934021,
                    -0.24201393127441406,
                    0.33245474100112915,
                    0.0
                ],
                [
                    -0.3071746230125427,
                    0.13675379753112793,
                    0.9417760372161865,
                    0.0
                ],
                [
                    1.9558135271072388,
                    0.782741367816925,
                    0.14294874668121338,
                    1.0
                ]
            ],
            "location": [
                -0.782741367816925,
                0.14294874668121338,
                -1.9558135271072388
            ],
            "location_world": [
                1.9558135271072388,
                0.782741367816925,
                0.14294874668121338
            ],
            "name": "google_2_of_Jenga_Classic_Game_12",
            "projected_cuboid": [
                [
                    -14.119327068328857,
                    115.13084173202515
                ],
                [
                    3.128170967102051,
                    111.66569590568542
                ],
                [
                    26.45064890384674,
                    201.63047313690186
                ],
                [
                    10.95639169216156,
                    208.56453478336334
                ],
                [
                    -35.899460315704346,
                    118.01619827747345
                ],
                [
                    -17.970949411392212,
                    114.47413265705109
                ],
                [
                    6.044819951057434,
                    203.34553718566895
                ],
                [
                    -10.090678930282593,
                    210.270494222641
                ],
                [
                    -3.540545701980591,
                    161.4108830690384
                ]
            ],
            "provenance": "nvisii",
            "quaternion_xyzw": [
                -0.5746645927429199,
                -0.12717407941818237,
                -0.05944056436419487,
                0.8062593340873718
            ],
            "quaternion_xyzw_world": [
                0.08193060010671616,
                -0.14966410398483276,
                -0.7837693095207214,
                0.5971546769142151
            ],
            "segmentation_id": 13,
            "visibility": -1
        },
        {
            "bounding_box_minx_maxx_miny_maxy": [
                -1,
                -1,
                -1,
                -1
            ],
            "class": "2",
            "local_cuboid": null,
            "local_to_world_matrix": [
                [
                    -0.17245686054229736,
                    0.6883449554443359,
