{
    "camera_data": {
        "camera_look_at": {
            "at": [
                1.0,
                0.0,
                0.0
            ],
            "eye": [
                0.0,
                0.0,
                0.0
            ],
            "up": [
                0.0,
                0.0,
                1.0
            ]
        },
        "camera_view_matrix": [
            [
                0.0,
                0.0,
                -1.0,
                0.0
            ],
            [
                -1.0,
                0.0,
                0.0,
                0.0
            ],
            [
                0.0,
                1.0,
                0.0,
                0.0
            ],
            [
                0.0,
                0.0,
                0.0,
                1.0
            ]
        ],
        "height": 500,
        "intrinsics": {
            "cx": 250.0,
            "cy": 250.0,
            "fx": 603.5535278320312,
            "fy": 603.5535278320312
        },
        "location_world": [
            0.0,
            0.0,
            0.0
        ],
        "quaternion_world_xyzw": [
            0.5,
            -0.5,
            -0.5,
            0.5
        ],
        "width": 500
    },
    "objects": [
        {
            "bounding_box_minx_maxx_miny_maxy": [
                -1,
                -1,
                -1,
                -1
            ],
            "class": "2",
            "local_cuboid": null,
            "local_to_world_matrix": [
                [
                    0.4849908947944641,
                    0.6126643419265747,
                    0.6240402460098267,
                    0.0
                ],
                [
                    -0.10368126630783081,
                    -0.6682654619216919,
                    0.7366623282432556,
                    0.0
                ],
                [
                    0.8683513402938843,
                    -0.4219757914543152,
                    -0.26058077812194824,
                    0.0
                ],
                [
                    1.6259233951568604,
                    -0.4170762002468109,
                    -0.009333563037216663,
                    1.0
                ]
            ],
            "location": [
                0.4170762002468109,
                -0.009333563037216663,
                -1.6259233951568604
            ],
            "location_world": [
                1.6259233951568604,
                -0.4170762002468109,
                -0.009333563037216663
            ],
            "name": "google_2_of_Jenga_Classic_Game_0",
            "projected_cuboid": [
                [
                    404.750794172287,
                    279.16884422302246
                ],
                [
                    423.44433069229126,
                    259.4851851463318
                ],
                [
                    404.915452003479,
                    232.9510748386383
                ],
                [
                    383.4455609321594,
                    255.8024823665619
                ],
                [
                    423.56833815574646,
                    295.7003116607666
                ],
                [
                    442.73602962493896,
                    275.68891644477844
                ],
                [
                    426.8183410167694,
                    251.08614563941956
                ],
                [
                    404.71962094306946,
                    274.3816375732422
                ],
                [
                    414.83819484710693,
                    266.3317918777466
                ]
            ],
            "provenance": "nvisii",
            "quaternion_xyzw": [
                0.3602168560028076,
                0.8968943357467651,
                -0.0437341034412384,
                0.2528075873851776
            ],
            "quaternion_xyzw_world": [
                0.7768264412879944,
                0.16380205750465393,
                0.48028475046157837,
                0.37287548184394836
            ],
            "segmentation_id": 1,
            "visibility": -1
        },
        {
            "bounding_box_minx_maxx_miny_maxy": [
                -1,
                -1,
                -1,
                -1
            ],
            "class": "2",
            "local_cuboid": null,
            "local_to_world_matrix": [
                [
                    0.032287538051605225,
                    -0.8289086222648621,
                    0.5584514141082764,
                    0.0
                ],
                [
                    0.7212199568748474,
                    -0.3675030469894409,
                    -0.5871824622154236,
                    0.0
                ],
                [
                    0.691953182220459,
                    0.42172497510910034,
                    0.5859596729278564,
                    0.0
                ],
                [
                    1.396446704864502,
                    -0.6341597437858582,
                    0.5764317512512207,
                    1.0
                ]
            ],
            "location": [
                0.6341597437858582,
                0.5764317512512207,
                -1.396446704864502
            ],
            "location_world": [
                1.396446704864502,
                -0.6341597437858582,
                0.5764317512512207
            ],
            "name": "google_2_of_Jenga_Classic_Game_1",
            "projected_cuboid": [
                [
                    453.1084895133972,
                    -55.52014708518982
                ],
                [
                    457.0097327232361,
                    -25.751858949661255
                ],
                [
                    538.366436958313,
                    7.5558871030807495
                ],
                [
                    537.5121831893921,
                    -25.129467248916626
                ],
                [
                    428.2497763633728,
                    -39.04658555984497
                ],
                [
                    433.08717012405396,
                    -9.848058223724365
                ],
                [
                    511.197566986084,
                    25.77398717403412
                ],
                [
                    509.12928581237793,
                    -6.159365177154541
                ],
                [
                    480.7588458061218,
                    -16.824275255203247
                ]
            ],
            "provenance": "nvisii",
            "quaternion_xyzw": [
                -0.8814823031425476,
                -0.26261287927627563,
                0.12876392900943756,
                0.370733380317688
            ],
            "quaternion_xyzw_world": [
                -0.4510628879070282,
                0.05968606099486351,
                -0.6930323243141174,
                0.5591833591461182
            ],
            "segmentation_id": 2,
            "visibility": -1
        },
        {
            "bounding_box_minx_maxx_miny_maxy": [
                -1,
                -1,
                -1,
                -1
            ],
            "class": "2",
            "local_cuboid": null,
            "local_to_world_matrix": [
                [
                    0.5798885822296143,
                    0.569926917552948,
                    0.5821619033813477,
                    0.0
                ],
                [
                    -0.43198198080062866,
                    0.8209517002105713,
                    -0.37340307235717773,
                    0.0
                ],
                [
                    -0.6907392740249634,
                    -0.03495125472545624,
                    0.7222586870193481,
                    0.0
                ],
                [
                    0.5795915126800537,
                    0.01135250274091959,
                    -0.21856923401355743,
                    1.0
                ]
            ],
            "location": [
                -0.01135250274091959,
                -0.21856923401355743,
                -0.5795915126800537
            ],
            "location_world": [
                0.5795915126800537,
                0.01135250274091959,
                -0.21856923401355743
            ],
            "name": "google_2_of_Jenga_Classic_Game_2",
            "projected_cuboid": [
                [
                    265.9551799297333,
                    205.15096187591553
                ],
                [
                    158.08618068695068,
                    250.62915682792664
                ],
                [
                    179.28177118301392,
                    468.3608114719391
                ],
                [
                    250.84173679351807,
                    424.8706102371216
                ],
                [
                    340.62281250953674,
                    273.9262580871582
                ],
                [
                    226.18752717971802,
                    333.03317427635193
                ],
                [
                    223.66689145565033,
                    538.3858680725098
                ],
                [
                    298.1046140193939,
                    486.9929850101471
                ],
                [
                    242.171049118042,
                    392.5720155239105
                ]
            ],
            "provenance": "nvisii",
            "quaternion_xyzw": [
                -0.167881578207016,
                0.35559266805648804,
                0.8114907741546631,
                0.43226414918899536
            ],
            "quaternion_xyzw_world": [
                -0.09575776755809784,
                -0.3601403832435608,
                0.2834688723087311,
                0.8836145997047424
            ],
            "segmentation_id": 3,
            "visibility": -1
        },
        {
            "bounding_box_minx_maxx_miny_maxy": [
                -1,
                -1,
                -1,
                -1
            ],
            "class": "2",
            "local_cuboid": null,
            "local_to_world_matrix": [
                [
                    0.5747056007385254,
                    0.6659847497940063,
                    0.47558149695396423,
                    0.0
                ],
                [
                    0.46280813217163086,
                    -0.7437790632247925,
                    0.4822877049446106,
                    0.0
                ],
                [
                    0.6749237775802612,
                    -0.057070448994636536,
                    -0.7356771230697632,
                    0.0
                ],
                [
                    0.27515706419944763,
                    -0.3463232219219208,
                    -0.33661624789237976,
                    1.0
                ]
            ],
            "location": [
                0.3463232219219208,
                -0.33661624789237976,
                -0.27515706419944763
            ],
            "location_world": [
                0.27515706419944763,
                -0.3463232219219208,
                -0.33661624789237976
            ],
            "name": "google_2_of_Jenga_Classic_Game_3",
            "projected_cuboid": [
                [
                    637.6103162765503,
                    952.2373080253601
                ],
                [
                    681.8445920944214,
                    851.1239290237427
                ],
                [
                    918.4183478355408,
                    815.863311290741
                ],
                [
                    876.068651676178,
                    983.6621880531311
                ],
                [
                    752.2019147872925,
                    1078.9167881011963
                ],
                [
                    791.1657691001892,
                    957.4801325798035
                ],
                [
                    1146.4054584503174,
                    993.4278726577759
                ],
                [
                    1134.0631246566772,
                    1223.6781120300293
                ],
                [
                    822.7753043174744,
                    967.2276973724365
                ]
            ],
            "provenance": "nvisii",
            "quaternion_xyzw": [
                0.3628537356853485,
                0.8401185274124146,
                -0.3566417396068573,
                0.18800204992294312
            ],
            "quaternion_xyzw_world": [
                0.8738080263137817,
                0.3229522109031677,
                0.32916420698165894,
                0.15431253612041473
            ],
            "segmentation_id": 4,
            "visibility": -1
        },
        {
            "bounding_box_minx_maxx_miny_maxy": [
                -1,
                -1,
                -1,
                -1
            ],
            "class": "2",
            "local_cuboid": null,
            "local_to_world_matrix": [
                [
                    -0.4052940607070923,
                    0.8474174737930298,
                    -0.3429582715034485,
                    0.0
                ],
                [
                    -0.8759168386459351,
                    -0.2525573968887329,
                    0.4110772907733917,
                    0.0
                ],
                [
                    0.2617374658584595,
                    0.4670100510120392,
                    0.8446272015571594,
                    0.0
                ],
                [
                    1.7003110647201538,
                    -0.7932343482971191,
                    -0.585490882396698,
                    1.0
                ]
            ],
            "location": [
                0.7932343482971191,
                -0.585490882396698,
                -1.7003110647201538
            ],
            "location_world": [
                1.7003110647201538,
                -0.7932343482971191,
                -0.585490882396698
            ],
            "name": "google_2_of_Jenga_Classic_Game_4",
            "projected_cuboid": [
                [
                    455.7085633277893,
                    374.10345673561096
                ],
                [
                    472.00098633766174,
                    367.2751188278198
                ],
                [
                    532.2815179824829,
                    463.1066918373108
                ],
                [
                    512.675404548645,
                    466.1206603050232
                ],
                [
                    474.16484355926514,
                    363.0107641220093
                ],
                [
                    490.93806743621826,
                    355.8395504951477
                ],
                [
                    550.9330034255981,
                    449.3259787559509
                ],
                [
                    530.8976173400879,
                    452.8663158416748
                ],
                [
                    501.69897079467773,
                    410.4335606098175
                ]
            ],
            "provenance": "nvisii",
            "quaternion_xyzw": [
                -0.028472304344177246,
                0.7937619686126709,
                0.5418954491615295,
                -0.27473729848861694
            ],
            "quaternion_xyzw_world": [
                -0.025671549141407013,
                0.2775380611419678,
                0.7909612059593201,
                0.5446962118148804
            ],
            "segmentation_id": 5,
            "visibility": -1
        },
        {
            "bounding_box_minx_maxx_miny_maxy": [
                -1,
                -1,
                -1,
                -1
            ],
            "class": "2",
            "local_cuboid": null,
            "local_to_world_matrix": [
                [
                    0.6404218673706055,
                    0.5202885270118713,
                    0.5649422407150269,
                    0.0
                ],
                [
                    0.7377799153327942,
                    -0.621150016784668,
                    -0.26429808139801025,
                    0.0
                ],
                [
                    0.2134026437997818,
                    0.5860652923583984,
                    -0.7816565036773682,
                    0.0
                ],
                [
                    1.87589430809021,
                    -0.4804936945438385,
                    -0.3881876766681671,
                    1.0
                ]
            ],
            "location": [
                0.4804936945438385,
                -0.3881876766681671,
                -1.87589430809021
            ],
            "location_world": [
                1.87589430809021,
                -0.4804936945438385,
                -0.3881876766681671
            ],
            "name": "google_2_of_Jenga_Classic_Game_5",
            "projected_cuboid": [
                [
                    332.00645446777344,
                    432.1213960647583
                ],
                [
                    345.3158140182495,
                    433.1861734390259
                ],
                [
                    401.86232328414917,
                    367.7786886692047
                ],
                [
                    389.9930417537689,
                    364.49941992759705
                ],
                [
                    347.3723232746124,
                    451.3049125671387
                ],
                [
                    360.5351746082306,
                    451.7827033996582
                ],
                [
                    419.1039800643921,
                    385.23516058921814
                ],
                [
                    407.49549865722656,
                    382.4625015258789
                ],
                [
                    374.9779462814331,
                    408.9890718460083
                ]
            ],
            "provenance": "nvisii",
            "quaternion_xyzw": [
                0.4892372190952301,
                0.606092631816864,
                -0.6267343759536743,
                0.02242089807987213
            ],
            "quaternion_xyzw_world": [
                0.8722425699234009,
                0.36058443784713745,
                0.22308728098869324,
                -0.24372904002666473
            ],
            "segmentation_id": 6,
            "visibility": -1
        },
        {
            "bounding_box_minx_maxx_miny_maxy": [
                -1,
                -1,
                -1,
                -1
            ],
            "class": "2",
            "local_cuboid": null,
            "local_to_world_matrix": [
                [
                    -0.4247605800628662,
                    -0.8853684067726135,
                    0.18894793093204498,
                    0.0
                ],
                [
                    -0.8387277722358704,
                    0.3062974810600281,
                    -0.45024174451828003,
                    0.0
                ],
                [
                    0.3407555818557739,
                    -0.3497207760810852,
                    -0.8726861476898193,
                    0.0
                ],
                [
                    1.8375990390777588,
                    -0.5748612284660339,
                    0.19759435951709747,
                    1.0
                ]
            ],
            "location": [
                0.5748612284660339,
                0.19759435951709747,
                -1.8375990390777588
            ],
            "location_world": [
                1.8375990390777588,
                -0.5748612284660339,
                0.19759435951709747
            ],
            "name": "google_2_of_Jenga_Classic_Game_6",
            "projected_cuboid": [
                [
                    473.6868143081665,
                    259.51844453811646
                ],
                [
                    473.8098084926605,
                    272.0487713813782
                ],
                [
                    451.755166053772,
                    187.10917234420776
                ],
                [
                    452.4669647216797,
                    177.14756727218628
                ],
                [
                    448.7287402153015,
                    263.8803720474243
                ],
                [
                    447.928249835968,
                    276.3528525829315
                ],
                [
                    424.86363649368286,
                    193.21352243423462
                ],
                [
                    426.5706539154053,
                    183.19976329803467
                ],
                [
                    450.1602053642273,
                    227.56783664226532
                ]
            ],
            "provenance": "nvisii",
            "quaternion_xyzw": [
                -0.8179801106452942,
                0.035865671932697296,
                -0.23670542240142822,
                -0.5230609774589539
            ],
            "quaternion_xyzw_world": [
                -0.5342350006103516,
                0.8068060874938965,
                -0.24787943065166473,
                0.0470396913588047
            ],
            "segmentation_id": 7,
            "visibility": -1
        },
        {
            "bounding_box_minx_maxx_miny_maxy": [
                -1,
                -1,
                -1,
                -1
            ],
            "class": "2",
            "local_cuboid": null,
            "local_to_world_matrix": [
                [
                    -0.8054280281066895,
                    -0.524605393409729,
                    -0.27581652998924255,
                    0.0
                ],
                [
                    0.4837457835674286,
                    -0.3129739761352539,
                    -0.8173354864120483,
                    0.0
                ],
                [
                    0.3424552381038666,
                    -0.7917300462722778,
                    0.5058536529541016,
                    0.0
                ],
                [
                    1.4422487020492554,
                    0.5924339294433594,
                    0.4357583820819855,
                    1.0
                ]
            ],
            "location": [
                -0.5924339294433594,
                0.4357583820819855,
                -1.4422487020492554
            ],
            "location_world": [
                1.4422487020492554,
                0.5924339294433594,
                0.4357583820819855
            ],
            "name": "google_2_of_Jenga_Classic_Game_7",
            "projected_cuboid": [
                [
                    106.73080384731293,
                    4.064962267875671
                ],
                [
                    120.97185850143433,
                    37.834763526916504
                ],
                [
                    14.405444264411926,
                    85.3274017572403
                ],
                [
                    -3.9918124675750732,
                    50.5230575799942
                ],
                [
                    96.51288390159607,
                    5.670145153999329
                ],
                [
                    110.4482114315033,
                    38.053110241889954
                ],
                [
                    7.708147168159485,
                    83.54118466377258
                ],
                [
                    -10.07312536239624,
                    50.2079576253891
                ],
                [
                    57.14729428291321,
                    43.861016631126404
                ]
            ],
            "provenance": "nvisii",
            "quaternion_xyzw": [
                0.8192063570022583,
                0.011339426040649414,
                0.48741021752357483,
                -0.30199944972991943
            ],
            "quaternion_xyzw_world": [
                0.02056807279586792,
                -0.49663883447647095,
                0.8099777102470398,
                -0.31122806668281555
            ],
            "segmentation_id": 8,
            "visibility": -1
        },
        {
            "bounding_box_minx_maxx_miny_maxy": [
                -1,
                -1,
                -1,
                -1
            ],
            "class": "2",
            "local_cuboid": null,
            "local_to_world_matrix": [
                [
                    -0.878153920173645,
                    -0.1697692573070526,
                    0.4472406208515167,
                    0.0
                ],
                [
                    0.31352904438972473,
                    -0.9103718996047974,
                    0.27004164457321167,
                    0.0
                ],
                [
                    0.36131051182746887,
                    0.3773610591888428,
                    0.8526742458343506,
                    0.0
                ],
                [
                    1.769302248954773,
                    0.03498402610421181,
                    -0.1831507831811905,
                    1.0
                ]
            ],
            "location": [
                -0.03498402610421181,
                -0.1831507831811905,
                -1.769302248954773
            ],
            "location_world": [
                1.769302248954773,
                0.03498402610421181,
                -0.1831507831811905
            ],
            "name": "google_2_of_Jenga_Classic_Game_8",
            "projected_cuboid": [
                [
                    191.53231382369995,
                    226.16885602474213
                ],
                [
                    217.39926934242249,
                    219.08414363861084
                ],
                [
                    253.4920573234558,
                    303.2194674015045
                ],
                [
                    226.59432888031006,
                    312.03243136405945
                ],
                [
                    189.40559029579163,
                    238.2691502571106
                ],
                [
                    214.36986327171326,
                    231.27306997776031
                ],
                [
                    248.91076982021332,
                    312.9088580608368
                ],
                [
                    222.9858785867691,
                    321.5241730213165
                ],
                [
                    220.14449536800385,
                    269.42235231399536
                ]
            ],
            "provenance": "nvisii",
            "quaternion_xyzw": [
                0.5614797472953796,
                0.6044797301292419,
                0.22297900915145874,
                -0.5192543864250183
            ],
            "quaternion_xyzw_world": [
                0.21186305582523346,
                0.16963765025138855,
                0.9540964365005493,
                -0.12663769721984863
            ],
            "segmentation_id": 9,
            "visibility": -1
        },
        {
            "bounding_box_minx_maxx_miny_maxy": [
                -1,
                -1,
                -1,
                -1
            ],
            "class": "2",
            "local_cuboid": null,
            "local_to_world_matrix": [
                [
                    0.8369824886322021,
                    0.5046525001525879,
                    -0.21162749826908112,
                    0.0
                ],
                [
                    0.08915702998638153,
                    -0.5073128938674927,
                    -0.8571375012397766,
                    0.0
                ],
                [
                    -0.5399179458618164,
                    0.698540985584259,
                    -0.46960532665252686,
                    0.0
                ],
                [
                    1.547690749168396,
                    -0.517799437046051,
                    -0.1429671347141266,
                    1.0
                ]
            ],
            "location": [
                0.517799437046051,
                -0.1429671347141266,
                -1.547690749168396
            ],
            "location_world": [
                1.547690749168396,
                -0.517799437046051,
                -0.1429671347141266
            ],
            "name": "google_2_of_Jenga_Classic_Game_9",
            "projected_cuboid": [
                [
                    365.8553957939148,
                    357.28228092193604
                ],
                [
                    383.3651840686798,
                    387.3330056667328
                ],
                [
                    447.8151798248291,
                    321.4119076728821
                ],
                [
                    432.36422538757324,
                    294.0518856048584
                ],
                [
                    389.26491141319275,
                    355.0707697868347
                ],
                [
                    407.49484300613403,
                    386.59191131591797
                ],
                [
                    472.2411632537842,
                    317.8812861442566
                ],
                [
                    456.23669028282166,
                    289.30801153182983
                ],
                [
                    420.8446741104126,
                    336.9164764881134
                ]
            ],
            "provenance": "nvisii",
            "quaternion_xyzw": [
                0.45071250200271606,
                0.16400998830795288,
                -0.8517200350761414,
                0.21102602779865265
            ],
            "quaternion_xyzw_world": [
                0.8387342691421509,
                0.17699572443962097,
                -0.22401177883148193,
                -0.46369826793670654
            ],
            "segmentation_id": 10,
            "visibility": -1
        },
        {
            "bounding_box_minx_maxx_miny_maxy": [
                -1,
                -1,
                -1,
                -1
            ],
            "class": "2",
            "local_cuboid": null,
            "local_to_world_matrix": [
                [
                    0.2166050672531128,
                    0.6153998374938965,
                    0.7578688859939575,
                    0.0
                ],
                [
                    -0.0013656318187713623,
                    0.7764890193939209,
                    -0.630129337310791,
                    0.0
                ],
                [
                    -0.976258397102356,
                    0.1354542374610901,
                    0.16903185844421387,
                    0.0
                ],
                [
                    1.7150298357009888,
                    -0.6534205675125122,
                    -0.7521254420280457,
                    1.0
                ]
            ],
            "location": [
                0.6534205675125122,
                -0.7521254420280457,
                -1.7150298357009888
            ],
            "location_world": [
                1.7150298357009888,
                -0.6534205675125122,
                -0.7521254420280457
            ],
            "name": "google_2_of_Jenga_Classic_Game_10",
            "projected_cuboid": [
                [
                    511.1485719680786,
                    521.1547613143921
                ],
                [
                    483.6573600769043,
                    543.5028672218323
                ],
                [
                    458.8530957698822,
                    512.2315883636475
                ],
                [
                    481.7977547645569,
                    493.5828447341919
                ],
                [
                    534.9023938179016,
                    549.8011708259583
                ],
                [
                    507.0825219154358,
                    572.4203586578369
                ],
                [
                    478.1153202056885,
                    536.0034704208374
                ],
                [
                    501.28841400146484,
                    517.1663761138916
                ],
                [
                    493.2246804237366,
                    529.211699962616
                ]
            ],
            "provenance": "nvisii",
            "quaternion_xyzw": [
                -0.09807026386260986,
                0.0474662184715271,
                0.8974669575691223,
                0.4274135231971741
            ],
            "quaternion_xyzw_world": [
                -0.2603287398815155,
                -0.5896719694137573,
                0.20972469449043274,
                0.7352084517478943
            ],
            "segmentation_id": 11,
            "visibility": -1
        },
        {
            "bounding_box_minx_maxx_miny_maxy": [
                -1,
                -1,
                -1,
                -1
            ],
            "class": "2",
            "local_cuboid": null,
            "local_to_world_matrix": [
                [
                    0.6528096199035645,
                    0.7475659251213074,
                    -0.12241323292255402,
                    0.0
                ],
                [
                    -0.7171472907066345,
                    0.6619454622268677,
                    0.21800938248634338,
                    0.0
                ],
                [
                    0.24400724470615387,
                    -0.054530322551727295,
                    0.9682390689849854,
                    0.0
                ],
                [
                    1.8371456861495972,
                    -0.7790327072143555,
                    0.5145922899246216,
                    1.0
                ]
            ],
            "location": [
                0.7790327072143555,
                0.5145922899246216,
                -1.8371456861495972
            ],
            "location_world": [
                1.8371456861495972,
                -0.7790327072143555,
                0.5145922899246216
            ],
            "name": "google_2_of_Jenga_Classic_Game_11",
            "projected_cuboid": [
                [
                    493.7793016433716,
                    9.317561984062195
                ],
                [
                    483.8141202926636,
                    -4.173010587692261
                ],
                [
                    487.66177892684937,
                    79.08526062965393
                ],
                [
                    497.8790283203125,
                    90.420663356781
                ],
                [
                    518.9485549926758,
                    -0.2085864543914795
                ],
                [
                    509.52911376953125,
                    -14.385610818862915
                ],
                [
                    514.5169496536255,
                    70.87129354476929
                ],
                [
                    524.1369009017944,
                    82.7936977148056
                ],
                [
                    503.64065170288086,
                    38.588061928749084
                ]
            ],
            "provenance": "nvisii",
            "quaternion_xyzw": [
                -0.26383334398269653,
                0.7432332038879395,
                0.566910445690155,
                0.2379266917705536
            ],
            "quaternion_xyzw_world": [
                0.07520811259746552,
                0.10111477971076965,
                0.404191792011261,
                0.9059518575668335
            ],
            "segmentation_id": 12,
            "visibility": -1
        },
        {
            "bounding_box_minx_maxx_miny_maxy": [
                -1,
                -1,
                -1,
                -1
            ],
            "class": "2",
            "local_cuboid": null,
            "local_to_world_matrix": [
                [
                    0.7616904973983765,
                    0.6310035586357117,
                    0.14718075096607208,
                    0.0
                ],
                [
                    0.09194445610046387,
                    -0.33011341094970703,
                    0.9394530057907104,
                    0.0
                ],
                [
                    0.6413843631744385,
                    -0.7020400762557983,
                    -0.3094615936279297,
                    0.0
                ],
                [
                    1.4084229469299316,
                    -0.15475459396839142,
                    0.37028148770332336,
                    1.0
                ]
            ],
            "location": [
                0.15475459396839142,
                0.37028148770332336,
                -1.4084229469299316
            ],
            "location_world": [
                1.4084229469299316,
                -0.15475459396839142,
                0.37028148770332336
            ],
            "name": "google_2_of_Jenga_Classic_Game_12",
            "projected_cuboid": [
                [
                    369.45027112960815,
                    158.45876932144165
                ],
                [
                    379.2043924331665,
                    129.5165717601776
                ],
                [
                    310.1763427257538,
                    76.04119181632996
                ],
                [
                    298.7748086452484,
                    108.47371816635132
                ],
                [
                    393.28205585479736,
                    159.42378342151642
                ],
                [
                    403.2917022705078,
                    129.36881184577942
                ],
                [
                    334.5276713371277,
                    73.5488086938858
                ],
                [
                    322.7652907371521,
                    107.38505423069
                ],
                [
                    353.38202118873596,
                    119.39084529876709
                ]
            ],
            "provenance": "nvisii",
            "quaternion_xyzw": [
                0.13316157460212708,
                0.896080493927002,
                -0.1119893491268158,
                0.40837034583091736
            ],
            "quaternion_xyzw_world": [
                0.7748008966445923,
                0.23326896131038666,
                0.25444120168685913,
                0.5296499729156494
            ],
            "segmentation_id": 13,
            "visibility": -1
        },
        {
            "bounding_box_minx_maxx_miny_maxy": [
                -1,
                -1,
                -1,
                -1
            ],
            "class": "2",
            "local_cuboid": null,
            "local_to_world_matrix": [
                [
                    0.5392744541168213,
                    0.8249083757400513,
                    -0.16943788528442383,
                    0.0
                ],
