{
    "camera_data": {
        "camera_look_at": {
            "at": [
                1.0,
                0.0,
                0.0
            ],
            "eye": [
                0.0,
                0.0,
                0.0
            ],
            "up": [
                0.0,
                0.0,
                1.0
            ]
        },
        "camera_view_matrix": [
            [
                0.0,
                0.0,
                -1.0,
                0.0
            ],
            [
                -1.0,
                0.0,
                0.0,
                0.0
            ],
            [
                0.0,
                1.0,
                0.0,
                0.0
            ],
            [
                0.0,
                0.0,
                0.0,
                1.0
            ]
        ],
        "height": 500,
        "intrinsics": {
            "cx": 250.0,
            "cy": 250.0,
            "fx": 603.5535278320312,
            "fy": 603.5535278320312
        },
        "location_world": [
            0.0,
            0.0,
            0.0
        ],
        "quaternion_world_xyzw": [
            0.5,
            -0.5,
            -0.5,
            0.5
        ],
        "width": 500
    },
    "objects": [
        {
            "bounding_box_minx_maxx_miny_maxy": [
                -1,
                -1,
                -1,
                -1
            ],
            "class": "2",
            "local_cuboid": null,
            "local_to_world_matrix": [
                [
                    -0.13453245162963867,
                    0.8813426494598389,
                    -0.45291954278945923,
                    0.0
                ],
                [
                    -0.6721376180648804,
                    -0.41701388359069824,
                    -0.6118255257606506,
                    0.0
                ],
                [
                    -0.7281016707420349,
                    0.22211383283138275,
                    0.6484854221343994,
                    0.0
                ],
                [
                    1.9527397155761719,
                    -0.6101590991020203,
                    -0.4749629497528076,
                    1.0
                ]
            ],
            "location": [
                0.6101590991020203,
                -0.4749629497528076,
                -1.9527397155761719
            ],
            "location_world": [
                1.9527397155761719,
                -0.6101590991020203,
                -0.4749629497528076
            ],
            "name": "google_2_of_Jenga_Classic_Game_0",
            "projected_cuboid": [
                [
                    418.7314510345459,
                    345.0077176094055
                ],
                [
                    436.79773807525635,
                    366.4402365684509
                ],
                [
                    436.5009069442749,
                    413.10936212539673
                ],
                [
                    420.38780450820923,
                    392.6433324813843
                ],
                [
                    441.3794279098511,
                    332.2817087173462
                ],
                [
                    460.0825905799866,
                    353.161096572876
                ],
                [
                    457.2211503982544,
                    401.0370969772339
                ],
                [
                    440.6021237373352,
                    381.0253441333771
                ],
                [
                    438.8442039489746,
                    374.2857873439789
                ]
            ],
            "provenance": "nvisii",
            "quaternion_xyzw": [
                -0.024398773908615112,
                0.3679046630859375,
                0.8973948359489441,
                -0.24234966933727264
            ],
            "quaternion_xyzw_world": [
                -0.3981193006038666,
                -0.13137084245681763,
                0.741625189781189,
                0.5236743092536926
            ],
            "segmentation_id": 1,
            "visibility": -1
        },
        {
            "bounding_box_minx_maxx_miny_maxy": [
                -1,
                -1,
                -1,
                -1
            ],
            "class": "2",
            "local_cuboid": null,
            "local_to_world_matrix": [
                [
                    -0.5653172731399536,
                    -0.820013165473938,
                    0.0894145667552948,
                    0.0
                ],
                [
                    0.47324898838996887,
                    -0.4112076759338379,
                    -0.7790659666061401,
                    0.0
                ],
                [
                    0.675612211227417,
                    -0.3981039822101593,
                    0.6205331087112427,
                    0.0
                ],
                [
                    1.132194995880127,
                    -0.12530651688575745,
                    -0.07040181756019592,
                    1.0
                ]
            ],
            "location": [
                0.12530651688575745,
                -0.07040181756019592,
                -1.132194995880127
            ],
            "location_world": [
                1.132194995880127,
                -0.12530651688575745,
                -0.07040181756019592
            ],
            "name": "google_2_of_Jenga_Classic_Game_1",
            "projected_cuboid": [
                [
                    370.2862858772278,
                    180.93672394752502
                ],
                [
                    382.4543356895447,
                    212.930828332901
                ],
                [
                    343.471884727478,
                    303.2795190811157
                ],
                [
                    327.6713788509369,
                    268.8048779964447
                ],
                [
                    336.94392442703247,
                    186.44574284553528
                ],
                [
                    349.6876358985901,
                    217.23932027816772
                ],
                [
                    306.6796362400055,
                    304.8812747001648
                ],
                [
                    290.20431637763977,
                    271.8181610107422
                ],
                [
                    339.94007110595703,
                    240.069642663002
                ]
            ],
            "provenance": "nvisii",
            "quaternion_xyzw": [
                0.9048054814338684,
                0.13832315802574158,
                0.26619571447372437,
                -0.30221474170684814
            ],
            "quaternion_xyzw_world": [
                0.23735907673835754,
                -0.36523160338401794,
                0.8057695031166077,
                -0.4012506604194641
            ],
            "segmentation_id": 2,
            "visibility": -1
        },
        {
            "bounding_box_minx_maxx_miny_maxy": [
                -1,
                -1,
                -1,
                -1
            ],
            "class": "2",
            "local_cuboid": null,
            "local_to_world_matrix": [
                [
                    -0.8571920394897461,
                    0.16353602707386017,
                    0.48834261298179626,
                    0.0
                ],
                [
                    -0.05658483877778053,
                    -0.9724093675613403,
                    0.22631622850894928,
                    0.0
                ],
                [
                    0.511879563331604,
                    0.16636361181735992,
                    0.8427944779396057,
                    0.0
                ],
                [
                    0.999530017375946,
                    0.425698846578598,
                    -0.4099075496196747,
                    1.0
                ]
            ],
            "location": [
                -0.425698846578598,
                -0.4099075496196747,
                -0.999530017375946
            ],
            "location_world": [
                0.999530017375946,
                0.425698846578598,
                -0.4099075496196747
            ],
            "name": "google_2_of_Jenga_Classic_Game_2",
            "projected_cuboid": [
                [
                    -31.797975301742554,
                    333.1833779811859
                ],
                [
                    11.52278482913971,
                    323.1765329837799
                ],
                [
                    4.9545615911483765,
                    488.7687861919403
                ],
                [
                    -45.024365186691284,
                    499.50385093688965
                ],
                [
                    -9.151726961135864,
                    348.0544984340668
                ],
                [
                    31.77925944328308,
                    338.68110179901123
                ],
                [
                    28.57956290245056,
                    495.6607222557068
                ],
                [
                    -18.245309591293335,
                    505.66309690475464
                ],
                [
                    -2.8270483016967773,
                    411.14485263824463
                ]
            ],
            "provenance": "nvisii",
            "quaternion_xyzw": [
                0.5296289920806885,
                0.6895164847373962,
                0.32609063386917114,
                -0.37111347913742065
            ],
            "quaternion_xyzw_world": [
                0.26097068190574646,
                0.10245516896247864,
                0.9581748247146606,
                0.05743233114480972
            ],
            "segmentation_id": 3,
            "visibility": -1
        },
        {
            "bounding_box_minx_maxx_miny_maxy": [
                -1,
                -1,
                -1,
                -1
            ],
            "class": "2",
            "local_cuboid": null,
            "local_to_world_matrix": [
                [
                    -0.636044979095459,
                    0.422675758600235,
                    -0.6455942392349243,
                    0.0
                ],
                [
                    -0.008070528507232666,
                    -0.8402371406555176,
                    -0.5421589612960815,
                    0.0
                ],
                [
                    -0.7716097831726074,
                    -0.339627206325531,
                    0.5378398895263672,
                    0.0
                ],
                [
                    1.1306647062301636,
                    -0.004843066446483135,
                    -0.3587765395641327,
                    1.0
                ]
            ],
            "location": [
                0.004843066446483135,
                -0.3587765395641327,
                -1.1306647062301636
            ],
            "location_world": [
                1.1306647062301636,
                -0.004843066446483135,
                -0.3587765395641327
            ],
            "name": "google_2_of_Jenga_Classic_Game_3",
            "projected_cuboid": [
                [
                    285.5622470378876,
                    389.97793197631836
                ],
                [
                    334.2575430870056,
                    421.4889407157898
                ],
                [
                    262.9019021987915,
                    472.3086357116699
                ],
                [
                    224.17455911636353,
                    447.1881687641144
                ],
                [
                    305.2677810192108,
                    349.40510988235474
                ],
                [
                    351.3503670692444,
                    379.18639183044434
                ],
                [
                    279.75916862487793,
                    436.05101108551025
                ],
                [
                    242.70270764827728,
                    412.04217076301575
                ],
                [
                    282.2690010070801,
                    416.1246418952942
                ]
            ],
            "provenance": "nvisii",
            "quaternion_xyzw": [
                0.2949039936065674,
                0.16500535607337952,
                0.8271101117134094,
                -0.44910329580307007
            ],
            "quaternion_xyzw_world": [
                -0.4081520140171051,
                -0.2539527118206024,
                0.868061363697052,
                0.12405410408973694
            ],
            "segmentation_id": 4,
            "visibility": -1
        },
        {
            "bounding_box_minx_maxx_miny_maxy": [
                -1,
                -1,
                -1,
                -1
            ],
            "class": "2",
            "local_cuboid": null,
            "local_to_world_matrix": [
                [
                    -0.0645606517791748,
                    0.24541571736335754,
                    0.9672657251358032,
                    0.0
                ],
                [
                    0.9353406429290771,
                    -0.3229482173919678,
                    0.14436858892440796,
                    0.0
                ],
                [
                    0.3478071391582489,
                    0.9140434861183167,
                    -0.20869755744934082,
                    0.0
                ],
                [
                    1.4164009094238281,
                    -0.49039342999458313,
                    -0.6820240020751953,
                    1.0
                ]
            ],
            "location": [
                0.49039342999458313,
                -0.6820240020751953,
                -1.4164009094238281
            ],
            "location_world": [
                1.4164009094238281,
                -0.49039342999458313,
                -0.6820240020751953
            ],
            "name": "google_2_of_Jenga_Classic_Game_4",
            "projected_cuboid": [
                [
                    331.81920647621155,
                    540.7298803329468
                ],
                [
                    338.2481634616852,
                    521.2311148643494
                ],
                [
                    455.29672503471375,
                    514.875054359436
                ],
                [
                    455.11892437934875,
                    535.4499816894531
                ],
                [
                    339.4275903701782,
                    570.8261132240295
                ],
                [
                    345.45037150382996,
                    549.8673915863037
                ],
                [
                    462.59188652038574,
                    545.5282926559448
                ],
                [
                    462.83239126205444,
                    567.7822828292847
                ],
                [
                    396.81512117385864,
                    543.1147813796997
                ]
            ],
            "provenance": "nvisii",
            "quaternion_xyzw": [
                0.4893932044506073,
                0.6590886116027832,
                -0.43394699692726135,
                -0.3711959421634674
            ],
            "quaternion_xyzw_world": [
                0.6056164503097534,
                0.4874191880226135,
                0.5428653955459595,
                -0.31772375106811523
            ],
            "segmentation_id": 5,
            "visibility": -1
        },
        {
            "bounding_box_minx_maxx_miny_maxy": [
                -1,
                -1,
                -1,
                -1
            ],
            "class": "2",
            "local_cuboid": null,
            "local_to_world_matrix": [
                [
                    0.2190496325492859,
                    0.08592362701892853,
                    0.9719232320785522,
                    0.0
                ],
                [
                    -0.37244123220443726,
                    0.9280538558959961,
                    0.0018946081399917603,
                    0.0
                ],
                [
                    -0.9018343687057495,
                    -0.36239922046661377,
                    0.23529130220413208,
                    0.0
                ],
                [
                    1.971740961074829,
                    -0.5373640656471252,
                    -0.6090280413627625,
                    1.0
                ]
            ],
            "location": [
                0.5373640656471252,
                -0.6090280413627625,
                -1.971740961074829
            ],
            "location_world": [
                1.971740961074829,
                -0.5373640656471252,
                -0.6090280413627625
            ],
            "name": "google_2_of_Jenga_Classic_Game_5",
            "projected_cuboid": [
                [
                    486.5345358848572,
                    424.8852729797363
                ],
                [
                    463.1058871746063,
                    428.061306476593
                ],
                [
                    402.01300382614136,
                    425.30032992362976
                ],
                [
                    423.312246799469,
                    422.5868880748749
                ],
                [
                    491.30213260650635,
                    453.6234736442566
                ],
                [
                    467.7221179008484,
                    457.3688507080078
                ],
                [
                    405.46268224716187,
                    450.6189227104187
                ],
                [
                    426.89311504364014,
                    447.47936725616455
                ],
                [
                    443.63370537757874,
                    438.502699136734
                ]
            ],
            "provenance": "nvisii",
            "quaternion_xyzw": [
                0.05086171627044678,
                0.21562939882278442,
                0.704603374004364,
                0.6741300821304321
            ],
            "quaternion_xyzw_world": [
                0.11800891906023026,
                -0.6069828867912292,
                0.14848218858242035,
                0.7717505693435669
            ],
            "segmentation_id": 6,
            "visibility": -1
        },
        {
            "bounding_box_minx_maxx_miny_maxy": [
                -1,
                -1,
                -1,
                -1
            ],
            "class": "2",
            "local_cuboid": null,
            "local_to_world_matrix": [
                [
                    -0.6479597091674805,
                    -0.3895121216773987,
                    0.6545451283454895,
                    0.0
                ],
                [
                    -0.17225795984268188,
                    0.9120236039161682,
                    0.3722098767757416,
                    0.0
                ],
                [
                    -0.7419407963752747,
                    0.12842628359794617,
                    -0.6580511331558228,
                    0.0
                ],
                [
                    1.539926528930664,
                    -0.7178511023521423,
                    -0.305433064699173,
                    1.0
                ]
            ],
            "location": [
                0.7178511023521423,
                -0.305433064699173,
                -1.539926528930664
            ],
            "location_world": [
                1.539926528930664,
                -0.7178511023521423,
                -0.305433064699173
            ],
            "name": "google_2_of_Jenga_Classic_Game_6",
            "projected_cuboid": [
                [
                    589.5917415618896,
                    475.5091071128845
                ],
                [
                    557.400107383728,
                    463.35092186927795
                ],
                [
                    528.21946144104,
                    355.69506883621216
                ],
                [
                    556.1052560806274,
                    367.1506643295288
                ],
                [
                    563.1148815155029,
                    489.9904727935791
                ],
                [
                    531.862735748291,
                    478.4526228904724
                ],
                [
                    507.1910619735718,
                    372.22790718078613
                ],
                [
                    534.3650579452515,
                    383.15826654434204
                ],
                [
                    544.7466373443604,
                    419.3001389503479
                ]
            ],
            "provenance": "nvisii",
            "quaternion_xyzw": [
                -0.2623745799064636,
                0.24533507227897644,
                -0.4950300455093384,
                -0.7911483645439148
            ],
            "quaternion_xyzw_world": [
                -0.1565789133310318,
                0.8969440460205078,
                0.13953940570354462,
                -0.38923439383506775
            ],
            "segmentation_id": 7,
            "visibility": -1
        },
        {
            "bounding_box_minx_maxx_miny_maxy": [
                -1,
                -1,
                -1,
                -1
            ],
            "class": "2",
            "local_cuboid": null,
            "local_to_world_matrix": [
                [
                    0.7390103936195374,
                    -0.6281253695487976,
                    -0.24356147646903992,
                    0.0
                ],
                [
                    0.21003103256225586,
                    -0.12870275974273682,
                    0.9691866636276245,
                    0.0
                ],
                [
                    -0.6401176452636719,
                    -0.7673945426940918,
                    0.03681308031082153,
                    0.0
                ],
                [
                    0.9791725873947144,
                    0.6427135467529297,
                    0.5432912111282349,
                    1.0
                ]
            ],
            "location": [
                -0.6427135467529297,
                0.5432912111282349,
                -0.9791725873947144
            ],
            "location_world": [
                0.9791725873947144,
                0.6427135467529297,
                0.5432912111282349
            ],
            "name": "google_2_of_Jenga_Classic_Game_7",
            "projected_cuboid": [
                [
                    -46.58031463623047,
                    -124.0324079990387
                ],
                [
                    -32.34398365020752,
                    -175.53779482841492
                ],
                [
                    -113.4490966796875,
                    -90.93430638313293
                ],
                [
                    -126.46114826202393,
                    -47.56343364715576
                ],
                [
                    -109.16250944137573,
                    -168.32304000854492
                ],
                [
                    -92.41315722465515,
                    -222.700834274292
                ],
                [
                    -166.73600673675537,
                    -123.75685572624207
                ],
                [
                    -181.5582513809204,
                    -78.31788063049316
                ],
                [
                    -111.62403225898743,
                    -123.8832175731659
                ]
            ],
            "provenance": "nvisii",
            "quaternion_xyzw": [
                -0.06859505921602249,
                0.41861194372177124,
                -0.10344773530960083,
                0.8996430039405823
            ],
            "quaternion_xyzw_world": [
                0.6765537858009338,
                -0.15449412167072296,
                -0.3265369236469269,
                0.6417011022567749
            ],
            "segmentation_id": 8,
            "visibility": -1
        },
        {
            "bounding_box_minx_maxx_miny_maxy": [
                -1,
                -1,
                -1,
                -1
            ],
            "class": "2",
            "local_cuboid": null,
            "local_to_world_matrix": [
                [
                    -0.5266400575637817,
                    0.5807521939277649,
                    -0.620787501335144,
                    0.0
                ],
                [
                    -0.27821123600006104,
                    0.5722991824150085,
                    0.7714092135429382,
                    0.0
                ],
                [
                    0.8032737970352173,
                    0.5789650082588196,
                    -0.13982391357421875,
                    0.0
                ],
                [
                    1.6767492294311523,
                    0.3656986653804779,
                    0.16174836456775665,
                    1.0
                ]
            ],
            "location": [
                -0.3656986653804779,
                0.16174836456775665,
                -1.6767492294311523
            ],
            "location_world": [
                1.6767492294311523,
                0.3656986653804779,
                0.16174836456775665
            ],
            "name": "google_2_of_Jenga_Classic_Game_8",
            "projected_cuboid": [
                [
                    80.73113858699799,
                    229.7464907169342
                ],
                [
                    63.09175491333008,
                    208.56957137584686
                ],
                [
                    98.49663078784943,
                    187.66553699970245
                ],
                [
                    118.11895668506622,
                    212.1162712574005
                ],
                [
                    98.57305884361267,
                    214.97438848018646
                ],
                [
                    81.5335065126419,
                    194.07488405704498
                ],
                [
                    118.63268911838531,
                    171.66860401630402
                ],
                [
                    137.50135898590088,
                    195.74490189552307
                ],
                [
                    98.53804111480713,
                    202.46030390262604
                ]
            ],
            "provenance": "nvisii",
            "quaternion_xyzw": [
                -0.33582448959350586,
                0.888177216053009,
                0.03895263373851776,
                -0.3112005591392517
            ],
            "quaternion_xyzw_world": [
                0.10109975934028625,
                0.7481248378753662,
                0.4512529671192169,
                0.47587689757347107
            ],
            "segmentation_id": 9,
            "visibility": -1
        },
        {
            "bounding_box_minx_maxx_miny_maxy": [
                -1,
                -1,
                -1,
                -1
            ],
            "class": "2",
            "local_cuboid": null,
            "local_to_world_matrix": [
                [
                    -0.6778542995452881,
                    0.3657619059085846,
                    -0.6377553343772888,
                    0.0
                ],
                [
                    -0.04785028100013733,
                    -0.8875722885131836,
                    -0.4581766724586487,
                    0.0
                ],
                [
                    -0.7336375117301941,
                    -0.2800602316856384,
                    0.6191464066505432,
                    0.0
                ],
                [
                    1.6691662073135376,
                    -0.40021687746047974,
                    -0.7387422323226929,
                    1.0
                ]
            ],
            "location": [
                0.40021687746047974,
                -0.7387422323226929,
                -1.6691662073135376
            ],
            "location_world": [
                1.6691662073135376,
                -0.40021687746047974,
                -0.7387422323226929
            ],
            "name": "google_2_of_Jenga_Classic_Game_9",
            "projected_cuboid": [
                [
                    431.5093159675598,
                    487.87903785705566
                ],
                [
                    463.7410342693329,
                    504.9259662628174
                ],
                [
                    405.72112798690796,
                    538.163959980011
                ],
                [
                    377.8321444988251,
                    523.256778717041
                ],
                [
                    436.70517206192017,
                    458.83870124816895
                ],
                [
                    467.78619289398193,
                    475.19025206565857
                ],
                [
                    411.08614206314087,
                    511.1408233642578
                ],
                [
                    384.0627670288086,
                    496.76740169525146
                ],
                [
                    420.43572664260864,
                    500.4918575286865
                ]
            ],
            "provenance": "nvisii",
            "quaternion_xyzw": [
                0.2994900941848755,
                0.20853522419929504,
                0.7996211647987366,
                -0.4768907129764557
            ],
            "quaternion_xyzw_world": [
                -0.38424327969551086,
                -0.20684267580509186,
                0.8922685980796814,
                0.11588780581951141
            ],
            "segmentation_id": 10,
            "visibility": -1
        },
        {
            "bounding_box_minx_maxx_miny_maxy": [
                -1,
                -1,
                -1,
                -1
            ],
            "class": "2",
            "local_cuboid": null,
            "local_to_world_matrix": [
                [
                    0.533388078212738,
                    0.43931835889816284,
                    0.7228391766548157,
                    0.0
                ],
                [
                    0.13381391763687134,
                    0.7999652624130249,
                    -0.5849353671073914,
                    0.0
                ],
                [
                    -0.8352190852165222,
                    0.40872350335121155,
                    0.36790502071380615,
                    0.0
                ],
                [
                    1.872313141822815,
                    -0.5989547967910767,
                    -0.6957991719245911,
                    1.0
                ]
            ],
            "location": [
                0.5989547967910767,
                -0.6957991719245911,
                -1.872313141822815
            ],
            "location_world": [
                1.872313141822815,
                -0.5989547967910767,
                -0.6957991719245911
            ],
            "name": "google_2_of_Jenga_Classic_Game_10",
            "projected_cuboid": [
                [
                    432.14234709739685,
                    446.49022817611694
                ],
                [
                    406.2655568122864,
                    463.16057443618774
                ],
                [
                    424.13467168807983,
                    469.93082761764526
                ],
                [
                    446.77406549453735,
                    455.4554224014282
                ],
                [
                    449.9872326850891,
                    473.1404185295105
                ],
                [
                    423.31039905548096,
                    490.058958530426
                ],
                [
                    439.34500217437744,
                    493.4486150741577
                ],
                [
                    462.593674659729,
                    478.7871837615967
                ],
                [
                    435.9630346298218,
                    471.39930725097656
                ]
            ],
            "provenance": "nvisii",
            "quaternion_xyzw": [
                -0.278566837310791,
                0.06921686232089996,
                0.84549880027771,
                0.45026805996894836
            ],
            "quaternion_xyzw_world": [
                -0.30229032039642334,
                -0.47399160265922546,
                0.09294038265943527,
                0.8217752575874329
            ],
            "segmentation_id": 11,
            "visibility": -1
        },
        {
            "bounding_box_minx_maxx_miny_maxy": [
                -1,
                -1,
                -1,
                -1
            ],
            "class": "2",
            "local_cuboid": null,
            "local_to_world_matrix": [
                [
                    0.006086945533752441,
                    -0.9845344424247742,
                    -0.17508524656295776,
                    0.0
                ],
                [
                    -0.42244070768356323,
                    -0.16122961044311523,
                    0.8919354677200317,
                    0.0
                ],
                [
                    -0.9063701033592224,
                    0.0685339868068695,
                    -0.4168888330459595,
                    0.0
                ],
                [
                    1.5795090198516846,
                    -0.7336955666542053,
                    0.7026892900466919,
                    1.0
                ]
            ],
            "location": [
                0.7336955666542053,
                0.7026892900466919,
                -1.5795090198516846
            ],
            "location_world": [
                1.5795090198516846,
                -0.7336955666542053,
                0.7026892900466919
            ],
            "name": "google_2_of_Jenga_Classic_Game_11",
            "projected_cuboid": [
                [
                    587.6659154891968,
                    7.1347057819366455
                ],
                [
                    603.2853722572327,
                    -34.58556532859802
                ],
                [
                    551.1385202407837,
                    -33.40274095535278
                ],
                [
                    539.2717123031616,
                    1.3773739337921143
                ],
                [
                    552.6049733161926,
                    0.7904171943664551
                ],
                [
                    567.2657489776611,
                    -41.119784116744995
                ],
                [
                    521.2101340293884,
                    -38.82867097854614
                ],
                [
                    510.00815629959106,
                    -3.916919231414795
                ],
                [
                    551.813542842865,
                    -17.662137746810913
                ]
            ],
            "provenance": "nvisii",
            "quaternion_xyzw": [
                0.21577122807502747,
                -0.016053617000579834,
                -0.08645838499069214,
                0.9724761843681335
            ],
            "quaternion_xyzw_world": [
                0.6293261051177979,
                -0.5589213371276855,
                -0.4296084940433502,
                0.32709649205207825
            ],
            "segmentation_id": 12,
            "visibility": -1
        },
        {
            "bounding_box_minx_maxx_miny_maxy": [
                -1,
                -1,
                -1,
                -1
            ],
            "class": "2",
            "local_cuboid": null,
            "local_to_world_matrix": [
                [
                    0.33196061849594116,
                    -0.9305284023284912,
                    0.15465892851352692,
                    0.0
                ],
                [
                    0.910781741142273,
                    0.2735077142715454,
                    -0.30930647253990173,
                    0.0
                ],
                [
                    0.24551792442798615,
                    0.24353812634944916,
                    0.9383017420768738,
                    0.0
                ],
                [
                    1.8579500913619995,
                    0.5821858048439026,
                    0.19048522412776947,
                    1.0
                ]
            ],
            "location": [
                -0.5821858048439026,
                0.19048522412776947,
                -1.8579500913619995
            ],
            "location_world": [
                1.8579500913619995,
                0.5821858048439026,
                0.19048522412776947
            ],
            "name": "google_2_of_Jenga_Classic_Game_12",
            "projected_cuboid": [
                [
                    58.22090804576874,
                    96.68333828449249
                ],
                [
                    58.62973630428314,
                    110.59118807315826
                ],
                [
                    73.92765581607819,
                    191.98687374591827
                ],
                [
                    74.14482533931732,
                    180.9505671262741
                ],
                [
                    31.956374645233154,
                    98.46636652946472
                ],
                [
                    33.40388834476471,
                    112.49041557312012
                ],
                [
                    47.95391857624054,
                    195.09023427963257
                ],
                [
                    47.06841707229614,
                    184.0260624885559
                ],
                [
                    53.115859627723694,
                    145.61398327350616
                ]
            ],
            "provenance": "nvisii",
            "quaternion_xyzw": [
                -0.7882500886917114,
                0.037693947553634644,
                0.18252423405647278,
                0.5864521265029907
            ],
            "quaternion_xyzw_world": [
                -0.1733141541481018,
                0.028483867645263672,
                -0.5772420167922974,
                0.7974601984024048
            ],
            "segmentation_id": 13,
            "visibility": -1
        },
        {
            "bounding_box_minx_maxx_miny_maxy": [
                -1,
                -1,
                -1,
                -1
            ],
            "class": "2",
            "local_cuboid": null,
            "local_to_world_matrix": [
                [
                    -0.47615551948547363,
                    -0.8758882284164429,
                    -0.07807579636573792,
