{
    "camera_data": {
        "camera_look_at": {
            "at": [
                1.0,
                0.0,
                0.0
            ],
            "eye": [
                0.0,
                0.0,
                0.0
            ],
            "up": [
                0.0,
                0.0,
                1.0
            ]
        },
        "camera_view_matrix": [
            [
                0.0,
                0.0,
                -1.0,
                0.0
            ],
            [
                -1.0,
                0.0,
                0.0,
                0.0
            ],
            [
                0.0,
                1.0,
                0.0,
                0.0
            ],
            [
                0.0,
                0.0,
                0.0,
                1.0
            ]
        ],
        "height": 500,
        "intrinsics": {
            "cx": 250.0,
            "cy": 250.0,
            "fx": 603.5535278320312,
            "fy": 603.5535278320312
        },
        "location_world": [
            0.0,
            0.0,
            0.0
        ],
        "quaternion_world_xyzw": [
            0.5,
            -0.5,
            -0.5,
            0.5
        ],
        "width": 500
    },
    "objects": [
        {
            "bounding_box_minx_maxx_miny_maxy": [
                -1,
                -1,
                -1,
                -1
            ],
            "class": "2",
            "local_cuboid": null,
            "local_to_world_matrix": [
                [
                    0.41783779859542847,
                    0.10621584951877594,
                    0.9022914171218872,
                    0.0
                ],
                [
                    -0.08439284563064575,
                    -0.9843108654022217,
                    0.15495207905769348,
                    0.0
                ],
                [
                    0.9045935869216919,
                    -0.14089179039001465,
                    -0.40231847763061523,
                    0.0
                ],
                [
                    1.3170174360275269,
                    -0.30647048354148865,
                    0.4371577203273773,
                    1.0
                ]
            ],
            "location": [
                0.30647048354148865,
                0.4371577203273773,
                -1.3170174360275269
            ],
            "location_world": [
                1.3170174360275269,
                -0.30647048354148865,
                0.4371577203273773
            ],
            "name": "google_2_of_Jenga_Classic_Game_0",
            "projected_cuboid": [
                [
                    363.7719750404358,
                    118.58181655406952
                ],
                [
                    395.74742317199707,
                    113.04081976413727
                ],
                [
                    406.02773427963257,
                    32.498255372047424
                ],
                [
                    367.6784634590149,
                    39.563581347465515
                ],
                [
                    369.38774585723877,
                    143.21228861808777
                ],
                [
                    402.06393599510193,
                    137.6667022705078
                ],
                [
                    413.89232873916626,
                    60.094162821769714
                ],
                [
                    374.5307922363281,
                    67.18730926513672
                ],
                [
                    386.20081543922424,
                    92.40864217281342
                ]
            ],
            "provenance": "nvisii",
            "quaternion_xyzw": [
                0.6409808397293091,
                0.735826313495636,
                -0.10801652073860168,
                0.1898306906223297
            ],
            "quaternion_xyzw_world": [
                0.8373271822929382,
                0.00651567243039608,
                0.5394799709320068,
                0.08832982927560806
            ],
            "segmentation_id": 1,
            "visibility": -1
        },
        {
            "bounding_box_minx_maxx_miny_maxy": [
                -1,
                -1,
                -1,
                -1
            ],
            "class": "2",
            "local_cuboid": null,
            "local_to_world_matrix": [
                [
                    0.802497148513794,
                    0.3368610739707947,
                    -0.4924662709236145,
                    0.0
                ],
                [
                    -0.04059135913848877,
                    -0.7926416397094727,
                    -0.6083351969718933,
                    0.0
                ],
                [
                    -0.5952736735343933,
                    0.5081771016120911,
                    -0.622418999671936,
                    0.0
                ],
                [
                    1.5950381755828857,
                    -0.37378862500190735,
                    0.625974714756012,
                    1.0
                ]
            ],
            "location": [
                0.37378862500190735,
                0.625974714756012,
                -1.5950381755828857
            ],
            "location_world": [
                1.5950381755828857,
                -0.37378862500190735,
                0.625974714756012
            ],
            "name": "google_2_of_Jenga_Classic_Game_1",
            "projected_cuboid": [
                [
                    324.10186529159546,
                    63.08259069919586
                ],
                [
                    352.11488604545593,
                    84.0061753988266
                ],
                [
                    396.32171392440796,
                    34.240275621414185
                ],
                [
                    371.2068200111389,
                    15.655696392059326
                ],
                [
                    339.0025496482849,
                    37.7228707075119
                ],
                [
                    368.3302402496338,
                    59.53827500343323
                ],
                [
                    412.52368688583374,
                    10.479256510734558
                ],
                [
                    386.35745644569397,
                    -8.805036544799805
                ],
                [
                    369.88329887390137,
                    35.84665060043335
                ]
            ],
            "provenance": "nvisii",
            "quaternion_xyzw": [
                0.4111570119857788,
                0.18251864612102509,
                -0.7969425916671753,
                0.4031369090080261
            ],
            "quaternion_xyzw_world": [
                0.8968775868415833,
                0.08258365094661713,
                -0.3032018840312958,
                -0.31122204661369324
            ],
            "segmentation_id": 2,
            "visibility": -1
        },
        {
            "bounding_box_minx_maxx_miny_maxy": [
                -1,
                -1,
                -1,
                -1
            ],
            "class": "2",
            "local_cuboid": null,
            "local_to_world_matrix": [
                [
                    -0.2188255786895752,
                    -0.06261643767356873,
                    -0.9737527370452881,
                    0.0
                ],
                [
                    -0.8610153198242188,
                    0.4819190502166748,
                    0.16250133514404297,
                    0.0
                ],
                [
                    0.45909473299980164,
                    0.8739755153656006,
                    -0.1593698263168335,
                    0.0
                ],
                [
                    0.2993081510066986,
                    -0.2958480715751648,
                    -0.08943397551774979,
                    1.0
                ]
            ],
            "location": [
                0.2958480715751648,
                -0.08943397551774979,
                -0.2993081510066986
            ],
            "location_world": [
                0.2993081510066986,
                -0.2958480715751648,
                -0.08943397551774979
            ],
            "name": "google_2_of_Jenga_Classic_Game_2",
            "projected_cuboid": [
                [
                    332.963228225708,
                    487.2022271156311
                ],
                [
                    285.26628017425537,
                    510.27703285217285
                ],
                [
                    909.6126556396484,
                    537.0380878448486
                ],
                [
                    838.0804061889648,
                    498.5535144805908
                ],
                [
                    323.7382173538208,
                    381.73627853393555
                ],
                [
                    276.41761302948,
                    384.9306106567383
                ],
                [
                    856.7160367965698,
                    348.1069505214691
                ],
                [
                    799.9389171600342,
                    351.44367814064026
                ],
                [
                    527.1031856536865,
                    435.64364314079285
                ]
            ],
            "provenance": "nvisii",
            "quaternion_xyzw": [
                -0.5829257369041443,
                0.6242955327033997,
                0.2809748351573944,
                -0.43761372566223145
            ],
            "quaternion_xyzw_world": [
                -0.33860939741134644,
                0.6819300651550293,
                0.3799791634082794,
                0.5252912044525146
            ],
            "segmentation_id": 3,
            "visibility": -1
        },
        {
            "bounding_box_minx_maxx_miny_maxy": [
                -1,
                -1,
                -1,
                -1
            ],
            "class": "2",
            "local_cuboid": null,
            "local_to_world_matrix": [
                [
                    -0.19497156143188477,
                    -0.5266586542129517,
                    -0.8274161219596863,
                    0.0
                ],
                [
                    -0.7641010284423828,
                    0.6104673743247986,
                    -0.20851701498031616,
                    0.0
                ],
                [
                    0.6149279475212097,
                    0.5915745496749878,
                    -0.5214442014694214,
                    0.0
                ],
                [
                    0.1803969442844391,
                    -0.3687736690044403,
                    -0.14264364540576935,
                    1.0
                ]
            ],
            "location": [
                0.3687736690044403,
                -0.14264364540576935,
                -0.1803969442844391
            ],
            "location_world": [
                0.1803969442844391,
                -0.3687736690044403,
                -0.14264364540576935
            ],
            "name": "google_2_of_Jenga_Classic_Game_3",
            "projected_cuboid": [
                [
                    630.5891275405884,
                    750.2214908599854
                ],
                [
                    610.1082563400269,
                    884.2451572418213
                ],
                [
                    1812.9724264144897,
                    1040.8098697662354
                ],
                [
                    1472.8177785873413,
                    740.077793598175
                ],
                [
                    553.2653331756592,
                    632.4976682662964
                ],
                [
                    518.8524127006531,
                    737.7359867095947
                ],
                [
                    1497.8446960449219,
                    710.004985332489
                ],
                [
                    1273.6893892288208,
                    527.1105170249939
                ],
                [
                    880.6821703910828,
                    738.6241555213928
                ]
            ],
            "provenance": "nvisii",
            "quaternion_xyzw": [
                -0.7665024399757385,
                0.46897563338279724,
                0.12935487926006317,
                -0.4192892611026764
            ],
            "quaternion_xyzw_world": [
                -0.423085480928421,
                0.7627062201499939,
                0.12555867433547974,
                0.4727718234062195
            ],
            "segmentation_id": 4,
            "visibility": -1
        },
        {
            "bounding_box_minx_maxx_miny_maxy": [
                -1,
                -1,
                -1,
                -1
            ],
            "class": "2",
            "local_cuboid": null,
            "local_to_world_matrix": [
                [
                    0.8524472713470459,
                    -0.5077428221702576,
                    -0.12462291121482849,
                    0.0
                ],
                [
                    -0.5167585015296936,
                    -0.8544601202011108,
                    -0.05346868187189102,
                    0.0
                ],
                [
                    -0.07933695614337921,
                    0.10997917503118515,
                    -0.9907625913619995,
                    0.0
                ],
                [
                    1.6594352722167969,
                    -0.7301722764968872,
                    -0.28841108083724976,
                    1.0
                ]
            ],
            "location": [
                0.7301722764968872,
                -0.28841108083724976,
                -1.6594352722167969
            ],
            "location_world": [
                1.6594352722167969,
                -0.7301722764968872,
                -0.28841108083724976
            ],
            "name": "google_2_of_Jenga_Classic_Game_4",
            "projected_cuboid": [
                [
                    493.30562353134155,
                    457.09484815597534
                ],
                [
                    526.1696577072144,
                    464.2312526702881
                ],
                [
                    533.9416861534119,
                    356.746643781662
                ],
                [
                    501.3240575790405,
                    352.44154930114746
                ],
                [
                    488.4958267211914,
                    462.01521158218384
                ],
                [
                    522.6250886917114,
                    469.59102153778076
                ],
                [
                    530.7742357254028,
                    357.5226664543152
                ],
                [
                    496.90914154052734,
                    353.0213236808777
                ],
                [
                    511.54136657714844,
                    408.63367915153503
                ]
            ],
            "provenance": "nvisii",
            "quaternion_xyzw": [
                0.608661413192749,
                0.29977139830589294,
                -0.3953045904636383,
                0.619195282459259
            ],
            "quaternion_xyzw_world": [
                0.9614663124084473,
                -0.266390323638916,
                -0.05303354561328888,
                -0.04249963164329529
            ],
            "segmentation_id": 5,
            "visibility": -1
        },
        {
            "bounding_box_minx_maxx_miny_maxy": [
                -1,
                -1,
                -1,
                -1
            ],
            "class": "2",
            "local_cuboid": null,
            "local_to_world_matrix": [
                [
                    0.2616509795188904,
                    0.8711996078491211,
                    0.41539132595062256,
                    0.0
                ],
                [
                    0.8673573732376099,
                    -0.4010273218154907,
                    0.29473406076431274,
                    0.0
                ],
                [
                    0.4233555197715759,
                    0.2831752896308899,
                    -0.8605706691741943,
                    0.0
                ],
                [
                    1.8017582893371582,
                    -0.36442697048187256,
                    -0.16875556111335754,
                    1.0
                ]
            ],
            "location": [
                0.36442697048187256,
                -0.16875556111335754,
                -1.8017582893371582
            ],
            "location_world": [
                1.8017582893371582,
                -0.36442697048187256,
                -0.16875556111335754
            ],
            "name": "google_2_of_Jenga_Classic_Game_5",
            "projected_cuboid": [
                [
                    323.23065400123596,
                    382.2750449180603
                ],
                [
                    330.8735191822052,
                    369.74772810935974
                ],
                [
                    363.28816413879395,
                    295.69011926651
                ],
                [
                    356.45008087158203,
                    306.03504180908203
                ],
                [
                    346.11740708351135,
                    394.2573368549347
                ],
                [
                    352.9822826385498,
                    381.1478614807129
                ],
                [
                    387.25852966308594,
                    307.0252537727356
                ],
                [
                    381.3404440879822,
                    317.96497106552124
                ],
                [
                    354.63419556617737,
                    345.36755084991455
                ]
            ],
            "provenance": "nvisii",
            "quaternion_xyzw": [
                0.25368374586105347,
                0.8045634627342224,
                -0.5369148254394531,
                -0.0066881924867630005
            ],
            "quaternion_xyzw_world": [
                0.7942368984222412,
                0.5472413301467896,
                0.2640102803707123,
                0.0036383355036377907
            ],
            "segmentation_id": 6,
            "visibility": -1
        },
        {
            "bounding_box_minx_maxx_miny_maxy": [
                -1,
                -1,
                -1,
                -1
            ],
            "class": "2",
            "local_cuboid": null,
            "local_to_world_matrix": [
                [
                    -0.6153132915496826,
                    0.7562263607978821,
                    -0.22251282632350922,
                    0.0
                ],
                [
                    0.6101755499839783,
                    0.6356310844421387,
                    0.47292616963386536,
                    0.0
                ],
                [
                    0.4990752339363098,
                    0.1552257239818573,
                    -0.8525431156158447,
                    0.0
                ],
                [
                    1.5659043788909912,
                    -0.5373495817184448,
                    0.4513513743877411,
                    1.0
                ]
            ],
            "location": [
                0.5373495817184448,
                0.4513513743877411,
                -1.5659043788909912
            ],
            "location_world": [
                1.5659043788909912,
                -0.5373495817184448,
                0.4513513743877411
            ],
            "name": "google_2_of_Jenga_Classic_Game_6",
            "projected_cuboid": [
                [
                    427.63644456863403,
                    186.955064535141
                ],
                [
                    403.38557958602905,
                    174.7826337814331
                ],
                [
                    435.11104583740234,
                    71.89448177814484
                ],
                [
                    462.772399187088,
                    81.74048364162445
                ],
                [
                    443.6483383178711,
                    182.5495958328247
                ],
                [
                    419.5973873138428,
                    170.84136605262756
                ],
                [
                    451.8324136734009,
                    70.68827748298645
                ],
                [
                    479.18617725372314,
                    80.18909394741058
                ],
                [
                    439.56565856933594,
                    129.63256239891052
                ]
            ],
            "provenance": "nvisii",
            "quaternion_xyzw": [
                -0.25977054238319397,
                0.8258673548698425,
                -0.442782461643219,
                -0.23325136303901672
            ],
            "quaternion_xyzw_world": [
                0.3878139853477478,
                0.8808358907699585,
                0.17828290164470673,
                0.20480208098888397
            ],
            "segmentation_id": 7,
            "visibility": -1
        },
        {
            "bounding_box_minx_maxx_miny_maxy": [
                -1,
                -1,
                -1,
                -1
            ],
            "class": "2",
            "local_cuboid": null,
            "local_to_world_matrix": [
                [
                    -0.3989373445510864,
                    -0.7287884950637817,
                    0.5565221309661865,
                    0.0
                ],
                [
                    0.18185290694236755,
                    0.5319746732711792,
                    0.8270021677017212,
                    0.0
                ],
                [
                    -0.8987652063369751,
                    0.4311269521713257,
                    -0.07969236373901367,
                    0.0
                ],
                [
                    1.3438493013381958,
                    0.462658166885376,
                    0.6685538291931152,
                    1.0
                ]
            ],
            "location": [
                -0.462658166885376,
                0.6685538291931152,
                -1.3438493013381958
            ],
            "location_world": [
                1.3438493013381958,
                0.462658166885376,
                0.6685538291931152
            ],
            "name": "google_2_of_Jenga_Classic_Game_7",
            "projected_cuboid": [
                [
                    -56.58462643623352,
                    -110.72203516960144
                ],
                [
                    -77.45859026908875,
                    -144.8306143283844
                ],
                [
                    43.79774630069733,
                    -77.75089144706726
                ],
                [
                    61.93165481090546,
                    -49.643754959106445
                ],
                [
                    -79.58030700683594,
                    -75.97780227661133
                ],
                [
                    -99.53996539115906,
                    -109.59762334823608
                ],
                [
                    23.165211081504822,
                    -50.826966762542725
                ],
                [
                    40.642574429512024,
                    -23.06830883026123
                ],
                [
                    -11.623352766036987,
                    -76.95445418357849
                ]
            ],
            "provenance": "nvisii",
            "quaternion_xyzw": [
                -0.027482599020004272,
                -0.2232983410358429,
                0.2928202450275421,
                0.9293217658996582
            ],
            "quaternion_xyzw_world": [
                0.19286030530929565,
                -0.7089788913726807,
                -0.4436412453651428,
                0.513163149356842
            ],
            "segmentation_id": 8,
            "visibility": -1
        },
        {
            "bounding_box_minx_maxx_miny_maxy": [
                -1,
                -1,
                -1,
                -1
            ],
            "class": "2",
            "local_cuboid": null,
            "local_to_world_matrix": [
                [
                    -0.5681706666946411,
                    -0.5322368144989014,
                    0.6276198625564575,
                    0.0
                ],
                [
                    0.6518731117248535,
                    0.17438119649887085,
                    0.738006055355072,
                    0.0
                ],
                [
                    -0.5022391080856323,
                    0.8284415602684021,
                    0.24787229299545288,
                    0.0
                ],
                [
                    1.821346640586853,
                    -0.1311023235321045,
                    -0.42005008459091187,
                    1.0
                ]
            ],
            "location": [
                0.1311023235321045,
                -0.42005008459091187,
                -1.821346640586853
            ],
            "location_world": [
                1.821346640586853,
                -0.1311023235321045,
                -0.42005008459091187
            ],
            "name": "google_2_of_Jenga_Classic_Game_8",
            "projected_cuboid": [
                [
                    219.3395346403122,
                    381.53791427612305
                ],
                [
                    215.05355834960938,
                    354.83673214912415
                ],
                [
                    297.8253960609436,
                    370.34180760383606
                ],
                [
                    304.32841181755066,
                    395.31344175338745
                ],
                [
                    204.98402416706085,
                    395.90537548065186
                ],
                [
                    201.26761496067047,
                    369.43960189819336
                ],
                [
                    283.1376791000366,
                    383.42851400375366
                ],
                [
                    289.03505206108093,
                    408.18050503730774
                ],
                [
                    253.4884214401245,
                    382.54982233047485
                ]
            ],
            "provenance": "nvisii",
            "quaternion_xyzw": [
                0.2701812982559204,
                0.41938358545303345,
                -0.24083003401756287,
                -0.8325386047363281
            ],
            "quaternion_xyzw_world": [
                0.04892817884683609,
                0.6112854480743408,
                0.6406367421150208,
                -0.46208319067955017
            ],
            "segmentation_id": 9,
            "visibility": -1
        },
        {
            "bounding_box_minx_maxx_miny_maxy": [
                -1,
                -1,
                -1,
                -1
            ],
            "class": "2",
            "local_cuboid": null,
            "local_to_world_matrix": [
                [
                    0.9483137726783752,
                    -0.2897854745388031,
                    -0.12932659685611725,
                    0.0
                ],
                [
                    0.31127211451530457,
                    0.9287230968475342,
                    0.20145240426063538,
                    0.0
                ],
                [
                    0.06173062324523926,
                    -0.2312958538532257,
                    0.9709230661392212,
                    0.0
                ],
                [
                    1.0976264476776123,
                    -0.5542427897453308,
                    -0.37454140186309814,
                    1.0
                ]
            ],
            "location": [
                0.5542427897453308,
                -0.37454140186309814,
                -1.0976264476776123
            ],
            "location_world": [
                1.0976264476776123,
                -0.5542427897453308,
                -0.37454140186309814
            ],
            "name": "google_2_of_Jenga_Classic_Game_9",
            "projected_cuboid": [
                [
                    606.0609817504883,
                    305.35486340522766
                ],
                [
                    557.4500560760498,
                    295.3036427497864
                ],
                [
                    526.7632007598877,
                    445.09968161582947
                ],
                [
                    575.4364728927612,
                    458.8218927383423
                ],
                [
                    618.1157827377319,
                    303.46158146858215
                ],
                [
                    565.8824443817139,
                    292.7669882774353
                ],
                [
                    533.1984162330627,
                    452.9609680175781
                ],
                [
                    585.5108499526978,
                    467.86096692085266
                ],
                [
                    570.7252621650696,
                    376.93846225738525
                ]
            ],
            "provenance": "nvisii",
            "quaternion_xyzw": [
                -0.5362051129341125,
                0.4933045208454132,
                0.33430206775665283,
                0.5978099703788757
            ],
            "quaternion_xyzw_world": [
                0.11030369251966476,
                0.048698790371418,
                -0.15320424735546112,
                0.9808108806610107
            ],
            "segmentation_id": 10,
            "visibility": -1
        },
        {
            "bounding_box_minx_maxx_miny_maxy": [
                -1,
                -1,
                -1,
                -1
            ],
            "class": "2",
            "local_cuboid": null,
            "local_to_world_matrix": [
                [
                    -0.6298544406890869,
                    -0.37264716625213623,
                    0.6814819574356079,
                    0.0
                ],
                [
                    -0.5079259276390076,
                    -0.46617209911346436,
                    -0.7243582606315613,
                    0.0
                ],
                [
                    0.5876178741455078,
                    -0.8023825287818909,
                    0.10434335470199585,
                    0.0
                ],
                [
                    1.594045877456665,
                    -0.2549978792667389,
                    -0.7085683941841125,
                    1.0
                ]
            ],
            "location": [
                0.2549978792667389,
                -0.7085683941841125,
                -1.594045877456665
            ],
            "location_world": [
                1.594045877456665,
                -0.2549978792667389,
                -0.7085683941841125
            ],
            "name": "google_2_of_Jenga_Classic_Game_10",
            "projected_cuboid": [
                [
                    415.88497161865234,
                    462.5471830368042
                ],
                [
                    433.8397681713104,
                    489.318311214447
                ],
                [
                    362.8334105014801,
                    527.7425050735474
                ],
                [
                    344.8556959629059,
                    497.04664945602417
                ],
                [
                    401.5445411205292,
                    474.6256172657013
                ],
                [
                    418.6473488807678,
                    500.93770027160645
                ],
                [
                    348.2172191143036,
                    539.415180683136
                ],
                [
                    331.16617798805237,
                    509.34386253356934
                ],
                [
                    383.7110996246338,
                    499.0954399108887
                ]
            ],
            "provenance": "nvisii",
            "quaternion_xyzw": [
                0.8192410469055176,
                0.35021865367889404,
                0.43706214427948,
                0.12315744161605835
            ],
            "quaternion_xyzw_world": [
                0.427777498960495,
                -0.5146209597587585,
                0.7416821718215942,
                0.045598626136779785
            ],
            "segmentation_id": 11,
            "visibility": -1
        },
        {
            "bounding_box_minx_maxx_miny_maxy": [
                -1,
                -1,
                -1,
                -1
            ],
            "class": "2",
            "local_cuboid": null,
            "local_to_world_matrix": [
                [
                    -0.40526700019836426,
                    -0.7641716003417969,
                    -0.501797080039978,
                    0.0
                ],
                [
                    0.5848860740661621,
                    0.20512425899505615,
                    -0.7847498059272766,
                    0.0
                ],
                [
                    0.7026143074035645,
                    -0.6115273833274841,
                    0.3638232350349426,
                    0.0
                ],
                [
                    1.7209889888763428,
                    -0.6371742486953735,
                    0.548886775970459,
                    1.0
                ]
            ],
            "location": [
                0.6371742486953735,
                0.548886775970459,
                -1.7209889888763428
            ],
            "location_world": [
                1.7209889888763428,
                -0.6371742486953735,
                0.548886775970459
            ],
            "name": "google_2_of_Jenga_Classic_Game_11",
            "projected_cuboid": [
                [
                    523.5533714294434,
                    36.00424528121948
                ],
                [
                    511.16859912872314,
                    62.13536858558655
                ],
                [
                    479.82752323150635,
                    76.9270807504654
                ],
                [
                    492.8039312362671,
                    48.03900420665741
                ],
                [
                    500.0177025794983,
                    27.112290263175964
                ],
                [
                    488.4251058101654,
                    53.0419647693634
                ],
                [
                    455.0033509731293,
                    66.5057897567749
                ],
                [
                    467.0213758945465,
                    37.8565639257431
                ],
                [
                    490.4424548149109,
                    50.73702335357666
                ]
            ],
            "provenance": "nvisii",
            "quaternion_xyzw": [
                -0.90160071849823,
                0.19601839780807495,
                -0.2819414436817169,
                0.2630624771118164
            ],
            "quaternion_xyzw_world": [
                -0.08028920739889145,
                0.5582490563392639,
                -0.6252931356430054,
                0.5393701195716858
            ],
            "segmentation_id": 12,
            "visibility": -1
        },
        {
            "bounding_box_minx_maxx_miny_maxy": [
                -1,
                -1,
                -1,
                -1
            ],
            "class": "2",
            "local_cuboid": null,
            "local_to_world_matrix": [
                [
                    -0.034575581550598145,
                    -0.7120575904846191,
                    0.7012691497802734,
                    0.0
                ],
                [
                    0.31194087862968445,
                    0.6589434146881104,
                    0.6844606995582581,
                    0.0
                ],
                [
                    -0.949472188949585,
                    0.24242012202739716,
                    0.19933658838272095,
                    0.0
                ],
                [
                    1.124631643295288,
                    -0.5383017063140869,
                    0.5255789756774902,
                    1.0
                ]
            ],
            "location": [
                0.5383017063140869,
                0.5255789756774902,
                -1.124631643295288
            ],
            "location_world": [
                1.124631643295288,
                -0.5383017063140869,
                0.5255789756774902
            ],
            "name": "google_2_of_Jenga_Classic_Game_12",
            "projected_cuboid": [
                [
                    629.3498873710632,
                    -172.20395803451538
                ],
                [
                    578.6290168762207,
                    -199.8627483844757
                ],
                [
                    536.0361933708191,
                    -59.1525137424469
                ],
                [
                    573.074460029602,
                    -35.06511449813843
                ],
                [
                    587.5322818756104,
                    -130.86125254631042
                ],
                [
                    538.2500886917114,
                    -159.69613194465637
                ],
                [
                    505.5898427963257,
                    -29.101788997650146
                ],
                [
                    541.8167114257812,
                    -4.362136125564575
                ],
                [
                    557.8545331954956,
                    -89.53481912612915
                ]
            ],
            "provenance": "nvisii",
            "quaternion_xyzw": [
                -0.13975399732589722,
                -0.07571478188037872,
                0.37180429697036743,
                0.9146024584770203
            ],
            "quaternion_xyzw_world": [
                0.16366466879844666,
                -0.611183762550354,
                -0.3791334629058838,
                0.6752229928970337
            ],
            "segmentation_id": 13,
            "visibility": -1
        },
        {
            "bounding_box_minx_maxx_miny_maxy": [
                -1,
                -1,
                -1,
                -1
            ],
            "class": "2",
            "local_cuboid": null,
            "local_to_world_matrix": [
                [
                    -0.6777793169021606,
                    0.32814979553222656,
                    0.6579763293266296,
                    0.0
